7.92448 98.8868
98.5432 96.7182
47.0433 100.006
121.726 100.232
168.209 97.9174
138.097 96.0076
26.0404 93.9626
179.268 96.6554
60.9258 93.2071
-3.07652 90.4736
77.496 90.0754
133.315 87.9598
103.137 79.6176
49.0706 80.0489
88.5207 82.2903
63.0067 81.0674
16.2081 83.5737
41.8266 86.3174
17.8216 87.8309
12.6407 81.0335
83.3377 78.0062
3.50091 76.8484
37.5722 76.0165
76.114 73.846
28.3871 76.9297
71.6444 76.9426
111.894 78.4268
116.614 82.0263
148.945 87.6147
177.912 78.1362
146.928 78.072
133.543 76.3224
169.308 73.8375
137.167 72.9253
0.137072 71.0058
72.3827 69.1165
77.8599 63.5108
166.303 61.6561
150.519 60.4675
38.2406 61.8666
18.6294 66.5455
61.5127 67.1165
46.384 66.9585
6.72865 67.2586
18.8008 62.3346
0.50233 61.9297
12.2702 59.9086
48.7309 60.4379
122.977 52.3776
73.0096 57.9234
58.1074 60.6531
121.242 57.4094
147.647 52.5955
181.17 49.1942
137.071 48.6613
67.4467 50.724
40.9963 50.1227
7.66921 49.0162
31.2161 58.7949
2.79359 47.7118
28.2909 48.3991
19.264 49.3735
52.1038 49.682
103.287 47.9711
56.1021 47.4737
158.995 47.1055
27.1436 41.7668
88.7444 46.432
10.5289 41.0727
22.2889 39.5808
3.9337 37.2605
38.3234 39.566
66.4792 39.7785
98.9753 36.2809
80.5607 38.3833
112.927 37.521
171.545 33.5553
121.059 32.9257
32.5933 32.8926
68.839 30.1374
-1.85366 26.5553
30.2509 23.0946
-1.64952 22.5311
39.2826 21.7944
12.5262 26.8187
53.7397 23.7403
87.5446 20.5695
10.8586 19.9645
78.3242 20.2147
97.8431 19.2088
173.95 17.2405
19.4991 19.3522
181.539 17.0893
63.1701 16.95
123.289 16.4089
188.923 16.6566
158.627 13.0959
66.1656 12.5589
136.835 13.4807
77.3819 12.9623
-1.79484 11.9336
63.4722 8.54358
37.0436 8.51975
109.628 7.87645
121.448 2.57704
0.807142 3.00275
41.594 -0.754688
20.2248 -0.189794
93.0804 -2.96411
50.2976 -1.33054
59.8305 -0.279059
73.6044 0.517496
158.616 0.652148
140.037 -1.47014
112.67 -0.180899
149.368 -2.60236
173.151 -1.18485
183.366 0.0546162
193.446 1.63515
32.337 0.228078
12.0359 2.62071
102.379 2.43826
76.501 2.71868
199.007 2.23307
130.51 3.49004
117.23 6.06906
192.074 6.70713
87.7068 8.41291
19.1866 11.7592
97.4795 8.83998
32.8962 11.3001
147.341 8.66482
180.459 7.62776
130.903 9.45541
53.5382 11.4439
200.139 10.3158
10.2674 12.0196
168.238 13.0971
198.442 17.5353
161.236 18.3856
126.977 21.631
152.333 19.1175
107.619 19.3369
67.5634 22.9349
16.1004 27.2851
57.8758 29.2988
36.649 27.0901
76.8172 29.5242
138.81 23.0897
53.6106 32.0804
86.8065 32.3726
142.554 29.5401
97.4556 32.4547
146.366 32.8535
187.929 28.5517
162.093 27.372
113.282 28.9833
126.226 27.0516
179.416 27.3608
199.522 30.1352
143.461 37.0027
178.801 36.5708
187.57 37.7946
152.201 36.9476
160.428 38.5782
198.103 39.4415
127.462 37.8816
49.2717 40.5014
173.221 39.9188
86.169 40.3673
117.539 40.9919
56.6316 41.6834
186.973 47.5617
106.668 47.7595
79.4815 50.2904
132.931 48.5134
201.906 48.7478
168.228 50.7856
138.322 56.2028
102.732 60.3024
177.048 56.2616
190.51 57.6974
163.031 57.4147
128.481 59.7115
198.478 61.4105
112.993 62.985
88.5985 63.7068
93.5295 68.8973
120.34 69.2719
159.948 70.049
148.616 66.1459
176.241 69.9053
198.744 70.5796
106.51 69.5848
39.0536 70.3336
132.576 71.0391
98.3603 71.2438
30.1613 71.258
190.18 73.5839
143.091 77.4431
189.142 76.5748
173.958 77.8509
200.762 79.7661
162.842 83.8294
202.444 86.5745
141.216 89.2505
89.4457 90.4095
10.3051 90.7054
68.8308 92.9158
116.065 92.6028
167.192 92.4591
47.7015 91.2183
103.128 91.5035
158.073 91.8428
179.99 90.7019
188.739 92.2627
111.868 93.693
196.066 96.8258
129.181 100.481
36.5799 100.069
71.0938 101.528
76.8629 102.335
109.901 101.053
52.5608 106.305
28.1834 108.1
127.573 108.534
150.386 103.351
76.6169 106.146
161.453 102.572
143.323 106.609
193.904 109.897
180.955 106.279
187.419 103.846
198.204 111.151
171.612 111.599
117.804 111.901
51.9581 117.427
59.0169 119.227
88.0569 121.157
127.213 120.671
169.949 118.018
163.491 117.368
202.393 116.914
183.502 117.264
139.912 121.001
187.158 118.282
109.363 122.818
150.731 123.381
120.496 123.821
87.6857 136.923
99.4212 131.239
67.553 136.911
131.553 139.076
123.059 136.286
159.009 141.874
121.663 130.761
172.077 128.103
153.606 127.613
186.689 126.476
181.199 128.134
140.986 131.204
200.959 131.469
128.78 131.451
191.505 140.363
163.461 132.068
202.142 142.719
183.861 139.473
153.108 136.663
193.94 146.169
202.242 148.277
149.28 149.126
133.086 149.72
77.9824 151.523
158.865 148.6
119.364 147.519
178.311 147.328
168.398 140.408
140.244 146.095
140.868 139.914
98.3374 138.204
113.593 143.573
82.4761 138.995
58.1545 141.426
66.5202 146.997
49.8822 137.188
11.7361 141.736
10.8172 147.841
40.545 149.866
20.4505 142.454
46.7437 151.64
171.044 151.877
113.119 152.476
92.3963 153.732
141.5 157.42
102.688 158.645
193.574 157.246
146.849 166.491
180.16 159.492
151.199 160.101
168.416 158.905
62.9428 159.135
46.7665 161.505
73.2008 160.006
28.4755 162.573
122.658 161.882
88.8694 163.672
99.6547 166.968
158.139 162.738
82.4244 168.933
159.273 169.649
140.542 167.185
192.491 169.891
176.979 169.826
198.122 172.657
197.038 158.342
199.68 176.28
173.324 169.582
121.171 169.994
142.292 176.321
127.959 172.06
108.189 172.336
72.7668 167.952
57.5596 168.214
18.1647 171.46
50.3896 176.363
52.0049 171.654
59.2503 177.762
106.671 178.828
90.7023 180.373
181.48 179.59
163.834 177.738
187.594 180.136
100.247 180.5
148.347 181.51
116.776 183.304
79.5961 182.885
73.9672 181.446
19.8543 181.861
23.8906 186.86
163.033 187.077
172.597 183.319
203.904 187.724
79.6615 190.326
107.346 191.856
153.555 192.983
160.558 199.106
190.152 199.597
180.661 191.722
196.876 201.048
111.553 200.161
26.0068 201.694
36.784 202.62
121.507 203.149
83.5548 201.916
179.163 203.925
57.113 202.897
6.34522 203.14
2.94158 200.918
23.357 200.404
169.082 199.432
93.9897 198.852
142.092 198.22
50.0061 197.246
70.7735 196.99
98.0267 197.59
127.689 197.497
152.095 198.001
143.923 193.233
129.043 193.536
36.0745 193.59
0.0562923 191.157
26.1401 192.586
92.4037 193.274
60.7647 191.722
122.145 193.086
71.3264 190.106
166.2 188.294
192.453 187.444
52.1285 186.94
96.6557 187.942
13.5023 187.306
2.49307 182.565
-3.32742 172.288
8.13611 179.41
127.892 182.051
33.6097 177.932
43.1923 176.25
6.01973 170.66
37.0601 169.102
26.5581 168.569
89.9523 166.936
83.8126 162.692
13.5209 163.916
21.4034 162.419
38.8303 160.345
-0.0256837 161.019
127.032 156.906
107.809 156.751
62.9646 152.845
100.206 151.899
31.4286 152.049
23.6933 151.55
-0.0603694 148.98
3.57845 143.881
31.0447 136.556
-0.815654 130.375
22.6921 132.799
42.1325 127.326
29.4786 133.82
8.47623 131.416
40.2584 137.988
87.3734 133.337
52.9794 130.289
68.1925 128.666
60.6167 130.524
76.0791 130.906
108.369 126.843
103.907 121.537
17.0495 122.039
39.3699 122.943
-1.91857 122.295
77.6823 121.102
69.7598 120.476
10.8884 118.167
32.2994 118.92
100.412 112.539
41.3714 112.947
62.6754 112.165
2.40208 110.699
73.2825 111.645
151.627 111.177
160.334 108.595
18.7191 108.762
108.345 109.864
87.5791 110.487
9.39082 108.558
90.9323 102.647
33.3091 101.552
0.583973 103.108
23.2117 100.966
59.2439 98.0957
