52.2915 21.9523
49.4033 20.7662
42.2284 23.3279
21.8796 20.9524
29.2709 19.8112
9.86023 17.5683
7.86262 13.62
9.35128 8.23836
20.5109 10.176
14.8215 15.7985
19.3141 13.5089
35.9118 9.50645
36.0854 18.8512
51.2546 12.0854
38.8097 17.5406
38.2262 9.37193
27.8783 8.32831
40.2587 4.02379
48.9238 6.32588
40.7677 0.0313054
25.4081 4.63087
33.6039 2.45304
20.7655 11.9366
24.0267 1.26253
21.8163 4.25918
19.0543 9.02837
0.721814 2.26925
8.21914 5.11303
8.24537 10.4941
6.00299 18.6942
31.111 22.2949
43.9624 25.1778
40.3992 26.9801
8.44215 29.4746
2.20426 29.6925
25.253 29.2034
28.7056 31.8513
16.4774 32.7007
37.3756 31.4736
3.25506 36.1813
19.9838 35.0496
21.12 39.0437
26.9518 40.1478
29.0046 56.3896
24.9486 54.9067
22.8405 42.9607
24.7459 56.0788
20.5172 58.9258
19.151 50.2814
5.33502 55.2919
11.909 59.9094
8.17998 65.5898
2.30211 62.4355
0.30186 22.649
0.39815 40.8212
1.38705 84.3515
1.59647 69.4487
15.1057 62.0775
8.28988 56.2717
18.2786 53.2051
20.184 62.7133
27.4272 58.4017
14.6324 74.1002
9.00475 77.1787
14.5402 87.2356
9.36005 91.5284
17.2297 90.1803
12.6389 81.7286
28.8911 88.7726
46.5956 98.2401
26.4606 97.289
48.7707 99.1225
21.9569 84.7385
41.1705 86.2396
39.0828 78.4645
41.0567 76.6027
48.0741 73.4286
48.9397 83.2102
47.8148 69.3713
38.4455 78.8862
33.7486 84.0616
15.5586 82.8768
17.787 70.7043
30.3328 56.4788
45.3193 54.067
48.9743 60.8847
33.4545 64.1445
39.9542 66.6571
38.7668 63.5787
50.9342 61.0215
47.048 53.3499
37.9647 53.3442
50.127 45.4002
38.9744 46.6385
29.2814 42.2066
39.027 46.8239
45.3449 47.1
40.8988 50.9185
31.8045 51.3573
27.8794 38.3138
52.5968 42.2515
22.2276 37.3857
24.0263 33.4601
47.9619 31.2253
30.0906 31.0341
57.6488 25.7245
33.8321 29.2635
52.5033 24.3456
52.9554 3.24133
57.2504 3.48622
57.628 5.0084
55.4157 8.93444
58.823 4.42539
73.5947 11.6234
55.5181 20.9018
80.8799 22.1191
84.9074 31.9075
85.1572 35.4459
81.2476 41.5188
59.4369 36.703
66.8961 31.8864
69.6151 29.9518
52.7106 29.064
63.8258 31.9538
53.2757 40.4246
67.6801 39.0063
73.2577 41.1971
57.6692 46.5
78.3947 43.0524
55.5777 50.2505
76.9354 50.3034
69.1001 54.6622
65.2775 62.0695
68.8835 55.9782
69.4641 77.5084
66.7386 94.8579
66.4388 76.9976
63.8879 67.8256
60.7257 90.2351
58.3967 69.7811
55.6395 65.0707
59.6546 57.2445
59.4984 53.023
33.7315 79.3182
58.1419 54.5183
53.436 64.2644
58.2444 73.2438
59.8582 83.1487
60.1107 87.7933
57.1258 84.4809
58.1245 89.0974
50.9986 86.0849
59.6993 90.7078
54.0712 89.6912
61.2772 91.5779
64.0895 76.1552
66.4408 83.9425
66.6034 96.4396
68.085 87.2435
69.6806 81.0934
70.383 70.261
69.9656 55.9242
78.8325 68.6914
77.5714 77.1968
77.7124 83.1724
70.6422 95.255
76.7279 93.8398
69.2235 99.7719
84.3795 91.6939
88.7731 85.5905
91.0134 99.0263
89.2164 84.9155
94.375 79.9144
99.1527 92.4453
98.4629 90.1798
95.8251 74.6481
99.4392 81.6352
94.1231 69.8999
91.2175 78.2051
80.7413 93.5308
72.7282 92.1348
87.9675 73.8005
78.4041 83.9088
79.2756 67.6913
82.3422 72.9854
73.5434 53.6822
81.4092 49.8045
71.0581 47.9433
82.8321 43.2598
86.1522 34.8308
98.0665 66.4797
90.9847 46.7377
94.229 46.0502
97.6615 42.4766
98.6276 39.6496
93.8248 45.5065
90.2881 44.2105
87.2626 35.1114
90.3003 39.4569
83.7071 27.193
93.4545 29.1978
92.9914 23.3362
78.8767 21.5036
64.2335 21.2509
58.296 20.324
73.3634 11.9553
71.8737 17.3676
74.1538 13.2447
78.9345 12.3033
70.7332 9.09524
84.6523 8.33732
89.1787 16.7095
86.4512 6.67434
71.6335 8.66784
56.4153 2.7749
60.1118 1.52306
67.5498 0.751691
96.0448 0.239119
43.9173 1.13216
52.6112 1.26583
