1.53137 34.8558
1.33461 -17.6643
-1.60413 3.60359
-2.97158 -44.8127
-2.3083 39.9768
-3.78708 24.1228
-4.01303 -10.3574
-4.66179 -31.8158
-3.94205 15.6508
-6.26407 -0.80471
-6.36943 -26.2326
-9.74117 -0.667259
-9.63072 -42.9804
-13.023 -21.9093
-13.743 -12.0835
-14.9214 4.80131
-18.8854 -17.3083
-20.9431 -34.6195
-16.4735 -38.3559
-21.0271 -36.4309
-21.4008 -38.5324
-18.3817 3.43181
-21.5629 30.7324
-28.6075 5.67288
-29.1108 -8.62854
-30.3446 -20.4779
-28.1721 -26.6563
-22.8385 4.97987
-22.8334 -22.0553
-22.1714 -15.6175
-23.1608 -34.1877
-23.3041 -1.43914
-25.4455 -13.483
-26.4114 -41.6146
-30.2574 -23.2438
-31.8272 3.01299
-24.3446 22.2848
-27.7072 24.8107
-29.7714 26.7717
-31.924 31.457
-32.2619 24.4271
-32.4315 29.0749
-42.3291 7.531
-39.418 8.22714
-45.0401 1.99546
-34.4531 -0.494904
-37.589 -5.59634
-36.0034 -1.97571
-39.8852 0.331233
-45.262 -3.0506
-42.0253 -5.64707
-41.7607 -8.98172
-36.4382 -14.6113
-41.2147 -22.3551
-37.8845 -14.6378
-45.736 -4.07668
-44.725 -1.56325
-47.251 5.6858
-44.1612 14.5588
-45.7591 17.9463
-42.6967 23.5749
-44.4673 10.917
-43.3307 8.39437
-40.5105 14.5949
-34.6434 24.8309
-35.2482 29.3003
-30.0778 34.1755
-31.1069 30.4894
-26.4861 24.6572
-26.6156 37.571
-26.4945 25.619
-22.5377 39.0728
-20.7273 28.3182
-15.7237 37.8949
-18.38 37.2271
-13.9879 41.5469
-12.3646 46.6041
-10.9949 47.8298
-18.765 31.2297
-15.2596 30.573
-16.4192 20.5154
-18.8172 28.6326
-16.9825 6.8043
-11.8055 4.35404
-13.2163 -3.56395
-10.1277 -29.1686
-9.91782 20.6769
-11.2 46.772
-10.4596 32.3274
-8.64349 -5.55344
-6.50191 -14.4952
-6.11782 24.8927
-4.90277 30.6918
-0.142902 47.7727
-2.24198 12.9515
1.0945 -15.7497
1.26309 9.60398
1.37501 22.1699
1.66459 46.1125
1.80206 21.8019
8.13809 19.2345
22.3956 30.5754
8.30941 22.2005
24.0908 32.7993
17.8388 32.0522
19.4203 33.2179
23.6053 32.9582
17.5022 38.688
9.56758 35.3911
2.77626 45.3349
10.5408 36.3559
14.3134 41.3216
5.74801 46.7013
20.8439 37.5942
23.5626 35.3681
28.9365 37.58
21.3725 41.3019
32.2339 36.5769
23.7161 35.1594
31.262 30.2317
25.2409 33.8346
27.5603 27.8753
38.4511 29.8268
28.5387 27.9327
16.7503 11.8327
25.7176 24.297
24.6152 31.449
15.9672 23.3845
6.67634 16.4981
16.5585 13.7803
2.60962 16.5818
4.74314 9.4884
5.72974 8.71761
8.67571 6.96627
21.043 6.5801
27.16 9.3084
27.3643 14.1886
39.5137 14.2758
35.035 18.9608
29.4145 15.9325
35.1364 20.0255
37.4048 16.9654
39.1089 16.1177
45.6695 13.958
30.7926 13.2163
21.6541 2.13099
24.3651 7.14156
14.5574 5.03186
7.35976 5.33566
20.0405 -10.0467
40.5704 -11.952
37.4662 -10.5852
28.098 4.89871
40.724 2.54311
48.4038 2.25017
30.7574 2.6705
32.6798 -2.58932
48.8572 -2.18401
33.8531 -4.60805
46.8846 -15.7272
40.3523 -26.6482
39.1922 -28.4436
33.5195 -36.3276
3.13959 -40.9724
22.1257 -39.9364
8.09335 -41.5413
6.3897 -48.4384
-1.55696 -41.432
2.74848 -36.8337
4.90709 -35.5523
2.41107 -27.8451
17.8703 -32.8956
20.5749 -31.6774
14.4699 -34.4374
4.84222 -29.3539
3.58716 -31.2678
7.20656 -39.7572
15.3436 -38.8182
32.7035 -35.7368
29.0849 -33.4345
24.3763 -23.77
27.9533 -30.6279
33.7104 -32.6098
30.5779 -15.6479
33.3918 -30.2892
45.7966 -16.5699
36.5084 -12.1473
26.4369 -11.3075
36.4998 -18.1562
26.6567 -11.5316
19.6196 -16.4672
22.8338 -12.8281
15.1642 -11.5751
17.8555 -10.1409
6.99091 -6.40829
16.5238 -7.56208
3.47031 -0.535012
9.84806 -2.54168
15.5539 -5.23721
1.96538 8.69301
