45.7916 47.9002
37.4949 52.5851
43.3723 53.2857
41.1295 55.7282
47.8074 59.939
64.4193 56.9677
34.8719 62.2955
27.8111 64.2808
37.3454 66.4727
44.5417 65.9218
39.3675 62.7559
49.0734 67.5113
45.3605 81.4033
48.323 68.7806
42.6891 71.0485
37.1099 77.3267
32.9008 79.86
38.0168 81.0636
35.9556 83.023
40.6433 83.8155
34.0474 83.6455
37.7669 81.0809
23.9026 79.8052
19.9386 83.5718
29.2744 81.0181
15.9465 85.5681
13.2164 85.6863
7.26135 86.9014
20.319 85.8577
12.8569 88.9408
18.5438 89.832
38.7105 87.5446
47.6248 90.7033
42.7039 89.3326
38.8425 92.7046
42.084 98.2768
46.2096 96.251
43.4926 94.076
48.0619 97.1123
64.5165 93.184
41.1885 98.8407
35.9609 87.9776
36.8857 95.7046
34.3636 89.7237
24.7063 89.3224
23.4517 91.5363
20.322 96.6156
16.6065 89.8686
3.45321 92.6204
15.728 90.0075
5.6238 89.6266
10.4137 87.2762
7.63658 89.1994
12.7656 88.5075
16.6097 86.4651
3.94673 87.431
16.96 84.7493
1.99604 83.5624
6.25992 81.593
8.32018 78.5775
10.7987 66.7009
8.32303 81.4576
14.7666 77.0494
6.27005 83.1149
15.271 83.8966
20.409 80.7971
19.3703 76.5527
21.0279 79.9045
27.9767 78.8907
32.0248 80.0262
25.9296 75.6908
27.798 76.8102
31.8812 79.2623
36.9253 75.5617
38.8014 72.0902
36.3716 77.538
41.7358 69.9535
32.4251 68.1028
45.9845 69.5241
26.195 64.7915
31.7921 62.8819
35.1796 61.343
32.3983 62.7363
43.6478 60.54
45.0069 59.8571
38.8339 54.3872
27.1634 59.2015
22.5223 54.3776
18.1131 66.6459
21.3037 63.0089
13.0587 73.7848
17.3002 68.2146
20.6204 58.6277
16.6168 54.363
13.2336 59.9401
14.8775 64.9773
9.78453 57.7206
13.3322 69.2229
7.78002 55.8018
9.87724 67.8266
7.26534 68.0111
1.50042 66.2248
0.0765304 75.1523
0.443866 69.8751
0.897011 64.0107
8.9621 64.2776
7.07659 56.1977
1.65726 56.3406
3.8375 61.7732
0.0933272 52.849
2.23803 55.3688
4.95003 51.978
11.7991 57.5806
12.8805 36.1896
12.1314 52.6084
20.908 54.8848
25.3622 52.3165
27.385 58.2858
45.6351 47.8182
33.2779 46.6993
47.6142 47.266
43.266 45.6405
33.7057 42.4876
28.3065 51.4435
44.0442 48.523
21.723 52.8254
27.6106 50.7656
26.7585 45.3274
26.7176 43.4704
26.5636 32.8886
25.0975 29.2744
19.6535 47.0496
18.921 49.1092
25.4918 50.9254
13.4691 50.2726
13.2099 33.8898
12.7477 14.9821
12.5927 6.59965
9.52166 21.3467
11.6449 24.8018
8.87601 21.4261
8.45171 16.3677
8.35296 48.3126
8.46474 2.15516
5.26302 9.50582
2.79565 18.3071
4.58018 21.7011
5.92306 29.1864
2.98786 24.0631
4.376 41.2789
7.75216 42.6609
3.73709 44.4005
0.304639 29.1524
3.54434 41.8203
3.15985 30.5566
1.01506 22.3687
3.30552 1.71613
2.4082 14.6914
8.77159 0.820135
9.08523 15.3994
12.6199 5.32313
13.5431 46.9319
17.449 50.3018
18.5207 37.8141
18.1961 43.1347
19.8857 42.9015
23.4684 30.9437
21.7071 28.6575
15.128 33.0863
19.568 29.7024
20.092 24.4596
22.5066 23.9111
17.5836 11.0194
19.886 16.0663
24.8299 6.67657
21.2021 6.43309
24.3163 5.43536
17.3732 1.67163
20.2158 2.67738
26.1403 6.51668
21.4712 18.5371
23.3 20.0101
24.5801 26.6025
23.628 24.1994
19.9872 27.2885
26.1104 29.2047
28.6326 16.7737
28.5802 8.92652
31.8554 2.87818
34.6216 4.5643
36.1556 11.7834
44.4028 0.340401
8.2079 0.138022
46.7399 0.210341
45.6442 1.63963
42.9123 3.77509
40.6164 16.9827
41.0721 22.5709
47.1247 18.8996
47.5075 7.36008
47.6875 20.4367
38.5531 24.311
35.7667 27.6033
34.2137 28.4703
38.1367 23.9966
40.0557 18.6311
42.9342 3.3071
34.6807 14.3769
32.5162 3.36869
29.093 11.7806
30.0759 18.5599
31.0934 22.1977
29.1062 15.7468
29.7491 28.1517
28.7573 22.2074
27.4254 30.2
31.6243 31.2505
49.1535 32.4364
36.477 35.3043
41.2746 37.5805
45.9696 35.8037
42.4036 38.2066
48.7485 39.4097
41.2468 38.5902
35.9896 35.8294
32.2236 39.5678
36.0689 33.6124
46.5625 32.2739
28.4847 31.1239
26.8061 32.7762
28.7128 47.6964
33.5455 42.126
49.173 47.6139
54.8797 46.7589
53.9054 23.5331
40.2157 30.0387
50.3053 25.2296
53.3825 22.3511
52.9682 8.51293
53.7758 13.0819
61.7912 8.75648
48.5188 6.14195
67.169 9.49451
60.2772 5.69479
69.0422 9.10976
68.8881 10.4575
77.4447 8.36102
76.2296 7.5091
75.7172 4.70197
50.3878 4.95616
82.5236 4.41161
76.3681 1.49773
61.3543 2.43981
74.0833 1.23725
69.345 0.0612702
77.9386 1.64652
92.2884 0.322497
82.4514 2.67809
83.2638 5.97826
98.3305 0.250805
72.0663 10.5949
81.6378 9.61141
77.8613 10.5339
72.4232 10.8407
87.5049 11.0803
67.4633 10.7657
61.1158 9.19648
59.4381 14.0365
59.5648 11.6611
55.1972 12.33
53.2835 14.4155
60.9617 16.8348
63.5051 13.4122
92.9653 14.4029
88.6643 19.1829
92.7294 21.0378
89.6645 19.6876
86.8484 18.3789
92.7088 14.6285
78.8336 18.0101
89.1282 15.336
80.8775 14.8972
74.8391 18.1467
62.975 26.4353
69.2158 21.765
78.9073 15.2914
74.5877 13.8068
63.6454 15.4642
67.6707 16.6502
62.629 21.084
65.742 18.2373
56.0691 15.4493
53.2788 15.208
54.2287 17.7409
54.8463 37.983
64.2515 45.4304
57.9972 36.2223
67.2002 35.2841
84.5633 35.1598
56.0842 33.2291
79.6629 34.6658
61.9949 32.1087
81.4102 34.9134
92.178 33.8012
79.6925 30.263
70.5871 25.9136
64.5914 26.9762
60.9449 30.4381
58.3134 29.1815
56.3674 28.1296
61.7982 28.2628
65.6135 26.1437
82.1318 24.8979
75.3366 27.1123
78.76 29.5169
89.55 31.8526
87.5299 28.8483
84.5355 22.8934
89.0607 31.0577
88.4411 25.4156
90.6368 29.6977
95.8457 34.3113
88.4194 35.2784
73.9848 35.8542
82.6032 37.3081
72.0853 35.8097
62.6187 36.5282
60.1638 39.0492
70.1657 49.0001
74.6202 45.3432
90.9429 48.3415
87.847 46.9689
85.3275 43.2705
88.0707 42.3574
75.6653 41.76
70.3772 41.794
93.1237 41.6127
86.4608 43.0484
88.2629 44.9595
87.9386 46.4764
94.4139 50.2655
98.7142 56.5746
93.9113 51.8588
99.1126 65.9244
97.081 61.6938
91.3657 68.8964
97.5406 69.6581
88.1237 71.2498
93.6811 70.2288
84.8023 68.7647
82.8294 75.3305
86.3239 84.3785
90.1439 90.1007
89.7299 81.2659
90.1041 88.578
93.7248 89.1216
91.2224 85.3383
92.8246 74.4285
93.0781 78.9976
93.3623 87.384
99.5667 85.9939
93.6059 87.8939
94.811 92.9132
92.649 89.453
93.3091 96.993
87.7285 87.0235
88.1868 89.8029
86.7136 97.4067
87.8094 89.2758
84.6403 81.0273
83.6524 78.3394
80.1453 86.8927
83.0779 76.2353
78.6601 81.9984
79.0649 95.035
84.7869 94.5162
77.55 96.251
78.3702 76.2211
82.5962 71.6941
79.1636 69.3558
79.5571 64.3229
79.2962 68.5816
81.9214 70.8075
84.9118 66.7485
90.2172 69.2196
94.3857 64.6175
95.5613 61.3716
94.1561 54.9978
88.4466 57.4907
85.4165 54.7951
80.4173 52.5943
82.8732 55.3501
78.1438 58.7603
74.8336 68.3284
77.3386 59.2521
72.1839 65.0324
68.6112 63.639
52.4834 63.1704
55.8331 67.7758
74.2632 71.0137
56.0634 71.4536
72.7034 74.1547
69.6067 76.972
76.0163 78.9176
75.4674 89.4589
72.8918 87.8817
59.7399 89.3387
76.2753 91.65
72.6562 91.3371
67.9479 97.9036
82.8873 98.8812
65.1474 98.1586
68.0174 96.7897
68.7403 90.6907
52.3636 88.6098
58.1744 89.0748
66.1691 88.2059
46.122 88.5843
73.7787 87.6421
74.7069 79.117
54.0503 76.304
63.7305 79.829
52.4938 75.7798
57.9853 84.9203
73.4853 84.9132
62.889 85.2249
55.9685 87.1006
54.0827 80.1244
50.0341 74.8462
64.3427 77.6236
66.2778 75.7511
70.6283 74.028
49.6305 71.5748
69.2326 71.0702
69.1774 70.2098
57.8505 69.8804
50.7447 63.137
70.1982 62.9644
76.337 56.8039
72.8387 56.2562
64.8146 60.928
69.1565 57.375
65.8283 54.0482
49.7093 58.6389
57.7952 56.1754
60.433 54.856
62.6855 51.4602
66.9955 54.8581
72.5443 55.4021
72.9438 52.3878
73.6908 52.4992
76.8776 57.3638
80.4211 54.9237
79.6954 51.8358
88.7352 56.3601
76.2629 47.4418
85.9494 54.1865
89.4333 55.7098
93.6137 50.7639
86.9813 48.3452
88.9768 48.0712
74.8669 45.6175
68.5448 50.4693
58.0261 43.8688
58.5857 49.9159
48.8963 54.7893
55.1514 50.9971
49.2663 49.18
53.9434 50.5744
57.3265 47.5927
