142.588 29.2371
142.752 122.691
141.894 106.807
140.761 138.32
141.917 -2.39861
140.018 216.353
139.586 182.05
137.558 93.7476
139.431 9.45614
138.087 46.3071
138.131 23.3545
137.687 83.2049
136.795 72.9387
139.267 186.703
136.506 241.336
132.713 168.953
133.471 141.838
133.273 92.3525
137.049 99.9998
131.883 82.3256
132.858 30.0334
127.541 3.07471
127.813 198.889
122.854 49.4502
126.608 128.769
121.062 2.46735
121.023 112.109
119.77 182.49
118.847 128.201
119.722 18.8716
117.839 59.9162
116.005 123.055
113.595 122.865
116.421 8.60356
113.853 90.3745
113.388 30.916
112.157 1.4892
113.327 51.3989
110.717 37.0144
113.538 59.0744
112.95 109.511
110.871 67.7661
107.826 13.7878
111.317 80.0835
110.168 99.6838
113.847 130.215
107.877 163.21
111.649 220.202
108.51 273.7
106.968 213.971
106.607 149.842
107.447 23.1824
106.045 180.065
101.735 36.7975
99.7717 79.2426
98.4093 8.89977
97.1546 1.59956
98.0525 31.5852
97.5026 160.724
93.6106 226.444
92.355 160.852
91.7155 57.4111
91.5293 198.354
89.4951 110.875
89.5892 47.6082
89.3638 148.498
90.6966 183.707
90.3162 209.085
89.6171 236.743
89.0275 261.844
89.2609 67.583
88.983 191.025
88.6911 39.3163
90.5115 32.9408
89.1232 10.1897
93.6583 19.1288
88.5578 -0.232856
87.2297 81.2162
83.7051 226.823
83.4652 81.1359
83.4415 198.165
82.1557 179.06
82.5229 259.51
80.1677 117.856
80.0831 20.6813
82.7148 7.84573
81.6599 142.555
82.9721 -1.77837
76.7834 36.9412
72.8647 281.743
71.6874 203.502
71.7809 160.775
71.4256 91.7677
71.8138 76.9938
72.8316 118.464
73.0066 109.708
71.1804 40.5015
71.6612 190.96
70.7829 153.477
71.2506 243.443
68.3128 180.11
66.8141 143.674
63.4534 26.0972
66.1937 7.51529
69.0143 32.9728
70.4361 53.603
69.4233 97.2778
70.7543 73.0448
70.6031 22.5412
73.2553 59.5681
68.9657 -0.595931
61.2393 17.2608
63.5301 37.4468
62.9752 90.2145
62.6719 122.066
63.7465 70.6866
66.4898 208.471
63.7308 166.156
59.7977 80.7156
66.1649 222.19
61.0398 148.666
62.6911 237.483
57.4831 267.004
57.9711 197.546
60.3922 183.899
56.1766 128.727
57.2059 97.6377
53.6295 82.8804
56.7176 63.46
61.4484 50.9162
53.1156 63.7682
60.8064 -3.22999
58.1131 11.5606
53.4035 50.8149
51.6857 68.145
50.4562 108.532
40.171 87.0211
41.277 33.6641
42.8367 49.8032
46.1646 41.7409
37.3708 22.5111
50.9369 17.2255
53.5412 26.5997
49.2128 8.98953
47.3435 1.71474
27.2972 -0.409522
41.1428 3.34263
42.7088 13.6618
32.0724 21.2144
39.5844 40.6315
39.0318 57.5099
38.9615 69.9457
38.9202 81.2219
46.5717 119.759
39.2475 117.864
38.8636 103.811
33.6679 89.6758
39.1786 140.495
32.862 139.383
40.0225 146.633
36.925 110.348
40.6455 127.016
48.2957 128.752
50.7272 178.714
49.2619 190.354
48.0835 212.521
40.3948 228.962
40.2003 212.639
38.5832 159.213
38.0751 168.538
38.6956 188.871
38.012 263.118
37.4234 200.732
38.023 268.421
36.5726 183.873
31.6655 148.608
30.9698 53.6118
30.964 79.2762
31.3983 113.611
31.2577 247.529
30.9801 221.96
29.681 8.97044
28.5052 63.01
28.7493 70.9074
26.8483 206.7
27.4418 29.7931
23.5368 109.727
23.6725 26.8407
22.7209 73
21.8061 209.062
20.7821 181.93
19.8958 198.424
16.8924 161.174
18.7349 102.542
21.7692 151.885
20.1297 83.625
18.9664 40.4664
21.5535 3.34332
13.0022 29.6573
20.3395 9.2006
18.3659 22.1258
18.7042 63.5948
16.8442 46.266
20.0624 91.7848
16.3148 120.741
13.3859 86.3199
17.36 139.974
16.4076 169.962
13.9285 153.076
17.0066 186.173
21.4037 216.668
8.71585 263.709
8.00629 219.777
11.3065 210.805
7.51268 186.769
13.1174 169.53
11.2627 140.137
6.97458 80.7464
9.16221 52.6611
10.3222 69.4976
12.7483 97.276
9.48607 42.1549
11.6527 -0.983553
7.71654 18.0555
-0.782179 51.6208
10.023 9.18016
8.46934 59.499
3.63877 63.9145
8.25947 111.322
6.91033 132.603
9.52109 120.675
11.3794 157.115
6.15826 181.484
2.66744 153.743
2.65347 93.6856
2.28607 128.692
0.051436 136.624
-0.414894 96.998
-1.40498 113.229
-2.47452 76.3046
-0.263805 17.1553
0.92377 29.8681
-0.273306 -0.185046
-2.23989 69.2339
-3.3968 11.9035
-3.48031 40.5973
-3.5718 242.672
-2.49253 157.713
-2.47997 192.552
-3.57234 271.582
-2.23064 181.035
-1.80273 212.925
-0.990566 262.801
-0.467924 283.189
-0.569896 227.681
0.354569 197.613
0.582444 171.401
-1.16734 250.185
-1.65095 220.387
-2.84921 118.612
9.14037 203.089
6.21918 227.271
6.57805 267.099
7.20296 238.232
9.37833 277.069
12.0343 252.02
20.2051 228.702
18.9046 279.69
13.6663 289.745
2.39663 291.403
17.7482 293.969
20.9775 256.868
26.7171 282.861
23.812 269.611
20.417 252.807
21.621 236.577
22.9035 133.605
26.6244 101.892
26.8596 173.449
26.4057 239.423
27.4773 196.077
28.6895 286.857
27.2773 179.17
27.9379 133.757
29.588 42.5379
30.3208 117.805
30.9161 232.913
31.2897 257.677
33.4856 193.631
33.3058 269.046
33.6644 163.882
37.2453 247.153
38.4217 286.741
38.8207 220.024
40.145 280.769
41.0281 237.476
47.5996 231.074
50.9661 290.477
48.8922 250.082
52.5399 279.854
53.5686 201.044
52.838 239.549
50.7171 263.804
47.8624 216.712
51.4846 171.793
51.9236 157.931
49.6217 151.54
52.5408 100.285
49.8749 142.194
51.2115 87.7373
56.0194 106.329
56.0902 207.487
53.6021 266.266
56.3422 223.158
56.1901 141.542
57.6748 163.703
57.4702 258.934
57.2524 226.529
56.9149 290.598
61.709 252.456
63.04 276.781
62.4877 187.019
66.8081 253.573
66.326 132.375
70.3725 232.72
69.3172 268.841
71.2939 256.228
71.1054 173.871
72.7351 291.103
76.7825 49.6267
76.8682 92.1735
77.481 128.142
76.0368 148.208
76.3391 289.398
76.2069 190.893
77.4293 167.403
77.9054 221.399
78.3322 242.989
77.2662 96.0683
78.3635 160.251
79.6028 208.694
77.2082 73.3801
79.1726 26.0195
79.6901 57.9157
80.1219 110.544
80.4903 253.248
81.5099 272.434
82.74 283.043
86.4128 127.903
87.8743 122.061
86.7626 293.794
88.1779 91.8469
88.6865 103.488
88.6641 269.143
91.4966 217.496
92.2068 142.387
92.4731 253.643
92.4247 173.914
93.5967 283.842
97.8587 151.139
99.1644 196.357
100.219 239.94
97.6595 130.835
98.5 46.0286
99.1127 90.6152
98.5407 18.4507
100.636 137.889
100.86 219.668
100.033 256.685
99.6612 291.597
101.076 210.711
100.929 247.805
102.201 181.93
101.293 187.326
100.405 96.0061
101.829 57.9372
102.769 110.891
102.691 271.701
102.77 168.443
102.927 116.238
103.929 229.148
102.625 69.853
106.59 200.295
106.15 231.029
106.604 248.378
107.614 281.814
103.548 279.171
111.768 288.324
110.1 259.138
112.834 239.988
110.553 193.044
108.659 170.118
112.26 143.108
116.077 138.536
118.147 68.1798
119.128 33.8747
119.022 97.1618
116.487 230.459
117.934 167.051
119.03 218.564
117.118 282.088
118.673 236.146
118.511 290.341
119.352 207.801
120.451 262.19
120.203 197.322
121.156 149.67
121.353 247.182
121.063 86.6908
122.414 188.02
121.661 40.0141
123.559 161.047
123.881 269.009
123.743 80.5033
126.417 178.584
127.031 249.853
127.136 232.508
129.334 292.206
129.439 206.639
129.683 162.254
129.04 273.94
127.902 237.878
127.749 116.488
127.893 52.1182
128.41 71.964
128.314 37.8104
130.896 100.277
127.609 16.6004
128.869 10.317
131.666 62.7786
132.035 146.008
132.984 111.609
132.119 223.376
131.135 258.59
133.892 191.97
136.35 259.571
133.066 282.81
136.997 266.072
139.257 201.125
139.209 281.888
139.348 229.781
141.732 248.179
141.108 158.144
142.019 167.479
142.195 127.269
143.261 149.45
143.203 291.436
143.598 213.97
142.916 38.4349
143.825 57.6232
148.03 157.381
150.427 138.656
147.593 186.506
149.702 283.397
149.711 233.099
150.789 216.294
152.367 268.181
151.95 286.237
152.532 262.666
152.204 249.242
151.122 209.504
149.075 243.225
148.281 181.144
149.12 167.459
152.688 102.456
150.305 107.791
147.115 60.871
150.365 71.3321
152.538 77.4183
146.341 36.5721
151.306 18.0003
156.414 11.5486
156.214 66.7614
156.134 148.042
157.099 230.374
152.781 201.14
157.674 238.579
156.706 289.617
159.45 261.877
163.281 202.729
159.87 253.315
159.464 189.522
161.402 143.565
159.912 172.755
158.968 161.905
159.47 212.61
158.669 269.31
157.188 220.973
156.337 107.444
156.66 36.314
158.351 63.041
160.215 132.183
157.268 181.705
161.92 117.128
167.754 169.583
160.834 103.58
160.028 91.5686
163.479 33.4076
168.822 71.9055
166.601 137.703
167.979 100.168
169.86 147.398
166.842 219.024
166.405 257.512
163.21 280.681
167.562 271.42
167.341 230.191
168.723 177.618
171.195 209.147
172.544 279.235
171.502 189.368
168.689 92.9618
172.711 203.067
170.754 131.204
171.122 156.649
169.225 106.037
169.198 79.3221
167.601 32.2441
170.715 12.0263
172.129 41.7288
172.528 63.8259
176.105 32.5094
178.311 11.2409
180.998 37.5224
180.973 140.626
178.665 93.9824
176.446 82.669
179.574 113.359
176.108 130.679
172.928 118.173
182.524 181.189
180.022 193.265
176.311 212.97
172.718 252.735
179.286 239.631
181.477 259.157
171.952 293.956
177.861 276.02
181.195 287.637
182.077 227.714
173.83 240.865
178.804 219.057
182.032 202.326
183.472 268.166
186.165 98.1421
186.65 270.672
187.288 233.497
187.89 113.395
188.761 49.6775
189.237 143.926
188.445 129.178
190.042 190.11
190.086 257.014
188.299 213.607
191.226 288.112
191.123 251.498
192.708 283.192
190.24 216.795
191.71 116.365
193.57 176.776
193.557 157.38
197.51 279.999
197.146 206.824
198.682 216.095
198.845 293.217
199.575 266.084
198.501 196.221
198.052 179.077
199.889 133.648
198.561 108.789
193.998 67.0628
196.112 70.9954
193.243 56.4258
196.452 12.0049
197.971 61.3532
196.959 17.093
202.63 149.894
202.138 252.968
201.483 231.362
199.889 188.644
202.143 259.415
202.562 170.428
206.509 146.752
202.659 117.802
201.573 80.3372
200.823 39.2417
206.521 17.7498
206.533 81.8814
207.167 42.074
207.562 197.053
208.863 191.905
210.51 262.483
207.362 247.573
210.282 276.615
208.028 273.229
210.65 286.303
211.441 209.183
213.017 232.107
212.228 140.495
216.849 229.199
213.559 162.534
212.223 60.611
216.625 39.1127
216.3 106.146
216.666 149.764
217.541 167.593
217.584 287.248
219.073 279.983
221.437 267.657
226.85 268.875
220.492 263.41
221.55 210.698
222.536 223.704
222.669 189.337
228.198 199.472
228.333 229.262
229.101 258.928
230.023 248.766
231.525 193.068
232.69 221.288
232.502 293.762
233.999 278.824
232.703 236.128
233.522 180.986
238.155 246.755
238.527 293.987
238.027 188.923
239.616 198.067
239.867 278.976
242.525 272.911
243.815 259.867
240.961 240.162
247.652 186.853
249.719 291.039
251.011 222.828
252.851 243.297
251.435 280.507
257.106 201.469
258.31 168.709
257.077 281.103
253.495 271.389
258.163 293.166
257.233 272.177
258.432 162.521
259.006 231.889
259.254 186.485
261.053 217.093
260.654 246.697
263.444 260.458
263.925 206.288
266.682 213.28
267.163 167.037
270.202 263.117
270.003 247.251
267.982 180.586
269.499 149.823
271.733 271.831
272.304 239.836
273.849 286.971
276.687 173.248
276.358 227.239
276.997 148.589
276.762 269.778
277.572 113.148
278.363 276.672
278.294 143.348
280.938 212.552
279.368 219.863
279.654 261.401
280.945 238.975
283.948 289.509
283.743 87.2236
286.694 41.9232
287.706 166.281
287.11 202.127
290.094 87.7426
290.774 212.13
290.173 267.891
287.97 243.413
289.04 282.754
290.49 286.253
293.696 216.36
293.823 193.94
293.604 140.593
291.457 19.5128
293.582 59.1093
291.121 6.12471
292.237 82.931
291.617 121.276
291.099 179.593
292.117 132.208
293.47 152.365
292.156 246.994
292.522 156.884
292.178 233.797
291.153 259.2
290.12 69.2278
290.356 49.753
288.469 111.965
289.86 3.49
287.936 101.062
286.687 28.9519
283.405 71.1234
283.28 23.5754
283.733 202.602
282.026 253.818
278.919 132.509
279.351 123.621
278.779 26.2502
282.206 62.4871
278.013 -0.352646
278.357 48.5351
278.01 183.078
277.614 7.86974
277.164 163.274
277.133 83.0366
276.102 190.74
273.685 277.884
271.782 218.427
276.523 102.474
271.131 232.317
268.862 108.332
272.771 188.148
269.447 119.174
270.225 97.7714
268.007 82.3786
262.226 118.156
261.051 106.572
266.454 66.5717
261.037 43.2686
259.585 19.4802
271.142 53.4752
273.651 128.243
272.045 58.1247
269.98 30.5954
276.263 36.0313
273.729 21.4316
269.215 8.46052
266.905 38.1783
260.577 8.32609
266.142 0.074051
259.78 1.55224
258.831 27.445
262.09 52.0567
263.611 83.0899
259.714 92.5914
251.296 157.207
258.736 103.814
260.726 150.093
260.83 127.224
268.065 89.5114
269.302 140.332
267.106 162.552
266.656 197.024
263.611 181.671
262.109 240.792
258.763 142.458
253.462 249.492
252.665 231.435
251.122 210.409
250.216 262.824
248.18 199.672
250.904 181.542
246.977 149.596
249.447 173.949
241.8 217.585
241.939 162.782
241.032 229.933
238.913 176.778
241.09 90.703
242.921 136.546
242.916 112.374
252.405 139.042
250.154 16.1411
256.324 63.4091
252.008 48.2485
258.102 70.8784
250.282 -1.39803
248.787 29.738
241.872 59.9052
242.923 32.5619
240.97 71.6409
248.573 40.8435
247.703 58.7369
246.905 78.5584
246.539 97.8567
250.065 11.0597
251.882 116.925
251.09 90.5469
250.773 73.6817
251.275 110.186
250.469 131.95
242.223 98.3724
238.74 43.002
239.168 21.1945
237.641 2.75189
233.182 9.63909
230.939 21.6263
230.372 69.9985
227.982 110.66
227.649 26.5745
230.241 1.23358
221.536 69.6768
222.582 -3.53387
220.937 87.3432
219.989 47.6281
219.42 63.8591
220.302 141.032
221.93 128.091
222.674 77.0997
227.316 47.1768
226.562 148.275
229.877 91.0301
231.717 142.985
233.006 133.003
233.398 98.3993
230.933 117.192
233.516 63.6855
231.394 82.8267
231.222 37.6991
236.311 9.90371
241.117 81.0984
239.17 147.584
238.609 51.6391
238.997 130.202
237.872 172.63
236.208 208.669
233.07 163.188
237.046 121.893
231.52 173.976
230.798 209.767
223.142 158.637
219.808 251.345
217.979 238.369
217.824 181.666
218.518 197.216
217.166 121.913
219.051 9.09567
217.465 102.924
216.753 27.8411
216.178 19.1545
211.118 66.5282
212.389 97.4293
212.176 123.783
210.948 218.112
210.151 241.107
209.078 53.326
210.454 126.127
210.517 112.713
209.948 93.1725
208.605 2.20181
209.581 172.37
207.61 178.463
207.257 28.0733
206.456 9.54515
200.752 29.9527
200.084 89.8819
199.035 53.3069
196.24 -0.948863
193.164 39.2337
191.92 -0.591516
193.269 77.1629
197.111 97.8629
199.047 138.595
197.81 160.039
196.619 240.425
190.417 28.5747
193.549 147.961
190.764 88.1972
189.862 172.799
188.645 13.4936
187.259 196.086
186.945 241.93
187.068 16.0494
183.529 253.026
182.464 68.8427
183.518 96.4955
182.283 52.5968
182.316 170.176
177.912 148.513
180.083 123.2
181.487 160.912
181.632 61.374
180.556 20.0782
178.102 -3.6213
172.659 49.0289
170.431 -0.718143
168.314 22.6626
162.954 16.8246
160.158 77.6966
158.576 53.985
157.458 3.77891
153.586 8.56938
146.814 33.4972
146.744 3.77049
146.169 50.0246
151.011 120.395
147.896 146.786
147.482 86.8567
146.896 126.898
