-5.33435 1.19642
-37.0141 -4.69137
-42.4895 -3.26476
-32.8369 -0.0082126
-40.9901 -1.64768
-44.1282 -3.1016
-49.7578 -2.44311
-38.1583 -4.61452
-37.1068 -6.01333
-44.8145 -8.3298
-36.5269 -10.311
-43.068 -11.4058
-20.0438 -10.0969
2.25299 -10.6762
-39.3945 -12.9313
-13.5724 -13.6421
-39.9788 -13.3892
-23.1779 -14.0038
24.3553 -13.8322
4.1252 -15.2592
31.5752 -16.231
0.0341472 -15.8006
-24.7478 -15.2256
-43.0969 -14.5792
-31.5156 -15.3936
-37.5039 -16.7396
-31.2894 -17.7297
-39.2348 -17.9124
-1.00279 -20.4269
-10.5353 -24.1769
-19.6697 -23.2037
-30.1784 -20.3532
-39.3625 -24.0385
-37.794 -26.8785
-17.9117 -27.2385
-12.9012 -27.9174
-32.0873 -31.0756
-30.4455 -28.7879
-35.4818 -29.8462
-33.9763 -33.403
-30.0901 -36.7407
-19.4906 -40.5298
-16.0011 -43.4007
-13.1151 -43.6015
-6.94358 -47.5593
-18.0281 -45.7253
2.72795 -49.4767
12.9238 -47.7889
10.5085 -44.2705
7.70392 -43.2751
32.2562 -38.03
18.8544 -38.8209
31.332 -37.1962
26.7478 -33.7767
37.5537 -32.0779
21.015 -32.6874
32.8724 -32.3058
21.5284 -33.2719
27.7288 -35.2956
28.6115 -37.2973
15.855 -38.5266
21.8462 -40.0431
6.48704 -43.1537
8.91753 -44.4646
12.5356 -47.4641
8.51645 -48.189
-4.08942 -45.1424
4.57228 -47.8357
1.7742 -49.158
-6.11477 -47.3693
-12.7215 -43.4452
-21.3493 -39.5493
-25.3666 -38.3106
-10.4896 -39.2302
6.80934 -44.4689
-13.0548 -38.2982
-14.8091 -38.7282
-25.2912 -37.5208
-7.08662 -36.3155
0.471815 -37.4997
-12.8092 -35.2491
-5.07082 -32.021
38.5209 -30.1398
-5.24206 -32.0263
-14.1153 -35.5649
-21.4978 -33.648
-11.5273 -36.2983
-29.0197 -36.5762
-34.7065 -31.516
-14.1033 -28.563
-30.2904 -33.5661
-27.4795 -32.834
-11.473 -27.79
-2.75157 -29.1085
4.33969 -31.0037
13.5816 -29.9639
20.0082 -24.9674
11.0317 -24.8779
22.1048 -23.2865
24.9604 -26.5901
26.6975 -30.4775
23.8667 -22.9025
32.5406 -24.0038
31.2096 -26.2051
38.9064 -23.73
36.8985 -27.2098
41.2416 -23.7329
38.6019 -18.6647
39.8231 -22.8588
2.6156 -22.6552
21.3153 -19.6826
1.8218 -22.6117
15.0128 -23.8935
0.819377 -25.707
16.3791 -25.1075
14.1539 -27.8069
2.99191 -30.1056
-4.38315 -27.752
-29.6403 -26.7339
-36.771 -26.1162
-38.0671 -25.9677
-35.7383 -23.0995
-29.9631 -21.114
-23.7758 -23.521
-7.89042 -25.4282
0.139562 -19.6657
-16.6992 -19.2871
-30.2175 -17.9292
-27.3138 -17.2643
-10.7563 -17.1085
35.7457 -20.6714
-2.44195 -17.5951
42.9066 -18.3307
2.85141 -17.6001
17.7634 -16.8481
13.9839 -16.6291
-31.9596 -17.2053
-21.7472 -16.3265
-34.9169 -15.0422
-0.999051 -15.7997
35.4347 -16.2834
32.5463 -16.2326
16.444 -15.4145
16.4992 -14.8822
44.8919 -13.4795
-6.47358 -13.8383
-32.8873 -13.0835
14.7123 -12.1968
5.72225 -13.251
23.3906 -11.6016
-7.22564 -12.4745
-21.3071 -12.0871
20.101 -10.6028
-12.345 -9.86969
-4.13183 -9.30142
-28.5523 -10.3543
-31.3422 -9.94933
-40.2115 -9.01841
-37.5667 -7.77737
-39.2734 -8.18881
-43.2873 -8.43781
-28.8116 -3.5923
-24.317 -2.35973
-9.74524 -2.58847
-9.51417 -3.92137
-18.2113 -8.11941
-13.3177 -8.35124
-4.99394 -7.85061
-2.22303 -6.41055
11.7145 -9.34883
10.0737 -8.37849
-5.57316 -5.87374
-13.2561 -6.64501
-3.05613 -2.45196
18.9938 -2.84938
15.4996 -3.23417
15.8683 -5.65295
11.9315 -7.1194
19.9583 -4.23893
22.2063 -7.55963
35.8378 -7.82268
34.5253 -7.6273
23.8705 -6.75412
26.6396 -5.11357
46.2422 -5.26568
37.3799 -4.99862
25.5444 -3.94964
41.5166 -3.37777
37.6417 -3.43152
17.5942 -3.82011
21.8272 -3.34199
-1.14706 1.44404
18.4997 -2.65123
6.15678 -2.2761
5.61756 -2.51977
-16.1753 -1.73069
0.273951 2.70805
-1.51322 3.48344
22.0566 -0.488054
-4.53588 4.13206
6.67041 2.93869
-15.334 5.9028
-11.0444 9.34088
-3.31397 12.7097
-13.5723 15.0505
-2.60696 13.7402
-4.08609 14.9327
-11.7649 15.5055
11.2124 18.7859
14.665 17.1329
10.118 15.5879
10.9811 14.4679
2.7463 9.5206
7.75467 8.50607
9.38477 4.6823
7.1599 12.0957
11.1623 12.4889
14.3345 15.3695
13.3551 8.94069
15.4551 18.6215
23.9623 21.4832
25.7458 8.01902
22.5161 8.68085
21.04 6.62281
25.147 6.8071
25.045 2.87125
26.0951 5.16715
25.444 15.0802
29.3997 12.5558
32.1 6.0455
28.2292 10.5934
34.1812 3.24202
49.1961 -6.66697
36.5068 1.80272
32.7801 5.59445
48.1344 -0.584056
40.0745 2.69342
46.2718 4.24858
45.726 5.42221
41.1613 3.49261
31.6275 7.51214
38.2687 8.12026
32.8408 8.26033
28.6128 16.1632
31.7782 15.0466
39.1533 17.9524
45.8964 17.1712
41.1833 8.82593
43.7159 12.7529
47.3202 12.5902
45.5675 19.6922
30.3835 21.9933
44.5641 19.7632
36.9712 18.6713
28.7027 16.6867
26.3773 14.7025
24.3276 21.8847
38.8788 23.3234
40.0265 26.3941
37.2063 27.1721
35.6555 26.4407
31.5726 34.725
40.8386 28.7196
37.5187 31.3242
32.5361 34.9224
32.0887 36.7895
28.3585 30.3955
26.6669 32.8573
25.9884 37.9831
29.721 40.1903
20.0168 41.2947
19.8162 42.7332
11.6308 41.5982
10.3347 33.7561
5.6789 36.1033
9.26802 38.0126
6.44221 37.9214
5.2445 35.5109
3.78142 38.6047
4.04242 49.1004
-6.04248 49.2433
1.16545 49.0405
1.48879 29.9093
1.35067 45.936
3.24021 48.0005
3.38041 28.0405
4.55663 34.5212
8.50129 34.0213
9.44453 28.8737
12.9134 40.6204
12.3254 33.6959
13.2356 39.5122
15.177 27.99
13.409 38.7484
15.4125 41.1181
21.0136 39.5719
23.8724 39.9533
27.4833 29.6005
22.0354 31.6403
18.5492 39.668
23.0189 29.2609
21.1407 26.9202
25.0006 30.3402
25.191 25.9452
30.3597 30.5795
37.3069 23.3581
19.262 21.3957
18.3181 20.2825
15.6982 22.1512
18.6238 19.8829
-8.67387 16.0481
-15.1734 15.9563
-13.0243 18.9111
-9.25664 20.8334
-16.0731 18.0502
-18.5715 20.4795
-16.3949 16.2453
-14.5652 15.1115
-11.3941 14.0219
-24.8667 13.0867
-20.8553 18.4246
-20.363 14.8648
-19.5232 20.8343
-26.4262 12.3272
-30.0037 2.99357
-33.0423 12.5648
-32.8094 6.77519
-37.6199 10.7781
-38.9401 18.0029
-40.2068 13.1976
-40.5363 10.1567
-43.9388 18.1376
-40.6236 23.3542
-14.3283 24.9768
-7.47185 21.2436
-1.95466 22.715
-3.53001 23.0382
-6.22672 21.73
-8.24232 26.487
-6.91076 22.777
-17.3691 26.7926
-20.2782 31.7739
0.31421 25.5979
-17.4372 30.9385
-14.9093 32.2614
-3.54666 29.2094
0.687867 28.9339
-6.74094 31.4352
-7.03538 30.5205
-18.4059 34.0328
0.431409 35.984
-5.42983 39.7396
-9.20504 41.3444
-0.445111 47.9798
-13.4629 46.6206
-20.1132 44.7395
-2.75017 47.6694
-2.42779 46.6114
-9.00992 42.8611
-12.1451 43.8734
-11.2906 41.3842
-20.404 41.0869
-29.5287 40.1393
-23.8941 39.8678
-29.9885 37.3324
-37.0236 32.7596
-27.9005 37.1052
-28.9188 34.9687
-41.823 25.3244
-26.3883 36.2552
-25.8822 38.4307
-19.3419 40.9888
-7.91315 38.9445
-0.727583 36.5725
-16.2753 35.6994
-21.6463 31.9971
-17.6543 26.4432
-21.6395 29.4521
-16.0819 25.0001
-25.5236 24.2878
-40.8013 23.6686
-44.5053 17.9241
-41.9289 11.8478
-42.972 8.15269
-40.0386 9.72862
-38.3812 5.12592
-38.2555 11.4709
-33.4907 6.09115
-40.4013 1.69375
-23.6384 3.12978
-29.1344 4.58544
-24.9885 9.90087
-20.888 8.09459
-25.9623 11.8247
-17.8871 13.527
-5.09485 12.1534
-14.758 8.02764
-16.905 4.0559
-4.20832 3.77343
-2.09016 3.62614
