-1.26406 -9.74025
-1.24108 -33.4489
-1.96074 -20.2222
-2.10924 -26.0039
-2.79326 -1.21718
-4.97139 -14.6276
-5.79021 -21.545
-9.76501 -16.3708
-8.04646 -11.966
-12.1805 -15.145
-10.1324 -20.2266
-11.3257 -29.7784
-13.7169 -37.3956
-14.6674 -23.1788
-13.8581 -25.8494
-14.4628 -13.5526
-12.0729 5.16205
-13.4272 -3.48723
-39.952 -0.737809
-21.7328 -2.77238
-24.9784 -6.99944
-27.6919 -11.1676
-29.9472 -12.4165
-36.1861 -9.14933
-35.9049 -4.04779
-32.4418 -4.55394
-37.5927 -3.51712
-36.2692 -4.8106
-43.506 -1.07878
-37.848 2.05528
-31.9558 0.259279
-40.4447 3.04492
-11.0416 5.93845
-4.33916 5.15783
-9.16747 0.936235
-3.82848 3.12159
-1.44159 0.442037
-4.59413 5.92908
-10.1524 6.15188
-15.3455 6.03096
-15.1011 8.93245
-10.8449 13.5814
-17.7975 7.61259
-18.8322 9.3413
-23.4138 14.5685
-14.1015 18.8741
-7.29038 19.0345
-4.32991 14.5027
-6.35785 10.2229
-2.03745 8.65596
-5.80524 10.8472
-1.2074 20.6377
-20.5897 18.3508
-23.3555 15.05
-28.0689 21.3999
-29.018 22.2401
-27.4112 14.2148
-32.0977 21.8278
-37.5195 20.0132
-35.0042 27.2079
-30.147 27.2241
-8.19229 26.3755
-18.3248 25.1287
-34.3093 25.7108
-14.9906 24.9748
-9.67398 24.1101
-9.72969 23.4947
-23.1813 24.7732
-14.0872 23.5898
-25.033 23.4422
-12.6429 23.3045
-34.7203 23.2715
-6.28751 23.266
-2.88127 22.7219
-11.8437 24.8526
-17.5138 25.0905
-2.05418 27.0756
-7.68269 26.6473
-0.848271 29.6289
-13.6611 29.0064
-21.3528 29.9883
-17.6401 31.5325
-6.5941 32.9151
-4.39753 38.9586
-5.14313 49.4929
-7.22964 42.9886
-9.49621 41.9195
-15.2006 42.1317
-18.5117 45.9955
-35.7671 30.8274
-19.0177 45.4165
-19.659 44.4602
-18.0116 44.2576
-15.1206 38.0187
-16.716 41.4773
-9.53673 41.0922
-10.8424 39.6559
-6.29232 43.1894
-5.1955 36.9906
-17.1013 35.2895
-6.16437 36.6417
-10.6896 32.6878
-20.4067 31.7391
-24.3905 28.98
-24.7287 35.8075
-29.7532 32.6899
-33.7876 30.6515
-28.2641 33.2179
-24.951 35.5071
-24.5633 30.6962
-28.2814 30.5759
-37.1309 28.6586
-4.01439 28.5981
-10.3717 26.5538
-36.4712 27.6534
-39.5308 21.2271
-42.9493 21.8345
-40.6333 19.1776
-32.9234 20.6392
-32.6771 17.8536
-43.2169 16.3338
-35.5189 16.559
-42.7287 14.6131
-40.9495 12.8307
-33.2 15.2601
-39.4682 14.6798
-30.3677 18.843
-23.8741 7.87993
-27.7113 20.6971
-18.3913 7.1617
-20.2063 5.26501
-41.9923 3.53928
-44.7365 6.61287
-37.5064 7.38302
-30.3808 5.30222
-38.1921 7.72558
-41.8987 8.24567
-49.1118 8.17736
-41.0848 0.630792
-42.9905 0.390581
-45.0399 -1.05228
-40.6076 -5.27178
-45.3614 -3.98142
-40.6715 -6.89215
-49.2762 -6.94419
-42.9436 -8.05745
-44.2897 -10.3883
-46.7999 -13.1232
-39.9318 -6.37855
-40.4855 -3.50285
-36.8263 -4.79607
-37.9572 -9.36571
-32.7012 -11.5177
-31.4891 -19.3953
-31.9099 -13.555
-29.2184 -12.1393
-31.3412 -27.8505
-30.8687 -31.853
-36.1583 -26.5319
-36.5516 -24.5008
-36.7293 -28.089
-42.3483 -21.3789
-43.3286 -15.3861
-41.7209 -13.4866
-40.8439 -10.6453
-45.9651 -16.3184
-46.7493 -17.1896
-43.6254 -18.8522
-42.1486 -24.0841
-27.2603 -40.7772
-36.5801 -30.3223
-35.4963 -28.1713
-30.7409 -32.3929
-30.5172 -35.3244
-30.4732 -26.1289
-28.9861 -27.7351
-26.4638 -22.48
-23.1893 -34.7871
-29.2655 -32.0282
-22.6904 -35.489
-21.1576 -35.0417
-25.3717 -24.5842
-23.8009 -14.1139
-24.4929 -14.8707
-29.7379 -25.2963
-30.5165 -22.7728
-28.9418 -13.7324
-22.2214 -3.58341
-20.3241 -2.9614
-19.3658 -12.8124
-18.7495 -17.0416
-19.604 -7.21763
-18.9211 -4.41324
-19.4229 -3.72034
-13.8689 -3.74101
-17.7964 -6.97645
-15.8879 -20.6384
-16.7539 -11.5664
-15.0249 -4.86449
-14.5602 -36.1308
-16.0544 -30.4855
-21.8369 -19.111
-17.8422 -26.9821
-19.3653 -43.0113
-26.2083 -39.9616
-17.6376 -44.0445
-18.439 -34.9203
-15.0669 -37.733
-13.3342 -39.1001
-11.6127 -34.1733
-9.64211 -21.6001
-6.60722 -21.9389
-7.81466 -31.2512
-15.5221 -44.4703
-5.83311 -29.1933
-6.36545 -25.196
-3.2338 -8.3086
-3.90363 -22.1531
-2.66508 -7.03583
-3.03519 -31.4914
-3.83101 -46.7143
-2.96255 -37.5512
-2.48182 -21.6263
-1.34552 -46.5286
-0.90012 -18.5681
0.449469 -29.3544
2.85971 -24.8836
7.26711 -39.4619
6.30453 -43.2671
6.36969 -46.4877
1.38228 -44.7893
2.96142 -40.1658
-0.546973 -44.5846
6.74277 -47.3695
7.68828 -40.6327
7.35164 -38.5929
5.84905 -31.2831
9.21214 -33.9662
0.711645 -12.8277
4.0844 -8.84507
8.1042 -14.2207
4.08741 -17.9765
7.75869 -17.136
8.81935 -15.6687
6.47254 -10.4481
7.04757 10.8058
6.40478 2.82284
3.90934 3.98585
3.88499 16.2578
3.49515 0.0486975
1.61482 3.16534
3.26207 19.1866
9.54595 21.2133
12.7244 25.5764
14.4509 24.6835
15.133 14.8489
13.2762 12.18
11.535 18.3593
10.4992 -9.35623
11.6895 -16.9384
10.4398 -48.0823
12.0357 -39.4213
14.3591 -18.644
14.725 -19.9037
15.0654 -32.037
14.5235 -44.0569
16.2974 -29.7993
16.5783 -38.1453
18.971 -3.80616
19.4909 -17.3182
19.7719 -23.463
19.4898 -34.931
17.9851 -21.8173
20.3904 -43.6415
31.1844 -37.2967
27.1032 -39.6474
27.366 -23.9273
28.6624 -27.2465
26.7145 -21.9999
26.9383 -35.9948
25.0907 -39.4968
22.9619 -37.1017
20.2669 -37.9406
20.0098 -23.0544
20.5916 -19.869
20.8767 -12.099
21.2793 -21.6248
20.8863 -6.85884
24.064 -31.7201
21.4866 -8.34572
23.9284 -10.4009
28.5231 -8.23212
27.5362 -10.5745
30.5958 -5.94054
31.9212 -8.7902
35.2619 -6.14777
34.6101 -4.48684
31.5849 0.626504
40.4748 -10.1676
37.506 -14.5125
41.824 -15.2216
33.1706 -23.7133
37.5021 -23.5476
36.2936 -26.3339
28.1683 -35.7874
37.7058 -25.9243
34.1422 -34.0558
39.4698 -22.3915
36.1052 -21.6155
41.9519 -15.8669
45.3604 -10.2204
39.9721 -14.5315
44.0804 -1.42598
44.9169 -7.27982
45.195 2.00241
49.7662 1.9749
46.5845 11.9217
44.1682 21.5167
47.7231 7.19166
46.1404 6.35501
45.4852 14.6003
43.5929 12.5668
40.8493 11.1455
32.6524 10.2707
37.1524 21.3992
29.0432 19.9802
32.6261 21.8592
30.6105 29.7538
33.8603 27.405
34.0257 26.4174
33.4786 34.902
40.2019 26.9974
37.3285 30.7168
43.0511 24.6053
32.6319 35.99
26.3241 26.5122
28.5206 40.4791
26.9517 33.1038
24.1727 28.3378
23.6106 25.9181
23.7938 41.2381
23.2163 24.8406
20.8241 33.4229
19.7406 36.0912
21.0518 40.6156
19.3471 40.0199
19.1175 39.2844
20.6816 29.3252
24.2006 23.0409
29.9331 30.5768
31.9363 22.6342
30.3127 25.1575
31.7681 21.5337
24.1889 19.8308
36.2206 19.9545
33.1967 15.15
31.4773 18.4705
32.6613 15.5639
32.1259 14.5958
21.5537 5.49335
23.8743 5.72298
27.049 9.14851
45.0938 11.3103
44.4342 7.69287
48.0851 4.27843
40.4638 3.56931
26.9306 6.17617
44.2758 2.62493
44.4136 -0.327407
40.195 -12.19
41.5332 -5.66333
36.2026 1.85147
40.1767 -4.1392
35.7382 -3.30036
31.0162 1.32847
32.9817 -3.51224
24.1921 -9.78705
22.884 0.081015
23.2329 -9.20053
20.7456 -5.55133
20.5639 -19.0843
18.6037 1.78253
18.1478 -15.0724
16.5911 -27.3448
15.1072 -39.2117
15.0965 -20.5125
13.8157 -11.4162
13.3462 -8.40804
14.3866 -16.5934
10.8724 -45.4078
11.4893 -23.3371
12.1889 -27.2156
12.5101 -14.4048
11.0578 -9.15711
11.2528 -5.69117
13.5371 0.684323
10.7054 -6.12975
11.5866 14.0344
13.6937 10.8704
13.086 3.86218
16.8713 3.50759
16.978 9.03421
20.2456 16.3294
18.9084 18.3917
19.0364 13.9142
17.211 10.8116
16.0655 4.79965
14.8163 23.3834
18.4253 29.1351
16.7808 44.9663
16.6618 36.5933
13.17 47.1268
11.8327 48.4337
13.3833 44.1642
12.9195 42.2198
14.6837 41.87
18.2306 30.7895
14.5535 30.2906
11.474 29.4257
13.1274 28.9679
15.9671 29.8707
9.905 22.0281
8.23732 25.1821
5.0227 30.6205
8.53752 33.1576
0.870718 34.7524
4.46627 33.3806
6.74405 21.5434
3.49499 20.0655
3.92178 22.9333
1.0966 20.9593
0.537131 25.7488
1.17845 19.2695
-0.685894 27.9168
2.1821 13.5636
1.54663 5.63066
-0.487157 16.2224
0.702388 4.77073
-0.245773 -2.44815
6.66627 -1.18756
5.02508 -3.30895
6.67028 -2.84323
5.29144 -10.0714
3.66992 -3.63647
1.63093 -11.0592
0.0892287 -12.1589
0.573851 -6.61521
-0.117882 -12.3357
7.81903 -30.8831
-0.517171 -19.5828
