188.432 42.3271
246.021 42.4796
283.798 40.0254
309.856 38.8639
270.647 41.8836
358.791 38.0043
299.26 36.7411
231.66 37.4443
183.61 38.3055
148.311 38.1283
142.772 42.4445
112.863 42.2876
51.3827 43.0179
81.022 39.564
86.8952 38.9452
68.747 42.0158
103.766 42.1137
126.507 42.2483
121.933 37.8471
-3.05667 37.7869
0.546752 33.0538
58.0909 31.7766
11.6412 29.5393
20.7697 28.5857
41.8924 30.1564
148.431 28.9996
161.793 30.0203
279.842 29.6165
259.605 28.8838
183.953 27.9071
286.515 29.2288
226.005 27.4404
71.9403 26.9798
189.757 27.2122
122.794 26.6284
76.5053 26.0412
239.716 23.3571
136.637 23.9089
181.505 23.43
119.653 23.4444
1.40196 23.9451
203.447 23.0151
72.8284 22.9212
206.699 22.8416
277.309 22.8803
332.941 20.3105
126.308 21.3478
61.2274 21.5216
148.691 21.0235
257.569 20.4657
311.186 19.5212
219.516 19.2062
268.947 17.5392
190.185 16.7431
158.814 18.2231
27.6447 21.0071
93.8104 19.5256
36.5262 16.5122
13.4003 17.4059
19.6762 11.8698
17.0563 16.5442
76.0326 13.9964
103.887 11.6035
52.5466 16.8454
76.8748 18.0276
209.545 11.1262
113.086 16.2743
100.156 19.2593
172.616 16.505
297.031 17.0769
229.78 19.1206
323.847 18.3556
340.289 18.416
300.946 10.2747
201.37 9.84332
49.9544 10.1396
62.6615 10.4349
13.5598 9.99113
-2.49768 8.89952
39.2773 10.1256
238.962 9.60242
106.737 9.30298
319.48 9.64391
246.978 8.98593
233.255 8.61927
120.678 8.53484
179.291 7.97482
293.791 7.61579
67.4778 7.41588
126.279 6.5673
28.138 6.68593
140.659 6.54225
308.391 3.27649
147.654 6.5114
260.396 6.1488
361.423 3.306
63.987 2.71412
121.843 3.12621
247.242 3.61125
137.682 3.23177
36.7571 3.15936
49.1015 2.56464
221.334 2.85667
331.564 2.61207
176.078 2.18425
231.662 0.89986
26.7949 1.52265
69.3338 0.498915
0.0831298 -2.13668
22.4286 -2.90378
151.492 -3.58185
270.949 -3.69574
158.274 -3.25386
112.77 -3.10303
169.97 -1.87898
336.786 -3.00407
187.78 -1.8731
82.9185 -1.6264
86.5685 -3.0301
9.78652 -1.88766
97.4602 1.04205
209.194 0.643701
126.933 -0.540974
239.069 0.592879
298.987 -2.57178
263.556 -0.578775
322.566 0.399644
349.724 -0.223835
288.746 1.52928
280.862 0.20863
196.382 2.08013
377.288 2.78275
369.41 3.12138
279.815 6.32622
163.637 6.57801
378.939 7.2092
223.319 6.76946
93.91 7.23821
191.623 7.51893
373.725 7.35697
167.724 8.11612
273.365 8.7181
347.72 9.82747
356.855 11.5554
371.411 16.1116
343.175 10.3758
329.523 11.4707
313.746 10.9563
351.803 19.8085
376.785 18.7707
291.623 22.4205
359.473 22.986
246.758 23.2864
93.7232 26.119
250.584 27.4164
222.863 26.7703
327.45 28.8784
353.905 28.0791
376.836 29.3806
303.534 30.544
361.556 31.487
307.491 32.7154
322.443 31.6551
268.037 31.4901
337.137 29.5975
207.928 29.9029
140.002 30.3328
198.161 32.7255
166.802 31.6544
108.142 29.5385
48.5936 30.7066
128.748 33.6376
96.6587 32.5625
28.2172 32.6982
8.06455 36.9874
61.4711 37.5521
158.746 36.7173
42.855 37.7628
203.763 37.8572
236.208 32.933
216.494 36.3842
236.6 36.9862
367.468 36.2429
371.505 33.4765
378.345 36.8963
292.791 42.8558
340.992 39.2847
329.716 39.5142
261.213 42.7893
317.35 43.6087
211.678 43.1188
249.645 48.4555
210.667 48.9562
270.749 51.8325
349.008 41.5739
290.512 49.4342
380.652 47.2047
318.123 49.5308
326.194 50.6233
343.315 51.4147
368.488 50.8961
331.972 56.4927
347.41 52.3174
301.404 53.4274
360.06 51.9043
310.871 51.111
278.192 52.1943
242.599 51.7228
262.48 51.6313
197.585 49.923
159.263 52.5807
142.044 51.812
89.7089 53.7783
228.92 60.164
209.639 56.5793
193.268 53.2321
242.87 62.2601
219.492 62.3389
192.66 60.5774
153.569 60.8165
178.112 63.6127
236.324 68.2284
282.907 63.7823
299.677 60.925
272.128 60.1126
251.657 58.4111
318.424 57.2995
258.318 58.5788
286.179 60.1334
340.17 59.9597
360.045 59.6878
370.604 58.0329
376.884 59.0962
306.846 61.9457
246.882 67.299
258.709 67.1787
278.661 67.0023
346.459 63.5655
296.594 66.478
343.545 68.9066
372.719 66.1196
362.479 67.9603
378.593 68.0972
353.322 69.8004
293.555 67.1233
268.682 67.9182
226.112 69.0976
197.608 69.8765
277.696 79.4158
247.733 79.0197
220.641 81.876
239.567 82.3085
203.538 89.2062
216.568 91.5108
259.489 89.2147
242.629 88.0961
311.969 71.4031
323.894 70.2619
353.155 76.4362
380.366 80.2419
363.459 82.1869
307.209 83.6828
291.967 86.2025
310.15 87.8421
358.288 89.9734
350.157 91.9919
381.761 93.5784
226.362 91.9618
366.208 93.3486
320.062 92.0341
333.346 92.4064
341.882 89.6045
283.488 87.2505
303.722 83.3107
270.037 83.5913
321.894 82.3613
343.561 76.6423
332.036 80.1834
368.526 79.2112
330.278 72.487
290.792 76.8588
253.725 86.0531
266.315 89.8901
206.404 92.0887
183.9 90.6637
192.685 87.002
113.735 89.1977
93.2969 89.6969
151.618 89.5118
36.9645 91.3642
302.201 93.3629
80.1116 91.7786
156.901 92.7126
12.8383 93.6342
116.382 92.7367
58.8012 91.5385
22.7802 91.99
-2.75509 90.255
69.0155 90.7974
97.9787 88.6181
53.3675 88.8443
32.0988 88.2843
132.209 88.2317
92.8307 83.3653
7.58959 83.4036
3.68547 82.2387
28.788 80.2153
68.2319 78.3129
20.2208 80.9975
37.7048 82.8041
57.0911 81.4702
130.498 73.1534
41.2967 73.8452
102.565 72.2738
57.5905 72.1435
1.09549 72.818
81.9262 71.494
9.36502 70.81
113.557 71.7165
69.2127 68.9447
17.1763 68.8514
31.9462 66.7347
48.3038 67.5633
118.639 71.3012
141.99 70.4972
158.768 69.9427
93.8771 72.9514
146.902 72.4338
113.184 76.0107
50.9854 82.4872
78.69 83.1707
142.535 79.9467
162.941 77.7616
147.596 80.9527
131.054 81.9714
101.369 82.7538
170.157 83.5149
121.751 83.5764
138.343 87.6477
172.731 87.5345
226.026 83.2168
210.644 80.5058
258.884 78.0463
208.072 71.7082
198.317 82.4895
183.82 76.6888
176.787 73.8554
193.018 78.8762
193.682 67.5997
91.5422 63.8742
170.221 66.5045
217.116 67.1389
136.076 60.24
47.9623 62.5465
156.829 63.6587
81.0525 63.2023
22.8493 62.1714
58.8647 61.7301
98.8707 59.9362
29.6951 60.1364
-0.0961337 58.5542
38.9824 52.5835
11.8067 57.0099
36.8984 59.9664
197.586 59.6382
166.372 57.3656
108.598 57.9005
67.1446 56.3867
121.7 57.1624
128.54 56.279
18.5034 49.5948
58.4008 50.4054
127.932 48.8679
-1.59734 47.3905
32.8879 37.8998
22.4394 40.9201
6.45378 46.2392
108.154 46.1485
179.07 46.0876
33.0869 46.3713
48.4899 47.9067
123.102 48.5211
68.8317 47.5006
150.215 48.7597
96.1084 50.8283
82.7643 53.1836
173.64 50.8432
230.666 47.7506
216.458 46.2061
171.727 40.3816
