-10.873 43.0406 -22.8202 33.4766 -44.7144 17.2221
-22.8202 33.4766 -29.3325 23.7581 -44.7144 17.2221
-34.0854 10.1548 -29.3325 23.7581 -22.8202 33.4766
-29.3325 23.7581 -34.0854 10.1548 -39.8706 -6.35255
-34.0854 10.1548 -24.3709 7.49282 -39.8706 -6.35255
-19.4058 10.1632 -24.3709 7.49282 -39.8706 -6.35255
-3.13344 37.1755 13.7627 37.7381 7.23302 46.2339
-34.0854 10.1548 -19.2434 18.8847 -3.13344 37.1755
-34.0854 10.1548 -3.13344 37.1755 7.23302 46.2339
-19.2434 18.8847 -34.0854 10.1548 -24.3709 7.49282
7.09124 37.0018 -3.13344 37.1755 13.7627 37.7381
11.0037 32.2596 7.09124 37.0018 13.7627 37.7381
34.1823 9.82872 11.0037 32.2596 13.7627 37.7381
13.7627 37.7381 34.1823 9.82872 44.3278 -3.1616
34.1823 9.82872 31.9536 0.278878 44.3278 -3.1616
-7.25686 5.43856 4.23069 10.2007 15.8679 15.0058
31.9536 0.278878 -7.25686 5.43856 15.8679 15.0058
31.9536 0.278878 15.8679 15.0058 11.8845 21.993
-7.25686 5.43856 31.9536 0.278878 44.3278 -3.1616
7.09124 37.0018 11.0037 32.2596 0.530444 30.3844
-7.25686 5.43856 4.23069 10.2007 5.09434 17.7679
-22.7089 -9.94058 -7.25686 5.43856 5.09434 17.7679
-25.9778 -14.8572 -22.7089 -9.94058 -7.25686 5.43856
-9.38467 -23.5043 -25.9778 -14.8572 -7.25686 5.43856
4.82391 -33.5801 3.46516 -26.5108 -9.38467 -23.5043
4.82391 -33.5801 -9.38467 -23.5043 -25.9778 -14.8572
8.19774 -37.2169 4.82391 -33.5801 3.46516 -26.5108
4.82391 -33.5801 8.19774 -37.2169 13.0086 -43.8696
-5.62902 -7.23051 29.0317 -6.91921 -5.93196 0.492838
-9.38467 -23.5043 -5.62902 -7.23051 -5.93196 0.492838
-5.62902 -7.23051 -9.38467 -23.5043 3.46516 -26.5108
-33.7775 -17.7488 -26.0132 -15.6073 -25.9778 -14.8572
-33.7775 -17.7488 -25.9778 -14.8572 -22.7089 -9.94058
-26.2216 -30.2923 -33.7775 -17.7488 -26.0132 -15.6073
-6.94534 -37.1474 -26.2216 -30.2923 -26.0132 -15.6073
-26.2216 -30.2923 -6.94534 -37.1474 -0.415154 -40.7375
-36.8859 -13.9001 -33.7775 -17.7488 -26.2216 -30.2923
18.9623 -14.711 -5.62902 -7.23051 29.0317 -6.91921
18.9623 -14.711 29.0317 -6.91921 34.7645 -6.23625
22.6173 -18.2123 18.9623 -14.711 -5.62902 -7.23051
-5.62902 -7.23051 22.6173 -18.2123 31.1558 -22.0413
30.0605 -17.1386 22.6173 -18.2123 31.1558 -22.0413
44.3556 -5.57642 39.627 -8.05345 22.6173 -18.2123
39.627 -8.05345 18.9623 -14.711 22.6173 -18.2123
7.23302 46.2339 8.20988 48.2262 6.90212 48.2524
13.7627 37.7381 7.23302 46.2339 8.20988 48.2262
8.20988 48.2262 13.7627 37.7381 32.4962 20.7962
-10.873 43.0406 -22.8202 33.4766 -18.0313 28.2024
