10.4075 82.062 0.0238074 51.4182 -2.72791 40.5521
19.819 136.45 33.7733 139.505 8.62613 141.475
19.819 136.45 8.62613 141.475 -2.46686 143.964
12.9659 133.429 19.819 136.45 -2.46686 143.964
19.7236 128.015 52.2617 133.208 12.9659 133.429
19.7236 128.015 12.9659 133.429 -2.46686 143.964
30.1829 127.661 57.4984 127.864 19.7236 128.015
3.36021 126.67 30.1829 127.661 19.7236 128.015
3.36021 126.67 19.7236 128.015 -2.46686 143.964
2.67787 120.237 3.36021 126.67 -2.46686 143.964
-0.86771 96.0665 12.3159 98.3019 6.99735 108.32
-0.86771 96.0665 6.99735 108.32 2.67787 120.237
-0.86771 96.0665 2.67787 120.237 -2.46686 143.964
-1.21185 93.3654 -0.86771 96.0665 -2.46686 143.964
8.94909 90.0908 -1.21185 93.3654 -2.46686 143.964
-1.38118 57.1183 -0.243948 79.1208 8.94909 90.0908
0.0238074 51.4182 -1.38118 57.1183 8.94909 90.0908
0.0238074 51.4182 8.94909 90.0908 -1.21185 93.3654
-1.38118 57.1183 0.0238074 51.4182 -2.72791 40.5521
-1.13439 111.578 -0.243948 79.1208 -1.38118 57.1183
33.7733 139.505 47.0151 140.651 58.4886 142.146
47.0151 140.651 33.7733 139.505 19.819 136.45
127.883 142.889 136.862 142.935 40.0377 143.842
122.892 142.275 127.883 142.889 136.862 142.935
113.468 141.598 122.892 142.275 136.862 142.935
136.862 142.935 113.468 141.598 12.9659 133.429
113.468 141.598 19.819 136.45 12.9659 133.429
76.1485 133.771 12.9659 133.429 52.2617 133.208
12.3159 98.3019 -0.86771 96.0665 -0.0830424 66.5004
32.6919 123.655 43.5527 126.359 30.1829 127.661
17.4088 116.302 10.6084 121.431 32.6919 123.655
17.4088 116.302 32.6919 123.655 43.5527 126.359
17.8698 108.997 17.4088 116.302 10.6084 121.431
20.3171 97.0134 17.8698 108.997 17.4088 116.302
20.8034 91.3867 20.3171 97.0134 17.8698 108.997
22.3977 83.5553 20.8034 91.3867 20.3171 97.0134
20.3171 97.0134 22.3977 83.5553 28.9539 81.118
43.5527 126.359 30.1829 127.661 57.4984 127.864
50.5186 123.187 43.5527 126.359 57.4984 127.864
57.4984 127.864 50.5186 123.187 30.257 109.531
50.5186 123.187 37.5362 117.157 30.257 109.531
13.9535 69.3459 22.3977 83.5553 20.8034 91.3867
3.61442 30.3123 9.59139 51.0844 13.9535 69.3459
20.8034 91.3867 13.9535 69.3459 -1.75793 21.4301
13.9535 69.3459 3.61442 30.3123 -1.75793 21.4301
70.4513 108.171 60.9203 108.665 48.5341 112.928
77.7017 106.601 70.4513 108.171 60.9203 108.665
70.9723 103.758 77.7017 106.601 60.9203 108.665
52.5241 82.3168 70.9723 103.758 77.7017 106.601
30.1339 56.0189 52.5241 82.3168 77.7017 106.601
17.9986 42.7541 30.1339 56.0189 77.7017 106.601
77.7017 106.601 17.9986 42.7541 -1.75793 21.4301
17.9986 42.7541 7.78046 33.4283 -1.75793 21.4301
7.78046 33.4283 3.61442 30.3123 -1.75793 21.4301
7.78046 33.4283 9.0775 41.0475 12.7428 57.045
9.0775 41.0475 7.78046 33.4283 3.61442 30.3123
60.2755 91.6654 52.5241 82.3168 30.1339 56.0189
106.172 102.855 77.7017 106.601 70.4513 108.171
79.274 98.3425 106.172 102.855 77.7017 106.601
77.5962 87.1088 79.274 98.3425 77.7017 106.601
72.5831 86.2516 77.5962 87.1088 77.7017 106.601
63.5267 62.5169 72.758 67.521 71.9177 80.194
63.5267 62.5169 71.9177 80.194 72.5831 86.2516
63.5267 62.5169 72.5831 86.2516 77.7017 106.601
77.7017 106.601 63.5267 62.5169 56.3227 41.4354
63.5267 62.5169 59.5429 49.7919 56.3227 41.4354
43.532 53.0682 39.8638 56.8922 46.2943 59.6926
56.3227 41.4354 53.1567 47.708 43.532 53.0682
39.8638 56.8922 43.532 53.0682 50.7462 37.8552
43.532 53.0682 56.3227 41.4354 50.7462 37.8552
57.3575 83.5395 56.8824 72.8036 56.3227 41.4354
56.8824 72.8036 53.1567 47.708 56.3227 41.4354
56.3227 41.4354 59.5429 49.7919 69.8183 50.0281
69.8183 50.0281 56.3227 41.4354 50.7462 37.8552
48.7822 72.7234 56.8824 72.8036 57.3575 83.5395
31.858 52.2638 48.7822 72.7234 57.3575 83.5395
57.3575 83.5395 31.858 52.2638 -0.632553 12.4656
31.858 52.2638 9.35685 23.1054 -0.632553 12.4656
19.778 27.3405 31.858 52.2638 48.7822 72.7234
21.1816 13.6958 20.9335 17.5018 19.778 27.3405
8.8987 11.2682 21.1816 13.6958 19.778 27.3405
8.8987 11.2682 19.778 27.3405 31.858 52.2638
2.26092 -0.367063 17.7712 2.09755 9.28812 2.65851
2.26092 -0.367063 9.28812 2.65851 8.8987 11.2682
2.26092 -0.367063 8.8987 11.2682 31.858 52.2638
42.1572 -0.50061 2.26092 -0.367063 17.7712 2.09755
2.26092 -0.367063 42.1572 -0.50061 107.197 -1.15525
19.778 27.3405 31.858 52.2638 48.7822 72.7234
21.1816 13.6958 20.9335 17.5018 19.778 27.3405
8.8987 11.2682 21.1816 13.6958 19.778 27.3405
8.8987 11.2682 19.778 27.3405 31.858 52.2638
17.7712 2.09755 30.6455 2.95088 9.28812 2.65851
2.26092 -0.367063 17.7712 2.09755 9.28812 2.65851
2.26092 -0.367063 9.28812 2.65851 8.8987 11.2682
2.26092 -0.367063 8.8987 11.2682 31.858 52.2638
42.1572 -0.50061 2.26092 -0.367063 17.7712 2.09755
107.197 -1.15525 62.3219 0.0422552 42.1572 -0.50061
107.197 -1.15525 42.1572 -0.50061 2.26092 -0.367063
69.5932 -3.10065 107.197 -1.15525 62.3219 0.0422552
107.197 -1.15525 69.5932 -3.10065 53.4614 -3.87737
30.6455 2.95088 9.28812 2.65851 17.7712 2.09755
33.6611 26.2514 52.7994 27.1805 56.8118 27.8336
37.925 26.0324 33.6611 26.2514 52.7994 27.1805
62.1496 22.1805 37.925 26.0324 52.7994 27.1805
90.0541 17.7908 82.7561 20.8739 73.2257 21.2467
90.0541 17.7908 73.2257 21.2467 62.1496 22.1805
37.925 26.0324 62.1496 22.1805 118.594 12.139
62.1496 22.1805 90.0541 17.7908 118.594 12.139
70.8153 26.635 82.7561 20.8739 90.0541 17.7908
20.9335 17.5018 21.1816 13.6958 28.8072 9.08048
19.778 27.3405 20.9335 17.5018 26.101 17.2993
72.758 67.521 63.5267 62.5169 73.8289 62.0452
79.274 98.3425 77.5962 87.1088 76.4256 76.6142
100.965 97.7663 113.059 92.1639 103.908 91.3985
87.4196 96.841 86.3913 87.1022 86.5649 80.4336
107.258 78.7091 100.122 78.2976 98.7991 72.6424
121.577 72.9189 119.861 83.0057 123.118 91.5517
119.425 60.9134 121.577 72.9189 119.861 83.0057
119.547 42.0752 140.225 42.9269 129.734 43.7346
119.547 42.0752 129.734 43.7346 122.227 52.5897
119.547 42.0752 122.227 52.5897 119.425 60.9134
118.356 28.0196 130.053 29.9467 119.547 42.0752
118.356 28.0196 119.547 42.0752 119.425 60.9134
118.356 28.0196 119.425 60.9134 119.861 83.0057
130.053 29.9467 118.356 28.0196 119.704 23.5319
118.356 28.0196 107.918 27.5522 119.704 23.5319
131.094 51.0684 130.874 62.4586 128.165 71.2747
131.094 51.0684 128.165 71.2747 126.226 82.9332
136.066 48.6113 131.094 51.0684 130.874 62.4586
131.094 51.0684 136.066 48.6113 129.734 43.7346
139.056 130.971 139.123 117.428 140.225 42.9269
139.123 117.428 139.174 78.3033 140.225 42.9269
139.174 78.3033 137.634 60.3228 140.225 42.9269
137.634 60.3228 136.066 48.6113 140.225 42.9269
136.066 48.6113 129.734 43.7346 140.225 42.9269
66.4134 41.4054 76.2478 47.8924 87.3766 56.7725
81.6922 39.9229 66.4134 41.4054 76.2478 47.8924
98.2091 33.591 81.6922 39.9229 66.4134 41.4054
107.918 27.5522 98.2091 33.591 66.4134 41.4054
66.4134 41.4054 107.918 27.5522 119.704 23.5319
119.547 42.0752 130.053 29.9467 141.49 18.2552
130.053 29.9467 130.067 18.2584 141.49 18.2552
130.067 18.2584 110.822 20.8128 101.943 20.9149
32.9324 39.4366 101.943 20.9149 136.821 11.5392
101.943 20.9149 130.067 18.2584 136.821 11.5392
130.067 18.2584 141.49 18.2552 136.821 11.5392
87.453 27.592 80.2246 29.8646 42.8709 39.1987
110.822 20.8128 87.453 27.592 80.2246 29.8646
80.2246 29.8646 110.822 20.8128 130.067 18.2584
141.606 108.888 142.308 27.1169 143.268 -3.24611
142.308 27.1169 141.49 18.2552 143.268 -3.24611
141.49 18.2552 136.821 11.5392 143.268 -3.24611
136.821 11.5392 130.972 7.65448 143.268 -3.24611
130.972 7.65448 121.357 3.88376 143.268 -3.24611
121.357 3.88376 107.133 10.6952 92.4557 12.4507
92.4557 12.4507 121.357 3.88376 143.268 -3.24611
138.353 98.438 139.123 117.428 139.056 130.971
139.123 117.428 138.353 98.438 137.29 70.4032
138.353 98.438 137.878 90.4868 137.29 70.4032
131.868 122.902 121.254 129.839 131.384 130.585
132.551 109.639 131.868 122.902 121.254 129.839
133.397 102.211 132.551 109.639 121.254 129.839
121.254 129.839 133.397 102.211 137.878 90.4868
133.397 102.211 138.353 98.438 137.878 90.4868
121.254 129.839 131.384 130.585 110.309 133.432
120.206 117.237 121.254 129.839 110.309 133.432
123.654 108.838 120.206 117.237 110.309 133.432
120.206 117.237 123.654 108.838 132.905 89.2314
100.288 136.341 89.564 132.694 56.274 123.796
89.564 132.694 103.048 129.99 97.9649 123.715
73.5605 126.831 81.3343 119.798 90.3279 116.311
90.9329 141.879 122.892 142.275 127.883 142.889
127.883 142.889 90.9329 141.879 72.8096 141.391
122.892 142.275 113.468 141.598 79.583 140.359
