16.5725 53.0022 51.6019 77.5892 35.189 83.234
6.88322 48.062 16.5725 53.0022 35.189 83.234
35.189 83.234 6.88322 48.062 0.28783 42.5372
6.88322 48.062 19.883 42.5514 0.28783 42.5372
95.9738 66.7487 51.6019 77.5892 35.189 83.234
63.7621 65.618 95.9738 66.7487 51.6019 77.5892
45.2302 54.068 76.9763 63.1307 63.7621 65.618
45.2302 54.068 63.7621 65.618 51.6019 77.5892
35.4521 33.9417 45.2302 54.068 76.9763 63.1307
22.9651 29.5599 24.4539 31.4261 35.4521 33.9417
76.9763 63.1307 35.4521 33.9417 11.3263 15.3271
35.4521 33.9417 22.9651 29.5599 11.3263 15.3271
24.4539 31.4261 22.9651 29.5599 6.47925 16.0433
96.5327 61.8331 76.9763 63.1307 63.7621 65.618
70.547 44.0058 96.5327 61.8331 76.9763 63.1307
60.0549 20.2317 70.547 44.0058 76.9763 63.1307
76.9763 63.1307 60.0549 20.2317 52.4944 17.6138
88.111 25.5515 60.0549 20.2317 52.4944 17.6138
