-42.7538 -11.9781 -41.7741 -9.50414 -47.8964 1.38531
-41.6644 -22.5077 -42.7538 -11.9781 -41.7741 -9.50414
-35.1141 -22.8806 -41.6644 -22.5077 -41.7741 -9.50414
-41.6644 -22.5077 -35.1141 -22.8806 -12.4071 -24.9904
-35.1141 -22.8806 13.5576 -24.9782 -12.4071 -24.9904
-16.0866 -20.6852 -30.9411 9.51192 -37.462 23.5594
-30.546 -21.8231 -16.0866 -20.6852 -30.9411 9.51192
-5.10634 -23.4873 -30.546 -21.8231 -16.0866 -20.6852
28.5476 -24.8832 22.1794 -24.4519 -5.10634 -23.4873
-30.546 -21.8231 -5.10634 -23.4873 13.5576 -24.9782
-5.10634 -23.4873 28.5476 -24.8832 13.5576 -24.9782
30.8739 -25.5624 -12.4071 -24.9904 13.5576 -24.9782
30.8739 -25.5624 13.5576 -24.9782 28.5476 -24.8832
30.8739 -25.5624 28.5476 -24.8832 37.5422 -24.2293
33.1665 -27.5373 30.8739 -25.5624 37.5422 -24.2293
22.5229 -29.8495 33.1665 -27.5373 30.8739 -25.5624
25.0713 -32.7503 22.5229 -29.8495 33.1665 -27.5373
6.59048 -42.6628 -3.10956 -36.775 25.0713 -32.7503
5.00799 -44.8438 6.59048 -42.6628 25.0713 -32.7503
33.1665 -27.5373 25.0713 -32.7503 1.00963 -49.4775
25.0713 -32.7503 5.00799 -44.8438 1.00963 -49.4775
-0.345434 -15.7228 -0.650108 -12.2912 -1.72394 2.81626
-13.6155 -19.4542 -3.96166 -16.2249 -0.345434 -15.7228
0.678729 -23.4212 -13.6155 -19.4542 -0.345434 -15.7228
0.678729 -23.4212 -0.345434 -15.7228 -1.72394 2.81626
-13.6155 -19.4542 0.678729 -23.4212 -5.10634 -23.4873
10.2175 -20.5513 5.70648 -19.2185 7.92704 -17.0039
10.2175 -20.5513 7.92704 -17.0039 8.51495 -15.4224
10.2175 -20.5513 8.51495 -15.4224 5.22112 1.70353
10.2175 -20.5513 5.22112 1.70353 3.82208 7.94796
13.9283 -21.7245 10.2175 -20.5513 5.70648 -19.2185
0.678729 -23.4212 13.9283 -21.7245 5.70648 -19.2185
13.9283 -21.7245 0.678729 -23.4212 22.1794 -24.4519
0.678729 -23.4212 -5.10634 -23.4873 22.1794 -24.4519
-0.345434 -15.7228 -24.0167 2.67908 -28.1985 6.03774
-24.0167 2.67908 -0.345434 -15.7228 -3.96166 -16.2249
-1.99823 -10.5187 -14.1753 22.6762 -8.09578 26.7616
-14.1753 22.6762 -1.99823 -10.5187 -0.345434 -15.7228
-1.99823 -10.5187 -0.650108 -12.2912 -0.345434 -15.7228
-2.65041 -0.135425 -1.99823 -10.5187 -0.650108 -12.2912
34.5566 -17.3678 36.7241 -9.95098 46.6736 -6.35848
26.4701 -19.3285 22.2888 -17.8539 34.5566 -17.3678
22.1794 -24.4519 26.4701 -19.3285 34.5566 -17.3678
46.6736 -6.35848 34.5566 -17.3678 28.5476 -24.8832
34.5566 -17.3678 22.1794 -24.4519 28.5476 -24.8832
34.7065 -0.792099 34.7539 -3.17907 34.5566 -17.3678
34.7539 -3.17907 36.7241 -9.95098 34.5566 -17.3678
8.8354 -28.6791 22.5229 -29.8495 25.0713 -32.7503
-10.3728 -37.7456 -3.10956 -36.775 25.0713 -32.7503
-3.10956 -36.775 -10.3728 -37.7456 -5.32575 -38.2507
-21.1709 -37.137 -10.3728 -37.7456 -5.32575 -38.2507
28.621 -12.0367 26.9394 -8.0343 17.2943 9.58963
28.6621 -13.6233 28.621 -12.0367 17.2943 9.58963
34.5566 -17.3678 27.9889 -16.3911 28.6621 -13.6233
34.5566 -17.3678 28.6621 -13.6233 28.621 -12.0367
22.2888 -17.8539 34.5566 -17.3678 27.9889 -16.3911
27.9889 -16.3911 22.2888 -17.8539 14.8795 -18.9954
25.5594 -1.46898 26.9394 -8.0343 28.621 -12.0367
9.01 11.9609 7.92262 12.2552 4.62654 19.0969
22.2792 -5.14508 9.01 11.9609 4.62654 19.0969
28.6621 -13.6233 22.2792 -5.14508 4.62654 19.0969
22.2792 -5.14508 28.6621 -13.6233 27.9889 -16.3911
6.68164 8.29053 7.92262 12.2552 4.62654 19.0969
4.62654 19.0969 6.68164 8.29053 10.7471 -16.6842
13.7256 -0.137123 9.01 11.9609 7.92262 12.2552
13.9248 -1.88982 13.7256 -0.137123 7.92262 12.2552
7.92262 12.2552 13.9248 -1.88982 16.215 -8.36956
15.8519 1.22427 13.7256 -0.137123 13.9248 -1.88982
0.0271134 25.9979 -8.09578 26.7616 3.13546 30.7341
4.15035 23.9497 0.0271134 25.9979 -8.09578 26.7616
-8.09578 26.7616 4.15035 23.9497 7.02151 23.1009
-2.85848 38.1482 16.2274 38.6372 -3.08469 41.4111
-8.09578 26.7616 3.13546 30.7341 -2.85848 38.1482
-8.09578 26.7616 -2.85848 38.1482 -3.08469 41.4111
-14.1753 22.6762 -8.09578 26.7616 -3.08469 41.4111
-15.7559 21.4023 -14.1753 22.6762 -3.08469 41.4111
-15.7559 21.4023 -3.08469 41.4111 -2.10418 43.0428
-14.1753 22.6762 -15.7559 21.4023 -15.1833 13.4775
-15.7559 21.4023 -20.6929 38.617 -17.8512 41.7859
-20.6929 38.617 -15.7559 21.4023 -15.1833 13.4775
11.9556 22.5981 4.15035 23.9497 0.0271134 25.9979
4.15035 23.9497 11.9556 22.5981 14.6201 22.0033
11.2346 29.2857 3.13546 30.7341 -2.85848 38.1482
3.13546 30.7341 11.2346 29.2857 25.0428 26.3921
15.4221 31.6678 -2.85848 38.1482 16.2274 38.6372
32.8847 25.4231 26.581 31.021 15.4221 31.6678
32.8847 25.4231 15.4221 31.6678 -2.85848 38.1482
26.581 31.021 32.8847 25.4231 46.0602 16.8855
32.8847 25.4231 34.6415 20.6408 46.0602 16.8855
29.1354 18.469 34.6415 20.6408 32.8847 25.4231
32.8847 25.4231 29.1354 18.469 24.4964 10.9408
34.6415 20.6408 29.1354 18.469 31.3856 15.0871
24.5032 38.5311 16.2274 38.6372 -3.08469 41.4111
16.2274 38.6372 24.5032 38.5311 35.8474 33.076
-17.8512 41.7859 -20.6929 38.617 -30.3115 36.2359
-28.1985 6.03774 -24.0167 2.67908 -18.6419 -2.79086
-3.96166 -16.2249 -13.6155 -19.4542 -15.4767 -19.8922
-37.462 23.5594 -30.9411 9.51192 -34.365 6.78533
