-3.14638 162.774 9.10936 169.597 -3.47021 170.858
-0.0139956 129.232 -0.0295921 152.244 -3.14638 162.774
-1.42453 111.462 -0.0139956 129.232 -3.14638 162.774
-1.42453 111.462 -3.14638 162.774 -3.47021 170.858
-1.45359 97.878 -1.42453 111.462 -3.47021 170.858
-3.30166 93.9381 -1.45359 97.878 -3.47021 170.858
-3.47021 170.858 -3.30166 93.9381 -3.86551 71.9872
-1.29356 49.7503 -3.30166 93.9381 -1.45359 97.878
-3.30166 93.9381 -1.29356 49.7503 -0.418126 29.1006
-0.132668 58.5963 -1.29356 49.7503 -0.418126 29.1006
-0.0295921 152.244 -0.0139956 129.232 0.545693 77.0546
7.37862 148.415 -0.0295921 152.244 -3.14638 162.774
1.5165 139.545 7.37862 148.415 -0.0295921 152.244
-0.0295921 152.244 1.5165 139.545 3.56264 121.891
30.6126 168.273 9.10936 169.597 -3.47021 170.858
30.7276 162.561 30.6126 168.273 9.10936 169.597
17.9906 158.217 30.7276 162.561 9.10936 169.597
13.9417 157.966 17.9906 158.217 9.10936 169.597
7.56726 139.143 13.9417 157.966 9.10936 169.597
3.00029 22.1562 10.0586 41.6341 3.17141 43.1241
2.72167 12.2584 3.00029 22.1562 3.17141 43.1241
11.1539 1.63781 21.9337 11.1556 2.72167 12.2584
9.10936 169.597 7.56726 139.143 -0.276757 0.994772
7.56726 139.143 3.17141 43.1241 -0.276757 0.994772
3.17141 43.1241 2.72167 12.2584 -0.276757 0.994772
2.72167 12.2584 11.1539 1.63781 -0.276757 0.994772
139.724 33.509 139.427 39.2287 137.671 47.8228
139.344 19.4589 139.724 33.509 137.671 47.8228
139.677 7.38812 139.344 19.4589 137.671 47.8228
149.302 6.67237 139.677 7.38812 139.344 19.4589
173.279 3.92772 149.302 6.67237 139.677 7.38812
160.928 3.1551 173.279 3.92772 139.677 7.38812
51.543 2.67648 160.928 3.1551 139.677 7.38812
36.3402 2.06229 51.543 2.67648 139.677 7.38812
16.1747 1.79937 36.3402 2.06229 139.677 7.38812
11.1539 1.63781 16.1747 1.79937 139.677 7.38812
16.1747 1.79937 11.1539 1.63781 -0.276757 0.994772
12.081 66.81 6.51578 48.2992 3.17141 43.1241
20.4488 81.9309 42.1196 119.665 43.2792 137.247
6.51578 48.2992 16.2166 67.5394 20.4488 81.9309
6.51578 48.2992 20.4488 81.9309 43.2792 137.247
16.2166 67.5394 6.51578 48.2992 10.0586 41.6341
6.51578 48.2992 3.17141 43.1241 10.0586 41.6341
32.9063 99.4465 10.0586 41.6341 3.00029 22.1562
102.659 83.7463 139.873 88.1446 148.435 89.4606
127.157 83.5062 102.659 83.7463 139.873 88.1446
119.036 77.8708 127.157 83.5062 139.873 88.1446
32.1603 28.6823 119.036 77.8708 139.873 88.1446
139.873 88.1446 32.1603 28.6823 2.72167 12.2584
32.1603 28.6823 3.00029 22.1562 2.72167 12.2584
137.799 63.2718 131.881 70.3002 139.048 71.039
153.436 38.0343 137.799 63.2718 139.048 71.039
162.659 20.1003 151.714 32.1838 153.436 38.0343
162.659 20.1003 153.436 38.0343 139.048 71.039
163.66 13.9714 162.659 20.1003 151.714 32.1838
151.714 32.1838 163.66 13.9714 149.302 6.67237
163.66 13.9714 166.836 10.2722 149.302 6.67237
173.792 29.4594 170.906 43.0723 172.418 47.4457
173.792 29.4594 172.418 47.4457 173.732 91.2135
173.792 29.4594 173.732 91.2135 173.705 121.483
166.836 10.2722 173.792 29.4594 170.906 43.0723
173.792 29.4594 166.836 10.2722 173.279 3.92772
166.836 10.2722 149.302 6.67237 173.279 3.92772
161.885 29.2442 157.844 58.8163 159.229 70.0897
157.844 58.8163 161.885 29.2442 162.659 20.1003
162.659 20.1003 161.885 29.2442 163.054 40.2441
161.989 113.463 163.054 40.2441 163.66 13.9714
163.054 40.2441 162.659 20.1003 163.66 13.9714
162.278 51.8281 163.054 40.2441 161.885 29.2442
168.087 61.0891 167.709 80.6217 169.802 131.811
168.087 61.0891 169.802 131.811 170.586 161.075
170.586 161.075 168.087 61.0891 166.836 10.2722
168.087 61.0891 166.254 18.4645 166.836 10.2722
166.254 18.4645 163.66 13.9714 166.836 10.2722
167.383 96.1531 166.443 138.819 166.725 147.347
167.709 80.6217 167.383 96.1531 166.443 138.819
166.443 138.819 167.709 80.6217 168.087 61.0891
61.4053 2.10779 36.3402 2.06229 16.1747 1.79937
99.3798 2.56007 51.543 2.67648 160.928 3.1551
77.3367 1.08377 99.3798 2.56007 160.928 3.1551
99.3798 2.56007 77.3367 1.08377 29.4915 -1.40154
160.928 3.1551 146.156 1.96146 121.85 0.529913
146.156 1.96146 160.928 3.1551 173.279 3.92772
142.506 -0.664099 107.748 -0.619194 146.156 1.96146
142.506 -0.664099 146.156 1.96146 173.279 3.92772
173.279 3.92772 142.506 -0.664099 131.446 -2.99254
93.6617 -1.52966 142.506 -0.664099 107.748 -0.619194
142.506 -0.664099 93.6617 -1.52966 66.8359 -2.23632
166.289 167.573 166.725 147.347 168.146 106.371
166.443 138.819 166.725 147.347 166.289 167.573
166.289 167.573 166.443 138.819 166.764 71.1367
119.168 70.2514 131.881 70.3002 139.048 71.039
110.477 70.0345 119.168 70.2514 139.048 71.039
52.3912 38.4252 110.477 70.0345 119.168 70.2514
110.477 70.0345 52.3912 38.4252 12.8526 17.0877
52.3912 38.4252 39.4663 30.9699 12.8526 17.0877
63.214 42.1898 87.3634 53.6823 98.9815 59.4344
39.4663 30.9699 63.214 42.1898 98.9815 59.4344
63.214 42.1898 39.4663 30.9699 12.8526 17.0877
78.0939 46.7824 87.3634 53.6823 98.9815 59.4344
87.3634 53.6823 78.0939 46.7824 73.0332 43.3527
153.436 38.0343 151.714 32.1838 148.135 23.3151
11.7404 13.4133 58.7687 16.0329 67.7851 21.6871
2.72167 12.2584 11.7404 13.4133 67.7851 21.6871
21.9337 11.1556 2.72167 12.2584 11.7404 13.4133
52.0634 7.42099 21.9337 11.1556 11.7404 13.4133
28.8479 7.35386 52.0634 7.42099 21.9337 11.1556
37.8034 7.03237 28.8479 7.35386 52.0634 7.42099
52.0634 7.42099 37.8034 7.03237 71.5125 6.18771
58.7687 16.0329 99.427 18.1566 77.5224 19.8594
99.427 18.1566 58.7687 16.0329 11.7404 13.4133
106.486 27.468 102.914 29.4939 117.878 43.0784
99.427 18.1566 77.5224 19.8594 88.849 21.5499
99.427 18.1566 88.849 21.5499 106.486 27.468
117.878 43.0784 106.486 27.468 96.0993 10.7848
106.486 27.468 99.427 18.1566 96.0993 10.7848
99.427 18.1566 79.0261 11.4414 96.0993 10.7848
61.9271 12.578 79.0261 11.4414 87.3914 10.4792
79.0261 11.4414 96.0993 10.7848 87.3914 10.4792
86.4257 29.9549 81.5375 30.7505 107.988 42.7911
86.4257 29.9549 107.988 42.7911 127.035 53.1845
102.914 29.4939 86.4257 29.9549 127.035 53.1845
102.914 29.4939 127.035 53.1845 132.925 58.7979
86.4257 29.9549 102.914 29.4939 106.486 27.468
96.0993 10.7848 109.844 18.634 123.899 27.4278
110.875 9.78257 87.3914 10.4792 96.0993 10.7848
110.875 9.78257 96.0993 10.7848 109.844 18.634
87.3914 10.4792 110.875 9.78257 116.354 8.35358
110.875 9.78257 121.155 19.9561 129.698 29.0543
121.155 19.9561 110.875 9.78257 116.354 8.35358
130.826 17.2217 121.155 19.9561 129.698 29.0543
130.826 17.2217 129.698 29.0543 129.153 42.0578
121.155 19.9561 130.826 17.2217 133.552 11.1693
132.925 58.7979 116.007 59.8117 110.304 60.9368
127.035 53.1845 132.925 58.7979 116.007 59.8117
119.736 51.726 127.035 53.1845 116.007 59.8117
102.009 46.5157 111.652 51.5783 119.736 51.726
102.009 46.5157 119.736 51.726 127.035 53.1845
89.5868 42.064 102.009 46.5157 127.035 53.1845
82.0612 39.216 89.5868 42.064 127.035 53.1845
127.035 53.1845 82.0612 39.216 21.7583 20.4766
102.296 41.5693 107.988 42.7911 127.035 53.1845
48.2165 26.4448 102.296 41.5693 127.035 53.1845
29.8581 20.2949 41.7721 20.5705 48.2165 26.4448
29.8581 20.2949 48.2165 26.4448 127.035 53.1845
41.7721 20.5705 29.8581 20.2949 49.008 19.9455
70.918 28.8892 81.5375 30.7505 107.988 42.7911
81.5375 30.7505 70.918 28.8892 63.0586 26.7148
149.726 58.7586 152.056 69.1443 143.987 79.857
149.726 58.7586 143.987 79.857 139.873 88.1446
139.873 88.1446 149.726 58.7586 153.441 46.6775
152.056 69.1443 157.126 90.6547 157.473 102.082
157.126 90.6547 152.056 69.1443 149.726 58.7586
150.001 109.639 156.462 123.542 159.999 131.402
148.808 98.7575 139.674 103.212 150.001 109.639
148.808 98.7575 150.001 109.639 156.462 123.542
127.389 90.0142 148.808 98.7575 139.674 103.212
148.435 89.4606 127.389 90.0142 148.808 98.7575
143.987 79.857 139.873 88.1446 148.435 89.4606
148.808 98.7575 148.435 89.4606 148.568 79.6123
148.435 89.4606 143.987 79.857 148.568 79.6123
107.663 103.81 121.931 109.141 130.744 113.965
88.0761 93.3634 98.3102 97.8754 107.663 103.81
76.6138 91.1275 97.5623 91.2034 88.0761 93.3634
76.6138 91.1275 88.0761 93.3634 107.663 103.81
76.6138 91.1275 107.663 103.81 130.744 113.965
127.389 90.0142 76.6138 91.1275 97.5623 91.2034
76.6138 91.1275 127.389 90.0142 148.435 89.4606
151.548 122.887 143.981 132.648 149.558 133.297
151.548 122.887 149.558 133.297 157.655 146.907
150.001 109.639 141.104 111.538 151.548 122.887
150.001 109.639 151.548 122.887 157.655 146.907
150.001 109.639 157.655 146.907 162.78 171.42
141.104 111.538 150.001 109.639 139.674 103.212
68.3511 171.91 63.2939 172.221 37.6119 172.945
48.9601 169.264 68.3511 171.91 37.6119 172.945
61.0565 162.977 48.9601 169.264 37.6119 172.945
88.914 153.161 77.2111 158.949 61.0565 162.977
119.871 138.018 88.914 153.161 61.0565 162.977
37.6119 172.945 61.0565 162.977 151.548 122.887
61.0565 162.977 119.871 138.018 151.548 122.887
119.871 138.018 132.834 133 151.548 122.887
132.834 133 143.981 132.648 151.548 122.887
91.4076 173.751 63.2939 172.221 68.3511 171.91
48.9601 169.264 81.9774 169.905 131.688 171.527
81.9774 169.905 48.9601 169.264 61.0565 162.977
73.3081 161.013 77.2111 158.949 88.914 153.161
113.616 142.221 119.871 138.018 132.834 133
131.59 136.948 132.834 133 143.981 132.648
147.574 142.566 149.263 153.185 159.556 161.123
149.263 153.185 147.574 142.566 143.981 132.648
147.574 142.566 149.558 133.297 143.981 132.648
157.126 90.6547 157.473 102.082 162.368 139.109
162.368 139.109 157.126 90.6547 156.27 79.8257
141.221 148.639 149.263 153.185 159.556 161.123
149.263 153.185 141.221 148.639 143.408 142.11
133.811 162.149 136.708 163.111 146.34 163.589
141.221 148.639 133.811 162.149 146.34 163.589
141.221 148.639 146.34 163.589 148.428 167.538
133.811 162.149 141.221 148.639 143.408 142.11
136.708 163.111 133.811 162.149 101.178 151.76
133.811 162.149 121.446 157.225 101.178 151.76
121.446 157.225 109.043 152.159 101.178 151.76
101.178 151.76 109.043 152.159 126.681 152.338
126.681 152.338 101.178 151.76 120.205 148.407
81.9774 169.905 116.544 169.102 100.08 168.951
116.544 169.102 81.9774 169.905 131.688 171.527
113.073 166.402 116.544 169.102 131.688 171.527
107.992 162.781 113.073 166.402 131.688 171.527
107.992 162.781 131.688 171.527 137.626 173.379
96.3393 161.418 107.992 162.781 113.073 166.402
107.992 162.781 96.3393 161.418 88.4305 160.048
129.119 103.508 141.104 111.538 151.548 122.887
116.266 96.0838 129.119 103.508 151.548 122.887
151.548 122.887 116.266 96.0838 109.572 91.3821
141.104 111.538 129.119 103.508 122.965 93.8613
91.2811 81.6636 127.157 83.5062 102.659 83.7463
71.4122 80.7572 91.2811 81.6636 102.659 83.7463
63.4381 79.8334 71.4122 80.7572 91.2811 81.6636
42.5168 79.0827 63.4381 79.8334 71.4122 80.7572
63.4381 79.8334 42.5168 79.0827 40.1153 71.4333
50.4306 90.0582 58.3187 91.6557 63.0069 98.9249
50.4306 90.0582 63.0069 98.9249 78.2923 110.366
50.9447 83.5778 50.4306 90.0582 58.3187 91.6557
42.5168 79.0827 50.9447 83.5778 50.4306 90.0582
26.097 56.5603 40.1153 71.4333 42.5168 79.0827
26.097 56.5603 42.5168 79.0827 50.4306 90.0582
40.1153 71.4333 26.097 56.5603 22.4872 51.6785
63.7327 109.238 66.8941 126.26 79.3845 141.48
43.6025 87.0923 63.7327 109.238 66.8941 126.26
66.8941 126.26 43.6025 87.0923 22.4872 51.6785
43.6025 87.0923 33.8936 70.4131 22.4872 51.6785
33.8936 70.4131 26.097 56.5603 22.4872 51.6785
67.5337 112.368 72.6994 118.208 80.8477 126.123
63.7327 109.238 67.5337 112.368 72.6994 118.208
67.5337 112.368 63.7327 109.238 43.6025 87.0923
130.133 123.492 113.404 129.648 116.164 133.1
141.443 123.174 130.133 123.492 116.164 133.1
141.443 123.174 116.164 133.1 90.2783 143.928
141.443 123.174 90.2783 143.928 76.0331 149.739
112.407 121.425 141.443 123.174 130.133 123.492
117.383 118.241 112.407 121.425 141.443 123.174
100.274 112.333 83.6072 117.449 87.6617 117.507
100.274 112.333 87.6617 117.507 117.383 118.241
100.274 112.333 117.383 118.241 141.443 123.174
108.904 110.031 92.2906 112.172 100.274 112.333
108.904 110.031 100.274 112.333 141.443 123.174
93.253 102.969 108.904 110.031 141.443 123.174
68.548 92.4763 81.2638 101.744 93.253 102.969
68.548 92.4763 93.253 102.969 141.443 123.174
50.9447 83.5778 68.548 92.4763 81.2638 101.744
68.548 92.4763 50.9447 83.5778 42.5168 79.0827
90.5671 126.911 98.5946 128.189 97.1536 136.259
97.1536 136.259 90.5671 126.911 83.6072 117.449
90.5671 126.911 87.6617 117.507 83.6072 117.449
116.164 133.1 113.404 129.648 102.565 121.199
93.253 102.969 81.2638 101.744 71.8664 101.715
59.7186 117.638 66.8941 126.26 79.3845 141.48
66.8941 126.26 59.7186 117.638 50.372 103.015
109.369 79.8144 91.2811 81.6636 127.157 83.5062
96.6889 70.6406 81.7743 76.1301 109.369 79.8144
96.6889 70.6406 109.369 79.8144 127.157 83.5062
87.5768 66.7146 79.6367 67.245 96.6889 70.6406
87.5768 66.7146 96.6889 70.6406 127.157 83.5062
127.157 83.5062 87.5768 66.7146 68.0544 57.4474
47.7847 72.5216 58.4779 72.9426 81.7743 76.1301
47.7847 72.5216 81.7743 76.1301 109.369 79.8144
40.207 57.8781 47.7847 72.5216 58.4779 72.9426
33.9112 51.0081 40.207 57.8781 47.7847 72.5216
26.6719 42.2658 23.9435 43.3483 33.9112 51.0081
26.6719 42.2658 33.9112 51.0081 40.207 57.8781
16.8116 31.0658 26.6719 42.2658 23.9435 43.3483
23.9435 43.3483 16.8116 31.0658 11.3068 28.3491
37.9555 52.6369 26.6719 42.2658 16.8116 31.0658
60.8513 52.195 16.8116 31.0658 11.3068 28.3491
47.3437 57.1314 66.0053 68.0473 58.4779 72.9426
58.4779 72.9426 47.3437 57.1314 37.4096 43.4578
66.0053 68.0473 58.4779 72.9426 81.7743 76.1301
59.2535 60.6178 66.0053 68.0473 81.7743 76.1301
66.0053 68.0473 59.2535 60.6178 47.1798 51.0087
89.6653 62.8346 119.036 77.8708 127.157 83.5062
127.157 83.5062 89.6653 62.8346 71.1364 53.1473
119.036 77.8708 89.6653 62.8346 80.73 57.3267
42.7015 113.986 42.1196 119.665 43.2792 137.247
30.1974 86.8406 42.7015 113.986 42.1196 119.665
42.7015 113.986 30.1974 86.8406 18.2819 59.7596
11.1977 129.686 7.56726 139.143 13.9417 157.966
13.9417 157.966 11.1977 129.686 10.2901 119.274
30.7276 162.561 17.9906 158.217 22.3273 152.859
29.6423 150.067 36.6944 156.954 30.7276 162.561
22.7993 137.464 29.6423 150.067 30.7276 162.561
18.7047 127.577 22.7993 137.464 30.7276 162.561
30.7276 162.561 18.7047 127.577 13.1399 111.539
36.6944 156.954 30.7276 162.561 30.6126 168.273
48.9471 156.614 36.6944 156.954 30.6126 168.273
72.7706 150.088 48.9471 156.614 30.6126 168.273
72.7706 150.088 30.6126 168.273 22.1921 172.377
56.9426 149.01 72.7706 150.088 48.9471 156.614
48.9471 156.614 56.9426 149.01 52.4437 148.129
28.8904 140.974 29.6423 150.067 36.6944 156.954
19.5682 119.403 28.8904 140.974 36.6944 156.954
36.6944 156.954 19.5682 119.403 10.0158 96.8089
41.6014 147.407 48.9471 156.614 36.6944 156.954
33.7597 132.536 41.6014 147.407 36.6944 156.954
22.9165 110.671 33.7597 132.536 41.6014 147.407
22.0827 101.939 22.9165 110.671 41.6014 147.407
16.6769 89.012 22.0827 101.939 41.6014 147.407
13.0729 86.0757 16.6769 89.012 22.0827 101.939
16.6769 89.012 13.0729 86.0757 10.0122 81.6814
37.3457 133.8 41.6014 147.407 48.9471 156.614
31.3303 120.478 37.3457 133.8 41.6014 147.407
27.124 110.374 31.3303 120.478 41.6014 147.407
31.3303 120.478 27.124 110.374 6.2434 56.2225
51.789 136.102 67.4551 141.184 56.9426 149.01
56.9426 149.01 51.789 136.102 49.6708 130.809
67.4551 141.184 56.9426 149.01 72.7706 150.088
61.442 131.718 62.4388 136.226 67.4551 141.184
47.8098 108.165 61.442 131.718 67.4551 141.184
47.8098 108.165 67.4551 141.184 72.7706 150.088
42.5918 101.408 47.8098 108.165 61.442 131.718
47.8098 108.165 42.5918 101.408 32.6629 80.5867
48.0874 117.629 42.5918 101.408 32.6629 80.5867
