14.2435 47.712 4.59933 54.4514 0.0370522 59.0284
6.70694 45.3436 14.2435 47.712 4.59933 54.4514
0.266364 39.6872 6.70694 45.3436 14.2435 47.712
3.21115 37.9177 0.266364 39.6872 14.2435 47.712
2.76648 19.899 3.21115 37.9177 0.266364 39.6872
8.40165 18.6092 2.76648 19.899 3.21115 37.9177
2.76648 19.899 8.40165 18.6092 47.4623 6.76383
8.40165 18.6092 67.2004 13.3675 47.4623 6.76383
57.3183 51.4285 64.4633 63.56 61.0269 67.5251
31.1575 37.6251 36.535 50.2277 57.3183 51.4285
34.6772 24.4836 31.1575 37.6251 57.3183 51.4285
42.1757 20.6781 34.6772 24.4836 57.3183 51.4285
42.1757 20.6781 57.3183 51.4285 64.4633 63.56
34.6772 24.4836 42.1757 20.6781 8.40165 18.6092
42.1757 20.6781 66.9538 19.9066 8.40165 18.6092
66.9538 19.9066 67.1748 21.5459 67.8645 34.4424
67.1748 21.5459 66.9538 19.9066 67.2004 13.3675
66.9538 19.9066 8.40165 18.6092 67.2004 13.3675
31.1575 37.6251 23.7527 50.4363 21.9737 57.628
23.7527 50.4363 31.1575 37.6251 34.6772 24.4836
19.4938 88.8918 19.2261 92.882 18.2044 94.5135
18.2044 94.5135 19.4938 88.8918 31.1575 37.6251
19.4938 88.8918 27.4293 62.4113 31.1575 37.6251
27.4293 62.4113 36.535 50.2277 31.1575 37.6251
46.4794 25.4902 61.5233 38.8716 71.2778 54.199
42.1757 20.6781 46.4794 25.4902 71.2778 54.199
46.4794 25.4902 42.1757 20.6781 66.9538 19.9066
47.4623 6.76383 67.2004 13.3675 87.9826 17.5979
95.3413 6.3986 47.4623 6.76383 87.9826 17.5979
95.3413 6.3986 87.9826 17.5979 89.6248 32.7115
95.3413 6.3986 89.6248 32.7115 89.6321 44.4951
95.3413 6.3986 89.6321 44.4951 88.7903 51.1331
7.74126 4.80091 95.3413 6.3986 47.4623 6.76383
80.786 4.23554 7.74126 4.80091 95.3413 6.3986
95.3413 6.3986 80.786 4.23554 76.4787 1.81038
93.3565 77.1468 91.4301 81.5473 93.1537 92.5306
92.6678 72.9534 93.3565 77.1468 91.4301 81.5473
93.2483 62.9549 92.6678 72.9534 91.4301 81.5473
97.7431 49.5169 88.7903 51.1331 93.2483 62.9549
97.7431 49.5169 93.2483 62.9549 92.6678 72.9534
92.6678 72.9534 97.7431 49.5169 98.0742 48.0231
79.9359 31.4401 89.6321 44.4951 88.7903 51.1331
79.9359 31.4401 88.7903 51.1331 93.2483 62.9549
93.2483 62.9549 79.9359 31.4401 74.5015 19.3601
79.9359 31.4401 80.7808 22.0026 74.5015 19.3601
93.3565 77.1468 92.6678 72.9534 95.3823 69.1437
93.1537 92.5306 91.4301 81.5473 84.7965 60.0653
79.9359 31.4401 80.7808 22.0026 81.1074 20.474
71.2778 54.199 73.7696 58.3558 75.5841 62.5398
73.7696 58.3558 71.2778 54.199 60.8884 28.8566
71.2778 54.199 61.5233 38.8716 60.8884 28.8566
75.5841 62.5398 73.7696 58.3558 65.1774 32.8638
61.0269 67.5251 61.2961 75.107 76.2 78.4962
64.4633 63.56 61.0269 67.5251 76.2 78.4962
64.4633 63.56 76.2 78.4962 78.7202 81.065
78.7202 81.065 64.4633 63.56 64.3023 58.1992
56.9956 94.4901 91.5967 96.9056 43.4864 97.4078
54 86.394 56.9956 94.4901 43.4864 97.4078
62.0408 86.2986 54 86.394 56.9956 94.4901
76.2 78.4962 62.0408 86.2986 56.9956 94.4901
62.0408 86.2986 76.2 78.4962 61.2961 75.107
49.2328 85.2458 62.0408 86.2986 54 86.394
49.2328 85.2458 54 86.394 47.5456 88.6197
47.5456 88.6197 49.2328 85.2458 55.8584 64.3136
31.9778 65.0702 25.6873 85.2888 19.2261 92.882
25.6873 85.2888 31.9778 65.0702 37.4063 50.4736
25.6873 85.2888 19.2261 92.882 18.2044 94.5135
18.2044 94.5135 25.6873 85.2888 52.6741 52.296
