-41.3428 10.0338 -37.0569 10.7376 -34.0985 23.9383
-42.1264 9.76537 -41.3428 10.0338 -34.0985 23.9383
-42.1451 5.24636 -42.1264 9.76537 -41.3428 10.0338
-43.6632 2.03949 -41.1975 4.4223 -42.1451 5.24636
-43.6632 2.03949 -42.1451 5.24636 -42.1264 9.76537
-46.1987 -8.51979 -43.6632 2.03949 -42.1264 9.76537
-43.4336 -8.76869 -46.1987 -8.51979 -43.6632 2.03949
-46.1987 -8.51979 -43.4336 -8.76869 -38.3153 -18.1558
-25.3869 9.5861 -20.4079 9.66106 -22.055 13.814
-24.6179 4.00503 -25.3869 9.5861 -20.4079 9.66106
-20.4079 9.66106 -24.6179 4.00503 -38.3153 -18.1558
-24.6179 4.00503 -43.4336 -8.76869 -38.3153 -18.1558
-26.7253 11.9767 -25.3869 9.5861 -24.6179 4.00503
-9.77517 26.8938 2.18511 27.2348 -22.4607 29.6603
-17.8084 25.4839 -9.77517 26.8938 -22.4607 29.6603
-10.9545 24.9147 -17.8084 25.4839 -9.77517 26.8938
-19.0813 14.2336 -10.9545 24.9147 -17.8084 25.4839
-22.055 13.814 -27.8069 14.183 -19.0813 14.2336
-20.4079 9.66106 -22.055 13.814 -19.0813 14.2336
-20.4079 9.66106 -19.0813 14.2336 -10.9545 24.9147
-10.9545 24.9147 -20.4079 9.66106 -23.1228 5.2016
-25.1311 31.0171 2.18511 27.2348 15.5125 26.3203
2.18511 27.2348 -9.77517 26.8938 15.5125 26.3203
-33.7869 34.7644 -18.9903 39.3625 -26.9441 41.7706
-40.2812 29.1294 -33.7869 34.7644 -26.9441 41.7706
-36.2975 26.9422 -40.2812 29.1294 -33.7869 34.7644
-34.0985 23.9383 -36.2975 26.9422 -33.7869 34.7644
-33.7869 34.7644 -34.0985 23.9383 -33.9614 3.68581
-34.0985 23.9383 -37.0569 10.7376 -33.9614 3.68581
-18.8308 34.1799 -33.7869 34.7644 -18.9903 39.3625
-18.8308 34.1799 -18.9903 39.3625 -17.647 40.4819
-18.8308 34.1799 -17.647 40.4819 -16.5062 45.372
-22.2687 33.7279 -18.8308 34.1799 -33.7869 34.7644
-33.7869 34.7644 -22.2687 33.7279 1.94993 31.4536
-19.0802 43.0518 -18.5754 40.8183 -18.9903 39.3625
-18.5754 40.8183 -17.647 40.4819 -18.9903 39.3625
-0.0407722 43.107 5.06616 44.04 1.67332 46.6413
-9.48819 39.2973 -0.0407722 43.107 1.67332 46.6413
-12.8568 34.2996 -7.40302 36.3031 -9.48819 39.2973
-18.8308 34.1799 -12.8568 34.2996 -9.48819 39.2973
-18.8308 34.1799 -9.48819 39.2973 1.67332 46.6413
-12.8568 34.2996 -18.8308 34.1799 -22.2687 33.7279
19.2135 28.3847 -9.48819 39.2973 -0.0407722 43.107
19.7751 14.3065 11.9746 16.3222 31.9304 18.1077
37.789 13.3958 19.7751 14.3065 31.9304 18.1077
37.789 13.3958 31.9304 18.1077 19.2135 28.3847
49.4396 7.11469 33.6367 8.7938 37.789 13.3958
49.4396 7.11469 37.789 13.3958 19.2135 28.3847
49.4396 7.11469 19.2135 28.3847 -0.0407722 43.107
30.3231 5.23595 49.4396 7.11469 33.6367 8.7938
29.3966 4.83736 30.3231 5.23595 49.4396 7.11469
31.9413 3.65545 29.3966 4.83736 49.4396 7.11469
40.8225 3.00758 31.9413 3.65545 49.4396 7.11469
46.8441 0.101097 40.8225 3.00758 49.4396 7.11469
49.4396 7.11469 46.8441 0.101097 45.7857 -20.07
-11.2041 15.2957 11.9746 16.3222 31.9304 18.1077
4.32735 14.9829 -11.2041 15.2957 11.9746 16.3222
-7.85464 13.9396 4.32735 14.9829 -11.2041 15.2957
-13.5914 4.70273 -7.85464 13.9396 -11.2041 15.2957
-30.1167 -16.6831 -13.5914 4.70273 -11.2041 15.2957
-38.0191 -24.8506 -30.1167 -16.6831 -11.2041 15.2957
-37.4138 -26.0964 -36.3317 -25.3494 -38.0191 -24.8506
-11.2041 15.2957 -38.0191 -24.8506 -40.552 -28.607
-38.0191 -24.8506 -37.4138 -26.0964 -40.552 -28.607
-30.1167 -16.6831 -18.0271 -6.3843 -2.95785 7.07379
-18.0271 -6.3843 -30.1167 -16.6831 -38.0191 -24.8506
-29.9372 -26.5903 -36.3317 -25.3494 -38.0191 -24.8506
-32.7515 -29.0609 -29.9372 -26.5903 -36.3317 -25.3494
-23.4126 -39.7759 -14.7736 -38.8521 -23.9933 -37.0773
-23.4126 -39.7759 -23.9933 -37.0773 -32.7515 -29.0609
-23.4126 -39.7759 -32.7515 -29.0609 -36.3317 -25.3494
-36.3317 -25.3494 -23.4126 -39.7759 -18.1021 -45.8042
-23.4126 -39.7759 -16.0712 -43.2371 -18.1021 -45.8042
-6.01423 -40.3999 -32.7515 -29.0609 -29.9372 -26.5903
1.87141 -47.9747 -3.25633 -43.6522 -6.01423 -40.3999
-29.9372 -26.5903 -6.01423 -40.3999 10.1257 -48.7822
-6.01423 -40.3999 1.87141 -47.9747 10.1257 -48.7822
-6.52451 -47.3709 1.87141 -47.9747 10.1257 -48.7822
-7.88199 -47.059 -3.25633 -43.6522 -6.01423 -40.3999
-3.25633 -43.6522 -7.88199 -47.059 -8.87476 -48.1994
-0.255485 13.7393 -7.85464 13.9396 4.32735 14.9829
-7.85464 13.9396 -0.255485 13.7393 0.305071 13.5333
11.9746 16.3222 19.7751 14.3065 18.5991 13.5811
25.209 10.0781 37.789 13.3958 19.7751 14.3065
19.4552 8.14179 25.209 10.0781 37.789 13.3958
-0.979255 -4.52348 19.4552 8.14179 37.789 13.3958
-8.5551 -8.18902 -0.979255 -4.52348 19.4552 8.14179
-9.91441 -11.7828 4.31154 -10.0347 -8.5551 -8.18902
19.4552 8.14179 -8.5551 -8.18902 -20.7423 -14.9042
-8.5551 -8.18902 -9.91441 -11.7828 -20.7423 -14.9042
25.209 10.0781 19.4552 8.14179 9.55515 7.24428
0.748 -14.4911 -9.91441 -11.7828 4.31154 -10.0347
-9.91441 -11.7828 0.748 -14.4911 7.84671 -16.6159
22.5615 -8.50096 24.5645 -8.32561 27.0299 -4.12613
19.3992 -10.6776 22.5615 -8.50096 24.5645 -8.32561
12.3449 -12.8293 12.1375 -12.5068 19.3992 -10.6776
7.84671 -16.6159 0.748 -14.4911 12.3449 -12.8293
7.84671 -16.6159 12.3449 -12.8293 19.3992 -10.6776
7.84671 -16.6159 19.3992 -10.6776 24.5645 -8.32561
4.95531 -18.1504 7.84671 -16.6159 24.5645 -8.32561
-9.52763 -18.8212 4.95531 -18.1504 7.84671 -16.6159
-28.0745 -20.52 -9.52763 -18.8212 7.84671 -16.6159
-13.6771 -21.5146 -28.0745 -20.52 -9.52763 -18.8212
-9.52763 -18.8212 -13.6771 -21.5146 -15.2501 -22.9969
-20.5001 -24.8722 -13.6771 -21.5146 -28.0745 -20.52
-28.0745 -20.52 -20.5001 -24.8722 -18.0962 -27.8182
24.5645 -8.32561 27.0299 -4.12613 28.049 -3.48304
15.5262 -21.8358 24.5645 -8.32561 28.049 -3.48304
13.5487 -22.1228 15.5262 -21.8358 24.5645 -8.32561
7.3776 -23.0561 13.5487 -22.1228 15.5262 -21.8358
-5.63173 -23.8731 7.3776 -23.0561 13.5487 -22.1228
1.1161 -26.4944 -5.63173 -23.8731 7.3776 -23.0561
7.3776 -23.0561 1.1161 -26.4944 -6.67713 -31.3675
1.1161 -26.4944 -1.3291 -27.2671 -6.67713 -31.3675
-1.3291 -27.2671 1.1161 -26.4944 -5.33882 -26.3548
-5.33882 -26.3548 -1.3291 -27.2671 -11.1666 -27.8442
28.049 -3.48304 27.0299 -4.12613 17.8205 -9.06836
30.3231 5.23595 29.3966 4.83736 22.4232 4.17832
31.9413 3.65545 40.8225 3.00758 20.1776 -1.46049
29.1129 -14.2049 46.8441 0.101097 40.8225 3.00758
25.5975 -14.8119 29.1129 -14.2049 40.8225 3.00758
23.4509 -17.6756 25.5975 -14.8119 29.1129 -14.2049
14.2471 -25.9018 23.4509 -17.6756 29.1129 -14.2049
12.2691 -28.0902 14.2471 -25.9018 29.1129 -14.2049
29.1129 -14.2049 12.2691 -28.0902 1.31942 -37.1468
21.7955 -18.4785 23.4509 -17.6756 25.5975 -14.8119
17.3721 -22.1674 21.7955 -18.4785 25.5975 -14.8119
25.5975 -14.8119 17.3721 -22.1674 7.25658 -31.1274
28.8252 -19.9404 32.1182 -19.2277 29.1129 -14.2049
29.1129 -14.2049 28.8252 -19.9404 26.0745 -21.4631
32.1182 -19.2277 29.1129 -14.2049 46.8441 0.101097
46.8441 0.101097 32.1182 -19.2277 28.1993 -24.6831
28.4012 -22.1921 28.8252 -19.9404 32.1182 -19.2277
23.6966 -35.6813 28.4012 -22.1921 28.8252 -19.9404
10.4285 -37.1517 23.6966 -35.6813 28.8252 -19.9404
16.4148 -39.8299 6.29058 -37.2551 10.4285 -37.1517
16.4148 -39.8299 10.4285 -37.1517 23.6966 -35.6813
23.6966 -35.6813 16.4148 -39.8299 15.511 -41.1031
11.6026 -32.5404 10.4285 -37.1517 6.29058 -37.2551
28.4012 -22.1921 23.6966 -35.6813 20.5717 -45.3211
2.65401 41.7478 -0.0407722 43.107 5.06616 44.04
-0.0407722 43.107 2.65401 41.7478 44.8521 18.0896
2.65401 41.7478 37.0618 27.1485 44.8521 18.0896
31.1401 31.6582 29.3031 36.3374 27.8002 38.8058
37.0618 27.1485 31.1401 31.6582 29.3031 36.3374
29.3031 36.3374 37.0618 27.1485 44.8521 18.0896
26.9752 33.8339 31.1401 31.6582 37.0618 27.1485
1.67332 46.6413 5.06616 44.04 19.4869 35.071
