3.57845 143.881 -0.0603694 148.98 -0.0256837 161.019
8.47623 131.416 3.57845 143.881 -0.0256837 161.019
31.2161 58.7949 10.8884 118.167 8.47623 131.416
31.2161 58.7949 8.47623 131.416 -0.0256837 161.019
31.2161 58.7949 -0.0256837 161.019 -3.32742 172.288
28.2909 48.3991 40.9963 50.1227 31.2161 58.7949
28.2909 48.3991 31.2161 58.7949 10.8884 118.167
40.9963 50.1227 28.2909 48.3991 56.6316 41.6834
28.2909 48.3991 19.264 49.3735 18.8008 62.3346
56.6316 41.6834 28.2909 48.3991 19.264 49.3735
97.4556 32.4547 80.5607 38.3833 66.4792 39.7785
97.4556 32.4547 66.4792 39.7785 56.6316 41.6834
97.4556 32.4547 56.6316 41.6834 19.264 49.3735
19.264 49.3735 97.4556 32.4547 113.282 28.9833
86.169 40.3673 66.4792 39.7785 80.5607 38.3833
113.282 28.9833 97.4556 32.4547 98.9753 36.2809
136.835 13.4807 123.289 16.4089 126.977 21.631
147.341 8.66482 130.903 9.45541 136.835 13.4807
147.341 8.66482 136.835 13.4807 126.977 21.631
98.9753 36.2809 113.282 28.9833 173.151 -1.18485
113.282 28.9833 126.977 21.631 173.151 -1.18485
126.977 21.631 147.341 8.66482 173.151 -1.18485
147.341 8.66482 158.616 0.652148 173.151 -1.18485
130.51 3.49004 158.616 0.652148 173.151 -1.18485
86.8065 32.3726 113.282 28.9833 126.977 21.631
-0.815654 130.375 -0.0603694 148.98 -0.0256837 161.019
-1.91857 122.295 -0.815654 130.375 -0.0256837 161.019
0.583973 103.108 -1.91857 122.295 -0.815654 130.375
-1.91857 122.295 0.583973 103.108 3.50091 76.8484
8.47623 131.416 10.8884 118.167 9.39082 108.558
18.8008 62.3346 18.6294 66.5455 17.8216 87.8309
19.264 49.3735 18.8008 62.3346 18.6294 66.5455
22.2889 39.5808 27.1436 41.7668 19.264 49.3735
18.6294 66.5455 19.264 49.3735 19.4991 19.3522
19.264 49.3735 22.2889 39.5808 19.4991 19.3522
38.3234 39.566 27.1436 41.7668 19.264 49.3735
53.6106 32.0804 38.3234 39.566 19.264 49.3735
67.5634 22.9349 53.7397 23.7403 57.8758 29.2988
78.3242 20.2147 67.5634 22.9349 57.8758 29.2988
78.3242 20.2147 57.8758 29.2988 53.6106 32.0804
78.3242 20.2147 53.6106 32.0804 19.264 49.3735
67.5634 22.9349 78.3242 20.2147 63.1701 16.95
78.3242 20.2147 87.5446 20.5695 68.839 30.1374
78.3242 20.2147 68.839 30.1374 49.2717 40.5014
63.1701 16.95 78.3242 20.2147 87.5446 20.5695
87.5446 20.5695 63.1701 16.95 32.8962 11.3001
63.1701 16.95 19.1866 11.7592 32.8962 11.3001
66.1656 12.5589 53.5382 11.4439 37.0436 8.51975
53.5382 11.4439 32.8962 11.3001 37.0436 8.51975
10.8586 19.9645 12.5262 26.8187 16.1004 27.2851
10.2674 12.0196 10.8586 19.9645 16.1004 27.2851
19.1866 11.7592 -1.79484 11.9336 10.2674 12.0196
19.1866 11.7592 10.2674 12.0196 16.1004 27.2851
19.1866 11.7592 16.1004 27.2851 12.2702 59.9086
32.8962 11.3001 19.1866 11.7592 -1.79484 11.9336
37.0436 8.51975 32.8962 11.3001 -1.79484 11.9336
-1.79484 11.9336 37.0436 8.51975 102.379 2.43826
63.4722 8.54358 77.3819 12.9623 97.8431 19.2088
37.0436 8.51975 63.4722 8.54358 77.3819 12.9623
102.379 2.43826 37.0436 8.51975 63.4722 8.54358
140.037 -1.47014 102.379 2.43826 63.4722 8.54358
63.4722 8.54358 140.037 -1.47014 149.368 -2.60236
112.67 -0.180899 73.6044 0.517496 12.0359 2.62071
140.037 -1.47014 112.67 -0.180899 73.6044 0.517496
73.6044 0.517496 140.037 -1.47014 149.368 -2.60236
76.501 2.71868 112.67 -0.180899 140.037 -1.47014
-1.85366 26.5553 -1.64952 22.5311 -1.79484 11.9336
-1.64952 22.5311 10.2674 12.0196 -1.79484 11.9336
-3.07652 90.4736 0.137072 71.0058 10.2674 12.0196
0.137072 71.0058 2.79359 47.7118 10.2674 12.0196
2.79359 47.7118 3.9337 37.2605 10.2674 12.0196
3.9337 37.2605 -1.64952 22.5311 10.2674 12.0196
6.72865 67.2586 7.92448 98.8868 2.40208 110.699
7.66921 49.0162 6.72865 67.2586 2.40208 110.699
2.40208 110.699 7.66921 49.0162 10.2674 12.0196
7.66921 49.0162 10.8586 19.9645 10.2674 12.0196
10.5289 41.0727 12.5262 26.8187 10.8586 19.9645
36.649 27.0901 53.6106 32.0804 38.3234 39.566
53.6106 32.0804 36.649 27.0901 30.2509 23.0946
32.5933 32.8926 36.649 27.0901 30.2509 23.0946
53.7397 23.7403 67.5634 22.9349 39.2826 21.7944
7.92448 98.8868 10.3051 90.7054 12.6407 81.0335
2.40208 110.699 7.92448 98.8868 16.2081 83.5737
7.92448 98.8868 10.3051 90.7054 16.2081 83.5737
-3.07652 90.4736 0.137072 71.0058 0.50233 61.9297
59.8305 -0.279059 73.6044 0.517496 12.0359 2.62071
73.6044 0.517496 59.8305 -0.279059 50.2976 -1.33054
59.8305 -0.279059 41.594 -0.754688 50.2976 -1.33054
0.807142 3.00275 32.337 0.228078 41.594 -0.754688
32.337 0.228078 59.8305 -0.279059 41.594 -0.754688
50.2976 -1.33054 41.594 -0.754688 20.2248 -0.189794
20.2248 -0.189794 50.2976 -1.33054 93.0804 -2.96411
76.8172 29.5242 68.839 30.1374 49.2717 40.5014
49.2717 40.5014 76.8172 29.5242 107.619 19.3369
97.4795 8.83998 130.903 9.45541 136.835 13.4807
87.7068 8.41291 97.4795 8.83998 136.835 13.4807
97.4795 8.83998 87.7068 8.41291 121.448 2.57704
109.628 7.87645 97.4795 8.83998 130.903 9.45541
97.4795 8.83998 109.628 7.87645 117.23 6.06906
28.3871 76.9297 26.0404 93.9626 23.2117 100.966
30.1613 71.258 28.3871 76.9297 26.0404 93.9626
31.2161 58.7949 38.2406 61.8666 30.1613 71.258
31.2161 58.7949 30.1613 71.258 28.3871 76.9297
40.9963 50.1227 31.2161 58.7949 38.2406 61.8666
52.1038 49.682 40.9963 50.1227 38.2406 61.8666
38.2406 61.8666 52.1038 49.682 56.1021 47.4737
48.7309 60.4379 38.2406 61.8666 30.1613 71.258
30.1613 71.258 48.7309 60.4379 67.4467 50.724
49.0706 80.0489 41.8266 86.3174 26.0404 93.9626
61.5127 67.1165 49.0706 80.0489 26.0404 93.9626
73.0096 57.9234 61.5127 67.1165 26.0404 93.9626
61.5127 67.1165 73.0096 57.9234 112.927 37.521
37.5722 76.0165 73.0096 57.9234 112.927 37.521
41.8266 86.3174 26.0404 93.9626 23.2117 100.966
72.3827 69.1165 41.8266 86.3174 23.2117 100.966
106.668 47.7595 103.287 47.9711 72.3827 69.1165
106.668 47.7595 72.3827 69.1165 23.2117 100.966
117.539 40.9919 106.668 47.7595 23.2117 100.966
152.333 19.1175 117.539 40.9919 23.2117 100.966
168.238 13.0971 161.236 18.3856 152.333 19.1175
158.627 13.0959 168.238 13.0971 152.333 19.1175
158.627 13.0959 152.333 19.1175 117.539 40.9919
168.238 13.0971 158.627 13.0959 180.459 7.62776
142.554 29.5401 59.0169 119.227 40.2584 137.988
152.333 19.1175 142.554 29.5401 40.2584 137.988
142.554 29.5401 152.333 19.1175 161.236 18.3856
162.093 27.372 173.95 17.2405 180.459 7.62776
173.95 17.2405 181.539 17.0893 180.459 7.62776
193.446 1.63515 180.459 7.62776 158.627 13.0959
46.384 66.9585 88.7444 46.432 183.366 0.0546162
88.7444 46.432 158.627 13.0959 183.366 0.0546162
158.627 13.0959 193.446 1.63515 183.366 0.0546162
171.545 33.5553 158.995 47.1055 163.031 57.4147
179.416 27.3608 171.545 33.5553 163.031 57.4147
163.031 57.4147 179.416 27.3608 193.446 1.63515
179.416 27.3608 181.539 17.0893 193.446 1.63515
181.539 17.0893 180.459 7.62776 193.446 1.63515
160.428 38.5782 171.545 33.5553 179.416 27.3608
199.007 2.23307 192.074 6.70713 188.923 16.6566
199.007 2.23307 188.923 16.6566 178.801 36.5708
193.446 1.63515 199.007 2.23307 192.074 6.70713
199.007 2.23307 193.446 1.63515 183.366 0.0546162
41.8266 86.3174 49.0706 80.0489 77.8599 63.5108
72.3827 69.1165 103.287 47.9711 138.81 23.0897
39.0536 70.3336 46.384 66.9585 121.059 32.9257
46.384 66.9585 88.7444 46.432 121.059 32.9257
58.1074 60.6531 46.384 66.9585 39.0536 70.3336
79.4815 50.2904 58.1074 60.6531 46.384 66.9585
46.384 66.9585 79.4815 50.2904 126.226 27.0516
168.228 50.7856 163.031 57.4147 159.948 70.049
159.948 70.049 168.228 50.7856 173.221 39.9188
159.948 70.049 162.842 83.8294 169.949 118.018
158.995 47.1055 163.031 57.4147 159.948 70.049
172.077 128.103 169.949 118.018 152.201 36.9476
169.949 118.018 159.948 70.049 152.201 36.9476
159.948 70.049 158.995 47.1055 152.201 36.9476
166.303 61.6561 159.948 70.049 162.842 83.8294
187.929 28.5517 166.303 61.6561 159.948 70.049
159.948 70.049 187.929 28.5517 200.139 10.3158
177.048 56.2616 176.241 69.9053 169.308 73.8375
187.929 28.5517 181.17 49.1942 177.048 56.2616
187.929 28.5517 177.048 56.2616 169.308 73.8375
181.17 49.1942 187.929 28.5517 200.139 10.3158
187.57 37.7946 186.973 47.5617 181.17 49.1942
181.17 49.1942 187.57 37.7946 198.442 17.5353
186.973 47.5617 181.17 49.1942 177.048 56.2616
198.103 39.4415 186.973 47.5617 177.048 56.2616
186.973 47.5617 198.103 39.4415 199.522 30.1352
196.066 96.8258 193.904 109.897 198.204 111.151
198.744 70.5796 190.18 73.5839 196.066 96.8258
198.744 70.5796 196.066 96.8258 198.204 111.151
198.103 39.4415 190.51 57.6974 198.478 61.4105
198.103 39.4415 198.478 61.4105 198.744 70.5796
198.204 111.151 198.744 70.5796 199.522 30.1352
198.744 70.5796 198.103 39.4415 199.522 30.1352
177.912 78.1362 179.99 90.7019 179.268 96.6554
189.142 76.5748 173.958 77.8509 177.912 78.1362
189.142 76.5748 177.912 78.1362 179.99 90.7019
190.18 73.5839 189.142 76.5748 173.958 77.8509
173.958 77.8509 190.18 73.5839 198.744 70.5796
188.739 92.2627 189.142 76.5748 190.18 73.5839
180.955 106.279 193.904 109.897 198.204 111.151
193.904 109.897 180.955 106.279 187.419 103.846
153.108 136.663 140.868 139.914 159.009 141.874
163.461 132.068 153.108 136.663 159.009 141.874
172.077 128.103 163.461 132.068 159.009 141.874
183.502 117.264 169.949 118.018 172.077 128.103
183.502 117.264 172.077 128.103 159.009 141.874
171.612 111.599 183.502 117.264 169.949 118.018
168.209 97.9174 171.612 111.599 169.949 118.018
171.612 111.599 168.209 97.9174 167.192 92.4591
187.158 118.282 183.502 117.264 171.612 111.599
140.244 146.095 113.119 152.476 73.2008 160.006
113.119 152.476 140.244 146.095 159.009 141.874
119.364 147.519 100.206 151.899 92.3963 153.732
140.244 146.095 119.364 147.519 92.3963 153.732
159.009 141.874 140.244 146.095 119.364 147.519
140.868 139.914 159.009 141.874 119.364 147.519
131.553 139.076 140.868 139.914 119.364 147.519
128.78 131.451 131.553 139.076 119.364 147.519
119.364 147.519 128.78 131.451 143.323 106.609
113.593 143.573 119.364 147.519 100.206 151.899
123.059 136.286 113.593 143.573 119.364 147.519
120.496 123.821 121.663 130.761 123.059 136.286
127.213 120.671 120.496 123.821 123.059 136.286
119.364 147.519 123.059 136.286 143.091 77.4431
123.059 136.286 127.213 120.671 143.091 77.4431
127.213 120.671 133.315 87.9598 143.091 77.4431
121.726 100.232 133.315 87.9598 143.091 77.4431
98.3374 138.204 121.663 130.761 120.496 123.821
123.059 136.286 77.9824 151.523 62.9428 159.135
123.059 136.286 62.9428 159.135 37.0601 169.102
77.9824 151.523 123.059 136.286 121.663 130.761
108.369 126.843 62.9646 152.845 46.7665 161.505
120.496 123.821 108.369 126.843 62.9646 152.845
127.213 120.671 120.496 123.821 108.369 126.843
127.573 108.534 127.213 120.671 108.369 126.843
127.213 120.671 127.573 108.534 129.181 100.481
87.6857 136.923 82.4761 138.995 66.5202 146.997
103.907 121.537 87.6857 136.923 82.4761 138.995
82.4761 138.995 103.907 121.537 129.181 100.481
103.907 121.537 117.804 111.901 129.181 100.481
117.804 111.901 127.573 108.534 129.181 100.481
99.4212 131.239 109.363 122.818 127.573 108.534
109.363 122.818 117.804 111.901 127.573 108.534
87.3734 133.337 82.4761 138.995 66.5202 146.997
82.4761 138.995 87.3734 133.337 108.345 109.864
140.986 131.204 153.108 136.663 140.868 139.914
140.868 139.914 140.986 131.204 139.912 121.001
153.606 127.613 163.461 132.068 153.108 136.663
150.731 123.381 153.606 127.613 153.108 136.663
151.627 111.177 150.731 123.381 153.606 127.613
150.731 123.381 151.627 111.177 150.386 103.351
163.491 117.368 172.077 128.103 163.461 132.068
160.334 108.595 163.491 117.368 172.077 128.103
161.453 102.572 160.334 108.595 172.077 128.103
158.073 91.8428 161.453 102.572 172.077 128.103
148.616 66.1459 158.073 91.8428 172.077 128.103
150.519 60.4675 148.616 66.1459 172.077 128.103
172.077 128.103 150.519 60.4675 143.461 37.0027
150.519 60.4675 147.647 52.5955 143.461 37.0027
147.647 52.5955 137.071 48.6613 143.461 37.0027
137.071 48.6613 132.931 48.5134 143.461 37.0027
69.7598 120.476 60.6167 130.524 40.545 149.866
132.931 48.5134 69.7598 120.476 40.545 149.866
132.931 48.5134 40.545 149.866 28.4755 162.573
28.4755 162.573 132.931 48.5134 143.461 37.0027
103.128 91.5035 98.5432 96.7182 87.5791 110.487
111.894 78.4268 116.614 82.0263 103.128 91.5035
111.894 78.4268 103.128 91.5035 98.5432 96.7182
128.481 59.7115 120.34 69.2719 111.894 78.4268
137.071 48.6613 128.481 59.7115 111.894 78.4268
98.5432 96.7182 111.894 78.4268 132.931 48.5134
111.894 78.4268 137.071 48.6613 132.931 48.5134
13.5023 187.306 26.1401 192.586 2.94158 200.918
26.5581 168.569 13.5023 187.306 2.94158 200.918
38.8303 160.345 26.5581 168.569 13.5023 187.306
46.7437 151.64 38.8303 160.345 26.5581 168.569
58.1545 141.426 46.7437 151.64 26.5581 168.569
133.543 76.3224 116.065 92.6028 58.1545 141.426
133.543 76.3224 58.1545 141.426 26.5581 168.569
137.167 72.9253 133.543 76.3224 26.5581 168.569
150.519 60.4675 137.167 72.9253 133.543 76.3224
137.167 72.9253 150.519 60.4675 147.647 52.5955
109.901 101.053 116.065 92.6028 133.543 76.3224
148.616 66.1459 146.928 78.072 141.216 89.2505
148.616 66.1459 141.216 89.2505 138.097 96.0076
138.097 96.0076 148.616 66.1459 150.519 60.4675
148.945 87.6147 146.928 78.072 148.616 66.1459
88.0569 121.157 67.553 136.911 58.1545 141.426
58.1545 141.426 88.0569 121.157 100.412 112.539
67.553 136.911 58.1545 141.426 46.7437 151.64
46.7437 151.64 67.553 136.911 76.0791 130.906
23.8906 186.86 13.5023 187.306 26.1401 192.586
59.2503 177.762 23.8906 186.86 26.1401 192.586
82.4244 168.933 50.3896 176.363 59.2503 177.762
82.4244 168.933 59.2503 177.762 26.1401 192.586
89.9523 166.936 82.4244 168.933 26.1401 192.586
107.809 156.751 102.688 158.645 89.9523 166.936
26.1401 192.586 89.9523 166.936 133.086 149.72
89.9523 166.936 107.809 156.751 133.086 149.72
83.8126 162.692 107.809 156.751 133.086 149.72
102.688 158.645 88.8694 163.672 72.7668 167.952
72.7668 167.952 102.688 158.645 107.809 156.751
43.1923 176.25 50.3896 176.363 59.2503 177.762
52.0049 171.654 43.1923 176.25 50.3896 176.363
50.3896 176.363 52.0049 171.654 57.5596 168.214
19.8543 181.861 33.6097 177.932 52.0049 171.654
33.6097 177.932 43.1923 176.25 52.0049 171.654
99.6547 166.968 26.1401 192.586 2.94158 200.918
149.28 149.126 127.032 156.906 99.6547 166.968
200.959 131.469 168.398 140.408 149.28 149.126
200.959 131.469 149.28 149.126 99.6547 166.968
200.959 131.469 99.6547 166.968 2.94158 200.918
168.398 140.408 200.959 131.469 186.689 126.476
98.0267 197.59 93.9897 198.852 111.553 200.161
107.346 191.856 98.0267 197.59 111.553 200.161
146.849 166.491 142.292 176.321 127.892 182.051
146.849 166.491 127.892 182.051 107.346 191.856
146.849 166.491 107.346 191.856 98.0267 197.59
178.311 147.328 171.044 151.877 146.849 166.491
98.0267 197.59 146.849 166.491 200.959 131.469
146.849 166.491 178.311 147.328 200.959 131.469
178.311 147.328 191.505 140.363 200.959 131.469
199.68 176.28 192.453 187.444 203.904 187.724
202.242 148.277 199.68 176.28 203.904 187.724
202.142 142.719 202.242 148.277 203.904 187.724
200.959 131.469 191.505 140.363 202.142 142.719
202.393 116.914 186.689 126.476 200.959 131.469
202.393 116.914 200.959 131.469 202.142 142.719
202.393 116.914 202.142 142.719 203.904 187.724
202.444 86.5745 202.393 116.914 203.904 187.724
203.904 187.724 202.444 86.5745 201.906 48.7478
143.923 193.233 129.043 193.536 190.152 199.597
153.555 192.983 143.923 193.233 190.152 199.597
196.876 201.048 190.152 199.597 127.892 182.051
190.152 199.597 153.555 192.983 127.892 182.051
153.555 192.983 107.346 191.856 127.892 182.051
193.94 146.169 202.142 142.719 191.505 140.363
197.038 158.342 192.491 169.891 198.122 172.657
192.491 169.891 197.038 158.342 202.142 142.719
197.038 158.342 202.242 148.277 202.142 142.719
181.199 128.134 186.689 126.476 202.393 116.914
202.393 116.914 202.444 86.5745 200.762 79.7661
163.033 187.077 192.453 187.444 203.904 187.724
172.597 183.319 163.033 187.077 192.453 187.444
187.594 180.136 172.597 183.319 192.453 187.444
181.48 179.59 187.594 180.136 172.597 183.319
187.594 180.136 181.48 179.59 163.834 177.738
163.033 187.077 166.2 188.294 180.661 191.722
166.2 188.294 163.033 187.077 148.347 181.51
163.033 187.077 172.597 183.319 148.347 181.51
176.979 169.826 192.491 169.891 198.122 172.657
192.491 169.891 176.979 169.826 173.324 169.582
146.849 166.491 158.139 162.738 168.416 158.905
158.139 162.738 146.849 166.491 142.292 176.321
180.16 159.492 158.139 162.738 142.292 176.321
158.139 162.738 180.16 159.492 193.574 157.246
127.892 182.051 142.292 176.321 159.273 169.649
169.082 199.432 190.152 199.597 196.876 201.048
160.558 199.106 169.082 199.432 196.876 201.048
142.092 198.22 160.558 199.106 196.876 201.048
196.876 201.048 142.092 198.22 127.689 197.497
142.092 198.22 152.095 198.001 127.689 197.497
190.152 199.597 129.043 193.536 122.145 193.086
50.0061 197.246 93.9897 198.852 111.553 200.161
70.7735 196.99 50.0061 197.246 93.9897 198.852
92.4037 193.274 70.7735 196.99 93.9897 198.852
96.6557 187.942 71.3264 190.106 79.6615 190.326
96.6557 187.942 79.6615 190.326 92.4037 193.274
96.6557 187.942 92.4037 193.274 93.9897 198.852
116.776 183.304 96.6557 187.942 93.9897 198.852
140.542 167.185 121.171 169.994 127.959 172.06
140.542 167.185 127.959 172.06 116.776 183.304
140.542 167.185 116.776 183.304 93.9897 198.852
151.199 160.101 140.542 167.185 121.171 169.994
140.542 167.185 151.199 160.101 183.861 139.473
151.199 160.101 158.865 148.6 183.861 139.473
36.784 202.62 57.113 202.897 6.34522 203.14
26.0068 201.694 36.784 202.62 6.34522 203.14
23.357 200.404 26.0068 201.694 6.34522 203.14
36.0745 193.59 23.357 200.404 6.34522 203.14
52.1285 186.94 36.0745 193.59 6.34522 203.14
122.658 161.882 52.1285 186.94 6.34522 203.14
158.865 148.6 141.5 157.42 122.658 161.882
158.865 148.6 122.658 161.882 6.34522 203.14
6.34522 203.14 158.865 148.6 183.861 139.473
121.507 203.149 57.113 202.897 36.784 202.62
179.163 203.925 83.5548 201.916 23.357 200.404
83.5548 201.916 26.0068 201.694 23.357 200.404
108.189 172.336 127.959 172.06 121.171 169.994
60.7647 191.722 79.6615 190.326 71.3264 190.106
79.5961 182.885 116.776 183.304 96.6557 187.942
73.9672 181.446 79.5961 182.885 96.6557 187.942
90.7023 180.373 73.9672 181.446 79.5961 182.885
73.9672 181.446 90.7023 180.373 106.671 178.828
100.247 180.5 90.7023 180.373 106.671 178.828
111.894 78.4268 120.34 69.2719 138.322 56.2028
103.128 91.5035 116.614 82.0263 132.576 71.0391
40.545 149.866 60.6167 130.524 90.9323 102.647
68.1925 128.666 40.545 149.866 28.4755 162.573
77.6823 121.102 68.1925 128.666 28.4755 162.573
68.1925 128.666 77.6823 121.102 111.868 93.693
106.51 69.5848 76.8629 102.335 59.0169 119.227
112.993 62.985 106.51 69.5848 76.8629 102.335
106.51 69.5848 112.993 62.985 122.977 52.3776
13.5209 163.916 6.01973 170.66 2.49307 182.565
21.4034 162.419 13.5209 163.916 2.49307 182.565
31.4286 152.049 21.4034 162.419 2.49307 182.565
59.0169 119.227 40.2584 137.988 31.4286 152.049
76.8629 102.335 59.0169 119.227 31.4286 152.049
89.4457 90.4095 76.8629 102.335 31.4286 152.049
2.49307 182.565 31.4286 152.049 121.242 57.4094
31.4286 152.049 89.4457 90.4095 121.242 57.4094
8.13611 179.41 2.49307 182.565 0.0562923 191.157
18.1647 171.46 8.13611 179.41 0.0562923 191.157
49.8822 137.188 18.1647 171.46 0.0562923 191.157
103.137 79.6176 49.8822 137.188 0.0562923 191.157
0.0562923 191.157 103.137 79.6176 146.366 32.8535
103.137 79.6176 76.6169 106.146 52.9794 130.289
76.6169 106.146 103.137 79.6176 146.366 32.8535
10.8172 147.841 6.01973 170.66 2.49307 182.565
10.8172 147.841 2.49307 182.565 0.0562923 191.157
11.7361 141.736 10.8172 147.841 0.0562923 191.157
22.6921 132.799 11.7361 141.736 10.8172 147.841
41.3714 112.947 32.2994 118.92 22.6921 132.799
41.3714 112.947 22.6921 132.799 10.8172 147.841
32.2994 118.92 41.3714 112.947 60.9258 93.2071
18.1647 171.46 49.8822 137.188 73.2825 111.645
17.0495 122.039 22.6921 132.799 11.7361 141.736
11.7361 141.736 17.0495 122.039 18.7191 108.762
28.1834 108.1 17.0495 122.039 22.6921 132.799
33.3091 101.552 28.1834 108.1 17.0495 122.039
36.5799 100.069 33.3091 101.552 28.1834 108.1
71.6444 76.9426 36.5799 100.069 33.3091 101.552
33.3091 101.552 71.6444 76.9426 76.114 73.846
76.114 73.846 71.6444 76.9426 47.0433 100.006
47.0433 100.006 76.114 73.846 88.5985 63.7068
47.7015 91.2183 63.0067 81.0674 88.5985 63.7068
63.0067 81.0674 76.114 73.846 88.5985 63.7068
42.1325 127.326 40.2584 137.988 31.4286 152.049
62.6754 112.165 42.1325 127.326 40.2584 137.988
98.3603 71.2438 88.5207 82.2903 62.6754 112.165
98.3603 71.2438 62.6754 112.165 40.2584 137.988
40.2584 137.988 98.3603 71.2438 127.462 37.8816
98.3603 71.2438 102.732 60.3024 127.462 37.8816
42.1325 127.326 31.0447 136.556 20.4505 142.454
20.4505 142.454 42.1325 127.326 62.6754 112.165
23.6933 151.55 31.0447 136.556 42.1325 127.326
52.5608 106.305 39.3699 122.943 29.4786 133.82
59.2439 98.0957 52.5608 106.305 29.4786 133.82
83.3377 78.0062 59.2439 98.0957 52.5608 106.305
93.5295 68.8973 83.3377 78.0062 59.2439 98.0957
102.732 60.3024 93.5295 68.8973 59.2439 98.0957
59.2439 98.0957 102.732 60.3024 127.462 37.8816
68.8308 92.9158 93.5295 68.8973 102.732 60.3024
51.9581 117.427 77.496 90.0754 102.732 60.3024
77.496 90.0754 98.3603 71.2438 102.732 60.3024
71.0938 101.528 88.5207 82.2903 98.3603 71.2438
