3.25506 36.1813 8.28988 56.2717 11.909 59.9094
2.20426 29.6925 3.25506 36.1813 11.909 59.9094
11.909 59.9094 2.20426 29.6925 0.30186 22.649
2.30211 62.4355 1.59647 69.4487 1.38705 84.3515
0.39815 40.8212 2.30211 62.4355 1.59647 69.4487
2.20426 29.6925 0.39815 40.8212 2.30211 62.4355
0.39815 40.8212 2.20426 29.6925 0.30186 22.649
14.5402 87.2356 17.2297 90.1803 9.36005 91.5284
12.6389 81.7286 14.5402 87.2356 9.36005 91.5284
9.00475 77.1787 12.6389 81.7286 9.36005 91.5284
8.17998 65.5898 14.6324 74.1002 9.00475 77.1787
8.17998 65.5898 9.00475 77.1787 9.36005 91.5284
11.909 59.9094 15.1057 62.0775 8.17998 65.5898
8.28988 56.2717 11.909 59.9094 8.17998 65.5898
9.36005 91.5284 8.17998 65.5898 5.33502 55.2919
8.17998 65.5898 8.28988 56.2717 5.33502 55.2919
26.4606 97.289 17.2297 90.1803 14.5402 87.2356
14.5402 87.2356 46.5956 98.2401 48.7707 99.1225
46.5956 98.2401 14.5402 87.2356 12.6389 81.7286
12.6389 81.7286 15.5586 82.8768 21.9569 84.7385
28.8911 88.7726 21.9569 84.7385 9.00475 77.1787
21.9569 84.7385 12.6389 81.7286 9.00475 77.1787
9.00475 77.1787 33.7486 84.0616 41.1705 86.2396
33.7486 84.0616 9.00475 77.1787 14.6324 74.1002
50.9986 86.0849 59.6993 90.7078 61.2772 91.5779
38.4455 78.8862 33.7315 79.3182 50.9986 86.0849
38.4455 78.8862 50.9986 86.0849 59.6993 90.7078
39.0828 78.4645 38.4455 78.8862 33.7315 79.3182
17.787 70.7043 39.0828 78.4645 33.7315 79.3182
8.17998 65.5898 17.787 70.7043 33.7315 79.3182
15.1057 62.0775 8.17998 65.5898 17.787 70.7043
18.2786 53.2051 15.1057 62.0775 17.787 70.7043
19.151 50.2814 18.2786 53.2051 15.1057 62.0775
8.44215 29.4746 19.151 50.2814 15.1057 62.0775
15.1057 62.0775 8.44215 29.4746 6.00299 18.6942
54.0712 89.6912 66.7386 94.8579 66.6034 96.4396
66.6034 96.4396 54.0712 89.6912 33.7315 79.3182
54.0712 89.6912 50.9986 86.0849 33.7315 79.3182
24.9486 54.9067 24.7459 56.0788 20.5172 58.9258
19.151 50.2814 24.9486 54.9067 20.5172 58.9258
19.151 50.2814 20.5172 58.9258 20.184 62.7133
24.9486 54.9067 19.151 50.2814 8.44215 29.4746
27.4272 58.4017 24.7459 56.0788 24.9486 54.9067
33.4545 64.1445 41.0567 76.6027 39.0828 78.4645
29.0046 56.3896 33.4545 64.1445 39.0828 78.4645
39.0828 78.4645 29.0046 56.3896 22.8405 42.9607
30.3328 56.4788 29.0046 56.3896 22.8405 42.9607
39.0828 78.4645 38.4455 78.8862 48.9397 83.2102
41.0567 76.6027 39.0828 78.4645 48.9397 83.2102
39.9542 66.6571 41.0567 76.6027 48.9397 83.2102
41.0567 76.6027 39.9542 66.6571 38.7668 63.5787
38.7668 63.5787 39.9542 66.6571 58.1245 89.0974
21.12 39.0437 38.7668 63.5787 58.1245 89.0974
38.7668 63.5787 21.12 39.0437 16.4774 32.7007
60.1107 87.7933 60.7257 90.2351 59.6993 90.7078
57.1258 84.4809 60.1107 87.7933 59.6993 90.7078
48.0741 73.4286 57.1258 84.4809 59.6993 90.7078
31.8045 51.3573 48.0741 73.4286 59.6993 90.7078
59.6993 90.7078 31.8045 51.3573 19.9838 35.0496
31.8045 51.3573 22.2276 37.3857 19.9838 35.0496
22.2276 37.3857 26.9518 40.1478 29.2814 42.2066
19.9838 35.0496 22.2276 37.3857 26.9518 40.1478
9.86023 17.5683 19.9838 35.0496 26.9518 40.1478
8.24537 10.4941 19.3141 13.5089 7.86262 13.62
8.21914 5.11303 9.35128 8.23836 8.24537 10.4941
8.21914 5.11303 8.24537 10.4941 7.86262 13.62
0.721814 2.26925 8.21914 5.11303 7.86262 13.62
0.721814 2.26925 7.86262 13.62 9.86023 17.5683
0.721814 2.26925 9.86023 17.5683 19.9838 35.0496
24.0267 1.26253 0.721814 2.26925 8.21914 5.11303
0.721814 2.26925 24.0267 1.26253 40.7677 0.0313054
7.86262 13.62 14.8215 15.7985 24.0263 33.4601
7.86262 13.62 24.0263 33.4601 27.8794 38.3138
14.8215 15.7985 7.86262 13.62 19.3141 13.5089
60.7257 90.2351 59.6993 90.7078 61.2772 91.5779
66.4388 76.9976 60.7257 90.2351 61.2772 91.5779
60.7257 90.2351 66.4388 76.9976 76.9354 50.3034
25.4081 4.63087 9.35128 8.23836 8.24537 10.4941
8.24537 10.4941 25.4081 4.63087 33.6039 2.45304
25.4081 4.63087 21.8163 4.25918 33.6039 2.45304
20.5109 10.176 8.24537 10.4941 19.3141 13.5089
19.0543 9.02837 20.5109 10.176 8.24537 10.4941
40.2587 4.02379 19.0543 9.02837 8.24537 10.4941
52.6112 1.26583 40.2587 4.02379 19.0543 9.02837
43.9173 1.13216 52.6112 1.26583 40.2587 4.02379
67.5498 0.751691 43.9173 1.13216 52.6112 1.26583
43.9173 1.13216 67.5498 0.751691 96.0448 0.239119
21.8796 20.9524 20.7655 11.9366 20.5109 10.176
20.7655 11.9366 36.0854 18.8512 29.2709 19.8112
20.5109 10.176 20.7655 11.9366 36.0854 18.8512
36.0854 18.8512 20.5109 10.176 19.0543 9.02837
84.6523 8.33732 78.9345 12.3033 71.8737 17.3676
86.4512 6.67434 84.6523 8.33732 78.9345 12.3033
78.9345 12.3033 86.4512 6.67434 67.5498 0.751691
93.8248 45.5065 94.229 46.0502 99.4392 81.6352
92.9914 23.3362 93.4545 29.1978 93.8248 45.5065
89.1787 16.7095 92.9914 23.3362 93.8248 45.5065
89.1787 16.7095 93.8248 45.5065 99.4392 81.6352
86.4512 6.67434 89.1787 16.7095 92.9914 23.3362
92.9914 23.3362 86.4512 6.67434 96.0448 0.239119
86.4512 6.67434 67.5498 0.751691 96.0448 0.239119
80.8799 22.1191 69.1001 54.6622 68.8835 55.9782
68.8835 55.9782 80.8799 22.1191 86.4512 6.67434
80.8799 22.1191 84.6523 8.33732 86.4512 6.67434
97.6615 42.4766 93.8248 45.5065 94.229 46.0502
93.8248 45.5065 97.6615 42.4766 98.6276 39.6496
98.0665 66.4797 97.6615 42.4766 98.6276 39.6496
65.2775 62.0695 68.8835 55.9782 69.9656 55.9242
69.1001 54.6622 68.8835 55.9782 65.2775 62.0695
71.0581 47.9433 69.1001 54.6622 65.2775 62.0695
73.2577 41.1971 71.0581 47.9433 69.1001 54.6622
71.0581 47.9433 73.2577 41.1971 78.8767 21.5036
71.8737 17.3676 69.6151 29.9518 67.6801 39.0063
71.6335 8.66784 78.9345 12.3033 71.8737 17.3676
71.6335 8.66784 71.8737 17.3676 67.6801 39.0063
71.6335 8.66784 67.6801 39.0063 63.8879 67.8256
78.9345 12.3033 71.6335 8.66784 60.1118 1.52306
70.7332 9.09524 51.2546 12.0854 42.2284 23.3279
71.6335 8.66784 70.7332 9.09524 42.2284 23.3279
70.7332 9.09524 71.6335 8.66784 60.1118 1.52306
42.2284 23.3279 43.9624 25.1778 40.3992 26.9801
42.2284 23.3279 40.3992 26.9801 37.3756 31.4736
37.3756 31.4736 42.2284 23.3279 52.9554 3.24133
42.2284 23.3279 51.2546 12.0854 52.9554 3.24133
55.4157 8.93444 70.7332 9.09524 51.2546 12.0854
57.628 5.0084 55.4157 8.93444 70.7332 9.09524
58.823 4.42539 57.628 5.0084 70.7332 9.09524
57.2504 3.48622 58.823 4.42539 57.628 5.0084
58.823 4.42539 57.2504 3.48622 56.4153 2.7749
36.0854 18.8512 29.2709 19.8112 31.111 22.2949
36.0854 18.8512 31.111 22.2949 25.253 29.2034
38.8097 17.5406 36.0854 18.8512 25.253 29.2034
35.9118 9.50645 38.8097 17.5406 36.0854 18.8512
38.2262 9.37193 35.9118 9.50645 38.8097 17.5406
35.9118 9.50645 38.2262 9.37193 27.8783 8.32831
28.7056 31.8513 24.0263 33.4601 27.8794 38.3138
30.0906 31.0341 28.7056 31.8513 27.8794 38.3138
33.8321 29.2635 30.0906 31.0341 27.8794 38.3138
27.8794 38.3138 33.8321 29.2635 48.9238 6.32588
52.5033 24.3456 26.9518 40.1478 29.2814 42.2066
29.2814 42.2066 52.5033 24.3456 58.296 20.324
52.5033 24.3456 55.5181 20.9018 58.296 20.324
55.5181 20.9018 49.4033 20.7662 58.296 20.324
52.2915 21.9523 55.5181 20.9018 49.4033 20.7662
47.8148 69.3713 58.2444 73.2438 48.0741 73.4286
48.0741 73.4286 47.8148 69.3713 45.3193 54.067
58.2444 73.2438 48.0741 73.4286 57.1258 84.4809
59.6546 57.2445 58.3967 69.7811 58.2444 73.2438
59.4369 36.703 59.4984 53.023 59.6546 57.2445
57.1258 84.4809 58.2444 73.2438 63.8258 31.9538
58.2444 73.2438 59.6546 57.2445 63.8258 31.9538
59.6546 57.2445 59.4369 36.703 63.8258 31.9538
63.8258 31.9538 59.4369 36.703 53.2757 40.4246
47.9619 31.2253 66.8961 31.8864 63.8258 31.9538
47.9619 31.2253 63.8258 31.9538 53.2757 40.4246
47.9619 31.2253 53.2757 40.4246 52.5968 42.2515
47.9619 31.2253 52.5968 42.2515 55.5777 50.2505
52.7106 29.064 47.9619 31.2253 66.8961 31.8864
57.6488 25.7245 52.7106 29.064 47.9619 31.2253
47.9619 31.2253 57.6488 25.7245 64.2335 21.2509
55.6395 65.0707 47.8148 69.3713 58.2444 73.2438
45.3449 47.1 47.048 53.3499 55.6395 65.0707
38.9744 46.6385 39.027 46.8239 45.3449 47.1
58.2444 73.2438 55.6395 65.0707 50.127 45.4002
55.6395 65.0707 45.3449 47.1 50.127 45.4002
45.3449 47.1 38.9744 46.6385 50.127 45.4002
39.027 46.8239 40.8988 50.9185 37.9647 53.3442
37.9647 53.3442 39.027 46.8239 38.9744 46.6385
48.9743 60.8847 50.9342 61.0215 53.436 64.2644
47.048 53.3499 48.9743 60.8847 50.9342 61.0215
48.9743 60.8847 47.048 53.3499 45.3449 47.1
58.1419 54.5183 58.3967 69.7811 58.2444 73.2438
58.2444 73.2438 58.1419 54.5183 57.6692 46.5
59.8582 83.1487 57.1258 84.4809 60.1107 87.7933
57.1258 84.4809 59.8582 83.1487 64.0895 76.1552
73.5434 53.6822 60.1107 87.7933 60.7257 90.2351
84.9074 31.9075 81.2476 41.5188 78.3947 43.0524
60.1107 87.7933 73.5434 53.6822 83.7071 27.193
73.5434 53.6822 78.3947 43.0524 83.7071 27.193
78.3947 43.0524 84.9074 31.9075 83.7071 27.193
86.1522 34.8308 87.2626 35.1114 85.1572 35.4459
84.9074 31.9075 86.1522 34.8308 85.1572 35.4459
86.1522 34.8308 84.9074 31.9075 83.7071 27.193
81.4092 49.8045 79.2756 67.6913 82.3422 72.9854
82.3422 72.9854 81.4092 49.8045 81.2476 41.5188
81.4092 49.8045 78.3947 43.0524 81.2476 41.5188
78.8325 68.6914 72.7282 92.1348 70.6422 95.255
78.8325 68.6914 70.6422 95.255 69.2235 99.7719
79.2756 67.6913 78.8325 68.6914 72.7282 92.1348
78.8325 68.6914 79.2756 67.6913 81.4092 49.8045
89.2164 84.9155 88.7731 85.5905 91.0134 99.0263
87.9675 73.8005 89.2164 84.9155 91.0134 99.0263
82.8321 43.2598 90.2881 44.2105 87.9675 73.8005
82.8321 43.2598 87.9675 73.8005 89.2164 84.9155
81.2476 41.5188 82.8321 43.2598 89.2164 84.9155
82.8321 43.2598 81.2476 41.5188 84.9074 31.9075
94.375 79.9144 98.4629 90.1798 99.1527 92.4453
91.2175 78.2051 94.375 79.9144 99.1527 92.4453
87.9675 73.8005 91.2175 78.2051 99.1527 92.4453
90.2881 44.2105 87.9675 73.8005 91.2175 78.2051
91.2175 78.2051 90.2881 44.2105 90.3003 39.4569
98.4629 90.1798 95.8251 74.6481 94.1231 69.8999
95.8251 74.6481 98.4629 90.1798 99.1527 92.4453
99.1527 92.4453 95.8251 74.6481 90.9847 46.7377
78.4041 83.9088 72.7282 92.1348 70.6422 95.255
77.7124 83.1724 78.4041 83.9088 72.7282 92.1348
78.4041 83.9088 77.7124 83.1724 77.5714 77.1968
76.7279 93.8398 70.6422 95.255 69.2235 99.7719
80.7413 93.5308 76.7279 93.8398 69.2235 99.7719
69.2235 99.7719 80.7413 93.5308 84.3795 91.6939
66.7386 94.8579 68.085 87.2435 66.4408 83.9425
68.085 87.2435 66.7386 94.8579 66.6034 96.4396
69.6806 81.0934 68.085 87.2435 66.6034 96.4396
69.4641 77.5084 69.6806 81.0934 68.085 87.2435
69.6806 81.0934 69.4641 77.5084 70.383 70.261
