-47.251 5.6858 -45.262 -3.0506 -45.736 -4.07668
-44.1612 14.5588 -40.5105 14.5949 -45.7591 17.9463
-44.4673 10.917 -44.1612 14.5588 -45.7591 17.9463
-45.0401 1.99546 -42.3291 7.531 -43.3307 8.39437
-45.0401 1.99546 -43.3307 8.39437 -44.4673 10.917
-45.0401 1.99546 -44.4673 10.917 -45.7591 17.9463
-44.725 -1.56325 -39.8852 0.331233 -45.0401 1.99546
-45.262 -3.0506 -44.725 -1.56325 -45.0401 1.99546
-45.262 -3.0506 -45.0401 1.99546 -45.7591 17.9463
-42.0253 -5.64707 -45.736 -4.07668 -45.262 -3.0506
-42.0253 -5.64707 -45.262 -3.0506 -44.725 -1.56325
-41.7607 -8.98172 -42.0253 -5.64707 -45.736 -4.07668
-37.8845 -14.6378 -36.4382 -14.6113 -41.7607 -8.98172
-37.8845 -14.6378 -41.7607 -8.98172 -45.736 -4.07668
-30.2574 -23.2438 -22.8334 -22.0553 -30.3446 -20.4779
-30.2574 -23.2438 -30.3446 -20.4779 -37.8845 -14.6378
-28.1721 -26.6563 -6.36943 -26.2326 -30.2574 -23.2438
-28.1721 -26.6563 -30.2574 -23.2438 -37.8845 -14.6378
-23.1608 -34.1877 -28.1721 -26.6563 -37.8845 -14.6378
-21.0271 -36.4309 -20.9431 -34.6195 -23.1608 -34.1877
-21.4008 -38.5324 -16.4735 -38.3559 -21.0271 -36.4309
-21.4008 -38.5324 -21.0271 -36.4309 -23.1608 -34.1877
-21.4008 -38.5324 -23.1608 -34.1877 -37.8845 -14.6378
-21.4008 -38.5324 -37.8845 -14.6378 -45.736 -4.07668
-16.4735 -38.3559 -21.4008 -38.5324 -26.4114 -41.6146
-37.589 -5.59634 -42.0253 -5.64707 -41.7607 -8.98172
-13.023 -21.9093 -22.8334 -22.0553 -30.2574 -23.2438
-41.2147 -22.3551 -21.4008 -38.5324 -26.4114 -41.6146
33.3918 -30.2892 4.84222 -29.3539 2.41107 -27.8451
33.3918 -30.2892 2.41107 -27.8451 -6.36943 -26.2326
33.3918 -30.2892 -6.36943 -26.2326 -30.2574 -23.2438
4.84222 -29.3539 33.3918 -30.2892 27.9533 -30.6279
33.7104 -32.6098 27.9533 -30.6279 33.3918 -30.2892
33.7104 -32.6098 33.3918 -30.2892 39.1922 -28.4436
29.0849 -33.4345 33.7104 -32.6098 27.9533 -30.6279
32.7035 -35.7368 29.0849 -33.4345 33.7104 -32.6098
33.7104 -32.6098 32.7035 -35.7368 33.5195 -36.3276
3.58716 -31.2678 4.84222 -29.3539 2.41107 -27.8451
14.4699 -34.4374 17.8703 -32.8956 3.58716 -31.2678
4.90709 -35.5523 14.4699 -34.4374 3.58716 -31.2678
4.90709 -35.5523 3.58716 -31.2678 2.41107 -27.8451
14.4699 -34.4374 4.90709 -35.5523 2.74848 -36.8337
4.90709 -35.5523 -4.66179 -31.8158 -10.1277 -29.1686
-4.66179 -31.8158 4.90709 -35.5523 2.74848 -36.8337
20.5749 -31.6774 17.8703 -32.8956 14.4699 -34.4374
7.20656 -39.7572 32.7035 -35.7368 29.0849 -33.4345
-1.55696 -41.432 3.13959 -40.9724 7.20656 -39.7572
-1.55696 -41.432 7.20656 -39.7572 29.0849 -33.4345
-9.63072 -42.9804 -1.55696 -41.432 29.0849 -33.4345
-2.97158 -44.8127 -9.63072 -42.9804 -1.55696 -41.432
-9.63072 -42.9804 -2.97158 -44.8127 6.3897 -48.4384
15.3436 -38.8182 7.20656 -39.7572 3.13959 -40.9724
-1.55696 -41.432 3.13959 -40.9724 22.1257 -39.9364
22.1257 -39.9364 -1.55696 -41.432 8.09335 -41.5413
-22.1714 -15.6175 -37.8845 -14.6378 -36.4382 -14.6113
-18.8854 -17.3083 -22.1714 -15.6175 -37.8845 -14.6378
-37.8845 -14.6378 -18.8854 -17.3083 24.3763 -23.77
-18.8854 -17.3083 1.33461 -17.6643 24.3763 -23.77
-4.01303 -10.3574 -23.3041 -1.43914 -31.8272 3.01299
-31.8272 3.01299 -4.01303 -10.3574 24.3763 -23.77
-4.01303 -10.3574 1.0945 -15.7497 24.3763 -23.77
1.0945 -15.7497 1.33461 -17.6643 24.3763 -23.77
-22.1714 -15.6175 -25.4455 -13.483 -29.1108 -8.62854
-36.0034 -1.97571 -29.1108 -8.62854 -18.8854 -17.3083
-29.1108 -8.62854 -22.1714 -15.6175 -18.8854 -17.3083
-6.50191 -14.4952 1.0945 -15.7497 1.33461 -17.6643
-45.0401 1.99546 -39.8852 0.331233 -34.4531 -0.494904
-43.3307 8.39437 -42.3291 7.531 -13.743 -12.0835
-44.4673 10.917 -43.3307 8.39437 -39.418 8.22714
-28.6075 5.67288 -44.4673 10.917 -44.1612 14.5588
-44.1612 14.5588 -28.6075 5.67288 -8.64349 -5.55344
-28.6075 5.67288 -13.2163 -3.56395 -8.64349 -5.55344
19.6196 -16.4672 -22.8385 4.97987 -44.1612 14.5588
-44.1612 14.5588 19.6196 -16.4672 40.3523 -26.6482
19.6196 -16.4672 36.4998 -18.1562 40.3523 -26.6482
36.4998 -18.1562 45.7966 -16.5699 46.8846 -15.7272
45.7966 -16.5699 36.4998 -18.1562 40.3523 -26.6482
30.5779 -15.6479 19.6196 -16.4672 36.4998 -18.1562
-22.8385 4.97987 -44.1612 14.5588 -40.5105 14.5949
-18.3817 3.43181 -22.8385 4.97987 -40.5105 14.5949
-9.74117 -0.667259 -18.3817 3.43181 -22.8385 4.97987
-22.8385 4.97987 -9.74117 -0.667259 15.1642 -11.5751
-9.74117 -0.667259 6.99091 -6.40829 15.1642 -11.5751
20.0405 -10.0467 6.99091 -6.40829 -9.74117 -0.667259
17.8555 -10.1409 20.0405 -10.0467 6.99091 -6.40829
26.6567 -11.5316 17.8555 -10.1409 20.0405 -10.0467
17.8555 -10.1409 26.6567 -11.5316 22.8338 -12.8281
26.6567 -11.5316 36.5084 -12.1473 22.8338 -12.8281
26.6567 -11.5316 26.4369 -11.3075 16.5238 -7.56208
26.4369 -11.3075 26.6567 -11.5316 36.5084 -12.1473
24.3651 7.14156 27.16 9.3084 16.7503 11.8327
28.098 4.89871 24.3651 7.14156 27.16 9.3084
30.7574 2.6705 28.098 4.89871 27.16 9.3084
32.6798 -2.58932 30.7574 2.6705 28.098 4.89871
33.8531 -4.60805 32.6798 -2.58932 28.098 4.89871
37.4662 -10.5852 33.8531 -4.60805 32.6798 -2.58932
36.5084 -12.1473 40.5704 -11.952 37.4662 -10.5852
36.5084 -12.1473 37.4662 -10.5852 33.8531 -4.60805
40.5704 -11.952 36.5084 -12.1473 22.8338 -12.8281
16.5585 13.7803 8.13809 19.2345 8.30941 22.2005
27.16 9.3084 16.7503 11.8327 16.5585 13.7803
27.16 9.3084 16.5585 13.7803 8.30941 22.2005
40.724 2.54311 27.16 9.3084 8.30941 22.2005
8.30941 22.2005 40.724 2.54311 48.8572 -2.18401
8.30941 22.2005 8.13809 19.2345 6.67634 16.4981
14.5574 5.03186 21.043 6.5801 16.7503 11.8327
14.5574 5.03186 16.7503 11.8327 16.5585 13.7803
21.043 6.5801 14.5574 5.03186 21.6541 2.13099
4.74314 9.4884 1.26309 9.60398 -2.24198 12.9515
5.72974 8.71761 4.74314 9.4884 1.26309 9.60398
8.67571 6.96627 5.72974 8.71761 1.26309 9.60398
1.26309 9.60398 8.67571 6.96627 21.6541 2.13099
8.67571 6.96627 14.5574 5.03186 21.6541 2.13099
-3.78708 24.1228 -6.11782 24.8927 -4.90277 30.6918
1.37501 22.1699 -3.78708 24.1228 -4.90277 30.6918
1.80206 21.8019 1.37501 22.1699 -4.90277 30.6918
-4.90277 30.6918 1.80206 21.8019 14.5574 5.03186
1.80206 21.8019 8.67571 6.96627 14.5574 5.03186
2.60962 16.5818 4.74314 9.4884 5.72974 8.71761
-2.3083 39.9768 1.66459 46.1125 -0.142902 47.7727
-4.90277 30.6918 -2.3083 39.9768 -0.142902 47.7727
-9.91782 20.6769 -6.11782 24.8927 -4.90277 30.6918
-9.91782 20.6769 -4.90277 30.6918 -0.142902 47.7727
-6.11782 24.8927 -9.91782 20.6769 -3.94205 15.6508
-9.91782 20.6769 -16.4192 20.5154 -3.94205 15.6508
-26.4945 25.619 -31.1069 30.4894 -31.924 31.457
-26.4861 24.6572 -26.4945 25.619 -31.1069 30.4894
-24.3446 22.2848 -32.2619 24.4271 -26.4861 24.6572
-24.3446 22.2848 -26.4861 24.6572 -26.4945 25.619
-32.2619 24.4271 -24.3446 22.2848 -3.94205 15.6508
-24.3446 22.2848 -16.4192 20.5154 -3.94205 15.6508
-20.7273 28.3182 -15.7237 37.8949 -13.9879 41.5469
-24.3446 22.2848 -20.7273 28.3182 -13.9879 41.5469
-24.3446 22.2848 -13.9879 41.5469 -11.2 46.772
-20.7273 28.3182 -24.3446 22.2848 -16.4192 20.5154
2.77626 45.3349 1.66459 46.1125 -0.142902 47.7727
19.4203 33.2179 2.77626 45.3349 1.66459 46.1125
22.3956 30.5754 19.4203 33.2179 1.66459 46.1125
19.4203 33.2179 22.3956 30.5754 35.1364 20.0255
22.3956 30.5754 17.8388 32.0522 10.5408 36.3559
35.1364 20.0255 22.3956 30.5754 17.8388 32.0522
17.8388 32.0522 35.1364 20.0255 35.035 18.9608
24.6152 31.449 23.6053 32.9582 17.5022 38.688
27.5603 27.8753 24.6152 31.449 17.5022 38.688
35.1364 20.0255 27.5603 27.8753 24.6152 31.449
37.4048 16.9654 35.035 18.9608 35.1364 20.0255
24.6152 31.449 35.1364 20.0255 39.1089 16.1177
35.1364 20.0255 37.4048 16.9654 39.1089 16.1177
39.5137 14.2758 39.1089 16.1177 37.4048 16.9654
39.5137 14.2758 37.4048 16.9654 25.7176 24.297
39.5137 14.2758 25.7176 24.297 9.56758 35.3911
45.6695 13.958 27.3643 14.1886 39.5137 14.2758
45.6695 13.958 39.5137 14.2758 39.1089 16.1177
30.7926 13.2163 45.6695 13.958 27.3643 14.1886
27.3643 14.1886 30.7926 13.2163 48.4038 2.25017
1.53137 34.8558 15.9672 23.3845 27.3643 14.1886
15.9672 23.3845 29.4145 15.9325 27.3643 14.1886
29.4145 15.9325 39.5137 14.2758 27.3643 14.1886
23.6053 32.9582 24.6152 31.449 28.5387 27.9327
24.0908 32.7993 23.6053 32.9582 17.5022 38.688
23.6053 32.9582 24.0908 32.7993 31.262 30.2317
23.5626 35.3681 20.8439 37.5942 14.3134 41.3216
23.5626 35.3681 14.3134 41.3216 5.74801 46.7013
25.2409 33.8346 23.7161 35.1594 23.5626 35.3681
20.8439 37.5942 23.5626 35.3681 31.262 30.2317
23.5626 35.3681 25.2409 33.8346 31.262 30.2317
25.2409 33.8346 24.0908 32.7993 31.262 30.2317
14.3134 41.3216 20.8439 37.5942 38.4511 29.8268
28.9365 37.58 14.3134 41.3216 5.74801 46.7013
14.3134 41.3216 28.9365 37.58 32.2339 36.5769
21.3725 41.3019 28.9365 37.58 32.2339 36.5769
-13.9879 41.5469 -15.7237 37.8949 -18.765 31.2297
-10.4596 32.3274 -13.9879 41.5469 -11.2 46.772
-10.4596 32.3274 -11.2 46.772 -10.9949 47.8298
-15.2596 30.573 -10.4596 32.3274 -13.9879 41.5469
-10.4596 32.3274 -15.2596 30.573 -18.8172 28.6326
-12.3646 46.6041 -11.2 46.772 -10.9949 47.8298
-10.9949 47.8298 -12.3646 46.6041 -22.5377 39.0728
-18.38 37.2271 -12.3646 46.6041 -11.2 46.772
-11.2 46.772 -18.38 37.2271 -21.5629 30.7324
-35.2482 29.3003 -31.1069 30.4894 -31.924 31.457
-35.2482 29.3003 -31.924 31.457 -30.0778 34.1755
-35.2482 29.3003 -30.0778 34.1755 -26.6156 37.571
-31.1069 30.4894 -35.2482 29.3003 -32.4315 29.0749
-29.7714 26.7717 -27.7072 24.8107 -26.4861 24.6572
-26.4861 24.6572 -27.7072 24.8107 -34.6434 24.8309
-32.2619 24.4271 -26.4861 24.6572 -34.6434 24.8309
-34.6434 24.8309 -32.2619 24.4271 -42.6967 23.5749
1.96538 8.69301 1.26309 9.60398 -2.24198 12.9515
1.26309 9.60398 1.96538 8.69301 7.35976 5.33566
-9.74117 -0.667259 -18.3817 3.43181 -14.9214 4.80131
-6.26407 -0.80471 -9.74117 -0.667259 -14.9214 4.80131
-6.26407 -0.80471 -14.9214 4.80131 -16.9825 6.8043
9.84806 -2.54168 -6.26407 -0.80471 -9.74117 -0.667259
-9.74117 -0.667259 9.84806 -2.54168 15.5539 -5.23721
-1.60413 3.60359 9.84806 -2.54168 15.5539 -5.23721
-11.8055 4.35404 3.47031 -0.535012 9.84806 -2.54168
3.47031 -0.535012 -6.26407 -0.80471 9.84806 -2.54168
