-2.69053 67.6011 -2.91127 78.9299 -3.85372 112.949
-2.07789 60.2694 -2.69053 67.6011 -2.91127 78.9299
-2.69053 67.6011 -2.07789 60.2694 -3.27308 47.9386
1.48144 186.406 13.3223 202.575 16.4582 210.465
12.6671 186.13 1.48144 186.406 13.3223 202.575
13.5927 180.57 12.6671 186.13 13.3223 202.575
10.7184 171.729 13.5927 180.57 12.6671 186.13
6.70665 150.787 6.61216 161.944 10.7184 171.729
6.70665 150.787 10.7184 171.729 13.5927 180.57
1.88974 103.686 6.70665 150.787 6.61216 161.944
-2.07789 60.2694 -1.03895 87.542 1.88974 103.686
-2.07789 60.2694 1.88974 103.686 6.70665 150.787
6.70665 150.787 -2.07789 60.2694 -3.27308 47.9386
9.34691 223.552 21.1266 223.841 1.92048 223.952
9.47629 212.354 9.34691 223.552 21.1266 223.841
-0.093277 201.434 -0.361847 206.576 9.47629 212.354
-0.093277 201.434 9.47629 212.354 21.1266 223.841
-3.23774 181.676 -0.093277 201.434 -0.361847 206.576
-1.33704 151.241 -3.23774 181.676 -0.093277 201.434
-0.658157 129.141 -1.33704 151.241 -3.23774 181.676
-0.292351 116.922 -0.658157 129.141 -3.23774 181.676
1.88974 103.686 -0.292351 116.922 -0.658157 129.141
-0.292351 116.922 1.88974 103.686 -1.03895 87.542
2.99581 167.558 12.6671 186.13 1.48144 186.406
2.95766 159.406 2.99581 167.558 1.48144 186.406
2.99581 167.558 2.95766 159.406 3.69159 139.337
27.4273 211.21 26.4828 222.02 21.1266 223.841
23.3335 198.688 27.4273 211.21 21.1266 223.841
19.8168 186.136 23.3335 198.688 21.1266 223.841
17.6574 173.011 19.8168 186.136 21.1266 223.841
9.64725 113.669 17.6574 173.011 21.1266 223.841
17.6574 173.011 9.64725 113.669 6.31688 88.5668
12.2066 141.325 9.64725 113.669 6.31688 88.5668
21.1266 223.841 1.92048 223.952 7.41926 226.022
50.2176 218.964 26.4828 222.02 21.1266 223.841
120.632 208.771 91.5139 211.632 50.2176 218.964
120.632 208.771 50.2176 218.964 21.1266 223.841
120.632 208.771 21.1266 223.841 7.41926 226.022
113.831 207.531 120.632 208.771 91.5139 211.632
40.1172 199.249 51.6793 201.619 62.0831 202.107
40.1172 199.249 62.0831 202.107 80.5902 203.385
120.632 208.771 113.831 207.531 36.6117 192.766
113.831 207.531 80.5902 203.385 36.6117 192.766
80.5902 203.385 40.1172 199.249 36.6117 192.766
42.2021 207.714 40.1172 199.249 36.6117 192.766
80.6517 208.076 46.7594 208.956 62.3076 210.568
102.319 206.838 80.6517 208.076 62.3076 210.568
51.6793 201.619 102.319 206.838 80.6517 208.076
80.6517 208.076 51.6793 201.619 40.1172 199.249
19.905 181.605 19.8168 186.136 23.3335 198.688
16.6974 153.906 19.905 181.605 19.8168 186.136
19.8168 186.136 16.6974 153.906 13.1421 129.992
23.4378 158.205 28.5666 201.458 27.4273 211.21
22.4325 128.111 23.6923 142.544 23.4378 158.205
17.7901 121.568 22.4325 128.111 23.4378 158.205
17.7901 121.568 23.4378 158.205 27.4273 211.21
13.4259 120.122 17.7901 121.568 27.4273 211.21
-0.523078 43.6118 13.4259 120.122 27.4273 211.21
27.4273 211.21 -0.523078 43.6118 -2.88047 29.8223
28.5666 201.458 27.4273 211.21 26.4828 222.02
26.4828 222.02 28.5666 201.458 42.4377 66.1255
28.5666 201.458 36.221 121.07 42.4377 66.1255
36.221 121.07 36.684 111.475 42.4377 66.1255
36.684 111.475 37.036 97.7107 42.4377 66.1255
32.4338 149.076 30.6364 163.7 30.2973 166.491
30.6364 163.7 32.4338 149.076 36.684 111.475
32.4338 149.076 36.221 121.07 36.684 111.475
12.3067 101.038 16.8684 110.723 13.4259 120.122
10.13 70.997 12.3067 101.038 13.4259 120.122
1.13265 23.6169 11.0997 27.4589 9.97684 38.0843
1.13265 23.6169 9.97684 38.0843 10.13 70.997
1.13265 23.6169 10.13 70.997 13.4259 120.122
13.5451 22.3328 16.4116 22.9204 1.13265 23.6169
1.24181 12.8827 13.5451 22.3328 1.13265 23.6169
13.4259 120.122 1.13265 23.6169 -2.16958 -1.24034
1.13265 23.6169 1.24181 12.8827 -2.16958 -1.24034
1.24181 12.8827 9.91811 6.30221 -2.16958 -1.24034
169.001 110.003 189.053 116.849 202.437 132.692
159.577 103.654 169.001 110.003 189.053 116.849
150.914 97.9839 159.577 103.654 189.053 116.849
116.862 73.4639 150.914 97.9839 189.053 116.849
72.013 63.1394 81.0457 63.5217 86.7408 63.5552
72.9564 50.523 72.013 63.1394 86.7408 63.5552
72.9564 50.523 86.7408 63.5552 101.351 66.1715
72.9564 50.523 101.351 66.1715 116.862 73.4639
58.53 37.1459 58.8414 49.548 72.9564 50.523
58.53 37.1459 72.9564 50.523 116.862 73.4639
58.53 37.1459 116.862 73.4639 189.053 116.849
27.0219 17.721 58.53 37.1459 189.053 116.849
9.91811 6.30221 27.0219 17.721 189.053 116.849
189.053 116.849 9.91811 6.30221 -2.16958 -1.24034
22.7932 28.6128 39.331 39.6187 46.3358 43.4989
39.331 39.6187 22.7932 28.6128 11.0997 27.4589
32.6411 30.1183 22.7932 28.6128 1.13265 23.6169
22.7932 28.6128 11.0997 27.4589 1.13265 23.6169
38.5522 26.8061 27.0219 17.721 9.91811 6.30221
60.4986 113.666 60.7213 117.544 60.0365 133.875
58.8414 49.548 60.4986 113.666 60.0365 133.875
60.0365 133.875 58.8414 49.548 58.53 37.1459
72.013 63.1394 70.5426 77.0736 66.5674 116.904
70.5426 77.0736 72.013 63.1394 72.9564 50.523
72.4831 92.9296 72.1468 67.7117 72.013 63.1394
72.1468 67.7117 81.0457 63.5217 72.013 63.1394
72.933 96.3724 77.1418 77.7028 81.0457 63.5217
77.1418 77.7028 72.1468 67.7117 81.0457 63.5217
101.351 66.1715 82.9018 69.3707 88.0611 69.7378
101.351 66.1715 88.0611 69.7378 88.4092 83.4084
101.351 66.1715 88.4092 83.4084 86.7898 87.3659
101.351 66.1715 86.7898 87.3659 69.706 113.069
82.9018 69.3707 101.351 66.1715 86.7408 63.5552
77.7699 100.036 80.4977 92.7133 88.0611 69.7378
80.4977 92.7133 88.4092 83.4084 88.0611 69.7378
16.8684 110.723 13.4259 120.122 17.7901 121.568
22.3524 99.612 16.8684 110.723 17.7901 121.568
23.2859 69.5947 16.1223 78.4296 19.6513 89.7017
23.2859 69.5947 19.6513 89.7017 22.3524 99.612
23.6797 63.5003 23.2859 69.5947 22.3524 99.612
17.7901 121.568 22.3524 99.612 33.4992 46.2318
22.3524 99.612 23.6797 63.5003 33.4992 46.2318
23.6797 63.5003 19.5327 51.5014 33.4992 46.2318
33.4992 46.2318 39.5574 49.3129 33.0873 58.1024
33.4992 46.2318 33.0873 58.1024 29.8789 67.9096
33.4992 46.2318 29.8789 67.9096 27.301 81.562
39.5574 49.3129 33.4992 46.2318 27.0541 37.4495
33.4992 46.2318 22.8588 41.0297 27.0541 37.4495
11.33 59.254 19.5327 51.5014 22.8588 41.0297
19.5327 51.5014 33.4992 46.2318 22.8588 41.0297
11.3357 48.5351 22.8588 41.0297 27.0541 37.4495
13.6141 80.4173 16.1223 78.4296 23.2859 69.5947
211.551 143.25 223.089 143.594 216.682 153.331
203.234 136.05 211.551 143.25 223.089 143.594
202.437 132.692 203.234 136.05 223.089 143.594
189.053 116.849 202.437 132.692 223.089 143.594
223.089 143.594 189.053 116.849 177.651 107.732
220.883 206.216 229.545 217.313 217.846 223.899
221.842 191.528 220.883 206.216 229.545 217.313
218.171 178.78 221.842 191.528 229.545 217.313
218.36 171.583 218.171 178.78 229.545 217.313
211.551 143.25 218.36 171.583 229.545 217.313
218.36 171.583 211.551 143.25 203.234 136.05
207.248 126.656 221.312 130.592 223.089 143.594
223.089 143.594 207.248 126.656 197.815 118.121
223.089 143.594 216.682 153.331 221.574 158.681
227.135 129.274 221.312 130.592 223.089 143.594
227.135 129.274 223.089 143.594 221.574 158.681
221.312 130.592 227.135 129.274 219.822 123.15
210.5 111.982 219.822 123.15 227.135 129.274
216.057 109.806 210.5 111.982 227.135 129.274
227.986 106.796 216.057 109.806 227.135 129.274
227.986 106.796 227.135 129.274 227.937 179.994
227.191 69.5033 222.805 88.7546 227.986 106.796
230.087 31.0112 227.191 69.5033 227.986 106.796
230.087 31.0112 227.986 106.796 227.937 179.994
227.937 179.994 230.087 31.0112 230.441 12.6958
230.087 31.0112 221.301 19.0234 230.441 12.6958
221.301 19.0234 217.085 13.4998 230.441 12.6958
230.441 12.6958 232.568 20.3692 231.998 41.6369
230.441 12.6958 231.998 41.6369 233.647 86.5092
222.201 -1.26698 200.554 3.70244 213.831 6.97341
222.201 -1.26698 213.831 6.97341 230.441 12.6958
232.568 20.3692 230.441 12.6958 230.585 -2.39327
230.441 12.6958 222.201 -1.26698 230.585 -2.39327
213.75 18.5479 216.964 26.7057 213.215 29.9677
213.215 29.9677 213.75 18.5479 213.831 6.97341
213.75 18.5479 217.085 13.4998 213.831 6.97341
217.085 13.4998 230.441 12.6958 213.831 6.97341
172.535 3.53066 212.036 -0.38729 230.585 -2.39327
212.036 -0.38729 222.201 -1.26698 230.585 -2.39327
130.934 10.9289 102.803 13.4655 119.37 13.8698
153.485 7.15417 130.934 10.9289 102.803 13.4655
212.036 -0.38729 153.485 7.15417 102.803 13.4655
153.485 7.15417 212.036 -0.38729 222.201 -1.26698
173.762 8.3986 163.587 9.80538 136.787 13.8623
200.554 3.70244 182.924 8.0581 173.762 8.3986
200.554 3.70244 173.762 8.3986 163.587 9.80538
163.587 9.80538 200.554 3.70244 222.201 -1.26698
197.225 50.0401 189.259 53.1184 187.799 57.633
188.209 33.4058 197.225 50.0401 189.259 53.1184
182.792 21.2321 169.514 22.6938 180.8 26.1919
182.792 21.2321 180.8 26.1919 188.209 33.4058
182.792 21.2321 188.209 33.4058 197.225 50.0401
190.383 8.34318 182.792 21.2321 169.514 22.6938
169.514 22.6938 190.383 8.34318 182.924 8.0581
207.191 49.0407 211.13 59.5362 218.241 80.1477
202.147 38.369 207.191 49.0407 218.241 80.1477
190.383 8.34318 202.147 38.369 218.241 80.1477
202.147 38.369 190.383 8.34318 200.554 3.70244
190.383 8.34318 182.924 8.0581 200.554 3.70244
186.73 36.1975 188.209 33.4058 180.8 26.1919
210.117 86.6629 202.583 88.0427 218.225 96.4646
211.086 77.79 200.62 79.3305 210.117 86.6629
211.086 77.79 210.117 86.6629 218.225 96.4646
209.247 71.6247 211.086 77.79 218.225 96.4646
197.327 30.7368 209.247 71.6247 218.225 96.4646
218.225 96.4646 197.327 30.7368 190.383 8.34318
197.327 30.7368 186.484 23.3023 190.383 8.34318
186.484 23.3023 182.792 21.2321 190.383 8.34318
202.095 8.01057 217.995 51.5866 217.424 59.2384
217.424 59.2384 202.095 8.01057 200.554 3.70244
202.095 8.01057 213.831 6.97341 200.554 3.70244
201.522 111.788 210.5 111.982 219.822 123.15
181.346 97.4011 201.522 111.788 210.5 111.982
156.604 83.721 181.346 97.4011 210.5 111.982
109.736 59.1858 128.596 70.1487 156.604 83.721
69.4567 38.0504 92.9366 50.736 109.736 59.1858
69.4567 38.0504 109.736 59.1858 156.604 83.721
210.5 111.982 156.604 83.721 22.354 13.1557
156.604 83.721 69.4567 38.0504 22.354 13.1557
69.4567 38.0504 39.5534 23.0332 22.354 13.1557
52.666 31.0995 39.5534 23.0332 22.354 13.1557
157.273 92.5967 149.933 88.2588 39.5534 23.0332
149.933 88.2588 83.3514 48.2824 39.5534 23.0332
83.3514 48.2824 69.4567 38.0504 39.5534 23.0332
171.428 97.4657 193.474 110.149 212.436 120.578
143.992 81.8658 171.428 97.4657 212.436 120.578
83.3514 48.2824 143.992 81.8658 171.428 97.4657
143.992 81.8658 83.3514 48.2824 69.4567 38.0504
103.822 57.8219 92.9366 50.736 69.4567 38.0504
150.87 83.7219 128.596 70.1487 109.736 59.1858
212.436 120.578 193.474 110.149 131.174 76.4149
191.581 97.9119 216.057 109.806 210.5 111.982
216.057 109.806 191.581 97.9119 139.625 71.8951
139.625 71.8951 191.581 97.9119 196.357 103.136
196.357 103.136 139.625 71.8951 102.157 52.0247
207.502 99.7299 227.986 106.796 216.057 109.806
182.993 88.3464 207.502 99.7299 216.057 109.806
169.569 81.9455 182.993 88.3464 216.057 109.806
216.057 109.806 169.569 81.9455 127.095 56.7225
169.569 81.9455 152.012 69.7217 127.095 56.7225
187.019 87.5691 152.012 69.7217 127.095 56.7225
227.986 106.796 222.805 88.7546 203.043 23.8462
222.805 88.7546 208.721 39.6988 203.043 23.8462
218.989 68.1095 208.721 39.6988 203.043 23.8462
226.142 60.6909 227.191 69.5033 222.805 88.7546
222.805 88.7546 226.142 60.6909 227.589 47.1494
217.424 59.2384 217.995 51.5866 219.937 39.0155
188.162 82.1692 202.583 88.0427 218.225 96.4646
218.225 96.4646 188.162 82.1692 120.162 49.8548
188.162 82.1692 126.803 52.6767 120.162 49.8548
148.433 60.5709 170.011 71.9407 182.782 78.592
137.219 57.1888 148.433 60.5709 170.011 71.9407
126.803 52.6767 137.219 57.1888 148.433 60.5709
120.162 49.8548 126.803 52.6767 148.433 60.5709
100.91 41.7433 120.162 49.8548 148.433 60.5709
88.0902 36.0943 100.91 41.7433 148.433 60.5709
69.6725 28.4855 77.8496 33.723 88.0902 36.0943
69.6725 28.4855 88.0902 36.0943 148.433 60.5709
77.8496 33.723 69.6725 28.4855 57.8197 23.0521
161.451 69.0538 137.219 57.1888 126.803 52.6767
57.8197 23.0521 69.6725 28.4855 86.7257 33.6768
86.7257 33.6768 57.8197 23.0521 26.4246 10.7831
57.8197 23.0521 51.1108 22.1981 26.4246 10.7831
171.921 86.3621 80.2751 38.5672 26.4246 10.7831
80.2751 38.5672 63.0755 29.2088 26.4246 10.7831
63.0755 29.2088 51.1108 22.1981 26.4246 10.7831
100.91 41.7433 109.49 50.2294 119.873 58.7651
109.49 50.2294 100.91 41.7433 88.0902 36.0943
170.012 60.7571 200.62 79.3305 210.117 86.6629
200.62 79.3305 170.012 60.7571 156.89 52.7884
211.086 77.79 209.247 71.6247 200.007 63.8209
161.204 21.4914 169.514 22.6938 180.8 26.1919
169.514 22.6938 161.204 21.4914 142.207 18.2454
98.3786 18.0972 119.601 23.0749 112.538 23.3976
98.3786 18.0972 112.538 23.3976 160.58 42.9703
102.803 13.4655 119.37 13.8698 98.3786 18.0972
82.3094 12.5876 102.803 13.4655 98.3786 18.0972
82.3094 12.5876 98.3786 18.0972 160.58 42.9703
67.9952 10.2957 82.3094 12.5876 160.58 42.9703
67.9952 10.2957 160.58 42.9703 179.729 49.8293
46.6784 1.45023 66.5132 2.38328 67.9952 10.2957
41.2486 -0.728557 46.6784 1.45023 67.9952 10.2957
179.729 49.8293 67.9952 10.2957 27.8558 -3.84834
67.9952 10.2957 41.2486 -0.728557 27.8558 -3.84834
141.681 27.2912 119.601 23.0749 98.3786 18.0972
170.743 41.9467 160.58 42.9703 179.729 49.8293
179.799 36.3701 170.743 41.9467 179.729 49.8293
179.799 36.3701 179.729 49.8293 182.227 57.2939
160.414 33.0843 179.799 36.3701 170.743 41.9467
166.098 30.6202 160.414 33.0843 179.799 36.3701
147.527 22.6374 166.098 30.6202 179.799 36.3701
166.098 30.6202 147.527 22.6374 132.424 21.7027
152.267 30.2562 166.098 30.6202 160.414 33.0843
166.098 30.6202 152.267 30.2562 131.644 27.6562
170.374 48.9032 179.729 49.8293 182.227 57.2939
146.984 40.2931 170.374 48.9032 179.729 49.8293
120.218 29.9774 137.145 39.2042 146.984 40.2931
120.218 29.9774 146.984 40.2931 179.729 49.8293
86.2388 17.7953 108.566 26.6848 120.218 29.9774
86.2388 17.7953 120.218 29.9774 179.729 49.8293
58.2057 12.1086 86.2388 17.7953 108.566 26.6848
42.8028 6.71753 58.2057 12.1086 86.2388 17.7953
19.3795 0.328755 42.8028 6.71753 86.2388 17.7953
86.2388 17.7953 19.3795 0.328755 9.44686 -2.57429
42.8028 6.71753 48.3672 11.9701 77.3266 23.9
42.8028 6.71753 77.3266 23.9 110.707 39.2993
48.3672 11.9701 42.8028 6.71753 19.3795 0.328755
58.2057 12.1086 70.7661 18.4717 98.5211 31.3366
70.7661 18.4717 58.2057 12.1086 42.8028 6.71753
128.492 43.2995 121.956 36.6344 108.566 26.6848
121.956 36.6344 120.218 29.9774 108.566 26.6848
149.281 53.2693 142.463 48.5724 121.956 36.6344
121.956 36.6344 142.463 48.5724 162.965 59.0893
177.322 68.3894 162.965 59.0893 120.218 29.9774
162.965 59.0893 121.956 36.6344 120.218 29.9774
137.145 39.2042 190.641 67.7843 198.613 73.516
198.613 73.516 137.145 39.2042 120.218 29.9774
41.2486 -0.728557 80.8955 -1.75195 56.8455 -2.43089
80.8955 -1.75195 41.2486 -0.728557 46.6784 1.45023
91.9855 -1.7899 80.8955 -1.75195 46.6784 1.45023
46.6784 1.45023 91.9855 -1.7899 97.0999 -2.11081
137.079 -0.978423 46.6784 1.45023 66.5132 2.38328
46.6784 1.45023 137.079 -0.978423 189.243 -2.80191
111.88 1.6432 66.5132 2.38328 67.9952 10.2957
66.5132 2.38328 111.88 1.6432 120.932 1.47913
89.4381 8.25336 67.9952 10.2957 82.3094 12.5876
110.539 6.56499 89.4381 8.25336 82.3094 12.5876
82.3094 12.5876 110.539 6.56499 147.645 -0.498018
110.539 6.56499 127.59 1.93731 147.645 -0.498018
162.209 1.18134 82.3094 12.5876 102.803 13.4655
102.803 13.4655 162.209 1.18134 178.125 -1.97873
229.565 200.786 230.656 208.586 229.545 217.313
229.154 171.507 229.565 200.786 229.545 217.313
230.328 159.026 229.154 171.507 229.565 200.786
230.829 117.493 230.328 159.026 229.154 171.507
229.154 171.507 230.829 117.493 231.548 79.165
230.829 117.493 231.593 97.3611 231.548 79.165
230.829 117.493 231.679 140.355 231.987 152.464
231.679 140.355 230.829 117.493 231.593 97.3611
229.596 229.98 206.371 231.127 170.089 231.596
203.329 229.968 229.596 229.98 170.089 231.596
203.329 229.968 170.089 231.596 149.598 232.456
217.616 226.602 203.329 229.968 229.596 229.98
217.846 223.899 217.616 226.602 229.596 229.98
229.545 217.313 217.846 223.899 229.596 229.98
230.656 208.586 229.545 217.313 229.596 229.98
229.596 229.98 230.656 208.586 232.629 191.327
143.923 233.616 177.539 233.907 189.485 233.998
160.554 233.592 143.923 233.616 189.485 233.998
206.371 231.127 160.554 233.592 143.923 233.616
160.554 233.592 206.371 231.127 229.596 229.98
111.127 233.701 177.539 233.907 189.485 233.998
22.3205 233.418 111.127 233.701 189.485 233.998
93.7802 233.224 22.3205 233.418 111.127 233.701
66.0156 232.856 93.7802 233.224 22.3205 233.418
22.3205 233.418 66.0156 232.856 103.661 232.195
180.985 222.658 217.616 226.602 203.329 229.968
203.329 229.968 180.985 222.658 52.1773 180.614
142.118 207.252 199.93 222.574 180.985 222.658
118.119 201.176 142.118 207.252 180.985 222.658
180.985 222.658 118.119 201.176 89.5887 192.092
199.93 222.574 180.985 222.658 217.616 226.602
190.054 219.061 199.93 222.574 217.616 226.602
217.616 226.602 190.054 219.061 126.878 201.596
199.93 222.574 190.054 219.061 148.202 208.109
217.616 226.602 217.846 223.899 217.604 199.739
212.749 161.647 218.36 171.583 218.171 178.78
218.36 171.583 212.749 161.647 208.468 151.833
212.749 161.647 201.966 156.198 208.468 151.833
153.076 186.194 160.164 188.258 186.368 199.535
157.938 183.895 153.076 186.194 160.164 188.258
169.789 183.752 157.938 183.895 160.164 188.258
178.878 180.842 169.789 183.752 157.938 183.895
183.475 171.014 178.878 180.842 157.938 183.895
201.966 156.198 192.154 170.333 183.475 171.014
201.966 156.198 183.475 171.014 157.938 183.895
157.938 183.895 201.966 156.198 208.468 151.833
153.076 186.194 140.863 191.867 153.348 198.979
140.863 191.867 153.076 186.194 157.938 183.895
171.034 186.076 169.789 183.752 178.878 180.842
178.878 180.842 182.152 186.058 191.209 193.337
198.163 209.367 191.209 193.337 183.475 171.014
191.209 193.337 178.878 180.842 183.475 171.014
213.94 212.697 203.974 198.732 183.475 171.014
203.974 198.732 191.325 178.831 183.475 171.014
202.595 188.178 210.868 190.087 213.186 199.902
191.325 178.831 202.595 188.178 213.186 199.902
183.475 171.014 191.325 178.831 202.595 188.178
202.595 188.178 183.475 171.014 192.154 170.333
206.357 182.204 202.595 188.178 210.868 190.087
200.639 178.919 206.357 182.204 202.595 188.178
202.595 188.178 200.639 178.919 197.024 170.697
213.186 199.902 210.868 190.087 207.016 173.548
176.039 203.629 190.174 212.024 207.291 219.832
207.291 219.832 176.039 203.629 167.391 198.873
176.039 203.629 162.52 200.71 167.391 198.873
162.52 200.71 153.348 198.979 167.391 198.873
153.348 198.979 162.52 200.71 180.412 208.186
128.482 186.456 140.863 191.867 153.348 198.979
98.8476 182.256 133.191 182.314 128.482 186.456
98.8476 182.256 128.482 186.456 153.348 198.979
98.8476 182.256 153.348 198.979 180.412 208.186
133.191 182.314 98.8476 182.256 106.212 181.663
98.8476 182.256 90.0844 182.863 106.802 187.333
98.8476 182.256 106.802 187.333 122.644 192.963
90.0844 182.863 98.8476 182.256 106.212 181.663
172.742 208.394 190.174 212.024 207.291 219.832
139.885 201.922 163.766 207.041 172.742 208.394
190.174 212.024 172.742 208.394 99.8496 192.605
172.742 208.394 139.885 201.922 99.8496 192.605
69.782 180.897 90.0844 182.863 106.802 187.333
106.802 187.333 69.782 180.897 62.0001 179.881
79.6009 181.023 69.782 180.897 62.0001 179.881
137.699 180.179 133.191 182.314 128.482 186.456
133.191 182.314 137.699 180.179 118.216 177.427
152.454 179.41 128.482 186.456 140.863 191.867
170.358 168.011 152.454 179.41 140.863 191.867
182.46 161.076 170.358 168.011 140.863 191.867
160.786 159.11 169.884 160.699 182.46 161.076
140.863 191.867 182.46 161.076 187.649 157.62
182.46 161.076 160.786 159.11 187.649 157.62
142.022 159.357 116.572 159.371 132.094 159.649
160.786 159.11 142.022 159.357 132.094 159.649
142.022 159.357 160.786 159.11 187.649 157.62
81.5537 167.035 63.9292 168.59 103.885 169.546
169.884 160.699 153.275 163.339 81.5537 167.035
63.9292 168.59 81.5537 167.035 160.786 159.11
81.5537 167.035 169.884 160.699 160.786 159.11
103.885 169.546 118.079 169.803 43.1485 170.595
63.9292 168.59 103.885 169.546 43.1485 170.595
52.3506 166.682 63.9292 168.59 43.1485 170.595
50.0933 161.344 52.3506 166.682 43.1485 170.595
46.7295 148.819 50.0933 161.344 52.3506 166.682
40.3141 127.075 36.2973 137.483 46.7295 148.819
40.3141 127.075 46.7295 148.819 52.3506 166.682
49.1804 78.0845 40.3141 127.075 36.2973 137.483
40.3141 127.075 49.1804 78.0845 50.1794 72.8444
50.1664 88.61 46.7022 122.108 46.296 126.109
46.7022 122.108 50.1664 88.61 50.1794 72.8444
50.1794 72.8444 49.1804 78.0845 41.001 88.7209
41.001 88.7209 50.1794 72.8444 52.1956 63.8592
50.1664 88.61 51.5252 101.027 50.7844 110.746
50.1664 88.61 50.7844 110.746 51.5609 140.229
50.1794 72.8444 50.1664 88.61 51.5252 101.027
51.5252 101.027 50.1794 72.8444 52.1956 63.8592
118.079 169.803 43.1485 170.595 73.4185 171.226
153.274 168.899 142.429 168.9 118.079 169.803
153.274 168.899 118.079 169.803 73.4185 171.226
126.662 168.567 153.274 168.899 142.429 168.9
142.429 168.9 126.662 168.567 106.964 168.288
33.9277 176.843 36.8349 182.83 30.507 190.429
73.4185 171.226 86.8717 173.964 33.9277 176.843
43.1485 170.595 73.4185 171.226 33.9277 176.843
38.4916 161.658 43.1485 170.595 33.9277 176.843
30.507 190.429 33.9277 176.843 37.0284 150.338
33.9277 176.843 38.4916 161.658 37.0284 150.338
158.143 219.002 56.0834 230.078 37.1456 232.283
147.404 217.866 158.143 219.002 56.0834 230.078
127.093 207.739 133.464 216.933 147.404 217.866
127.093 207.739 147.404 217.866 158.143 219.002
76.7242 189.28 111.578 203.452 127.093 207.739
76.7242 189.28 127.093 207.739 158.143 219.002
70.2771 188.021 76.7242 189.28 111.578 203.452
36.8349 182.83 62.6833 187.175 70.2771 188.021
76.7242 189.28 70.2771 188.021 33.9277 176.843
70.2771 188.021 36.8349 182.83 33.9277 176.843
63.2058 223.143 43.858 223.675 1.15128 230.822
113.074 218.888 71.4372 221.541 63.2058 223.143
113.074 218.888 63.2058 223.143 1.15128 230.822
133.464 216.933 113.074 218.888 1.15128 230.822
113.074 218.888 133.464 216.933 127.093 207.739
116.622 219.778 147.404 217.866 133.464 216.933
33.9277 176.843 86.8717 173.964 158.221 170.141
37.1456 232.283 51.1869 231.525 136.995 223.137
56.0834 230.078 37.1456 232.283 33.3371 232.417
33.3371 232.417 56.0834 230.078 76.3218 226.617
126.035 229.325 51.1869 231.525 37.1456 232.283
126.035 229.325 37.1456 232.283 33.3371 232.417
51.1869 231.525 126.035 229.325 173.428 221.083
118.959 230.654 126.035 229.325 173.428 221.083
1.15128 230.822 43.858 223.675 79.3728 216.044
89.572 217.507 71.4372 221.541 63.2058 223.143
71.4372 221.541 89.572 217.507 96.7707 216.573
103.221 203.331 111.578 203.452 127.093 207.739
127.093 207.739 103.221 203.331 47.0694 193.054
103.221 203.331 70.7068 196.848 47.0694 193.054
91.8638 198.076 70.7068 196.848 47.0694 193.054
52.3506 166.682 61.8604 161.865 103.157 139.82
61.8604 161.865 52.3506 166.682 63.9292 168.59
69.3182 158.721 61.8604 161.865 63.9292 168.59
79.5746 157.954 69.3182 158.721 63.9292 168.59
87.6287 156.245 79.5746 157.954 63.9292 168.59
63.9292 168.59 87.6287 156.245 98.5295 152.72
79.5746 157.954 87.6287 156.245 90.8833 150.087
203.234 136.05 161.17 137.361 153.841 139.046
203.234 136.05 153.841 139.046 143.002 140.211
202.437 132.692 203.234 136.05 161.17 137.361
192.142 130.104 202.437 132.692 161.17 137.361
176.97 128.483 171.798 129.241 192.142 130.104
179.537 120.209 176.97 128.483 192.142 130.104
179.537 120.209 192.142 130.104 202.437 132.692
132.303 98.9914 173.251 118.177 179.537 120.209
202.437 132.692 179.537 120.209 138.466 97.6873
179.537 120.209 132.303 98.9914 138.466 97.6873
137.816 110.202 153.628 123.073 150.192 131.115
131.201 92.1268 138.466 97.6873 132.303 98.9914
150.192 131.115 137.816 110.202 120.958 82.9191
137.816 110.202 132.303 98.9914 120.958 82.9191
132.303 98.9914 131.201 92.1268 120.958 82.9191
137.816 110.202 147.06 111.334 156.015 112.85
147.06 111.334 137.816 110.202 132.303 98.9914
162.608 130.28 171.798 129.241 176.97 128.483
143.161 129.552 153.841 139.046 143.002 140.211
142.662 123.222 143.161 129.552 153.841 139.046
127.066 110.767 131.491 117.549 142.662 123.222
120.001 93.9006 127.066 110.767 142.662 123.222
107.043 81.4946 108.503 92.1823 120.001 93.9006
153.841 139.046 142.662 123.222 107.089 71.8293
142.662 123.222 120.001 93.9006 107.089 71.8293
120.001 93.9006 107.043 81.4946 107.089 71.8293
107.043 81.4946 89.2244 97.1239 67.3758 128.804
107.043 81.4946 67.3758 128.804 58.4295 139.992
89.2244 97.1239 107.043 81.4946 107.089 71.8293
99.5039 120.537 103.218 102.115 107.043 81.4946
103.218 102.115 108.503 92.1823 107.043 81.4946
98.7525 126.531 87.7175 138.66 81.3668 146.49
106.731 117.838 98.7525 126.531 81.3668 146.49
111.694 107.522 106.731 117.838 98.7525 126.531
117.061 96.1061 111.942 101.745 111.694 107.522
120.001 93.9006 117.061 96.1061 111.694 107.522
120.001 93.9006 111.694 107.522 106.731 117.838
117.061 96.1061 120.001 93.9006 108.503 92.1823
109.332 147.176 137.114 147.534 190.322 148.277
109.733 139.989 109.332 147.176 137.114 147.534
117.034 138.524 109.733 139.989 137.114 147.534
131.153 137.146 117.034 138.524 137.114 147.534
132.627 131.68 131.153 137.146 137.114 147.534
127.066 110.767 121.124 112.862 132.627 131.68
127.066 110.767 132.627 131.68 137.114 147.534
121.124 112.862 127.066 110.767 120.001 93.9006
116.388 150.442 112.43 156.005 100.04 156.844
109.332 147.176 116.388 150.442 100.04 156.844
100.04 156.844 109.332 147.176 109.733 139.989
162.955 147.44 137.114 147.534 190.322 148.277
183.176 142.437 162.955 147.44 137.114 147.534
162.955 147.44 183.176 142.437 192.378 140.489
172.64 142.6 183.176 142.437 192.378 140.489
202.206 151.308 112.43 156.005 100.04 156.844
172.58 151.306 202.206 151.308 112.43 156.005
179.758 150.691 172.58 151.306 202.206 151.308
202.206 151.308 179.758 150.691 131.692 149.082
153.903 151.852 172.58 151.306 179.758 150.691
109.733 139.989 117.034 138.524 109.703 127.642
120.821 130.877 131.153 137.146 117.034 138.524
117.034 138.524 120.821 130.877 118.619 121.47
81.3668 146.49 69.4061 147.296 62.5591 150
87.7175 138.66 81.3668 146.49 69.4061 147.296
80.7359 136.393 87.7175 138.66 69.4061 147.296
87.4848 129.337 80.7359 136.393 87.7175 138.66
93.1865 120.898 87.4848 129.337 87.7175 138.66
87.7175 138.66 93.1865 120.898 98.6545 107.487
68.4397 139.326 69.4061 147.296 62.5591 150
62.5591 150 68.4397 139.326 79.3663 118.287
76.2625 127.863 68.4397 139.326 69.4061 147.296
68.4397 139.326 76.2625 127.863 100.799 91.7716
76.2625 127.863 89.9046 113.622 100.799 91.7716
77.3454 111.197 67.3758 128.804 58.4295 139.992
58.4295 139.992 77.3454 111.197 96.5614 81.6086
150.192 131.115 153.628 123.073 156.118 120.508
159.577 103.654 150.914 97.9839 142.53 92.6367
60.7213 117.544 60.4986 113.666 61.1226 62.9819
63.2913 83.0417 60.7213 117.544 60.0365 133.875
60.7213 117.544 63.2913 83.0417 63.8191 67.762
63.2913 83.0417 63.4018 91.1979 63.7248 101.852
63.7248 101.852 63.2913 83.0417 63.8191 67.762
37.7851 62.7106 29.8789 67.9096 27.301 81.562
29.8789 67.9096 37.7851 62.7106 48.384 51.0833
27.4721 108.897 29.1771 116.4 17.7901 121.568
32.1184 90.2906 27.4721 108.897 17.7901 121.568
17.7901 121.568 32.1184 90.2906 36.416 80.9063
22.4325 128.111 26.721 129.424 32.1656 140.84
17.7901 121.568 22.4325 128.111 26.721 129.424
29.1771 116.4 17.7901 121.568 26.721 129.424
26.721 129.424 29.1771 116.4 33.8685 96.2289
46.7594 208.956 80.6517 208.076 69.2264 207.645
