5.6238 89.6266 15.728 90.0075 3.45321 92.6204
3.94673 87.431 5.6238 89.6266 3.45321 92.6204
1.99604 83.5624 3.94673 87.431 3.45321 92.6204
6.25992 81.593 6.27005 83.1149 1.99604 83.5624
21.0279 79.9045 8.32303 81.4576 6.25992 81.593
8.32018 78.5775 21.0279 79.9045 6.25992 81.593
8.32018 78.5775 6.25992 81.593 1.99604 83.5624
3.45321 92.6204 1.99604 83.5624 0.0765304 75.1523
1.99604 83.5624 8.32018 78.5775 0.0765304 75.1523
8.32018 78.5775 14.7666 77.0494 0.0765304 75.1523
19.3703 76.5527 14.7666 77.0494 8.32018 78.5775
13.0587 73.7848 19.3703 76.5527 14.7666 77.0494
13.3322 69.2229 13.0587 73.7848 19.3703 76.5527
8.9621 64.2776 10.7987 66.7009 13.3322 69.2229
19.3703 76.5527 13.3322 69.2229 2.23803 55.3688
13.3322 69.2229 8.9621 64.2776 2.23803 55.3688
8.9621 64.2776 1.65726 56.3406 2.23803 55.3688
21.3037 63.0089 26.195 64.7915 32.4251 68.1028
13.2336 59.9401 21.3037 63.0089 32.4251 68.1028
2.23803 55.3688 13.2336 59.9401 32.4251 68.1028
13.2336 59.9401 2.23803 55.3688 0.0933272 52.849
3.8375 61.7732 1.65726 56.3406 0.0933272 52.849
1.65726 56.3406 2.23803 55.3688 0.0933272 52.849
9.87724 67.8266 13.3322 69.2229 13.0587 73.7848
13.3322 69.2229 9.87724 67.8266 0.897011 64.0107
9.87724 67.8266 1.50042 66.2248 0.897011 64.0107
9.87724 67.8266 7.26534 68.0111 0.443866 69.8751
7.26534 68.0111 9.87724 67.8266 1.50042 66.2248
21.3037 63.0089 27.8111 64.2808 37.3454 66.4727
13.2336 59.9401 21.3037 63.0089 27.8111 64.2808
9.78453 57.7206 13.2336 59.9401 27.8111 64.2808
13.2336 59.9401 9.78453 57.7206 7.07659 56.1977
37.3454 66.4727 45.9845 69.5241 41.7358 69.9535
11.7991 57.5806 27.8111 64.2808 37.3454 66.4727
45.9845 69.5241 37.3454 66.4727 7.78002 55.8018
37.3454 66.4727 11.7991 57.5806 7.78002 55.8018
45.9845 69.5241 41.7358 69.9535 42.6891 71.0485
48.323 68.7806 45.9845 69.5241 42.6891 71.0485
44.5417 65.9218 48.323 68.7806 45.9845 69.5241
31.7921 62.8819 44.5417 65.9218 45.9845 69.5241
20.6204 58.6277 27.1634 59.2015 31.7921 62.8819
20.6204 58.6277 31.7921 62.8819 45.9845 69.5241
12.1314 52.6084 16.6168 54.363 20.6204 58.6277
4.95003 51.978 12.1314 52.6084 20.6204 58.6277
4.95003 51.978 20.6204 58.6277 45.9845 69.5241
8.35296 48.3126 4.95003 51.978 12.1314 52.6084
3.54434 41.8203 3.73709 44.4005 8.35296 48.3126
3.54434 41.8203 8.35296 48.3126 12.1314 52.6084
3.73709 44.4005 3.54434 41.8203 0.304639 29.1524
3.54434 41.8203 4.376 41.2789 0.304639 29.1524
13.4691 50.2726 16.6168 54.363 20.6204 58.6277
20.6204 58.6277 13.4691 50.2726 7.75216 42.6609
20.908 54.8848 20.6204 58.6277 27.1634 59.2015
17.449 50.3018 20.908 54.8848 20.6204 58.6277
13.5431 46.9319 17.449 50.3018 20.6204 58.6277
20.6204 58.6277 13.5431 46.9319 3.15985 30.5566
17.449 50.3018 22.5223 54.3776 27.385 58.2858
22.5223 54.3776 17.449 50.3018 13.5431 46.9319
21.723 52.8254 22.5223 54.3776 27.385 58.2858
22.5223 54.3776 21.723 52.8254 18.921 49.1092
32.3983 62.7363 31.7921 62.8819 44.5417 65.9218
25.3622 52.3165 32.3983 62.7363 31.7921 62.8819
31.7921 62.8819 25.3622 52.3165 19.6535 47.0496
48.0619 97.1123 42.084 98.2768 41.1885 98.8407
64.5165 93.184 48.0619 97.1123 41.1885 98.8407
68.7403 90.6907 72.6562 91.3371 64.5165 93.184
68.7403 90.6907 64.5165 93.184 48.0619 97.1123
66.1691 88.2059 68.7403 90.6907 72.6562 91.3371
62.889 85.2249 66.1691 88.2059 72.6562 91.3371
54.0503 76.304 54.0827 80.1244 62.889 85.2249
54.0503 76.304 62.889 85.2249 72.6562 91.3371
49.6305 71.5748 52.4938 75.7798 54.0503 76.304
49.6305 71.5748 54.0503 76.304 72.6562 91.3371
48.323 68.7806 49.6305 71.5748 72.6562 91.3371
12.8805 36.1896 44.5417 65.9218 48.323 68.7806
72.6562 91.3371 48.323 68.7806 5.92306 29.1864
48.323 68.7806 12.8805 36.1896 5.92306 29.1864
35.1796 61.343 34.8719 62.2955 39.3675 62.7559
25.4918 50.9254 35.1796 61.343 34.8719 62.2955
18.1961 43.1347 25.4918 50.9254 34.8719 62.2955
34.8719 62.2955 18.1961 43.1347 5.92306 29.1864
18.1961 43.1347 12.8805 36.1896 5.92306 29.1864
18.1961 43.1347 27.6106 50.7656 28.3065 51.4435
27.6106 50.7656 18.1961 43.1347 12.8805 36.1896
50.0341 74.8462 49.6305 71.5748 48.323 68.7806
59.7399 89.3387 38.8425 92.7046 20.322 96.6156
66.1691 88.2059 58.1744 89.0748 59.7399 89.3387
66.1691 88.2059 59.7399 89.3387 20.322 96.6156
58.1744 89.0748 66.1691 88.2059 62.889 85.2249
36.8857 95.7046 43.4926 94.076 66.1691 88.2059
43.4926 94.076 68.7403 90.6907 66.1691 88.2059
28.3065 51.4435 27.6106 50.7656 19.8857 42.9015
72.8918 87.8817 75.4674 89.4589 72.6562 91.3371
73.7787 87.6421 72.8918 87.8817 75.4674 89.4589
73.4853 84.9132 73.7787 87.6421 72.8918 87.8817
72.7034 74.1547 74.7069 79.117 73.4853 84.9132
72.7034 74.1547 73.4853 84.9132 72.8918 87.8817
74.2632 71.0137 72.7034 74.1547 74.7069 79.117
74.8336 68.3284 74.2632 71.0137 72.7034 74.1547
72.7034 74.1547 74.8336 68.3284 78.1438 58.7603
74.8336 68.3284 79.5571 64.3229 78.1438 58.7603
78.3702 76.2211 79.1636 69.3558 79.5571 64.3229
79.1636 69.3558 79.2962 68.5816 79.5571 64.3229
83.0779 76.2353 83.6524 78.3394 84.6403 81.0273
82.8294 75.3305 83.0779 76.2353 83.6524 78.3394
81.9214 70.8075 82.5962 71.6941 82.8294 75.3305
79.2962 68.5816 81.9214 70.8075 82.8294 75.3305
79.2962 68.5816 82.8294 75.3305 83.6524 78.3394
79.5571 64.3229 79.2962 68.5816 81.9214 70.8075
78.1438 58.7603 79.5571 64.3229 81.9214 70.8075
81.9214 70.8075 78.1438 58.7603 82.8732 55.3501
78.6601 81.9984 79.1636 69.3558 79.2962 68.5816
86.3239 84.3785 83.0779 76.2353 82.8294 75.3305
82.8732 55.3501 78.1438 58.7603 77.3386 59.2521
93.6137 50.7639 85.9494 54.1865 82.8732 55.3501
94.4139 50.2655 93.6137 50.7639 82.8732 55.3501
90.9429 48.3415 94.4139 50.2655 82.8732 55.3501
90.9429 48.3415 82.8732 55.3501 77.3386 59.2521
87.847 46.9689 88.9768 48.0712 90.9429 48.3415
87.9386 46.4764 87.847 46.9689 90.9429 48.3415
87.9386 46.4764 90.9429 48.3415 94.4139 50.2655
75.6653 41.76 70.3772 41.794 87.9386 46.4764
67.2002 35.2841 75.6653 41.76 87.9386 46.4764
61.9949 32.1087 67.2002 35.2841 87.9386 46.4764
60.9449 30.4381 61.9949 32.1087 87.9386 46.4764
60.9449 30.4381 87.9386 46.4764 94.4139 50.2655
58.3134 29.1815 60.9449 30.4381 61.9949 32.1087
60.9449 30.4381 58.3134 29.1815 56.3674 28.1296
84.8023 68.7647 88.1237 71.2498 89.7299 81.2659
84.8023 68.7647 89.7299 81.2659 91.2224 85.3383
84.9118 66.7485 84.8023 68.7647 88.1237 71.2498
93.9113 51.8588 84.9118 66.7485 88.1237 71.2498
88.1237 71.2498 93.9113 51.8588 94.4139 50.2655
93.9113 51.8588 93.6137 50.7639 94.4139 50.2655
93.3623 87.384 75.4674 89.4589 72.6562 91.3371
93.3623 87.384 72.6562 91.3371 64.5165 93.184
75.4674 89.4589 93.3623 87.384 87.7285 87.0235
68.0174 96.7897 67.9479 97.9036 65.1474 98.1586
76.2753 91.65 68.0174 96.7897 65.1474 98.1586
87.8094 89.2758 76.2753 91.65 68.0174 96.7897
90.1041 88.578 87.8094 89.2758 68.0174 96.7897
87.8094 89.2758 90.1041 88.578 93.3623 87.384
90.1041 88.578 93.6059 87.8939 93.3623 87.384
93.7248 89.1216 84.7869 94.5162 77.55 96.251
84.7869 94.5162 93.7248 89.1216 99.5667 85.9939
93.7248 89.1216 93.6059 87.8939 99.5667 85.9939
93.6059 87.8939 93.3623 87.384 99.5667 85.9939
93.3623 87.384 87.7285 87.0235 99.5667 85.9939
87.7285 87.0235 80.1453 86.8927 99.5667 85.9939
90.1041 88.578 88.1868 89.8029 79.0649 95.035
88.1868 89.8029 90.1041 88.578 93.6059 87.8939
93.7248 89.1216 92.649 89.453 90.1439 90.1007
90.1439 90.1007 93.7248 89.1216 93.6059 87.8939
66.2778 75.7511 64.3427 77.6236 63.7305 79.829
69.2326 71.0702 66.2778 75.7511 63.7305 79.829
69.1774 70.2098 69.2326 71.0702 66.2778 75.7511
72.1839 65.0324 69.1774 70.2098 69.2326 71.0702
76.337 56.8039 72.1839 65.0324 69.2326 71.0702
88.9768 48.0712 90.9429 48.3415 86.9813 48.3452
76.2629 47.4418 88.9768 48.0712 86.9813 48.3452
76.2629 47.4418 86.9813 48.3452 79.6954 51.8358
76.2629 47.4418 79.6954 51.8358 76.337 56.8039
76.2629 47.4418 76.337 56.8039 72.1839 65.0324
88.9768 48.0712 76.2629 47.4418 43.266 45.6405
76.2629 47.4418 54.8797 46.7589 43.266 45.6405
79.6954 51.8358 80.4173 52.5943 80.4211 54.9237
80.4173 52.5943 79.6954 51.8358 86.9813 48.3452
43.3723 53.2857 48.8963 54.7893 64.8146 60.928
43.3723 53.2857 64.8146 60.928 70.1982 62.9644
44.0442 48.523 43.3723 53.2857 48.8963 54.7893
45.6351 47.8182 45.7916 47.9002 44.0442 48.523
43.3723 53.2857 44.0442 48.523 43.266 45.6405
44.0442 48.523 45.6351 47.8182 43.266 45.6405
45.6351 47.8182 47.6142 47.266 43.266 45.6405
47.6142 47.266 54.8797 46.7589 43.266 45.6405
72.9438 52.3878 73.6908 52.4992 72.5443 55.4021
70.1657 49.0001 72.9438 52.3878 72.5443 55.4021
70.1657 49.0001 72.5443 55.4021 72.8387 56.2562
76.2629 47.4418 57.3265 47.5927 70.1657 49.0001
76.2629 47.4418 70.1657 49.0001 72.9438 52.3878
57.3265 47.5927 76.2629 47.4418 54.8797 46.7589
76.337 56.8039 76.8776 57.3638 70.6283 74.028
76.337 56.8039 70.6283 74.028 69.6067 76.972
76.8776 57.3638 76.337 56.8039 79.6954 51.8358
56.0634 71.4536 64.3427 77.6236 63.7305 79.829
45.0069 59.8571 56.0634 71.4536 63.7305 79.829
63.7305 79.829 45.0069 59.8571 41.1295 55.7282
45.0069 59.8571 49.7093 58.6389 41.1295 55.7282
68.6112 63.639 49.7093 58.6389 41.1295 55.7282
57.8505 69.8804 56.0634 71.4536 64.3427 77.6236
64.3427 77.6236 57.8505 69.8804 52.4834 63.1704
57.8505 69.8804 55.8331 67.7758 52.4834 63.1704
50.7447 63.137 55.8331 67.7758 57.8505 69.8804
55.8331 67.7758 50.7447 63.137 47.8074 59.939
44.0442 48.523 45.7916 47.9002 49.173 47.6139
64.8146 60.928 64.4193 56.9677 57.7952 56.1754
64.4193 56.9677 64.8146 60.928 70.1982 62.9644
55.1514 50.9971 60.433 54.856 64.4193 56.9677
58.5857 49.9159 53.9434 50.5744 55.1514 50.9971
58.5857 49.9159 55.1514 50.9971 64.4193 56.9677
58.5857 49.9159 64.4193 56.9677 70.1982 62.9644
53.9434 50.5744 58.5857 49.9159 49.2663 49.18
65.8283 54.0482 66.9955 54.8581 69.1565 57.375
62.6855 51.4602 65.8283 54.0482 69.1565 57.375
68.5448 50.4693 62.6855 51.4602 65.8283 54.0482
58.5857 49.9159 68.5448 50.4693 62.6855 51.4602
68.5448 50.4693 58.5857 49.9159 49.2663 49.18
74.8669 45.6175 87.9386 46.4764 87.847 46.9689
74.6202 45.3432 64.2515 45.4304 74.8669 45.6175
74.6202 45.3432 74.8669 45.6175 87.9386 46.4764
58.0261 43.8688 74.6202 45.3432 87.9386 46.4764
32.2236 39.5678 33.5455 42.126 58.0261 43.8688
32.2236 39.5678 58.0261 43.8688 87.9386 46.4764
87.9386 46.4764 32.2236 39.5678 18.5207 37.8141
28.7128 47.6964 43.6478 60.54 49.0734 67.5113
49.0734 67.5113 28.7128 47.6964 18.5207 37.8141
28.7128 47.6964 26.7585 45.3274 18.5207 37.8141
26.7585 45.3274 26.7176 43.4704 18.5207 37.8141
26.7176 43.4704 32.2236 39.5678 18.5207 37.8141
33.7057 42.4876 33.5455 42.126 32.2236 39.5678
37.4949 52.5851 38.8339 54.3872 43.6478 60.54
37.4949 52.5851 43.6478 60.54 49.0734 67.5113
49.0734 67.5113 37.4949 52.5851 33.2779 46.6993
48.7485 39.4097 70.3772 41.794 87.9386 46.4764
41.2468 38.5902 48.7485 39.4097 87.9386 46.4764
13.2099 33.8898 41.2468 38.5902 87.9386 46.4764
15.128 33.0863 13.2099 33.8898 41.2468 38.5902
26.5636 32.8886 15.128 33.0863 41.2468 38.5902
26.8061 32.7762 26.5636 32.8886 15.128 33.0863
23.4684 30.9437 26.8061 32.7762 15.128 33.0863
25.0975 29.2744 27.4254 30.2 23.4684 30.9437
25.0975 29.2744 23.4684 30.9437 15.128 33.0863
15.128 33.0863 25.0975 29.2744 38.1367 23.9966
25.0975 29.2744 38.5531 24.311 38.1367 23.9966
36.477 35.3043 26.5636 32.8886 26.8061 32.7762
23.4684 30.9437 28.4847 31.1239 31.6243 31.2505
28.4847 31.1239 23.4684 30.9437 27.4254 30.2
56.0842 33.2291 57.9972 36.2223 62.6187 36.5282
40.2157 30.0387 49.1535 32.4364 56.0842 33.2291
38.5531 24.311 40.2157 30.0387 56.0842 33.2291
38.5531 24.311 56.0842 33.2291 62.6187 36.5282
62.6187 36.5282 38.5531 24.311 38.1367 23.9966
11.6449 24.8018 15.128 33.0863 13.2099 33.8898
2.98786 24.0631 11.6449 24.8018 13.2099 33.8898
13.2099 33.8898 2.98786 24.0631 1.01506 22.3687
2.79565 18.3071 4.58018 21.7011 2.98786 24.0631
2.98786 24.0631 2.79565 18.3071 2.4082 14.6914
4.58018 21.7011 2.98786 24.0631 11.6449 24.8018
8.87601 21.4261 4.58018 21.7011 11.6449 24.8018
9.52166 21.3467 8.87601 21.4261 11.6449 24.8018
21.4712 18.5371 9.52166 21.3467 8.87601 21.4261
8.87601 21.4261 21.4712 18.5371 28.6326 16.7737
21.4712 18.5371 40.6164 16.9827 28.6326 16.7737
40.6164 16.9827 60.9617 16.8348 28.6326 16.7737
23.3 20.0101 30.0759 18.5599 40.6164 16.9827
30.0759 18.5599 21.4712 18.5371 40.6164 16.9827
5.26302 9.50582 8.87601 21.4261 4.58018 21.7011
8.87601 21.4261 5.26302 9.50582 3.30552 1.71613
40.6164 16.9827 54.2287 17.7409 65.742 18.2373
60.9617 16.8348 40.6164 16.9827 65.742 18.2373
67.6707 16.6502 60.9617 16.8348 65.742 18.2373
67.6707 16.6502 65.742 18.2373 62.629 21.084
60.9617 16.8348 67.6707 16.6502 89.1282 15.336
89.1282 15.336 56.0691 15.4493 63.6454 15.4642
56.0691 15.4493 89.1282 15.336 78.9073 15.2914
88.6643 19.1829 89.6645 19.6876 95.8457 34.3113
67.6707 16.6502 78.8336 18.0101 86.8484 18.3789
89.1282 15.336 67.6707 16.6502 86.8484 18.3789
89.1282 15.336 86.8484 18.3789 88.6643 19.1829
89.1282 15.336 88.6643 19.1829 89.6645 19.6876
80.8775 14.8972 78.9073 15.2914 89.1282 15.336
92.7088 14.6285 80.8775 14.8972 89.1282 15.336
92.7088 14.6285 89.1282 15.336 89.6645 19.6876
92.9653 14.4029 92.7088 14.6285 80.8775 14.8972
74.5877 13.8068 92.9653 14.4029 80.8775 14.8972
63.5051 13.4122 74.5877 13.8068 92.9653 14.4029
92.9653 14.4029 63.5051 13.4122 53.7758 13.0819
53.9054 23.5331 61.7982 28.2628 73.9848 35.8542
53.3825 22.3511 53.9054 23.5331 61.7982 28.2628
47.6875 20.4367 53.3825 22.3511 53.9054 23.5331
53.9054 23.5331 47.6875 20.4367 40.6164 16.9827
47.6875 20.4367 47.1247 18.8996 40.6164 16.9827
47.1247 18.8996 54.2287 17.7409 40.6164 16.9827
82.6032 37.3081 86.4608 43.0484 85.3275 43.2705
79.6629 34.6658 82.6032 37.3081 85.3275 43.2705
85.3275 43.2705 79.6629 34.6658 67.6707 16.6502
79.6629 34.6658 75.3366 27.1123 67.6707 16.6502
75.3366 27.1123 74.8391 18.1467 67.6707 16.6502
74.8391 18.1467 78.8336 18.0101 67.6707 16.6502
89.55 31.8526 93.1237 41.6127 98.7142 56.5746
89.0607 31.0577 89.55 31.8526 93.1237 41.6127
84.5355 22.8934 87.5299 28.8483 89.0607 31.0577
84.5355 22.8934 89.0607 31.0577 89.55 31.8526
87.5299 28.8483 84.5355 22.8934 78.8336 18.0101
84.5355 22.8934 86.8484 18.3789 78.8336 18.0101
92.178 33.8012 90.6368 29.6977 86.8484 18.3789
90.6368 29.6977 88.4411 25.4156 86.8484 18.3789
88.4411 25.4156 84.5355 22.8934 86.8484 18.3789
92.7294 21.0378 92.7088 14.6285 92.9653 14.4029
34.6807 14.3769 12.7477 14.9821 9.08523 15.3994
63.5051 13.4122 34.6807 14.3769 9.08523 15.3994
53.7758 13.0819 63.5051 13.4122 34.6807 14.3769
55.1972 12.33 53.7758 13.0819 34.6807 14.3769
59.5648 11.6611 55.1972 12.33 53.7758 13.0819
76.2296 7.5091 69.0422 9.10976 59.5648 11.6611
83.2638 5.97826 76.2296 7.5091 59.5648 11.6611
83.2638 5.97826 59.5648 11.6611 53.7758 13.0819
76.2296 7.5091 83.2638 5.97826 82.5236 4.41161
77.8613 10.5339 72.4232 10.8407 87.5049 11.0803
81.6378 9.61141 77.8613 10.5339 87.5049 11.0803
83.2638 5.97826 81.6378 9.61141 87.5049 11.0803
87.5049 11.0803 83.2638 5.97826 82.5236 4.41161
67.169 9.49451 69.0422 9.10976 76.2296 7.5091
29.1062 15.7468 19.886 16.0663 8.45171 16.3677
63.6454 15.4642 29.1062 15.7468 19.886 16.0663
56.0691 15.4493 63.6454 15.4642 29.1062 15.7468
53.2788 15.208 56.0691 15.4493 29.1062 15.7468
53.2835 14.4155 53.2788 15.208 29.1062 15.7468
29.1062 15.7468 53.2835 14.4155 59.4381 14.0365
12.5927 6.59965 12.7477 14.9821 9.08523 15.3994
12.6199 5.32313 24.3163 5.43536 12.5927 6.59965
12.6199 5.32313 12.5927 6.59965 9.08523 15.3994
8.46474 2.15516 12.6199 5.32313 9.08523 15.3994
8.77159 0.820135 74.0833 1.23725 17.3732 1.67163
8.77159 0.820135 17.3732 1.67163 8.46474 2.15516
9.08523 15.3994 8.46474 2.15516 8.2079 0.138022
8.46474 2.15516 8.77159 0.820135 8.2079 0.138022
8.77159 0.820135 44.4028 0.340401 8.2079 0.138022
32.5162 3.36869 20.2158 2.67738 8.46474 2.15516
31.8554 2.87818 42.9123 3.77509 50.3878 4.95616
8.46474 2.15516 20.2158 2.67738 31.8554 2.87818
42.9123 3.77509 31.8554 2.87818 17.3732 1.67163
31.8554 2.87818 8.46474 2.15516 17.3732 1.67163
8.77159 0.820135 44.4028 0.340401 69.345 0.0612702
44.4028 0.340401 46.7399 0.210341 69.345 0.0612702
76.3681 1.49773 45.6442 1.63963 77.9386 1.64652
74.0833 1.23725 76.3681 1.49773 77.9386 1.64652
92.2884 0.322497 8.77159 0.820135 74.0833 1.23725
92.2884 0.322497 74.0833 1.23725 77.9386 1.64652
92.2884 0.322497 77.9386 1.64652 82.4514 2.67809
92.2884 0.322497 82.4514 2.67809 75.7172 4.70197
8.77159 0.820135 92.2884 0.322497 98.3305 0.250805
50.3878 4.95616 42.9123 3.77509 42.9342 3.3071
12.5927 6.59965 24.3163 5.43536 34.6216 4.5643
36.1556 11.7834 34.6807 14.3769 12.7477 14.9821
29.093 11.7806 36.1556 11.7834 12.7477 14.9821
17.5836 11.0194 29.093 11.7806 12.7477 14.9821
24.8299 6.67657 28.5802 8.92652 17.5836 11.0194
12.7477 14.9821 17.5836 11.0194 21.2021 6.43309
17.5836 11.0194 24.8299 6.67657 21.2021 6.43309
24.8299 6.67657 26.1403 6.51668 21.2021 6.43309
24.8299 6.67657 26.1403 6.51668 48.5188 6.14195
47.5075 7.36008 17.5836 11.0194 29.093 11.7806
17.5836 11.0194 47.5075 7.36008 60.2772 5.69479
36.1556 11.7834 29.093 11.7806 52.9682 8.51293
61.1158 9.19648 59.5648 11.6611 55.1972 12.33
61.7912 8.75648 61.1158 9.19648 59.5648 11.6611
61.1158 9.19648 61.7912 8.75648 61.3543 2.43981
67.4633 10.7657 72.4232 10.8407 87.5049 11.0803
72.0663 10.5949 67.4633 10.7657 72.4232 10.8407
68.8881 10.4575 72.0663 10.5949 67.4633 10.7657
67.4633 10.7657 68.8881 10.4575 77.4447 8.36102
89.0607 31.0577 87.5299 28.8483 82.1318 24.8979
86.4608 43.0484 82.6032 37.3081 81.4102 34.9134
86.4608 43.0484 85.3275 43.2705 88.2629 44.9595
88.0707 42.3574 86.4608 43.0484 88.2629 44.9595
88.4194 35.2784 88.0707 42.3574 88.2629 44.9595
84.5633 35.1598 88.4194 35.2784 88.0707 42.3574
79.6925 30.263 84.5633 35.1598 88.4194 35.2784
84.5633 35.1598 79.6925 30.263 78.76 29.5169
88.2629 44.9595 85.3275 43.2705 72.0853 35.8097
61.7982 28.2628 64.5914 26.9762 62.975 26.4353
64.5914 26.9762 61.7982 28.2628 73.9848 35.8542
65.6135 26.1437 64.5914 26.9762 73.9848 35.8542
70.5871 25.9136 65.6135 26.1437 73.9848 35.8542
73.9848 35.8542 70.5871 25.9136 69.2158 21.765
62.6187 36.5282 57.9972 36.2223 45.9696 35.8037
56.0842 33.2291 49.1535 32.4364 46.5625 32.2739
34.2137 28.4703 40.2157 30.0387 49.1535 32.4364
40.2157 30.0387 34.2137 28.4703 35.7667 27.6033
27.4254 30.2 25.0975 29.2744 26.1104 29.2047
36.0689 33.6124 31.6243 31.2505 29.7491 28.1517
31.6243 31.2505 28.4847 31.1239 29.7491 28.1517
42.4036 38.2066 41.2468 38.5902 48.7485 39.4097
41.2746 37.5805 42.4036 38.2066 48.7485 39.4097
48.7485 39.4097 41.2746 37.5805 35.9896 35.8294
60.1638 39.0492 75.6653 41.76 70.3772 41.794
75.6653 41.76 60.1638 39.0492 54.8463 37.983
50.3053 25.2296 61.9949 32.1087 67.2002 35.2841
61.9949 32.1087 50.3053 25.2296 40.0557 18.6311
50.3053 25.2296 41.0721 22.5709 40.0557 18.6311
41.0721 22.5709 31.0934 22.1977 40.0557 18.6311
31.0934 22.1977 23.628 24.1994 24.5801 26.6025
31.0934 22.1977 24.5801 26.6025 21.7071 28.6575
23.628 24.1994 31.0934 22.1977 40.0557 18.6311
22.5066 23.9111 23.628 24.1994 24.5801 26.6025
23.628 24.1994 22.5066 23.9111 28.7573 22.2074
20.092 24.4596 19.9872 27.2885 19.568 29.7024
22.5066 23.9111 20.092 24.4596 19.9872 27.2885
20.092 24.4596 22.5066 23.9111 28.7573 22.2074
90.2172 69.2196 88.1237 71.2498 89.7299 81.2659
88.1237 71.2498 90.2172 69.2196 94.3857 64.6175
90.2172 69.2196 91.3657 68.8964 94.3857 64.6175
92.8246 74.4285 93.0781 78.9976 89.7299 81.2659
93.0781 78.9976 92.8246 74.4285 93.6811 70.2288
93.0781 78.9976 89.7299 81.2659 91.2224 85.3383
97.5406 69.6581 93.0781 78.9976 91.2224 85.3383
99.1126 65.9244 97.5406 69.6581 91.2224 85.3383
97.081 61.6938 99.1126 65.9244 97.5406 69.6581
99.1126 65.9244 97.081 61.6938 94.1561 54.9978
97.081 61.6938 95.5613 61.3716 94.1561 54.9978
84.8023 68.7647 84.9118 66.7485 85.4165 54.7951
84.9118 66.7485 88.4466 57.4907 85.4165 54.7951
84.9118 66.7485 88.4466 57.4907 89.4333 55.7098
88.4466 57.4907 88.7352 56.3601 89.4333 55.7098
73.4853 84.9132 74.7069 79.117 76.0163 78.9176
77.55 96.251 84.7869 94.5162 94.811 92.9132
86.7136 97.4067 67.9479 97.9036 65.1474 98.1586
67.9479 97.9036 86.7136 97.4067 93.3091 96.993
82.8873 98.8812 86.7136 97.4067 93.3091 96.993
42.084 98.2768 48.0619 97.1123 46.2096 96.251
20.322 96.6156 38.8425 92.7046 47.6248 90.7033
52.3636 88.6098 58.1744 89.0748 59.7399 89.3387
58.1744 89.0748 52.3636 88.6098 55.9685 87.1006
52.3636 88.6098 46.122 88.5843 55.9685 87.1006
52.3636 88.6098 42.7039 89.3326 34.3636 89.7237
34.3636 89.7237 52.3636 88.6098 46.122 88.5843
23.4517 91.5363 42.7039 89.3326 52.3636 88.6098
62.889 85.2249 54.0827 80.1244 38.8014 72.0902
8.32303 81.4576 21.0279 79.9045 23.9026 79.8052
6.25992 81.593 8.32303 81.4576 20.409 80.7971
37.7669 81.0809 6.27005 83.1149 1.99604 83.5624
38.0168 81.0636 37.7669 81.0809 1.99604 83.5624
36.3716 77.538 38.0168 81.0636 37.7669 81.0809
37.1099 77.3267 36.3716 77.538 38.0168 81.0636
36.9253 75.5617 37.1099 77.3267 38.0168 81.0636
18.1131 66.6459 36.9253 75.5617 37.1099 77.3267
36.9253 75.5617 18.1131 66.6459 14.8775 64.9773
36.3716 77.538 27.9767 78.8907 31.8812 79.2623
27.9767 78.8907 36.3716 77.538 37.1099 77.3267
31.8812 79.2623 32.0248 80.0262 29.2744 81.0181
27.9767 78.8907 31.8812 79.2623 29.2744 81.0181
25.9296 75.6908 27.798 76.8102 27.9767 78.8907
25.9296 75.6908 27.9767 78.8907 29.2744 81.0181
27.798 76.8102 25.9296 75.6908 17.3002 68.2146
29.2744 81.0181 32.0248 80.0262 32.9008 79.86
7.26135 86.9014 3.94673 87.431 5.6238 89.6266
13.2164 85.6863 7.26135 86.9014 3.94673 87.431
16.96 84.7493 15.9465 85.5681 13.2164 85.6863
16.96 84.7493 13.2164 85.6863 3.94673 87.431
15.9465 85.5681 16.96 84.7493 19.9386 83.5718
16.96 84.7493 15.271 83.8966 19.9386 83.5718
10.4137 87.2762 13.2164 85.6863 15.9465 85.5681
7.63658 89.1994 5.6238 89.6266 15.728 90.0075
12.8569 88.9408 7.63658 89.1994 15.728 90.0075
34.0474 83.6455 12.8569 88.9408 15.728 90.0075
15.728 90.0075 34.0474 83.6455 35.9556 83.023
16.6097 86.4651 20.319 85.8577 35.9556 83.023
20.319 85.8577 34.0474 83.6455 35.9556 83.023
7.63658 89.1994 12.8569 88.9408 12.7656 88.5075
16.6065 89.8686 15.728 90.0075 3.45321 92.6204
18.5438 89.832 16.6065 89.8686 3.45321 92.6204
24.7063 89.3224 18.5438 89.832 3.45321 92.6204
35.9609 87.9776 24.7063 89.3224 3.45321 92.6204
3.45321 92.6204 35.9609 87.9776 57.9853 84.9203
35.9609 87.9776 38.7105 87.5446 57.9853 84.9203
40.6433 83.8155 35.9609 87.9776 24.7063 89.3224
35.9609 87.9776 40.6433 83.8155 45.3605 81.4033
