-23.4728 -19.34 -29.5057 -13.9286 -40.1537 -10.593
-13.9029 -28.2632 -20.7186 -19.3465 -23.4728 -19.34
-13.9029 -28.2632 -23.4728 -19.34 -40.1537 -10.593
-9.79211 -30.0585 13.1435 -28.551 -2.61835 -28.4964
-9.79211 -30.0585 -2.61835 -28.4964 -13.9029 -28.2632
-9.86367 -32.5148 -2.95075 -31.9496 -9.79211 -30.0585
-9.86367 -32.5148 -9.79211 -30.0585 -13.9029 -28.2632
-9.86367 -32.5148 -13.9029 -28.2632 -40.1537 -10.593
-9.86367 -32.5148 -40.1537 -10.593 -49.5881 -3.98156
-6.78423 -33.1359 -9.86367 -32.5148 -2.95075 -31.9496
6.89406 -36.3462 -6.78423 -33.1359 -9.86367 -32.5148
22.3487 -38.6041 15.6737 -36.4149 6.89406 -36.3462
-9.86367 -32.5148 6.89406 -36.3462 17.3442 -38.8183
6.89406 -36.3462 22.3487 -38.6041 17.3442 -38.8183
-40.512 -7.64502 -44.1104 -4.2878 -46.846 -1.91919
-44.1104 -4.2878 -40.512 -7.64502 -29.5057 -13.9286
-40.512 -7.64502 -40.1537 -10.593 -29.5057 -13.9286
-24.121 -8.06365 -28.2849 -7.04175 -34.4554 -5.9117
-38.1761 -1.34279 -34.4554 -5.9117 -29.5057 -13.9286
-34.4554 -5.9117 -24.121 -8.06365 -29.5057 -13.9286
-24.121 -8.06365 -26.9206 38.0204 -26.8214 40.6177
-26.8214 40.6177 -24.121 -8.06365 -23.4728 -19.34
-24.121 -8.06365 -29.5057 -13.9286 -23.4728 -19.34
-35.754 2.85654 -37.3609 6.90326 -41.1622 13.5057
-38.2856 2.01027 -47.7575 2.79834 -35.754 2.85654
-35.5317 0.573689 -38.2856 2.01027 -35.754 2.85654
-32.6817 -3.58993 -35.5317 0.573689 -35.754 2.85654
-32.6817 -3.58993 -35.754 2.85654 -37.3609 6.90326
-37.3609 6.90326 -32.6817 -3.58993 -28.2849 -7.04175
-32.6817 -3.58993 -34.4554 -5.9117 -28.2849 -7.04175
-31.0467 5.9354 -34.4125 20.5071 -34.3184 23.6427
-30.5374 3.61845 -31.0467 5.9354 -34.4125 20.5071
-28.2849 -7.04175 -24.6923 -5.29229 -30.5374 3.61845
-28.2849 -7.04175 -30.5374 3.61845 -34.4125 20.5071
-24.6923 -5.29229 -28.2849 -7.04175 -24.121 -8.06365
-31.2219 11.3226 -31.0467 5.9354 -30.5374 3.61845
-23.0816 36.6723 -18.2298 36.9652 -17.1234 37.5916
-23.0816 36.6723 -17.1234 37.5916 -10.0955 38.9445
-23.0099 31.8125 -23.0816 36.6723 -18.2298 36.9652
-23.9269 23.0006 -23.0099 31.8125 -23.0816 36.6723
-24.3386 19.4555 -23.9269 23.0006 -23.0816 36.6723
-21.2418 12.0886 -24.3386 19.4555 -23.9269 23.0006
-23.6092 9.30779 -21.2418 12.0886 -24.3386 19.4555
-24.0198 5.43329 -23.6092 9.30779 -24.3386 19.4555
-23.4728 -19.34 -24.0198 5.43329 -24.3386 19.4555
-24.0198 5.43329 -23.4728 -19.34 -20.7186 -19.3465
-17.3574 -17.943 -20.7186 -19.3465 -13.9029 -28.2632
-13.9029 -28.2632 9.93636 -22.4497 17.987 -20.4494
9.93636 -22.4497 -13.9029 -28.2632 -2.61835 -28.4964
-2.61835 -28.4964 -0.114582 -28.4052 10.743 -25.9464
-0.114582 -28.4052 -2.61835 -28.4964 13.1435 -28.551
13.1435 -28.551 20.3482 -28.3284 18.5999 -26.9655
20.3482 -28.3284 13.1435 -28.551 -9.79211 -30.0585
7.57389 -35.1975 6.89406 -36.3462 15.6737 -36.4149
-3.79186 -30.022 15.6737 -36.4149 22.3487 -38.6041
27.8333 -16.0271 28.5403 -12.7505 27.7725 -10.4843
27.4127 -26.2517 30.0257 -25.2739 27.8333 -16.0271
27.4127 -26.2517 27.8333 -16.0271 27.7725 -10.4843
30.9573 -27.2393 27.4127 -26.2517 30.0257 -25.2739
25.9167 -30.9063 30.9573 -27.2393 27.4127 -26.2517
27.4127 -26.2517 25.9167 -30.9063 22.3487 -38.6041
25.9167 -30.9063 26.3077 -31.0112 22.3487 -38.6041
26.3077 -31.0112 38.2272 -29.4529 38.4355 -27.6578
22.3487 -38.6041 26.3077 -31.0112 38.2272 -29.4529
12.1226 -39.9126 17.3442 -38.8183 22.3487 -38.6041
15.5336 -40.8817 12.1226 -39.9126 22.3487 -38.6041
38.2272 -29.4529 22.3487 -38.6041 17.7261 -41.3238
22.3487 -38.6041 15.5336 -40.8817 17.7261 -41.3238
38.085 20.3485 37.7643 23.3203 35.3183 34.0413
34.5349 19.9861 38.085 20.3485 35.3183 34.0413
33.3748 14.586 34.5349 19.9861 35.3183 34.0413
32.323 13.3552 33.3748 14.586 35.3183 34.0413
28.5403 -12.7505 31.2139 -7.55805 30.4923 -1.87369
28.5403 -12.7505 30.4923 -1.87369 32.323 13.3552
28.5403 -12.7505 32.323 13.3552 35.3183 34.0413
31.2139 -7.55805 28.5403 -12.7505 27.8333 -16.0271
38.2109 -15.9339 36.0027 -6.09738 32.5643 8.38778
31.6735 -17.2492 46.3913 -16.288 43.5463 -16.2735
31.6735 -17.2492 43.5463 -16.2735 38.2109 -15.9339
31.6735 -17.2492 38.2109 -15.9339 32.5643 8.38778
30.9573 -27.2393 35.6305 -24.1506 31.6735 -17.2492
30.9573 -27.2393 31.6735 -17.2492 32.5643 8.38778
35.6305 -24.1506 30.9573 -27.2393 25.9167 -30.9063
40.405 -15.8041 37.828 -8.59985 35.434 -1.35281
38.2109 -15.9339 40.405 -15.8041 37.828 -8.59985
40.405 -15.8041 38.2109 -15.9339 43.5463 -16.2735
43.5463 -16.2735 42.023 -9.88488 39.3128 -2.84468
42.023 -9.88488 43.5463 -16.2735 46.3913 -16.288
-6.82935 -40.2537 9.85895 -40.7373 17.7261 -41.3238
9.85895 -40.7373 15.5336 -40.8817 17.7261 -41.3238
9.85895 -40.7373 -11.1752 -38.0528 -16.1905 -37.433
-11.1752 -38.0528 9.85895 -40.7373 15.5336 -40.8817
-39.6592 -22.3538 -41.4921 -19.1906 -47.4591 -14.3161
-38.5791 -23.4857 -39.6592 -22.3538 -47.4591 -14.3161
-30.1128 -23.6381 -38.5791 -23.4857 -39.6592 -22.3538
-24.6846 -24.2577 -30.1128 -23.6381 -39.6592 -22.3538
-34.9942 -26.1779 -24.6846 -24.2577 -30.1128 -23.6381
-39.7569 -28.3255 -33.5383 -26.24 -34.9942 -26.1779
-39.7569 -28.3255 -34.9942 -26.1779 -30.1128 -23.6381
-40.5974 -28.6493 -39.7569 -28.3255 -30.1128 -23.6381
-26.9144 -31.6242 -40.5974 -28.6493 -39.7569 -28.3255
-40.5974 -28.6493 -26.9144 -31.6242 15.5336 -40.8817
-26.9144 -31.6242 12.1226 -39.9126 15.5336 -40.8817
-41.4937 -17.2079 -41.4921 -19.1906 -39.6592 -22.3538
17.3442 -38.8183 -6.94349 -34.4271 -8.65628 -34.0862
-6.94349 -34.4271 17.3442 -38.8183 12.1226 -39.9126
-45.0655 -21.6053 -38.5791 -23.4857 -40.1813 -24.4975
-38.5791 -23.4857 -30.1128 -23.6381 -40.1813 -24.4975
-7.51399 -38.0863 -11.1752 -38.0528 -16.1905 -37.433
-7.51399 -38.0863 -16.1905 -37.433 -25.7985 -36.5605
-11.1752 -38.0528 -7.51399 -38.0863 6.89173 -39.2915
-35.0079 -35.3514 -7.51399 -38.0863 6.89173 -39.2915
-10.2178 -41.5874 -16.1905 -37.433 -25.7985 -36.5605
5.01369 -47.591 -10.2178 -41.5874 -25.7985 -36.5605
11.888 -48.3523 5.01369 -47.591 -10.2178 -41.5874
5.01369 -47.591 11.888 -48.3523 9.98346e-05 -49.6738
38.2272 -29.4529 38.4355 -27.6578 39.5489 -23.9481
39.5489 -23.9481 38.2272 -29.4529 39.3291 -29.9856
43.6084 0.226052 33.3748 14.586 34.5349 19.9861
34.5349 19.9861 43.6084 0.226052 48.0051 -9.34861
38.085 20.3485 34.5349 19.9861 44.6249 19.4186
-9.79211 -30.0585 -2.95075 -31.9496 4.87317 -33.9251
-16.2596 -9.40977 -24.0198 5.43329 -23.6092 9.30779
3.05914 -16.6146 -4.72199 -15.8191 -10.6668 -15.7918
8.03469 -20.2795 3.05914 -16.6146 -10.6668 -15.7918
-24.0198 5.43329 -16.2596 -9.40977 -10.8551 -21.9762
-16.2596 -9.40977 -10.6668 -15.7918 -10.8551 -21.9762
-10.6668 -15.7918 8.03469 -20.2795 -10.8551 -21.9762
4.23528 11.6054 2.19111 13.3291 5.41258 14.3809
7.13637 7.94302 4.23528 11.6054 5.41258 14.3809
16.173 -19.9457 11.1777 -17.5551 13.3993 -17.079
16.173 -19.9457 13.3993 -17.079 7.13637 7.94302
16.173 -19.9457 7.13637 7.94302 5.41258 14.3809
8.03469 -20.2795 16.173 -19.9457 11.1777 -17.5551
16.173 -19.9457 8.03469 -20.2795 -10.8551 -21.9762
-16.307 -5.83213 -14.9229 -7.92989 -16.2596 -9.40977
-17.4352 8.0331 -16.7661 5.67622 -10.6668 -15.7918
-16.7661 5.67622 -14.745 -1.51714 -10.6668 -15.7918
-14.745 -1.51714 -14.9229 -7.92989 -10.6668 -15.7918
-14.9229 -7.92989 -16.2596 -9.40977 -10.6668 -15.7918
0.0492471 -7.62854 -11.609 0.970546 -13.4168 2.26948
5.05171 -9.21421 0.0492471 -7.62854 -11.609 0.970546
-1.28297 -10.2056 5.05171 -9.21421 0.0492471 -7.62854
-5.70678 -13.4545 -1.28297 -10.2056 5.05171 -9.21421
-1.28297 -10.2056 -5.70678 -13.4545 -10.6668 -15.7918
-10.6668 -15.7918 -5.70678 -13.4545 -2.16201 -13.0313
-2.16201 -13.0313 -10.6668 -15.7918 -4.72199 -15.8191
7.08455 -14.7677 -4.72199 -15.8191 3.05914 -16.6146
-7.23476 10.4773 2.19111 13.3291 5.41258 14.3809
2.19111 13.3291 -7.23476 10.4773 -4.96389 8.78276
-10.3914 18.6761 -14.6025 20.7942 -9.34144 25.6556
-6.38958 12.1947 -10.3914 18.6761 -9.34144 25.6556
-7.23476 10.4773 -6.38958 12.1947 -10.3914 18.6761
-5.00584 3.95944 -4.96389 8.78276 -7.23476 10.4773
-5.00584 3.95944 -7.23476 10.4773 -10.3914 18.6761
-10.3914 18.6761 -5.00584 3.95944 -3.37226 -0.744579
-6.38958 12.1947 -5.98561 14.2506 -2.72755 16.4281
-2.72755 16.4281 -6.38958 12.1947 -7.23476 10.4773
-2.83867 27.3327 -1.34468 27.5714 -1.63521 32.0796
-9.34144 25.6556 -16.1521 25.842 -2.83867 27.3327
-9.34144 25.6556 -2.83867 27.3327 -1.34468 27.5714
-14.6025 20.7942 -9.34144 25.6556 -16.1521 25.842
-16.1521 25.842 -14.6025 20.7942 -13.787 15.6922
-5.68515 28.0848 -2.83867 27.3327 -16.1521 25.842
-3.46673 33.9401 -2.82076 34.6536 -0.516215 34.7156
-1.63521 32.0796 -3.46673 33.9401 -0.516215 34.7156
-1.34468 27.5714 -1.63521 32.0796 -0.516215 34.7156
-0.516215 34.7156 -1.34468 27.5714 -2.68483 13.9689
3.52561 35.8064 9.26679 38.8364 9.88734 39.2307
1.60419 35.6004 3.52561 35.8064 9.88734 39.2307
1.60419 35.6004 9.88734 39.2307 16.8359 42.9471
-0.516215 34.7156 1.60419 35.6004 3.52561 35.8064
-2.82076 34.6536 -0.516215 34.7156 1.60419 35.6004
-16.3732 32.1354 -2.82076 34.6536 1.60419 35.6004
-21.0433 28.4812 -16.3732 32.1354 -2.82076 34.6536
-20.0541 27.0807 -21.0433 28.4812 -2.82076 34.6536
-20.0183 26.4706 -20.0541 27.0807 -21.0433 28.4812
-19.7514 24.1314 -20.0183 26.4706 -21.0433 28.4812
-21.0433 28.4812 -19.7514 24.1314 -17.9568 16.4745
-19.7514 24.1314 -18.1729 18.939 -17.9568 16.4745
-17.1676 22.5906 -18.1729 18.939 -17.9568 16.4745
-10.2208 46.4475 -12.6262 46.5862 4.30231 49.0482
-5.82901 41.411 -10.2208 46.4475 4.30231 49.0482
-16.3732 32.1354 -5.82901 41.411 4.30231 49.0482
-5.82901 41.411 -16.3732 32.1354 -21.0433 28.4812
15.0556 -2.37047 3.52561 35.8064 9.26679 38.8364
9.26679 38.8364 15.0556 -2.37047 15.9866 -6.01948
12.2912 5.19866 15.0556 -2.37047 15.9866 -6.01948
11.6915 33.4008 9.26679 38.8364 9.88734 39.2307
26.5683 6.04802 24.609 19.1242 22.2468 19.728
26.5683 6.04802 22.2468 19.728 17.8666 22.7479
26.5683 6.04802 17.8666 22.7479 11.6915 33.4008
25.4729 -0.630914 26.5683 6.04802 11.6915 33.4008
25.4729 -0.630914 11.6915 33.4008 9.26679 38.8364
24.9272 -13.1171 25.4729 -0.630914 26.5683 6.04802
25.4806 -13.6375 24.9272 -13.1171 26.5683 6.04802
24.9272 -13.1171 25.4806 -13.6375 24.301 -16.7263
18.1126 34.8565 26.2605 36.4076 30.357 38.2584
11.6915 33.4008 16.9469 34.1735 18.1126 34.8565
11.6915 33.4008 18.1126 34.8565 30.357 38.2584
16.9469 34.1735 11.6915 33.4008 17.8666 22.7479
23.8344 29.4712 22.5174 30.0357 24.1685 30.8351
23.303 26.9809 23.8344 29.4712 24.1685 30.8351
24.1685 30.8351 23.303 26.9809 22.2468 19.728
23.303 26.9809 19.7616 23.627 22.2468 19.728
19.7616 23.627 17.8666 22.7479 22.2468 19.728
20.5123 30.4242 20.335 27.4675 19.7616 23.627
20.335 27.4675 23.303 26.9809 19.7616 23.627
28.5391 25.8474 25.4806 -13.6375 25.2757 -16.9029
25.4806 -13.6375 24.301 -16.7263 25.2757 -16.9029
14.596 21.0912 18.1552 -1.90002 20.4866 -17.2113
18.1552 -1.90002 19.9285 -11.1345 20.4866 -17.2113
19.9285 -11.1345 20.5177 -14.0891 20.4866 -17.2113
20.5177 -14.0891 24.301 -16.7263 20.4866 -17.2113
24.301 -16.7263 25.2757 -16.9029 20.4866 -17.2113
18.1678 0.812185 19.9285 -11.1345 20.5177 -14.0891
20.5177 -14.0891 22.5096 -8.55239 22.0024 -6.2967
20.5177 -14.0891 22.0024 -6.2967 22.276 -4.5998
22.5096 -8.55239 20.5177 -14.0891 24.301 -16.7263
22.4179 34.6098 18.1126 34.8565 26.2605 36.4076
22.2678 34.3759 22.4179 34.6098 18.1126 34.8565
18.1126 34.8565 22.2678 34.3759 27.0444 32.81
16.8359 42.9471 9.88734 39.2307 13.6613 38.9573
-15.3875 44.6869 -10.2208 46.4475 -12.6262 46.5862
-12.6262 46.5862 -15.3875 44.6869 -25.2607 38.6454
-11.0394 8.17925 -10.3914 18.6761 -14.6025 20.7942
-10.3914 18.6761 -11.0394 8.17925 -9.65264 1.77744
7.35982 5.24739 7.13637 7.94302 4.23528 11.6054
7.13637 7.94302 7.35982 5.24739 8.06309 -2.80302
7.35982 5.24739 7.38273 1.70454 8.06309 -2.80302
-20.6367 6.24403 -23.6092 9.30779 -21.2418 12.0886
-23.6092 9.30779 -20.6367 6.24403 -20.371 5.55151
-19.1856 7.60565 -20.6367 6.24403 -20.371 5.55151
-26.8214 40.6177 -26.9206 38.0204 -27.9745 26.0438
-33.9939 25.593 -30.8269 30.5383 -34.1627 30.609
-34.3184 23.6427 -33.9939 25.593 -34.1627 30.609
-34.4125 20.5071 -34.3184 23.6427 -34.1627 30.609
-34.7403 16.3571 -34.4125 20.5071 -34.1627 30.609
-34.4125 20.5071 -34.7403 16.3571 -34.7122 10.6371
-34.7403 16.3571 -37.4084 13.0215 -34.7122 10.6371
-41.3493 16.6155 -42.1782 18.4315 -45.7897 18.7531
-40.1987 15.5917 -41.3493 16.6155 -45.7897 18.7531
-37.4084 13.0215 -40.1987 15.5917 -45.7897 18.7531
-45.7897 18.7531 -37.4084 13.0215 -34.7122 10.6371
-30.8269 30.5383 -34.1627 30.609 -31.6781 34.3918
-31.6781 34.3918 -30.8269 30.5383 -26.4103 12.0417
-31.6781 34.3918 -34.1627 30.609 -40.1283 21.8818
-45.7897 18.7531 -42.1782 18.4315 -36.6146 17.9866
