-3.45365 132.895 -1.98965 111.06 2.23365 42.7407
-1.98965 111.06 3.2668 76.1092 2.23365 42.7407
3.2668 76.1092 7.79586 59.6543 2.23365 42.7407
-1.04168 51.566 -1.38002 62.1181 -2.70693 73.716
2.23365 42.7407 -1.04168 51.566 -1.38002 62.1181
-1.04168 51.566 2.23365 42.7407 -3.22033 27.9999
7.79586 59.6543 38.3878 141.009 40.5482 146.272
2.23365 42.7407 7.79586 59.6543 40.5482 146.272
40.5482 146.272 2.23365 42.7407 -3.22033 27.9999
1.08408 98.516 -1.98965 111.06 -3.45365 132.895
3.03346 88.8967 1.08408 98.516 -1.98965 111.06
-1.98965 111.06 3.03346 88.8967 6.86302 71.1342
3.03346 88.8967 7.92222 79.7965 6.86302 71.1342
1.83159 121.509 1.08408 98.516 3.03346 88.8967
11.854 207.888 10.4045 219.043 8.75846 236.685
9.71349 203.775 11.854 207.888 10.4045 219.043
11.178 189.959 9.71349 203.775 11.854 207.888
3.60313 136.95 2.93254 148.784 9.60487 150.973
8.67596 123.346 3.60313 136.95 9.60487 150.973
8.67596 123.346 9.60487 150.973 11.178 189.959
8.67596 123.346 11.178 189.959 11.854 207.888
22.783 110.62 19.9842 117.355 8.67596 123.346
16.9497 98.1089 22.783 110.62 8.67596 123.346
16.9497 98.1089 8.67596 123.346 3.60313 136.95
7.92222 79.7965 9.13913 90.8065 16.9497 98.1089
22.783 110.62 16.9497 98.1089 6.86302 71.1342
16.9497 98.1089 7.92222 79.7965 6.86302 71.1342
16.9497 98.1089 12.8116 99.922 9.50744 109.725
12.8116 99.922 16.9497 98.1089 9.13913 90.8065
1.91919 191.685 -1.51744 201.76 -0.784205 229.684
1.91919 191.685 -0.784205 229.684 -1.53348 241.4
3.11075 161.685 1.91919 191.685 -1.51744 201.76
2.93254 148.784 3.11075 161.685 -1.51744 201.76
-1.51744 201.76 2.93254 148.784 3.60313 136.95
1.19477 209.978 1.91919 191.685 3.11075 161.685
3.34606 172.165 3.11075 161.685 2.93254 148.784
0.983048 248.241 7.71229 259.044 0.212088 260.349
6.67629 173.874 3.69693 223.344 0.983048 248.241
6.76141 156.902 6.67629 173.874 0.983048 248.241
6.76141 156.902 0.983048 248.241 0.212088 260.349
9.60487 150.973 6.76141 156.902 6.67629 173.874
6.76141 156.902 9.60487 150.973 2.93254 148.784
19.2092 137.374 42.6606 176.876 47.5804 182.755
11.7511 128.121 19.2092 137.374 42.6606 176.876
8.67596 123.346 11.7511 128.121 42.6606 176.876
11.7511 128.121 8.67596 123.346 19.9842 117.355
26.3387 142.513 19.2092 137.374 11.7511 128.121
18.6247 126.437 19.9842 117.355 22.783 110.62
33.7321 129.884 38.3878 141.009 40.5482 146.272
38.3878 141.009 33.7321 129.884 28.9851 117.969
58.3247 201.395 69.3586 223.373 68.1969 230.607
39.1124 158.227 47.5804 182.755 58.3247 201.395
39.1124 158.227 58.3247 201.395 69.3586 223.373
47.5804 182.755 39.1124 158.227 32.601 151.759
42.6606 176.876 47.5804 182.755 58.3247 201.395
58.3247 201.395 42.6606 176.876 36.6404 167.77
48.3104 248.967 81.8891 249.446 92.4514 251.369
48.3104 248.967 92.4514 251.369 112.727 253.277
43.0853 248.184 48.3104 248.967 81.8891 249.446
66.9653 248.107 43.0853 248.184 81.8891 249.446
71.2366 236.996 66.9653 248.107 81.8891 249.446
68.1969 230.607 71.2366 236.996 81.8891 249.446
69.3586 223.373 68.1969 230.607 81.8891 249.446
50.0643 167.017 69.3586 223.373 81.8891 249.446
69.3586 223.373 50.0643 167.017 29.7235 108.325
57.195 252.025 48.3104 248.967 43.0853 248.184
90.1611 237.049 81.8891 249.446 92.4514 251.369
96.6761 227.176 90.1611 237.049 81.8891 249.446
161.576 117.5 96.6761 227.176 81.8891 249.446
81.8891 249.446 161.576 117.5 190.981 68.6084
111.02 211.853 102.373 222.201 96.6761 227.176
121.928 196.38 111.02 211.853 96.6761 227.176
117.187 193.221 121.928 196.38 96.6761 227.176
141.87 159.656 128.266 181.085 117.187 193.221
148.916 146.705 141.87 159.656 117.187 193.221
148.384 141.473 148.916 146.705 117.187 193.221
148.384 141.473 117.187 193.221 96.6761 227.176
160.642 129.259 160.313 136.946 148.384 141.473
186.917 77.9387 160.642 129.259 148.384 141.473
96.6761 227.176 148.384 141.473 200.875 52.7181
148.384 141.473 186.917 77.9387 200.875 52.7181
186.917 77.9387 203.145 62.0209 200.875 52.7181
211.185 43.9478 211.515 49.0968 200.875 52.7181
228.867 19.9241 211.185 43.9478 200.875 52.7181
168.408 106.868 200.875 52.7181 227.61 7.90134
200.875 52.7181 228.867 19.9241 227.61 7.90134
198.694 73.4218 203.145 62.0209 211.515 49.0968
203.145 62.0209 200.875 52.7181 211.515 49.0968
152.197 157.602 148.916 146.705 148.384 141.473
148.384 141.473 157.643 151.924 161.581 157.594
157.643 151.924 148.384 141.473 160.313 136.946
211.515 49.0968 216.202 62.1787 209.592 63.2936
211.515 49.0968 209.592 63.2936 206.775 68.391
216.202 62.1787 211.515 49.0968 211.185 43.9478
222.497 32.335 219.368 36.4284 220.834 46.0567
219.368 36.4284 222.497 32.335 228.867 19.9241
228.867 19.9241 222.497 32.335 228.69 36.8201
228.867 19.9241 228.69 36.8201 232.219 49.5135
232.219 49.5135 228.867 19.9241 227.61 7.90134
102.373 222.201 96.6761 227.176 90.1611 237.049
109.481 219.133 102.373 222.201 90.1611 237.049
90.1611 237.049 109.481 219.133 119.783 209.623
160.313 136.946 160.642 129.259 169.602 122.28
172.96 143.042 167.104 148.538 157.643 151.924
176.778 133.632 172.96 143.042 157.643 151.924
157.643 151.924 176.778 133.632 183.307 120.028
167.104 148.538 157.643 151.924 161.581 157.594
193.157 131.045 167.104 148.538 161.581 157.594
221.021 107.929 193.157 131.045 161.581 157.594
227.959 102.655 221.021 107.929 161.581 157.594
229.917 86.89 227.959 102.655 221.021 107.929
237.901 71.6566 229.917 86.89 227.959 102.655
227.959 102.655 237.901 71.6566 248.824 43.7127
188.627 119.324 176.778 133.632 172.96 143.042
191.606 113.419 188.627 119.324 176.778 133.632
176.778 133.632 191.606 113.419 208.934 89.2234
191.606 113.419 202.614 99.9549 208.934 89.2234
199.672 111.78 202.614 99.9549 208.934 89.2234
182.508 136.315 172.96 143.042 167.104 148.538
202.827 120.91 182.508 136.315 172.96 143.042
209.197 102.499 202.827 120.91 172.96 143.042
217.86 89.0859 209.197 102.499 202.827 120.91
229.164 69.3739 217.86 89.0859 202.827 120.91
237.803 56.6613 229.904 57.7248 229.164 69.3739
237.803 56.6613 229.164 69.3739 202.827 120.91
257.475 20.8947 248.717 31.8202 237.803 56.6613
257.475 20.8947 237.803 56.6613 202.827 120.91
257.679 13.7673 257.475 20.8947 248.717 31.8202
248.825 2.34311 250.559 10.7565 257.679 13.7673
257.475 20.8947 257.679 13.7673 259.64 -3.77591
257.679 13.7673 248.825 2.34311 259.64 -3.77591
248.825 2.34311 231.736 0.239112 259.64 -3.77591
231.736 0.239112 200.621 -1.91308 259.64 -3.77591
51.1823 13.2016 49.6093 20.7706 47.1516 32.9702
23.3402 -0.407987 29.4035 0.490259 39.6263 1.17765
57.4043 -0.878429 23.3402 -0.407987 39.6263 1.17765
57.4043 -0.878429 39.6263 1.17765 51.1823 13.2016
57.4043 -0.878429 51.1823 13.2016 47.1516 32.9702
200.621 -1.91308 141.971 -1.60314 109.595 -1.43777
23.3402 -0.407987 57.4043 -0.878429 259.64 -3.77591
57.4043 -0.878429 109.595 -1.43777 259.64 -3.77591
109.595 -1.43777 200.621 -1.91308 259.64 -3.77591
38.2066 23.4624 37.3074 32.509 39.0377 36.8835
39.6263 1.17765 36.3077 9.15098 38.2066 23.4624
39.6263 1.17765 38.2066 23.4624 39.0377 36.8835
36.3077 9.15098 39.6263 1.17765 29.4035 0.490259
56.326 12.2829 56.2064 29.5306 53.5052 39.908
53.5052 39.908 56.326 12.2829 57.4043 -0.878429
56.326 12.2829 66.4209 -0.262518 57.4043 -0.878429
101.918 3.34794 87.4506 10.5918 79.7201 18.0803
57.4043 -0.878429 66.4209 -0.262518 77.2059 -0.260073
79.7201 18.0803 101.918 3.34794 109.595 -1.43777
101.918 3.34794 77.2059 -0.260073 109.595 -1.43777
77.2059 -0.260073 57.4043 -0.878429 109.595 -1.43777
71.4313 8.39702 77.2059 -0.260073 66.4209 -0.262518
73.7106 16.3255 78.8294 8.57064 77.2059 -0.260073
78.8294 8.57064 101.918 3.34794 77.2059 -0.260073
61.4934 37.6739 70.4552 31.7845 109.595 -1.43777
70.4552 31.7845 88.7873 19.8545 109.595 -1.43777
88.7873 19.8545 101.68 13.76 109.595 -1.43777
101.68 13.76 130.137 1.12433 109.595 -1.43777
130.137 1.12433 119.733 9.56051 103.617 22.7869
89.0247 32.0817 103.617 22.7869 141.971 -1.60314
103.617 22.7869 130.137 1.12433 141.971 -1.60314
130.137 1.12433 109.595 -1.43777 141.971 -1.60314
141.971 -1.60314 179.327 -0.389571 156.941 0.425199
141.971 -1.60314 156.941 0.425199 150.202 1.14318
141.971 -1.60314 150.202 1.14318 130.178 8.20178
141.971 -1.60314 130.178 8.20178 120.535 16.1454
179.327 -0.389571 141.971 -1.60314 200.621 -1.91308
70.3355 43.7211 62.7427 48.2078 50.118 49.7297
81.0283 39.9586 70.3355 43.7211 62.7427 48.2078
150.935 9.3289 112.839 23.7477 99.58 31.0287
150.935 9.3289 99.58 31.0287 81.0283 39.9586
150.935 9.3289 81.0283 39.9586 62.7427 48.2078
141.198 8.91221 150.935 9.3289 112.839 23.7477
112.839 23.7477 141.198 8.91221 156.941 0.425199
141.198 8.91221 173.662 2.28728 156.941 0.425199
161.009 11.2008 149.073 20.3581 137.668 29.7533
173.662 2.28728 161.009 11.2008 137.668 29.7533
137.668 29.7533 173.662 2.28728 179.327 -0.389571
173.662 2.28728 156.941 0.425199 179.327 -0.389571
193.284 2.97014 181.57 7.33864 171.426 11.1308
181.57 7.33864 193.284 2.97014 200.621 -1.91308
193.284 2.97014 207.565 1.72729 200.621 -1.91308
207.565 1.72729 231.736 0.239112 200.621 -1.91308
187.811 13.2378 200.681 7.34307 207.565 1.72729
200.681 7.34307 221.741 2.62868 207.565 1.72729
186.339 26.1543 119.595 71.1791 113.577 76.1335
196.336 19.9122 186.339 26.1543 113.577 76.1335
213.031 12.2287 189.245 18.279 196.336 19.9122
213.031 12.2287 196.336 19.9122 113.577 76.1335
113.577 76.1335 213.031 12.2287 231.736 0.239112
213.031 12.2287 219.983 6.97154 231.736 0.239112
219.983 6.97154 221.741 2.62868 231.736 0.239112
221.741 2.62868 207.565 1.72729 231.736 0.239112
196.336 19.9122 173.024 22.0599 157.18 23.9864
173.024 22.0599 196.336 19.9122 189.245 18.279
170.893 29.3031 157.645 33.6057 168.762 37.1214
176.334 27.1086 170.893 29.3031 157.645 33.6057
157.645 33.6057 176.334 27.1086 196.336 19.9122
176.334 27.1086 186.339 26.1543 196.336 19.9122
243.978 3.70519 248.825 2.34311 231.736 0.239112
257.679 13.7673 249.571 18.4709 240.242 26.8638
249.571 18.4709 257.679 13.7673 250.559 10.7565
220.566 77.0784 222.92 73.2029 229.904 57.7248
222.92 73.2029 229.164 69.3739 229.904 57.7248
199.073 83.711 192.55 97.6795 180.928 110.468
206.566 79.5414 199.073 83.711 192.55 97.6795
229.904 57.7248 206.566 79.5414 192.55 97.6795
236.442 51.3931 237.803 56.6613 229.904 57.7248
236.442 51.3931 229.904 57.7248 206.566 79.5414
237.803 56.6613 236.442 51.3931 231.968 30.2879
183.791 90.1812 180.123 102.644 170.702 132.122
187.657 89.4004 183.791 90.1812 180.123 102.644
199.073 83.711 187.657 89.4004 183.791 90.1812
183.791 90.1812 199.073 83.711 206.566 79.5414
180.928 110.468 192.55 97.6795 202.655 90.2005
241.255 16.1374 249.571 18.4709 240.242 26.8638
241.255 16.1374 240.242 26.8638 238.816 37.577
249.571 18.4709 241.255 16.1374 236.73 8.29869
127.632 46.8706 119.595 71.1791 113.577 76.1335
113.577 76.1335 127.632 46.8706 132.122 37.363
157.861 42.6112 136.179 51.0958 129.242 58.0344
168.762 37.1214 157.861 42.6112 129.242 58.0344
157.645 33.6057 168.762 37.1214 157.861 42.6112
157.861 42.6112 157.645 33.6057 153.148 31.8529
150.488 41.6433 157.861 42.6112 136.179 51.0958
157.861 42.6112 150.488 41.6433 138.554 39.4499
157.18 23.9864 173.024 22.0599 176.186 20.2975
72.5721 46.236 80.8563 46.6466 62.7427 48.2078
118.65 27.2456 72.5721 46.236 62.7427 48.2078
128.205 23.4971 118.65 27.2456 62.7427 48.2078
62.7427 48.2078 128.205 23.4971 139.16 19.3229
120.979 48.6688 132.252 29.0112 139.16 19.3229
132.252 29.0112 128.205 23.4971 139.16 19.3229
80.8563 46.6466 62.7427 48.2078 50.118 49.7297
101.602 46.1282 80.8563 46.6466 50.118 49.7297
80.8563 46.6466 101.602 46.1282 113.314 42.3915
101.602 46.1282 107.667 47.6073 92.9359 50.1618
113.314 42.3915 101.602 46.1282 107.667 47.6073
107.667 47.6073 113.314 42.3915 118.292 39.9789
113.314 42.3915 102.314 40.339 118.292 39.9789
87.7535 42.7199 72.5721 46.236 80.8563 46.6466
80.8563 46.6466 87.7535 42.7199 113.546 30.4151
76.162 29.2883 70.4552 31.7845 61.4934 37.6739
70.4552 31.7845 76.162 29.2883 113.432 10.6259
53.5052 39.908 56.2064 29.5306 60.8618 18.5156
39.0377 36.8835 37.3074 32.509 28.6756 19.8971
23.3402 -0.407987 29.4035 0.490259 23.184 6.88968
11.4934 -2.36106 23.3402 -0.407987 23.184 6.88968
11.4934 -2.36106 23.184 6.88968 27.0838 10.2831
89.2472 -2.74869 1.75227 -2.52154 11.4934 -2.36106
89.2472 -2.74869 11.4934 -2.36106 23.3402 -0.407987
23.3402 -0.407987 89.2472 -2.74869 120.674 -3.80991
39.2184 59.0426 46.0954 67.5543 57.332 80.6484
28.7031 48.1931 39.2184 59.0426 46.0954 67.5543
21.8227 40.6802 28.7031 48.1931 46.0954 67.5543
17.6296 31.2889 21.8227 40.6802 28.7031 48.1931
13.7716 13.8082 16.3072 17.154 13.6576 17.2691
11.4934 -2.36106 13.7716 13.8082 13.6576 17.2691
21.8227 40.6802 17.6296 31.2889 1.75227 -2.52154
17.6296 31.2889 13.6576 17.2691 1.75227 -2.52154
13.6576 17.2691 11.4934 -2.36106 1.75227 -2.52154
101.43 131.56 117.63 146.497 113.71 148.828
80.2969 101.16 91.7242 102.244 86.3804 108.674
80.2969 101.16 86.3804 108.674 101.43 131.56
67.4794 87.8416 76.7622 92.4687 80.2969 101.16
67.4794 87.8416 80.2969 101.16 101.43 131.56
67.4794 87.8416 101.43 131.56 113.71 148.828
113.71 148.828 67.4794 87.8416 13.6576 17.2691
67.4794 87.8416 37.262 47.9697 13.6576 17.2691
37.262 47.9697 27.1449 32.623 13.6576 17.2691
30.4839 36.9262 27.1449 32.623 16.3072 17.154
27.1449 32.623 13.6576 17.2691 16.3072 17.154
100.564 119.962 97.1334 113.27 91.7242 102.244
97.1334 113.27 86.3804 108.674 91.7242 102.244
91.7242 102.244 113.255 103.134 107.873 106.876
113.255 103.134 91.7242 102.244 80.2969 101.16
50.2186 61.4462 16.3072 17.154 13.7716 13.8082
73.3429 66.5418 63.7096 70.6044 72.3937 83.9874
73.3429 66.5418 72.3937 83.9874 76.7622 92.4687
73.3429 66.5418 76.7622 92.4687 80.2969 101.16
63.7096 70.6044 73.3429 66.5418 78.1805 63.5075
78.2829 70.4592 83.8125 77.955 90.4441 87.8226
73.3429 66.5418 78.2829 70.4592 90.4441 87.8226
78.1805 63.5075 73.3429 66.5418 78.2829 70.4592
89.1879 62.19 71.4406 62.7027 78.1805 63.5075
89.1879 62.19 78.1805 63.5075 78.2829 70.4592
71.4406 62.7027 89.1879 62.19 56.0442 62.0059
87.9259 79.1682 83.8125 77.955 78.2829 70.4592
107.708 58.9512 56.0442 62.0059 89.1879 62.19
107.708 58.9512 89.1879 62.19 97.9918 62.9432
107.708 58.9512 97.9918 62.9432 90.4297 69.3708
56.0442 62.0059 107.708 58.9512 117.253 58.0647
108.285 67.3571 101.727 70.7466 96.437 79.7233
96.437 79.7233 108.285 67.3571 117.253 58.0647
108.285 67.3571 107.708 58.9512 117.253 58.0647
113.71 148.828 100.026 150.241 111.49 162.53
117.63 146.497 113.71 148.828 111.49 162.53
126.552 127.022 117.63 146.497 111.49 162.53
128.129 113.566 137.753 118.189 126.552 127.022
128.129 113.566 126.552 127.022 117.63 146.497
137.753 118.189 128.129 113.566 143.145 112.104
128.129 113.566 117.384 113.089 143.145 112.104
126.483 116.072 123.201 119.197 112.572 121.929
128.129 113.566 126.483 116.072 112.572 121.929
107.049 129.131 112.572 121.929 117.384 113.089
112.572 121.929 128.129 113.566 117.384 113.089
116.315 140.132 126.483 116.072 128.129 113.566
117.608 129.432 123.201 119.197 126.483 116.072
126.552 127.022 137.753 118.189 147.743 110.461
111.49 162.53 100.026 150.241 72.6785 122.293
107.54 143.533 113.71 148.828 100.026 150.241
103.049 139.676 107.54 143.533 113.71 148.828
83.3693 123.042 103.049 139.676 107.54 143.533
103.049 139.676 83.3693 123.042 68.558 109.197
83.3693 123.042 88.6165 130.102 91.5828 139.185
68.558 109.197 83.3693 123.042 91.5828 139.185
60.1787 100.209 68.558 109.197 91.5828 139.185
68.558 109.197 60.1787 100.209 52.2864 91.6999
87.8558 116.096 83.8183 112.896 37.9525 73.5635
83.8183 112.896 52.2864 91.6999 37.9525 73.5635
106.093 196.446 98.4731 209.918 88.3475 231.894
116.627 178.512 106.142 191.938 106.093 196.446
116.627 178.512 106.093 196.446 88.3475 231.894
116.627 178.512 88.3475 231.894 83.3292 241.443
107.751 176.616 116.627 178.512 106.142 191.938
99.4477 173.931 107.751 176.616 106.142 191.938
90.356 161.511 99.4477 173.931 106.142 191.938
81.656 149.221 90.356 161.511 106.142 191.938
52.2864 91.6999 60.1787 100.209 71.2154 130.663
37.9525 73.5635 52.2864 91.6999 71.2154 130.663
37.9525 73.5635 71.2154 130.663 81.656 149.221
37.9525 73.5635 81.656 149.221 106.142 191.938
106.142 191.938 37.9525 73.5635 27.9522 56.4628
71.287 99.3746 63.0383 91.871 27.9522 56.4628
63.0383 91.871 52.4007 83.9683 27.9522 56.4628
52.4007 83.9683 37.9525 73.5635 27.9522 56.4628
76.6038 131.888 83.4368 142.532 88.9236 146.947
76.6038 131.888 88.9236 146.947 99.0846 159.306
71.2154 130.663 76.6038 131.888 83.4368 142.532
76.6038 131.888 71.2154 130.663 60.1787 100.209
122.6 157.49 112.827 171.445 107.751 176.616
128.658 146.87 122.6 157.49 107.751 176.616
138.392 131.748 128.658 146.87 122.6 157.49
150.143 116.895 138.392 131.748 122.6 157.49
163.578 98.5331 150.143 116.895 122.6 157.49
210.675 28.1951 182.86 69.0768 163.578 98.5331
122.6 157.49 163.578 98.5331 220.104 17.7441
163.578 98.5331 210.675 28.1951 220.104 17.7441
210.675 28.1951 209.083 23.3881 220.104 17.7441
153.091 51.9157 209.083 23.3881 220.104 17.7441
163.307 61.2534 140.285 68.248 147.261 72.6818
199.374 36.0264 168.877 57.2216 163.307 61.2534
199.374 36.0264 163.307 61.2534 147.261 72.6818
210.675 28.1951 200.311 30.8018 199.374 36.0264
210.675 28.1951 199.374 36.0264 147.261 72.6818
200.311 30.8018 210.675 28.1951 209.083 23.3881
191.114 37.1879 180.075 42.2735 166.537 49.2376
199.374 36.0264 191.114 37.1879 166.537 49.2376
199.374 36.0264 166.537 49.2376 151.872 56.118
191.114 37.1879 199.374 36.0264 200.311 30.8018
163.346 48.7958 180.075 42.2735 191.114 37.1879
132.684 137.379 138.392 131.748 150.143 116.895
112.827 171.445 107.751 176.616 116.627 178.512
122.003 171.278 112.827 171.445 116.627 178.512
116.627 178.512 122.003 171.278 127.91 167.135
163.578 98.5331 182.86 69.0768 189.65 57.7207
178.635 53.9881 147.261 72.6818 136.204 79.5045
136.204 79.5045 178.635 53.9881 186.738 51.9253
147.261 72.6818 136.204 79.5045 129.281 80.2361
140.285 68.248 147.261 72.6818 129.281 80.2361
129.281 80.2361 140.285 68.248 143.994 63.3566
171.174 81.2108 160.934 86.179 168.263 90.4166
129.281 80.2361 120.856 80.3041 160.383 80.8071
136.204 79.5045 129.281 80.2361 160.383 80.8071
136.204 79.5045 160.383 80.8071 171.174 81.2108
162.346 73.4342 136.204 79.5045 171.174 81.2108
170.34 70.4691 162.346 73.4342 171.174 81.2108
168.263 90.4166 171.174 81.2108 177.318 61.9994
171.174 81.2108 170.34 70.4691 177.318 61.9994
146.5 81.4451 171.174 81.2108 160.383 80.8071
147.753 88.9957 160.934 86.179 171.174 81.2108
101.514 93.8918 96.1646 97.5999 118.718 99.0968
101.514 93.8918 118.718 99.0968 133.017 102.565
132.318 87.1201 113.703 91.9532 101.514 93.8918
121.621 86.0603 140.151 86.3701 132.318 87.1201
121.621 86.0603 132.318 87.1201 101.514 93.8918
120.856 80.3041 121.621 86.0603 101.514 93.8918
120.856 80.3041 101.514 93.8918 96.1646 97.5999
96.1646 97.5999 120.856 80.3041 128.84 72.0126
120.856 80.3041 129.281 80.2361 128.84 72.0126
101.514 93.8918 139.969 98.0885 146.811 99.0823
139.969 98.0885 101.514 93.8918 113.703 91.9532
156.749 111.397 122.6 157.49 112.827 171.445
122.6 157.49 156.749 111.397 177.285 81.8994
127.454 162.276 122.003 171.278 112.827 171.445
136.413 149.188 127.454 162.276 122.003 171.278
149.051 129.21 136.413 149.188 127.454 162.276
136.413 149.188 149.051 129.21 168.426 101.652
141.671 138.251 149.051 129.21 168.426 101.652
80.7341 229.171 88.3475 231.894 83.3292 241.443
69.7319 208.71 80.7341 229.171 83.3292 241.443
83.3292 241.443 69.7319 208.71 62.0781 190.538
78.7737 219.123 80.7341 229.171 88.3475 231.894
71.4651 199.158 78.7737 219.123 88.3475 231.894
66.6389 189.334 71.4651 199.158 88.3475 231.894
56.5022 169.796 66.6389 189.334 71.4651 199.158
52.2753 159.973 56.5022 169.796 66.6389 189.334
40.6338 133.434 52.2753 159.973 56.5022 169.796
28.3262 100.196 40.6338 133.434 52.2753 159.973
23.724 86.9739 28.3262 100.196 52.2753 159.973
18.4871 73.4429 23.724 86.9739 52.2753 159.973
23.724 86.9739 18.4871 73.4429 -2.96858 19.2191
18.4871 73.4429 10.7652 53.2276 -2.96858 19.2191
40.2466 122.577 46.0609 139.01 49.3738 148.636
37.8774 110.784 40.2466 122.577 46.0609 139.01
29.1937 93.2224 37.8774 110.784 40.2466 122.577
37.8774 110.784 29.1937 93.2224 10.7652 53.2276
29.1937 93.2224 18.4871 73.4429 10.7652 53.2276
81.8959 202.065 81.3351 206.089 90.8505 206.581
81.2641 190.336 81.8959 202.065 90.8505 206.581
78.9747 183.158 81.2641 190.336 90.8505 206.581
53.1569 131.437 59.7839 147.771 71.4008 168.607
53.1569 131.437 71.4008 168.607 78.9747 183.158
53.1569 131.437 78.9747 183.158 90.8505 206.581
90.8505 206.581 53.1569 131.437 -2.96858 19.2191
53.1569 131.437 18.0835 63.9761 -2.96858 19.2191
18.0835 63.9761 10.7652 53.2276 -2.96858 19.2191
63.5691 160.725 59.7839 147.771 53.1569 131.437
28.3262 100.196 23.724 86.9739 20.2357 79.8351
50.9091 121.408 88.3269 200.473 90.8505 206.581
90.8505 206.581 50.9091 121.408 -2.50295 8.02236
50.9091 121.408 39.1549 96.3024 -2.50295 8.02236
39.1549 96.3024 12.6425 39.4421 -2.50295 8.02236
12.6425 39.4421 8.54122 27.1167 -2.50295 8.02236
60.7615 121.508 63.4454 136.369 66.5209 142.211
58.6241 113.616 60.7615 121.508 66.5209 142.211
53.7407 111.019 58.6241 113.616 60.7615 121.508
50.346 100.045 53.7407 111.019 58.6241 113.616
18.2295 47.1985 39.4196 83.6084 50.346 100.045
18.2295 47.1985 50.346 100.045 58.6241 113.616
8.54122 27.1167 18.2295 47.1985 58.6241 113.616
58.6241 113.616 8.54122 27.1167 -2.50295 8.02236
30.7342 76.8872 18.2295 47.1985 8.54122 27.1167
81.3351 206.089 90.8505 206.581 88.7824 217.614
88.7824 217.614 81.3351 206.089 62.6004 178.362
81.3351 206.089 66.5276 180.22 62.6004 178.362
99.6798 197.096 88.3269 200.473 90.8505 206.581
99.6798 197.096 90.8505 206.581 88.7824 217.614
87.858 192.319 99.6798 197.096 88.3269 200.473
88.3269 200.473 87.858 192.319 78.9421 171.825
56.9764 128.023 63.4454 136.369 66.5209 142.211
56.9764 128.023 66.5209 142.211 71.4791 150.442
63.4454 136.369 56.9764 128.023 41.2658 92.7905
76.2201 162.956 86.1053 170.406 96.378 178.293
70.2984 159.286 76.2201 162.956 96.378 178.293
56.9764 128.023 70.2984 159.286 76.2201 162.956
70.2984 159.286 56.9764 128.023 41.2658 92.7905
50.346 100.045 39.4196 83.6084 29.7062 69.3476
99.6916 187 106.142 191.938 106.093 196.446
106.142 191.938 99.6916 187 87.3045 177.39
208.899 116.416 202.827 120.91 182.508 136.315
213.238 108.798 208.899 116.416 202.827 120.91
218.365 98.974 213.238 108.798 202.827 120.91
202.827 120.91 218.365 98.974 230.281 81.6569
117.187 193.221 128.266 181.085 142.79 166.109
126.609 191.23 117.187 193.221 121.928 196.38
138.13 181.563 126.609 191.23 117.187 193.221
153.053 172.06 138.13 181.563 117.187 193.221
189.783 137.006 153.053 172.06 117.187 193.221
117.187 193.221 189.783 137.006 197.833 130.723
148.026 182.321 136.314 198.152 133.165 202.516
177.731 153.034 148.026 182.321 133.165 202.516
133.165 202.516 177.731 153.034 197.833 130.723
177.731 153.034 189.783 137.006 197.833 130.723
138.841 189.886 148.026 182.321 177.731 153.034
116.635 221.445 128.306 207.295 148.026 182.321
128.306 207.295 136.314 198.152 148.026 182.321
138.13 181.563 153.053 172.06 157.004 171.242
97.9885 249.256 122.054 250.179 92.4514 251.369
109.143 241.958 97.9885 249.256 122.054 250.179
119.363 236.705 109.143 241.958 122.054 250.179
128.501 230.365 119.363 236.705 122.054 250.179
137.481 218.277 128.501 230.365 122.054 250.179
122.054 250.179 137.481 218.277 148.512 196.008
122.054 250.179 92.4514 251.369 112.727 253.277
132.907 248.965 122.054 250.179 112.727 253.277
149.401 248.485 161.591 248.783 132.907 248.965
141.754 248.3 149.401 248.485 132.907 248.965
130.783 237.989 141.754 248.3 132.907 248.965
130.783 237.989 132.907 248.965 122.054 250.179
156.556 191.435 130.783 237.989 122.054 250.179
122.054 250.179 156.556 191.435 167.008 173.379
117.336 226.268 109.143 241.958 97.9885 249.256
126.357 217.788 117.336 226.268 109.143 241.958
158.923 177.725 126.357 217.788 109.143 241.958
109.143 241.958 158.923 177.725 172.076 160.975
117.336 226.268 113.895 228.747 102.018 243.223
113.895 228.747 117.336 226.268 126.357 217.788
146.616 189.622 158.923 177.725 172.076 160.975
128.501 230.365 137.481 218.277 136.421 212.183
138.103 233.052 130.783 237.989 141.754 248.3
151.977 216.693 138.103 233.052 141.754 248.3
141.754 248.3 151.977 216.693 153.236 213.136
143.725 243.49 141.754 248.3 149.401 248.485
148.541 241.623 143.725 243.49 149.401 248.485
159.758 226.975 148.541 241.623 149.401 248.485
168.414 213.187 157.109 221.82 159.758 226.975
168.414 213.187 159.758 226.975 149.401 248.485
206.543 142.887 180.536 190.304 168.414 213.187
206.543 142.887 168.414 213.187 149.401 248.485
223.781 117.629 210.849 129.685 206.543 142.887
223.781 117.629 206.543 142.887 149.401 248.485
242.229 83.0474 237.797 86.7444 229.395 106.309
242.229 83.0474 229.395 106.309 223.781 117.629
149.401 248.485 223.781 117.629 262.333 50.3007
223.781 117.629 242.229 83.0474 262.333 50.3007
199.947 139.163 192.487 147.966 177.747 157.828
210.849 129.685 199.947 139.163 177.747 157.828
177.747 157.828 210.849 129.685 223.781 117.629
192.487 147.966 189.966 157.426 181.83 172.259
192.487 147.966 181.83 172.259 177.071 183.092
189.966 157.426 192.487 147.966 199.947 139.163
188.695 168.383 200.214 150.505 210.849 129.685
200.214 150.505 206.543 142.887 210.849 129.685
149.799 229.755 159.758 226.975 157.109 221.82
167.266 199.423 168.414 213.187 157.109 221.82
169.1 191.186 167.266 199.423 168.414 213.187
168.414 213.187 169.1 191.186 169.74 176.213
160.698 209.257 163.007 202.148 169.74 176.213
163.007 202.148 169.1 191.186 169.74 176.213
250.775 53.3982 246.993 66.0598 237.797 86.7444
250.775 53.3982 237.797 86.7444 229.395 106.309
229.395 106.309 250.775 53.3982 260.201 29.1868
246.993 66.0598 250.775 53.3982 259.19 38.6461
237.797 86.7444 242.229 83.0474 253.618 61.7271
160.791 243.812 172.245 243.995 149.401 248.485
167.301 218.634 160.791 243.812 149.401 248.485
189.881 179.26 167.301 218.634 149.401 248.485
200.207 161.318 189.881 179.26 149.401 248.485
219.015 133.791 200.207 161.318 189.881 179.26
200.207 161.318 219.015 133.791 241.573 97.2336
219.015 133.791 232.059 116.012 241.573 97.2336
199.649 188.587 193.876 199.269 188.075 213.903
221.755 146.296 199.649 188.587 188.075 213.903
199.649 188.587 221.755 146.296 232.059 116.012
212.228 173.676 212.842 179.484 197.024 199.124
217.869 157.324 212.228 173.676 197.024 199.124
221.755 146.296 217.869 157.324 212.228 173.676
241.573 97.2336 232.059 116.012 221.755 146.296
241.573 97.2336 221.755 146.296 212.228 173.676
212.228 173.676 241.573 97.2336 247.999 81.0558
172.245 243.995 149.401 248.485 161.591 248.783
186.921 241.99 172.245 243.995 161.591 248.783
207.242 239.091 186.921 241.99 161.591 248.783
161.591 248.783 207.242 239.091 216.824 237.521
229.657 137.133 212.228 173.676 212.842 179.484
229.657 137.133 212.842 179.484 202.308 209.437
232.211 128.763 229.657 137.133 212.228 173.676
249.807 89.0768 232.211 128.763 212.228 173.676
212.228 173.676 249.807 89.0768 261.613 62.0335
249.807 89.0768 260.048 68.4239 261.613 62.0335
260.507 180.952 261.409 230.887 259.316 241.026
261.33 140.224 259.415 173.863 260.507 180.952
261.33 140.224 260.507 180.952 261.409 230.887
257.112 109.158 253.645 128.776 257.969 129.647
257.112 109.158 257.969 129.647 261.33 140.224
260.222 103.1 257.112 109.158 261.33 140.224
258.613 91.5879 252.327 98.5984 260.222 103.1
260.048 68.4239 256.254 80.653 258.613 91.5879
260.048 68.4239 258.613 91.5879 260.222 103.1
260.048 68.4239 260.222 103.1 261.33 140.224
261.409 230.887 261.33 140.224 261.613 62.0335
261.33 140.224 260.048 68.4239 261.613 62.0335
246.409 109.057 242.202 121.859 229.79 158.636
256.254 80.653 246.409 109.057 242.202 121.859
246.409 109.057 256.254 80.653 260.048 68.4239
257.112 109.158 248.368 120.457 239.794 131.798
248.368 120.457 257.112 109.158 260.222 103.1
250.16 141.678 253.645 128.776 257.112 109.158
259.2 196.027 260.507 180.952 259.415 173.863
259.316 241.026 250.694 242.202 262.479 249.389
261.409 230.887 259.316 241.026 262.479 249.389
263.894 218.446 261.409 230.887 262.479 249.389
263.553 209.072 263.894 218.446 261.409 230.887
263.995 189.102 263.553 209.072 263.894 218.446
263.651 150.541 263.995 189.102 263.553 209.072
263.995 189.102 263.651 150.541 263.997 116.247
241.028 237.421 250.694 242.202 262.479 249.389
221.355 226.768 233.139 232.278 241.028 237.421
221.355 226.768 241.028 237.421 262.479 249.389
233.139 232.278 221.355 226.768 220.079 221.207
221.355 226.768 209.965 222.426 220.079 221.207
221.355 226.768 249.07 251.83 256.566 258.557
209.965 222.426 221.355 226.768 249.07 251.83
249.07 251.83 209.965 222.426 202.373 216.773
242.73 248.322 249.07 251.83 256.566 258.557
232.054 241.484 242.73 248.322 256.566 258.557
256.566 258.557 232.054 241.484 212.375 227.831
236.652 228.754 233.139 232.278 241.028 237.421
228.024 219.142 236.652 228.754 233.139 232.278
223.243 207.096 228.024 219.142 233.139 232.278
228.024 219.142 223.243 207.096 217.295 191.281
223.243 207.096 217.587 202.087 217.295 191.281
217.587 202.087 211.615 198.625 217.295 191.281
213.187 190.82 217.295 191.281 211.615 198.625
213.187 190.82 211.615 198.625 208.332 209.099
219.608 178.903 213.187 190.82 217.295 191.281
222.781 171.192 219.608 178.903 213.187 190.82
228.474 152.522 222.781 171.192 213.187 190.82
213.187 190.82 228.474 152.522 243.968 112.879
236.652 228.754 228.024 219.142 228.172 210.655
240.996 216.58 250.838 229.903 241.028 237.421
236.259 212.716 240.996 216.58 241.028 237.421
241.028 237.421 236.259 212.716 233.198 201.189
250.838 229.903 241.028 237.421 250.694 242.202
251.585 210.204 248.173 221.415 250.838 229.903
251.585 210.204 250.838 229.903 250.694 242.202
251.481 197.578 251.585 210.204 248.173 221.415
251.6 168.01 251.481 197.578 251.585 210.204
251.585 210.204 251.6 168.01 251.762 156.584
232.725 186.444 240.996 216.58 250.838 229.903
250.838 229.903 232.725 186.444 227.16 172.541
233.391 183.093 241.154 189.813 243.416 202.356
233.391 183.093 243.416 202.356 248.173 221.415
233.391 183.093 248.173 221.415 250.838 229.903
241.342 179.998 233.391 183.093 241.154 189.813
241.937 151.668 241.342 179.998 233.391 183.093
233.391 183.093 241.937 151.668 243.779 143.812
241.937 151.668 246.007 147.296 243.779 143.812
241.937 151.668 242.784 159.174 243.591 172.435
242.784 159.174 241.937 151.668 246.007 147.296
257.588 158.079 246.007 147.296 243.779 143.812
246.452 193.5 243.416 202.356 248.173 221.415
243.416 202.356 246.452 193.5 250.233 176.885
200.549 182.736 199.649 188.587 193.876 199.269
203.568 170.228 200.549 182.736 199.649 188.587
199.649 188.587 203.568 170.228 208.903 157.628
203.568 170.228 188.314 192.472 181.351 203.304
208.903 157.628 203.568 170.228 188.314 192.472
188.314 192.472 208.903 157.628 220.836 137.401
208.903 157.628 213.528 150.407 220.836 137.401
177.536 232.668 179.336 239.21 160.791 243.812
169.979 230.187 177.536 232.668 160.791 243.812
160.791 243.812 169.979 230.187 180.801 213.103
169.979 230.187 180.791 221.575 180.801 213.103
203.514 233.712 190.519 223.332 180.801 213.103
190.519 223.332 180.791 221.575 180.801 213.103
179.336 239.21 160.791 243.812 172.245 243.995
172.245 243.995 179.336 239.21 191.417 233.528
172.245 243.995 186.921 241.99 202.576 236.999
161.591 248.783 132.907 248.965 220.051 258.697
161.591 248.783 220.051 258.697 228.909 260.176
172.428 248.254 161.591 248.783 228.909 260.176
172.428 248.254 228.909 260.176 239.038 262.249
196.677 246.804 172.428 248.254 161.591 248.783
191.338 246.78 196.677 246.804 161.591 248.783
196.677 246.804 191.338 246.78 213.545 246.223
180.235 246.823 191.338 246.78 213.545 246.223
247.961 256.224 233.642 253.687 196.677 246.804
233.642 253.687 172.428 248.254 196.677 246.804
247.961 256.224 233.642 253.687 217.028 252.858
183.687 258.726 228.909 260.176 239.038 262.249
160.042 258 183.687 258.726 239.038 262.249
239.038 262.249 160.042 258 28.0846 250.97
208.896 258.646 220.051 258.697 228.909 260.176
228.909 260.176 208.896 258.646 188.869 257.424
61.5952 228.679 71.2366 236.996 66.9653 248.107
56.8526 222.607 61.5952 228.679 66.9653 248.107
53.106 216.527 56.8526 222.607 66.9653 248.107
66.9653 248.107 53.106 216.527 21.8722 146.871
53.106 216.527 31.3218 166.309 21.8722 146.871
31.3218 166.309 27.1547 156.247 21.8722 146.871
27.1547 156.247 50.3657 190.839 48.7395 197.519
50.3657 190.839 27.1547 156.247 21.8722 146.871
71.2366 236.996 68.1969 230.607 57.5117 213.022
0.983048 248.241 3.69693 223.344 9.03732 183.991
0.212088 260.349 39.7565 260.685 47.5145 261.256
7.71229 259.044 0.212088 260.349 39.7565 260.685
33.0145 258.142 7.71229 259.044 39.7565 260.685
23.6375 256.968 33.0145 258.142 7.71229 259.044
10.2453 247.707 23.6375 256.968 7.71229 259.044
7.71229 259.044 10.2453 247.707 12.3448 230.686
10.2453 247.707 21.9102 246.418 12.3448 230.686
29.2746 242.073 37.2651 242.645 21.9102 246.418
20.0622 238.598 29.2746 242.073 21.9102 246.418
16.095 232.764 20.0622 238.598 21.9102 246.418
16.6463 202.511 16.095 232.764 20.0622 238.598
16.48 191.327 16.6463 202.511 16.095 232.764
16.095 232.764 16.48 191.327 16.4332 182.576
26.8926 212.656 26.7658 220.176 22.0831 222.968
23.8415 208.002 26.8926 212.656 22.0831 222.968
26.8926 212.656 23.8415 208.002 16.48 191.327
23.8415 208.002 16.6463 202.511 16.48 191.327
30.7231 233.41 26.7658 220.176 26.8926 212.656
61.8684 242.111 37.2651 242.645 21.9102 246.418
61.8684 242.111 21.9102 246.418 10.2453 247.707
51.5516 236.054 61.8684 242.111 37.2651 242.645
39.9855 232.092 51.5516 236.054 37.2651 242.645
42.3815 217.795 39.9855 232.092 51.5516 236.054
33.3163 189.266 42.3815 217.795 51.5516 236.054
28.8017 177.087 33.3163 189.266 51.5516 236.054
51.5516 236.054 28.8017 177.087 23.444 162.73
28.8017 177.087 21.5865 168.165 23.444 162.73
32.2324 203.629 33.3163 189.266 28.8017 177.087
51.5889 232.02 51.5516 236.054 61.8684 242.111
46.3461 209.662 51.5889 232.02 61.8684 242.111
61.8684 242.111 46.3461 209.662 13.7677 138.523
43.817 209.296 46.3461 209.662 51.5889 232.02
39.6155 198.548 43.817 209.296 46.3461 209.662
43.817 209.296 39.6155 198.548 36.9227 191.706
69.792 260.014 39.7565 260.685 47.5145 261.256
90.2939 259.379 121.627 259.938 69.792 260.014
90.2939 259.379 69.792 260.014 39.7565 260.685
121.627 259.938 90.2939 259.379 80.4588 256.438
169.289 261.587 103.974 262.734 62.7516 263.575
69.792 260.014 169.289 261.587 103.974 262.734
121.627 259.938 69.792 260.014 169.289 261.587
137.987 259.098 121.627 259.938 169.289 261.587
128.685 258.261 137.987 259.098 121.627 259.938
121.627 259.938 128.685 258.261 106.899 256.22
198.848 261.342 151.169 259.271 128.685 258.261
151.169 259.271 137.987 259.098 128.685 258.261
-0.784205 229.684 -1.51744 201.76 -3.3297 177.895
