1.73084 44.5656 1.8187 49.1127 1.20919 52.0048
3.08424 24.8915 1.73084 44.5656 1.20919 52.0048
4.23528 17.5747 4.40383 24.8878 3.08424 24.8915
0.377169 64.1852 1.20919 52.0048 3.41967 17.2031
1.20919 52.0048 3.08424 24.8915 3.41967 17.2031
3.08424 24.8915 4.23528 17.5747 3.41967 17.2031
4.23528 17.5747 6.48984 17.2873 3.41967 17.2031
46.5706 18.3367 25.5075 19.4543 7.08974 20.5599
37.6705 18.2338 46.5706 18.3367 25.5075 19.4543
6.48984 17.2873 37.6705 18.2338 46.5706 18.3367
46.5706 18.3367 6.48984 17.2873 3.41967 17.2031
1.20919 52.0048 0.692613 72.4352 0.413353 82.1436
0.692613 72.4352 1.20919 52.0048 1.8187 49.1127
11.2127 18.2713 4.23528 17.5747 6.48984 17.2873
34.2767 18.347 32.8463 18.2869 6.48984 17.2873
32.8463 18.2869 37.6705 18.2338 6.48984 17.2873
51.7035 35.1955 56.4215 36.4938 63.228 37.4328
31.9661 31.7735 30.9287 32.1564 51.7035 35.1955
29.2805 29.7614 31.9661 31.7735 51.7035 35.1955
29.2805 29.7614 51.7035 35.1955 63.228 37.4328
27.083 29.1772 29.2805 29.7614 63.228 37.4328
21.9485 27.7595 17.7416 28.5863 27.083 29.1772
21.9485 27.7595 27.083 29.1772 63.228 37.4328
3.08424 24.8915 7.50044 26.5996 21.9485 27.7595
4.40383 24.8878 3.08424 24.8915 21.9485 27.7595
7.92976 24.3954 4.40383 24.8878 21.9485 27.7595
7.92976 24.3954 21.9485 27.7595 63.228 37.4328
20.4985 22.077 7.92976 24.3954 4.40383 24.8878
22.5937 21.6534 20.4985 22.077 4.40383 24.8878
20.4985 22.077 22.5937 21.6534 37.4816 19.166
22.5937 21.6534 26.0837 20.0094 37.4816 19.166
3.62905 27.564 6.85379 30.8576 4.90266 31.8708
3.62905 27.564 4.90266 31.8708 6.53984 41.9695
7.50044 26.5996 10.5898 27.2794 3.62905 27.564
6.53984 41.9695 3.62905 27.564 3.08424 24.8915
3.62905 27.564 7.50044 26.5996 3.08424 24.8915
35.6809 88.2175 49.3616 88.7757 42.6641 88.8495
35.6809 88.2175 42.6641 88.8495 53.4748 90.5289
15.2534 86.1517 35.6809 88.2175 49.3616 88.7757
24.0622 85.4351 15.2534 86.1517 49.3616 88.7757
15.6342 85.2842 33.294 85.3983 27.1378 85.4059
15.6342 85.2842 27.1378 85.4059 24.0622 85.4351
15.6342 85.2842 24.0622 85.4351 15.2534 86.1517
15.0453 81.5593 15.6342 85.2842 15.2534 86.1517
13.4607 71.3275 15.0453 81.5593 15.2534 86.1517
12.4422 70.099 13.8883 70.8012 13.4607 71.3275
12.4422 70.099 13.4607 71.3275 15.2534 86.1517
12.6746 65.8464 14.3571 67.7994 12.4422 70.099
14.7456 63.3336 16.5175 65.3464 12.6746 65.8464
15.9129 60.7509 14.7456 63.3336 12.6746 65.8464
14.1362 57.4964 17.168 60.1515 15.9129 60.7509
14.1362 57.4964 15.9129 60.7509 12.6746 65.8464
12.0398 55.0251 14.1362 57.4964 12.6746 65.8464
12.0398 55.0251 12.6746 65.8464 12.4422 70.099
10.9023 51.7128 16.1211 54.8657 12.0398 55.0251
10.9023 51.7128 12.0398 55.0251 12.4422 70.099
11.6671 45.9038 11.8741 49.4684 10.9023 51.7128
7.96719 41.078 11.9511 44.8764 11.6671 45.9038
7.96719 41.078 11.6671 45.9038 10.9023 51.7128
7.96719 41.078 10.9023 51.7128 12.4422 70.099
7.12116 33.1278 10.5126 37.5706 7.96719 41.078
15.2534 86.1517 12.4422 70.099 4.90266 31.8708
12.4422 70.099 7.96719 41.078 4.90266 31.8708
7.96719 41.078 7.12116 33.1278 4.90266 31.8708
7.12116 33.1278 8.7961 32.1005 4.90266 31.8708
8.7961 32.1005 16.6686 32.7319 23.0586 32.9865
49.6443 35.93 31.0722 33.7491 6.85379 30.8576
31.0722 33.7491 23.0586 32.9865 6.85379 30.8576
23.0586 32.9865 8.7961 32.1005 6.85379 30.8576
8.7961 32.1005 4.90266 31.8708 6.85379 30.8576
55.5257 89.1674 42.6641 88.8495 49.3616 88.7757
26.099 75.2748 36.6469 78.548 41.8755 80.2611
13.4607 71.3275 26.099 75.2748 41.8755 80.2611
26.099 75.2748 13.4607 71.3275 13.8883 70.8012
32.4997 76.2204 24.9364 74.0108 13.8883 70.8012
24.9364 74.0108 21.6455 72.4221 13.8883 70.8012
73.6382 86.73 86.3589 91.0879 86.6566 91.2109
64.1821 84.6937 73.6382 86.73 86.6566 91.2109
21.6455 72.4221 27.4 73.7608 64.1821 84.6937
21.6455 72.4221 64.1821 84.6937 86.6566 91.2109
27.4 73.7608 21.6455 72.4221 12.4422 70.099
21.6455 72.4221 13.8883 70.8012 12.4422 70.099
79.4136 90.4507 82.0054 91.6408 95.9811 95.5812
56.3567 83.3743 58.3108 84.2092 79.4136 90.4507
26.5414 74.1704 56.3567 83.3743 79.4136 90.4507
95.9811 95.5812 79.4136 90.4507 21.6455 72.4221
79.4136 90.4507 26.5414 74.1704 21.6455 72.4221
26.5414 74.1704 24.9364 74.0108 21.6455 72.4221
15.9089 68.0536 14.3571 67.7994 12.6746 65.8464
12.6746 65.8464 17.4242 67.5088 24.0001 69.7951
28.9053 72.5914 24.0001 69.7951 16.5175 65.3464
24.0001 69.7951 12.6746 65.8464 16.5175 65.3464
25.1724 64.1508 28.8437 67.0081 35.6668 70.4244
25.1724 64.1508 35.6668 70.4244 37.2642 71.378
43.9262 75.367 37.2642 71.378 14.1362 57.4964
37.2642 71.378 25.1724 64.1508 14.1362 57.4964
25.1724 64.1508 17.168 60.1515 14.1362 57.4964
21.2399 61.4193 24.9056 62.5898 32.6841 66.6014
14.1362 57.4964 21.2399 61.4193 24.9056 62.5898
24.9056 62.5898 14.1362 57.4964 12.0398 55.0251
20.5241 59.3586 25.4958 62.0483 36.8976 67.9893
16.3093 55.4959 20.5241 59.3586 36.8976 67.9893
16.3093 55.4959 36.8976 67.9893 40.8571 70.2748
20.5241 59.3586 16.3093 55.4959 12.0398 55.0251
70.6615 81.0674 83.8047 86.3907 87.1 90.9791
67.26 79.8223 70.9608 80.2094 70.6615 81.0674
67.26 79.8223 70.6615 81.0674 87.1 90.9791
56.9189 74.9188 63.3915 77.2734 67.26 79.8223
56.9189 74.9188 67.26 79.8223 87.1 90.9791
51.8271 72.3012 56.9189 74.9188 87.1 90.9791
37.8236 65.7915 51.8271 72.3012 87.1 90.9791
33.3136 63.6845 37.8236 65.7915 87.1 90.9791
31.6326 62.976 33.3136 63.6845 87.1 90.9791
16.3093 55.4959 31.6326 62.976 87.1 90.9791
16.3093 55.4959 87.1 90.9791 91.4173 93.1472
31.6326 62.976 16.3093 55.4959 16.1211 54.8657
16.3093 55.4959 12.0398 55.0251 16.1211 54.8657
86.5203 84.3988 63.3915 77.2734 56.9189 74.9188
19.3938 51.4056 22.4373 50.9984 11.6671 45.9038
33.3447 57.9054 31.1925 58.6081 42.7805 65.6565
30.2175 55.2829 33.3447 57.9054 42.7805 65.6565
22.4373 50.9984 30.2175 55.2829 33.3447 57.9054
30.2175 55.2829 22.4373 50.9984 11.9511 44.8764
22.4373 50.9984 11.6671 45.9038 11.9511 44.8764
18.3333 45.6244 22.902 47.5137 32.5115 52.3269
14.4814 43.8949 18.3333 45.6244 22.902 47.5137
7.96719 41.078 14.4814 43.8949 18.3333 45.6244
14.4814 43.8949 7.96719 41.078 10.5126 37.5706
17.2566 41.7873 22.1538 46.4235 23.5275 47.0627
23.5275 47.0627 17.2566 41.7873 7.12116 33.1278
17.2566 41.7873 11.8676 37.7018 7.12116 33.1278
11.8676 37.7018 10.5126 37.5706 7.12116 33.1278
38.8502 54.1352 18.4513 40.5766 7.12116 33.1278
47.3313 57.6864 55.7835 64.5537 60.6647 67.3079
46.0406 56.7462 47.3313 57.6864 60.6647 67.3079
41.1468 53.5778 46.0406 56.7462 47.3313 57.6864
39.7515 52.5877 41.1468 53.5778 46.0406 56.7462
24.2518 43.2598 36.333 51.191 37.9205 51.6592
24.2518 43.2598 37.9205 51.6592 39.7515 52.5877
7.12116 33.1278 18.4513 40.5766 20.0437 40.8647
7.12116 33.1278 20.0437 40.8647 24.2518 43.2598
46.0406 56.7462 39.7515 52.5877 8.7961 32.1005
39.7515 52.5877 24.2518 43.2598 8.7961 32.1005
24.2518 43.2598 7.12116 33.1278 8.7961 32.1005
30.7386 48.0311 21.3195 42.2509 18.4513 40.5766
21.3195 42.2509 20.0437 40.8647 18.4513 40.5766
37.0397 51.7508 37.9205 51.6592 36.333 51.191
6.85379 30.8576 7.96311 30.9289 17.4714 31.8548
7.96311 30.9289 6.85379 30.8576 3.62905 27.564
17.7416 28.5863 15.1943 28.9863 22.775 29.2447
15.1943 28.9863 17.7416 28.5863 21.9485 27.7595
26.0837 20.0094 22.7478 20.4557 14.5619 20.5939
14.5619 20.5939 26.0837 20.0094 37.4816 19.166
33.6382 33.4559 56.4215 36.4938 63.228 37.4328
56.4215 36.4938 33.6382 33.4559 10.5985 30.2674
38.7787 34.237 33.6382 33.4559 10.5985 30.2674
17.853 30.6054 30.9287 32.1564 51.7035 35.1955
19.8274 30.3305 17.853 30.6054 30.9287 32.1564
17.853 30.6054 19.8274 30.3305 18.2024 29.8655
31.1969 31.7443 31.9661 31.7735 30.9287 32.1564
31.9661 31.7735 31.1969 31.7443 27.6473 30.5942
22.775 29.2447 15.1943 28.9863 8.9327 28.9758
45.8105 59.9916 55.7835 64.5537 60.6647 67.3079
46.0304 59.667 45.8105 59.9916 55.7835 64.5537
45.896 59.429 46.0304 59.667 55.7835 64.5537
44.0303 58.2614 45.896 59.429 46.0304 59.667
39.8103 56.8942 44.0303 58.2614 46.0304 59.667
46.0304 59.667 39.8103 56.8942 25.9465 50.7791
45.8105 59.9916 46.0304 59.667 41.4117 57.9934
44.0303 58.2614 39.8103 56.8942 35.5598 54.8001
28.8962 48.0786 44.0303 58.2614 45.896 59.429
44.0303 58.2614 28.8962 48.0786 12.8011 37.6044
42.7805 65.6565 31.1925 58.6081 23.4295 54.0808
31.1925 58.6081 27.5314 56.2206 23.4295 54.0808
31.1925 58.6081 27.5314 56.2206 27.1362 55.2048
35.8161 64.0994 46.7878 69.7051 51.8271 72.3012
46.7878 69.7051 35.8161 64.0994 24.8075 58.4456
46.7878 69.7051 51.8271 72.3012 56.9189 74.9188
46.8938 69.0275 46.7878 69.7051 56.9189 74.9188
56.9189 74.9188 46.8938 69.0275 21.3249 53.6478
46.8938 69.0275 26.3569 57.4936 21.3249 53.6478
26.3569 57.4936 22.801 55.8822 21.3249 53.6478
92.121 83.7539 91.1215 86.3575 83.8047 86.3907
94.057 83.2653 92.0781 83.2887 92.121 83.7539
94.057 83.2653 92.121 83.7539 91.1215 86.3575
95.156 82.713 94.057 83.2653 91.1215 86.3575
99.0598 80.0324 95.2234 80.6349 95.156 82.713
99.0598 80.0324 95.156 82.713 91.1215 86.3575
96.7773 77.7404 99.0598 80.0324 95.2234 80.6349
93.3774 73.237 96.7773 77.7404 95.2234 80.6349
92.5424 71.5749 93.3774 73.237 96.7773 77.7404
82.4553 52.9683 92.5424 71.5749 96.7773 77.7404
96.7773 77.7404 82.4553 52.9683 77.681 44.5455
82.4553 52.9683 80.3945 50.4642 77.681 44.5455
80.3945 50.4642 83.5916 56.6006 83.8054 58.2213
83.8054 58.2213 80.3945 50.4642 77.681 44.5455
88.0409 64.4261 83.5916 56.6006 80.3945 50.4642
91.1215 86.3575 83.8047 86.3907 87.1 90.9791
94.7197 86.0802 91.1215 86.3575 87.1 90.9791
91.1215 86.3575 94.7197 86.0802 97.6269 85.1109
85.3096 81.8647 92.0781 83.2887 92.121 83.7539
72.3334 78.6024 85.3096 81.8647 92.121 83.7539
92.121 83.7539 72.3334 78.6024 57.3361 74.7394
64.584 75.9685 75.3157 78.1946 72.3334 78.6024
59.9729 75.0504 64.584 75.9685 72.3334 78.6024
57.9671 74.5099 59.9729 75.0504 72.3334 78.6024
61.7602 72.3507 57.9671 74.5099 59.9729 75.0504
59.9729 75.0504 61.7602 72.3507 62.6538 71.5475
67.1037 76.1453 64.584 75.9685 59.9729 75.0504
75.3157 78.1946 72.3334 78.6024 85.3096 81.8647
75.3127 78.0283 75.3157 78.1946 85.3096 81.8647
78.3348 77.7827 75.3127 78.0283 85.3096 81.8647
73.1852 74.0141 78.3348 77.7827 85.3096 81.8647
78.3348 77.7827 73.1852 74.0141 61.4703 66.0572
55.752 70.6704 61.7602 72.3507 57.9671 74.5099
53.629 67.418 55.752 70.6704 61.7602 72.3507
51.1123 65.2203 48.2894 65.3563 53.629 67.418
51.1123 65.2203 53.629 67.418 61.7602 72.3507
61.7602 72.3507 51.1123 65.2203 46.8825 61.9002
48.2894 65.3563 51.1123 65.2203 45.0929 64.856
77.2571 77.5587 78.3348 77.7827 75.3127 78.0283
75.0673 76.1692 77.2571 77.5587 78.3348 77.7827
63.7211 70.0851 75.0673 76.1692 78.3348 77.7827
75.0673 76.1692 63.7211 70.0851 45.191 60.2472
88.9363 81.5771 85.3096 81.8647 92.0781 83.2887
89.4887 80.9509 88.9363 81.5771 85.3096 81.8647
86.4731 80.4312 89.4887 80.9509 85.3096 81.8647
85.6917 79.6206 86.4731 80.4312 85.3096 81.8647
80.3028 75.6679 85.6917 79.6206 85.3096 81.8647
85.6917 79.6206 80.3028 75.6679 69.6844 67.3122
80.3028 75.6679 77.3913 73.9297 69.6844 67.3122
75.9801 68.8675 85.6917 79.6206 86.4731 80.4312
86.4731 80.4312 75.9801 68.8675 61.9443 53.3887
75.9801 68.8675 62.7852 55.5717 61.9443 53.3887
76.4191 60.1508 79.8067 60.4636 75.0065 60.9863
61.9443 53.3887 76.4191 60.1508 75.0065 60.9863
76.4191 60.1508 61.9443 53.3887 49.8515 47.5836
61.9443 53.3887 55.019 50.4348 49.8515 47.5836
73.6343 66.9753 69.8075 63.501 55.019 50.4348
69.8075 63.501 63.2344 56.4119 55.019 50.4348
63.2344 56.4119 62.7852 55.5717 55.019 50.4348
62.7852 55.5717 61.9443 53.3887 55.019 50.4348
55.019 50.4348 55.1921 52.0444 55.1578 53.1953
49.8515 47.5836 55.019 50.4348 55.1578 53.1953
48.0056 45.6756 49.8515 47.5836 55.1578 53.1953
45.6097 44.971 48.0056 45.6756 55.1578 53.1953
45.6097 44.971 55.1578 53.1953 75.2029 70.5102
48.0056 45.6756 45.6097 44.971 37.6252 41.0065
55.7577 48.8352 37.6252 41.0065 36.9767 40.5655
45.6097 44.971 47.763 47.344 47.3962 48.1371
37.6252 41.0065 45.6097 44.971 47.3962 48.1371
47.3962 48.1371 37.6252 41.0065 36.9767 40.5655
49.714 49.9748 48.9719 50.3101 52.7847 52.7834
47.763 47.344 49.714 49.9748 52.7847 52.7834
52.7847 52.7834 47.763 47.344 45.6097 44.971
64.1797 60.5965 56.344 52.414 55.019 50.4348
56.344 52.414 55.1921 52.0444 55.019 50.4348
45.1653 48.345 48.9719 50.3101 52.7847 52.7834
52.7847 52.7834 45.1653 48.345 43.6054 47.4651
75.784 59.6483 76.4191 60.1508 79.8067 60.4636
76.4191 60.1508 75.784 59.6483 72.9247 57.5695
79.8067 60.4636 75.0065 60.9863 77.6264 62.0662
79.8067 60.4636 77.6264 62.0662 80.2676 63.5336
79.8067 60.4636 80.2676 63.5336 82.1285 67.682
79.18 58.4465 78.9775 59.5523 79.8067 60.4636
79.18 58.4465 79.8067 60.4636 82.1285 67.682
75.681 57.2583 79.18 58.4465 78.9775 59.5523
79.18 58.4465 75.681 57.2583 65.6199 53.548
79.0876 63.5387 80.2676 63.5336 77.6264 62.0662
77.6264 62.0662 75.0065 60.9863 70.7265 60.3598
88.9363 81.5771 89.4887 80.9509 90.6772 80.8233
86.8581 68.6536 94.057 83.2653 92.0781 83.2887
84.0059 62.8388 86.8581 68.6536 94.057 83.2653
81.6287 58.1463 84.0059 62.8388 86.8581 68.6536
81.1778 57.1106 81.6287 58.1463 84.0059 62.8388
75.5257 51.8058 75.0163 52.0638 81.1778 57.1106
74.2875 42.8208 75.5257 51.8058 81.1778 57.1106
74.2875 42.8208 81.1778 57.1106 84.0059 62.8388
75.5257 51.8058 74.2875 42.8208 72.1753 42.2056
80.5502 53.4742 82.0256 56.4622 83.8354 60.2037
70.9392 41.4608 72.1753 42.2056 74.2875 42.8208
70.2532 40.4309 66.0689 40.7478 70.9392 41.4608
70.2532 40.4309 70.9392 41.4608 74.2875 42.8208
73.8206 39.3384 70.2532 40.4309 74.2875 42.8208
73.8206 39.3384 74.2875 42.8208 80.5502 53.4742
73.8206 39.3384 80.5502 53.4742 82.0256 56.4622
60.3113 37.8497 73.8206 39.3384 70.2532 40.4309
73.8206 39.3384 60.3113 37.8497 33.885 34.923
60.3113 37.8497 44.2534 36.1232 33.885 34.923
61.7542 39.3543 44.4841 36.596 33.885 34.923
44.4841 36.596 44.2534 36.1232 33.885 34.923
84.5088 72.1199 82.9609 64.6556 81.1778 57.1106
82.9609 64.6556 81.6287 58.1463 81.1778 57.1106
82.9609 64.6556 83.1162 64.6717 84.786 68.4674
82.9609 64.6556 84.786 68.4674 87.7093 74.8838
83.1162 64.6717 82.9609 64.6556 81.6287 58.1463
84.786 68.4674 83.1162 64.6717 83.2113 63.8052
74.155 51.7782 75.5257 51.8058 75.0163 52.0638
74.155 51.7782 75.0163 52.0638 74.8815 52.9878
75.5257 51.8058 74.155 51.7782 67.4654 51.5139
67.4654 51.5139 74.155 51.7782 70.259 52.2559
67.4654 51.5139 70.259 52.2559 73.8659 54.2383
59.2779 48.2549 67.4654 51.5139 73.8659 54.2383
51.6961 45.1449 59.2779 48.2549 67.4654 51.5139
67.4654 51.5139 51.6961 45.1449 51.0542 44.8112
51.6961 45.1449 55.5754 47.1914 57.4356 48.1535
55.5754 47.1914 51.6961 45.1449 51.0542 44.8112
57.4356 48.1535 55.5754 47.1914 42.6444 41.8476
67.6105 42.8231 70.7661 44.5938 73.059 47.1922
66.0689 40.7478 63.1762 41.3441 67.6105 42.8231
66.0689 40.7478 67.6105 42.8231 70.7661 44.5938
55.7552 38.9559 70.2532 40.4309 66.0689 40.7478
55.7552 38.9559 66.0689 40.7478 63.1762 41.3441
43.0143 37.2586 55.7552 38.9559 70.2532 40.4309
30.696 35.6137 43.0143 37.2586 70.2532 40.4309
70.2532 40.4309 30.696 35.6137 27.6987 35.2368
30.696 35.6137 24.0097 35.427 27.6987 35.2368
24.0097 35.427 16.7978 35.387 27.6987 35.2368
68.591 70.012 70.639 71.3812 78.5081 76.6606
60.7278 64.7537 68.591 70.012 70.639 71.3812
24.7253 36.1864 25.2282 36.974 23.6579 39.3064
24.0097 35.427 24.7253 36.1864 23.6579 39.3064
68.591 70.012 60.7278 64.7537 16.7978 35.387
60.7278 64.7537 37.572 49.0824 16.7978 35.387
37.572 49.0824 23.6579 39.3064 16.7978 35.387
23.6579 39.3064 24.0097 35.427 16.7978 35.387
37.572 49.0824 41.3125 51.1379 48.9724 56.0898
41.3125 51.1379 37.572 49.0824 23.6579 39.3064
40.3573 48.6765 36.3313 45.9646 25.2282 36.974
36.3313 45.9646 23.6579 39.3064 25.2282 36.974
34.5958 42.1098 49.128 52.9103 57.4613 59.1581
32.2828 39.6193 34.5958 42.1098 49.128 52.9103
29.3097 38.758 32.2828 39.6193 34.5958 42.1098
34.5958 42.1098 29.3097 38.758 24.0097 35.427
29.3097 38.758 29.4071 36.2001 24.0097 35.427
29.4071 36.2001 30.696 35.6137 24.0097 35.427
36.8233 38.0924 43.974 40.8863 55.6898 45.0797
55.6898 45.0797 36.8233 38.0924 30.696 35.6137
36.8233 38.0924 29.4071 36.2001 30.696 35.6137
59.0783 45.6618 50.2676 42.5322 30.696 35.6137
50.2676 42.5322 39.0645 37.3969 30.696 35.6137
39.0645 37.3969 43.0143 37.2586 30.696 35.6137
43.5693 39.2701 40.7253 37.7334 39.0645 37.3969
47.2446 40.1101 49.784 40.765 58.3376 43.9449
42.4625 38.1805 47.2446 40.1101 49.784 40.765
49.784 40.765 42.4625 38.1805 43.0143 37.2586
42.4625 38.1805 40.7253 37.7334 43.0143 37.2586
40.7253 37.7334 39.0645 37.3969 43.0143 37.2586
47.2446 40.1101 72.6501 50.5988 73.3363 50.9168
73.3363 50.9168 47.2446 40.1101 42.4625 38.1805
73.3363 50.9168 72.6501 50.5988 54.4206 41.0279
32.2828 39.6193 34.5084 40.796 37.1684 42.4336
34.5084 40.796 32.2828 39.6193 31.463 38.2972
32.2828 39.6193 29.3097 38.758 31.463 38.2972
91.011 67.3984 93.977 71.3021 96.7773 77.7404
96.7773 77.7404 91.011 67.3984 80.7708 49.0335
93.977 71.3021 96.7773 77.7404 99.0598 80.0324
89.4286 63.356 93.977 71.3021 99.0598 80.0324
60.7503 18.4001 58.9422 18.7911 62.9456 20.3744
60.7503 18.4001 62.9456 20.3744 65.229 22.4029
59.0012 13.7613 60.7503 18.4001 65.229 22.4029
57.648 8.90004 59.0012 13.7613 65.229 22.4029
57.648 8.90004 65.229 22.4029 68.6026 27.4716
53.2588 8.57941 52.4794 8.65239 57.648 8.90004
56.6257 6.8491 53.2588 8.57941 57.648 8.90004
56.6257 6.8491 57.648 8.90004 68.6026 27.4716
55.0754 3.72524 56.6257 6.8491 68.6026 27.4716
55.0754 3.72524 68.6026 27.4716 89.4286 63.356
55.0754 3.72524 89.4286 63.356 99.0598 80.0324
56.6257 6.8491 55.0754 3.72524 46.3412 2.63707
78.7155 43.8269 81.3628 46.6411 83.3988 51.2204
78.7155 43.8269 83.3988 51.2204 94.606 71.5059
72.1551 32.121 77.1966 37.4151 78.7155 43.8269
71.3097 28.6101 73.2713 29.3402 72.1551 32.121
70.4985 28.4697 71.3097 28.6101 72.1551 32.121
64.2675 18.6682 70.4985 28.4697 72.1551 32.121
64.2675 18.6682 72.1551 32.121 78.7155 43.8269
64.2675 18.6682 78.7155 43.8269 94.606 71.5059
60.2684 12.5816 64.2675 18.6682 94.606 71.5059
57.4025 3.83224 60.6137 4.6112 57.6718 8.05647
55.0754 3.72524 57.4025 3.83224 57.6718 8.05647
55.0754 3.72524 57.6718 8.05647 60.2684 12.5816
55.0754 3.72524 60.2684 12.5816 94.606 71.5059
57.4025 3.83224 55.0754 3.72524 46.3412 2.63707
81.806 46.6647 81.3628 46.6411 78.7155 43.8269
49.9204 15.1814 52.4957 15.7243 42.6285 15.9045
52.4149 12.719 49.9204 15.1814 52.4957 15.7243
55.9899 9.10803 52.4149 12.719 49.9204 15.1814
57.648 8.90004 55.9899 9.10803 52.4149 12.719
55.9899 9.10803 57.648 8.90004 52.4794 8.65239
58.9422 18.7911 53.5138 19.0601 43.7084 19.5913
53.5138 19.0601 58.9422 18.7911 60.7503 18.4001
64.0148 31.6108 63.1652 32.5191 64.2889 32.6449
64.0697 29.2662 64.0148 31.6108 64.2889 32.6449
64.5612 28.0844 62.353 28.3409 64.0697 29.2662
64.5612 28.0844 64.0697 29.2662 64.2889 32.6449
65.229 22.4029 64.5612 28.0844 64.2889 32.6449
64.5612 28.0844 65.229 22.4029 62.9456 20.3744
63.1652 32.5191 61.9881 33.4226 64.1176 36.3675
61.9881 33.4226 63.1652 32.5191 64.0148 31.6108
68.6026 27.4716 69.516 35.609 69.1637 36.9153
69.3159 38.701 69.1637 36.9153 65.229 22.4029
69.1637 36.9153 68.6026 27.4716 65.229 22.4029
71.4771 37.3191 69.1637 36.9153 69.516 35.609
56.5649 33.0147 61.9881 33.4226 64.1176 36.3675
51.8065 32.1916 56.5649 33.0147 64.1176 36.3675
44.5922 31.5108 51.8065 32.1916 64.1176 36.3675
35.1033 29.1425 41.6506 30.4999 44.5922 31.5108
33.3236 28.8054 35.1033 29.1425 44.5922 31.5108
33.3236 28.8054 44.5922 31.5108 64.1176 36.3675
37.4252 28.7152 33.3236 28.8054 35.1033 29.1425
50.3252 28.3194 37.4252 28.7152 33.3236 28.8054
41.2737 28.1437 50.3252 28.3194 33.3236 28.8054
33.3236 28.8054 41.2737 28.1437 54.6359 26.7323
56.5649 33.0147 51.8065 32.1916 51.9663 31.9888
56.5675 31.3014 56.5649 33.0147 61.9881 33.4226
61.9881 33.4226 56.5675 31.3014 54.4879 29.7223
53.9723 24.7757 62.353 28.3409 64.0697 29.2662
48.7457 22.1003 49.1143 23.9061 53.9723 24.7757
48.7457 22.1003 53.9723 24.7757 62.353 28.3409
49.1143 23.9061 48.7457 22.1003 47.8854 21.9166
53.9723 24.7757 33.6824 27.5162 29.5114 28.3409
33.6824 27.5162 53.9723 24.7757 49.1143 23.9061
52.0169 22.5086 48.7457 22.1003 47.8854 21.9166
35.1997 26.9441 33.6824 27.5162 29.5114 28.3409
31.712 24.6956 35.1997 26.9441 29.5114 28.3409
29.5114 28.3409 31.712 24.6956 32.0079 23.1231
35.1997 26.9441 38.4502 24.9928 38.2193 24.6925
33.6824 27.5162 35.1997 26.9441 43.4311 24.3411
35.1997 26.9441 38.4502 24.9928 43.4311 24.3411
61.6448 27.2732 64.5612 28.0844 62.353 28.3409
64.5612 28.0844 61.6448 27.2732 62.445 26.9873
60.7503 18.4001 59.0012 13.7613 56.7823 12.5907
56.3139 16.3506 57.6559 16.8962 54.4233 18.1712
41.5939 15.9367 39.6708 16.3391 56.3139 16.3506
42.6285 15.9045 41.5939 15.9367 56.3139 16.3506
52.4957 15.7243 42.6285 15.9045 56.3139 16.3506
53.5254 13.7085 52.4957 15.7243 56.3139 16.3506
53.5254 13.7085 56.3139 16.3506 57.6559 16.8962
52.4957 15.7243 53.5254 13.7085 53.6175 13.3953
23.9851 16.6716 56.3139 16.3506 39.6708 16.3391
40.7953 14.7169 41.5939 15.9367 39.6708 16.3391
39.0323 14.2688 39.869 14.5963 40.7953 14.7169
39.5819 13.1315 39.0323 14.2688 40.7953 14.7169
35.4147 7.34982 37.2984 10.7866 39.5819 13.1315
35.4147 7.34982 39.5819 13.1315 40.7953 14.7169
35.0955 5.85946 35.4147 7.34982 40.7953 14.7169
35.0955 5.85946 40.7953 14.7169 41.5939 15.9367
35.4147 7.34982 35.0955 5.85946 24.0712 3.47831
40.7953 14.7169 32.8783 15.6588 34.4549 15.6818
32.8783 15.6588 40.7953 14.7169 39.869 14.5963
35.0955 5.85946 43.1653 7.57334 39.5923 7.87228
43.1653 7.57334 35.0955 5.85946 24.0712 3.47831
32.8783 15.6588 34.4549 15.6818 31.0088 15.6961
29.4057 14.5933 32.8783 15.6588 31.0088 15.6961
31.1214 14.5763 29.4057 14.5933 32.8783 15.6588
32.8783 15.6588 31.1214 14.5763 27.8394 12.3201
29.4057 14.5933 31.1214 14.5763 26.3158 13.6097
37.7969 13.9771 39.0323 14.2688 39.869 14.5963
39.869 14.5963 37.7969 13.9771 36.0552 13.6736
27.5708 8.92933 37.7969 13.9771 39.0323 14.2688
28.3161 7.03395 27.5708 8.92933 39.0323 14.2688
39.0323 14.2688 28.3161 7.03395 25.6547 5.1081
28.3161 7.03395 24.4597 5.9467 25.6547 5.1081
7.5637 15.9501 9.46583 16.1298 18.5988 17.2607
9.82666 15.8598 7.5637 15.9501 9.46583 16.1298
10.3754 15.2277 9.82666 15.8598 7.5637 15.9501
17.1798 12.1958 10.3754 15.2277 7.5637 15.9501
22.7355 9.44635 17.1798 12.1958 7.5637 15.9501
7.5637 15.9501 22.7355 9.44635 28.3161 7.03395
22.7355 9.44635 27.5708 8.92933 28.3161 7.03395
13.0959 14.9655 9.46583 16.1298 18.5988 17.2607
17.1522 14.328 12.5485 14.9436 13.0959 14.9655
17.1522 14.328 13.0959 14.9655 18.5988 17.2607
21.24 12.8827 17.1522 14.328 18.5988 17.2607
18.5988 17.2607 21.24 12.8827 23.2092 9.90526
20.7407 8.08332 11.8292 11.1932 12.6983 12.1341
28.3161 7.03395 20.7407 8.08332 12.6983 12.1341
28.3161 7.03395 12.6983 12.1341 1.32999 16.1465
24.4597 5.9467 28.3161 7.03395 20.7407 8.08332
19.7807 4.46893 24.4597 5.9467 20.7407 8.08332
13.8964 2.77273 11.0578 4.29034 19.7807 4.46893
6.99414 0.55045 13.8964 2.77273 19.7807 4.46893
24.4597 5.9467 19.7807 4.46893 8.92517 0.450403
19.7807 4.46893 6.99414 0.55045 8.92517 0.450403
0.467003 0.669976 7.72587 1.97563 9.55042 2.09012
6.99414 0.55045 0.467003 0.669976 9.55042 2.09012
0.467003 0.669976 6.99414 0.55045 8.92517 0.450403
14.9177 9.42281 5.37342 3.54926 0.467003 0.669976
5.37342 3.54926 6.77407 2.60337 0.467003 0.669976
6.77407 2.60337 7.72587 1.97563 0.467003 0.669976
9.652 4.58752 11.0578 4.29034 13.8964 2.77273
18.5858 5.3217 15.7703 6.78727 15.1042 8.28325
19.7807 4.46893 18.5858 5.3217 15.1042 8.28325
18.5858 5.3217 19.7807 4.46893 11.0578 4.29034
11.0317 10.5436 11.8292 11.1932 12.6983 12.1341
11.8292 11.1932 11.0317 10.5436 3.70721 4.52005
11.0317 10.5436 9.08234 9.24138 3.70721 4.52005
9.08234 9.24138 7.187 10.9862 4.49591 14.0179
7.187 10.9862 9.08234 9.24138 3.70721 4.52005
2.85671 14.6805 4.49591 14.0179 9.76317 12.3774
7.187 10.9862 4.49591 14.0179 2.85671 14.6805
2.85671 14.6805 7.187 10.9862 3.5201 9.82064
15.3437 6.67211 15.7703 6.78727 15.1042 8.28325
15.7703 6.78727 15.3437 6.67211 16.4962 5.38996
41.2524 5.53236 53.2588 8.57941 52.4794 8.65239
52.4794 8.65239 41.2524 5.53236 36.722 4.49504
50.3832 6.16476 56.6257 6.8491 53.2588 8.57941
43.5857 4.56938 50.3832 6.16476 53.2588 8.57941
37.1409 2.39212 42.1914 3.79647 43.5857 4.56938
37.1409 2.39212 43.5857 4.56938 53.2588 8.57941
53.2588 8.57941 37.1409 2.39212 31.2578 0.231515
37.1409 2.39212 37.7399 0.745268 31.2578 0.231515
50.6647 1.18974 37.7399 0.745268 31.2578 0.231515
43.5857 4.56938 42.1914 3.79647 39.6445 1.45565
78.2521 7.11852 85.7212 8.14142 88.3275 10.0933
67.1235 5.68168 73.6993 6.64706 78.2521 7.11852
65.7558 5.31375 67.1235 5.68168 78.2521 7.11852
65.7558 5.31375 78.2521 7.11852 85.7212 8.14142
57.4025 3.83224 60.6137 4.6112 65.7558 5.31375
57.4025 3.83224 65.7558 5.31375 85.7212 8.14142
85.7212 8.14142 57.4025 3.83224 40.5426 1.23973
60.9778 8.16078 61.3575 7.4963 60.6137 4.6112
61.3575 7.4963 65.7558 5.31375 60.6137 4.6112
64.7149 9.46425 64.4035 10.5591 64.4988 12.7212
67.1235 5.68168 67.3561 8.17124 64.7149 9.46425
64.4035 10.5591 64.7149 9.46425 65.7558 5.31375
64.7149 9.46425 67.1235 5.68168 65.7558 5.31375
82.2264 37.2892 85.7577 42.0352 91.4115 52.3903
79.4561 32.6955 82.2264 37.2892 85.7577 42.0352
67.9097 10.9659 72.5446 19.8506 74.7946 24.8601
82.2264 37.2892 79.4561 32.6955 64.7149 9.46425
79.4561 32.6955 74.7946 24.8601 64.7149 9.46425
74.7946 24.8601 67.9097 10.9659 64.7149 9.46425
69.2944 10.9721 70.7284 12.21 71.2772 12.5687
67.9097 10.9659 69.2944 10.9721 70.7284 12.21
64.7149 9.46425 67.9097 10.9659 69.2944 10.9721
69.2944 10.9721 64.7149 9.46425 67.3561 8.17124
72.0266 10.9361 70.1683 9.36152 67.1235 5.68168
70.1683 9.36152 67.3561 8.17124 67.1235 5.68168
79.8164 17.4554 80.9981 22.0876 80.2248 27.3081
78.243 11.0114 79.8164 17.4554 80.2248 27.3081
77.6142 8.3824 78.243 11.0114 80.2248 27.3081
78.2521 7.11852 74.7968 7.43714 77.6142 8.3824
78.2521 7.11852 77.6142 8.3824 78.243 11.0114
74.7968 7.43714 78.2521 7.11852 73.6993 6.64706
79.3795 31.3094 82.2682 32.9698 84.6228 35.8741
78.4653 30.5575 79.3795 31.3094 84.6228 35.8741
75.6271 25.0971 78.4653 30.5575 79.3795 31.3094
76.0027 19.5906 76.2665 21.2496 74.8533 23.3747
71.8703 18.1139 76.0027 19.5906 74.8533 23.3747
71.8703 18.1139 74.8533 23.3747 75.6271 25.0971
71.8703 18.1139 75.6271 25.0971 78.4653 30.5575
72.1452 17.2913 71.8703 18.1139 76.0027 19.5906
77.3697 10.0689 72.1452 17.2913 76.0027 19.5906
77.6142 8.3824 77.3697 10.0689 76.0027 19.5906
77.3697 10.0689 77.6142 8.3824 74.7968 7.43714
74.8533 23.3747 77.0858 24.8759 78.5124 26.1496
77.0858 24.8759 74.8533 23.3747 76.2665 21.2496
85.7212 8.14142 81.5816 7.29326 76.9458 6.58271
74.3766 4.21067 81.5816 7.29326 85.7212 8.14142
82.932 4.04315 74.3766 4.21067 85.7212 8.14142
82.932 4.04315 85.7212 8.14142 88.3275 10.0933
77.1961 4.04126 82.932 4.04315 74.3766 4.21067
67.3222 2.47629 77.1961 4.04126 82.932 4.04315
84.7141 1.38806 50.5113 1.95986 67.3222 2.47629
84.7141 1.38806 67.3222 2.47629 82.932 4.04315
85.6964 0.215582 84.7141 1.38806 82.932 4.04315
84.7141 1.38806 85.6964 0.215582 83.7074 0.0905051
85.6964 0.215582 96.3583 0.115153 83.7074 0.0905051
98.7034 29.9571 98.1114 47.085 98.3413 47.171
98.9604 25.2763 98.7034 29.9571 98.3413 47.171
98.2683 23.5115 98.9604 25.2763 98.7034 29.9571
97.7052 21.5846 98.2683 23.5115 98.7034 29.9571
97.0915 11.1045 97.7052 21.5846 98.2683 23.5115
98.2683 23.5115 97.0915 11.1045 96.3583 0.115153
97.0915 11.1045 96.301 4.18324 96.3583 0.115153
96.301 4.18324 95.9773 2.28441 96.3583 0.115153
95.9773 2.28441 85.6964 0.215582 96.3583 0.115153
67.092 3.77982 74.3766 4.21067 81.5816 7.29326
81.5816 7.29326 67.092 3.77982 64.2253 3.23762
67.092 3.77982 69.768 3.48547 64.2253 3.23762
73.7986 0.845002 84.7141 1.38806 50.5113 1.95986
73.7986 0.845002 50.5113 1.95986 48.633 2.03881
84.7141 1.38806 73.7986 0.845002 72.7349 0.758038
98.3413 47.171 94.6161 54.9374 92.6495 59.3847
98.1114 47.085 98.3413 47.171 94.6161 54.9374
96.8921 44.6465 98.1114 47.085 94.6161 54.9374
98.1114 47.085 96.8921 44.6465 93.9708 37.8587
95.7894 38.4241 93.9708 37.8587 93.3715 36.7686
93.9708 37.8587 96.8921 44.6465 93.146 46.6801
93.9708 37.8587 93.146 46.6801 93.1423 46.6914
93.1423 46.6914 93.9708 37.8587 93.3715 36.7686
92.143 54.343 94.6161 54.9374 92.6495 59.3847
86.7983 48.0149 92.143 54.343 92.6495 59.3847
83.8734 42.758 86.7983 48.0149 92.143 54.343
92.143 54.343 83.8734 42.758 77.9542 34.2804
92.949 65.552 96.4831 68.2788 99.9296 73.5349
89.8409 57.38 92.949 65.552 96.4831 68.2788
83.3008 43.1673 89.8409 57.38 92.949 65.552
83.8734 42.758 83.3008 43.1673 89.8409 57.38
77.9542 34.2804 83.8734 42.758 83.3008 43.1673
83.3008 43.1673 77.9542 34.2804 76.0004 31.1391
97.4942 66.265 96.4831 68.2788 99.9296 73.5349
98.0128 64.0292 97.4942 66.265 99.9296 73.5349
99.6498 56.5994 98.0128 64.0292 99.9296 73.5349
99.618 38.5576 99.6498 56.5994 99.9296 73.5349
99.6313 36.875 99.618 38.5576 99.9296 73.5349
99.9141 21.6707 99.6313 36.875 99.9296 73.5349
99.9296 73.5349 99.9141 21.6707 99.9552 9.08114
99.4312 41.3156 99.618 38.5576 99.6313 36.875
97.2495 62.5614 98.0128 64.0292 97.4942 66.265
97.4942 66.265 97.2495 62.5614 96.5567 59.5841
97.7753 61.0207 97.2495 62.5614 98.0128 64.0292
98.9898 51.6347 97.7753 61.0207 98.0128 64.0292
98.0128 64.0292 98.9898 51.6347 99.0217 51.2793
98.0216 57.6449 98.4517 54.9206 99.0217 51.2793
98.4517 54.9206 98.9898 51.6347 99.0217 51.2793
93.5462 52.0854 94.6054 52.9356 92.143 54.343
92.2464 50.3665 93.5462 52.0854 92.143 54.343
91.6334 38.381 92.2464 50.3665 92.143 54.343
91.2055 27.6327 91.6334 38.381 92.143 54.343
92.3742 20.9027 91.2055 27.6327 91.6334 38.381
91.2055 27.6327 92.3742 20.9027 94.298 9.13066
92.3742 20.9027 93.8221 12.8689 94.298 9.13066
96.6502 30.046 96.1527 31.8139 97.757 33.19
94.7511 25.8668 94.4208 26.1705 96.6502 30.046
94.5698 22.3988 94.7511 25.8668 96.6502 30.046
94.5698 22.3988 96.6502 30.046 97.757 33.19
94.2912 18.0251 94.5698 22.3988 97.757 33.19
93.8221 12.8689 94.2912 18.0251 97.757 33.19
94.298 9.13066 93.8221 12.8689 97.757 33.19
97.757 33.19 94.298 9.13066 93.626 4.31051
95.8202 32.9482 96.1527 31.8139 96.6502 30.046
94.6054 52.9356 92.143 54.343 94.6161 54.9374
95.1333 49.2171 94.6054 52.9356 94.6161 54.9374
93.9185 49.1254 95.1333 49.2171 94.6054 52.9356
95.1333 49.2171 93.9185 49.1254 93.2494 48.839
92.9701 30.3761 91.6334 38.381 92.2464 50.3665
92.2464 50.3665 92.9701 30.3761 93.3593 19.7195
94.6054 52.9356 93.5462 52.0854 93.3606 50.9582
80.2248 27.3081 80.9981 22.0876 83.1322 12.0317
80.9981 22.0876 81.611 13.3081 83.1322 12.0317
80.4399 14.1575 80.0217 14.2993 80.8227 20.3577
81.611 13.3081 80.4399 14.1575 80.8227 20.3577
80.4399 14.1575 81.611 13.3081 83.1322 12.0317
80.0217 14.2993 80.4399 14.1575 80.5234 12.3226
77.7319 21.793 77.0858 24.8759 78.5124 26.1496
77.0858 24.8759 77.7319 21.793 77.9083 13.4471
81.8475 30.2475 79.3795 31.3094 82.2682 32.9698
80.501 29.4256 81.8475 30.2475 79.3795 31.3094
79.3795 31.3094 80.501 29.4256 90.0922 11.5453
80.501 29.4256 88.5492 17.2778 90.0922 11.5453
88.5492 17.2778 85.0052 26.0813 86.1708 26.5868
86.1708 26.5868 88.5492 17.2778 90.0922 11.5453
85.0985 32.0882 82.2682 32.9698 84.6228 35.8741
84.6228 35.8741 85.0985 32.0882 86.1368 27.2579
71.8703 18.1139 72.1452 17.2913 73.2062 12.7457
89.5726 37.4377 85.7577 42.0352 91.4115 52.3903
89.0608 33.1631 88.601 37.2593 89.5726 37.4377
89.0608 33.1631 89.5726 37.4377 91.4115 52.3903
88.601 37.2593 89.0608 33.1631 90.1929 21.8968
67.5467 22.7556 71.3097 28.6101 73.2713 29.3402
71.3097 28.6101 67.5467 22.7556 65.8602 20.1381
67.5467 22.7556 67.3075 21.6588 65.8602 20.1381
67.3075 21.6588 67.6063 21.3571 65.8602 20.1381
65.8273 20.2698 65.8602 20.1381 65.4943 17.7864
68.9261 23.0533 67.6063 21.3571 65.4943 17.7864
67.6063 21.3571 65.8602 20.1381 65.4943 17.7864
73.8692 28.8267 73.2713 29.3402 72.1551 32.121
72.046 25.8936 73.8692 28.8267 73.2713 29.3402
73.8692 28.8267 72.046 25.8936 69.4092 21.4555
77.5377 36.8629 77.1966 37.4151 78.7155 43.8269
78.7155 43.8269 77.5377 36.8629 77.4551 36.1571
51.5672 74.7479 43.9262 75.367 49.2933 77.3143
51.5672 74.7479 49.2933 77.3143 49.2261 79.4141
43.9262 75.367 51.5672 74.7479 53.2232 74.4657
49.2933 77.3143 43.9262 75.367 30.1842 70.8109
43.9262 75.367 37.2642 71.378 30.1842 70.8109
37.2642 71.378 35.6668 70.4244 29.5135 69.1261
27.8501 66.8789 28.8437 67.0081 35.6668 70.4244
28.8437 67.0081 27.8501 66.8789 22.502 66.1306
22.502 66.1306 27.8501 66.8789 29.5517 68.3291
19.7712 65.4431 22.502 66.1306 29.5517 68.3291
19.0923 63.8331 19.7712 65.4431 22.502 66.1306
19.7712 65.4431 19.0923 63.8331 18.1448 62.646
54.9448 81.3705 64.1821 84.6937 73.6382 86.73
73.6382 86.73 54.9448 81.3705 25.2396 72.7861
86.3589 91.0879 73.6382 86.73 64.5398 82.8009
86.6566 91.2109 86.3589 91.0879 57.7844 78.633
73.5317 89.9822 82.0054 91.6408 95.9811 95.5812
95.9811 95.5812 73.5317 89.9822 59.9311 86.6408
33.294 85.3983 44.6899 85.7278 38.5468 86.3543
16.1719 84.8937 15.6342 85.2842 33.294 85.3983
16.1719 84.8937 33.294 85.3983 44.6899 85.7278
15.5382 81.9688 19.1172 83.1214 16.1719 84.8937
15.5382 81.9688 16.1719 84.8937 15.6342 85.2842
16.9659 81.6882 15.5382 81.9688 19.1172 83.1214
16.2499 80.3205 16.9659 81.6882 15.5382 81.9688
15.5382 81.9688 16.2499 80.3205 17.0634 76.0356
16.2499 80.3205 17.0315 79.6398 17.0634 76.0356
16.9659 81.6882 34.6918 84.0777 41.5104 85.1724
34.6918 84.0777 16.9659 81.6882 16.2499 80.3205
37.4024 83.6508 34.6918 84.0777 41.5104 85.1724
29.4972 80.4969 37.4024 83.6508 41.5104 85.1724
37.4024 83.6508 29.4972 80.4969 15.3422 74.918
44.6899 85.7278 38.5468 86.3543 51.3405 88.2624
44.5806 85.628 44.6899 85.7278 51.3405 88.2624
44.6899 85.7278 44.5806 85.628 35.6114 79.687
44.5806 85.628 46.7831 83.4414 35.6114 79.687
55.4064 85.919 46.7831 83.4414 35.6114 79.687
52.4824 87.4755 56.4339 88.129 64.2742 90.5836
44.5806 85.628 52.4824 87.4755 64.2742 90.5836
52.4824 87.4755 44.5806 85.628 46.7831 83.4414
15.2534 86.1517 35.6809 88.2175 46.3493 90.0697
15.2534 86.1517 46.3493 90.0697 86.873 96.4191
15.2534 86.1517 86.873 96.4191 90.1249 96.8875
3.60528 84.532 6.98524 84.8181 15.2534 86.1517
3.60528 84.532 15.2534 86.1517 90.1249 96.8875
4.11651 83.8017 3.60528 84.532 6.98524 84.8181
6.83338 82.9652 4.11651 83.8017 6.98524 84.8181
6.98524 84.8181 6.83338 82.9652 5.46796 62.9401
81.5353 95.3101 86.873 96.4191 90.1249 96.8875
80.2268 93.6891 81.5353 95.3101 90.1249 96.8875
42.868 81.5261 80.2268 93.6891 90.1249 96.8875
39.7765 80.2593 42.4862 81.1642 42.868 81.5261
30.2156 76.8589 39.7765 80.2593 42.868 81.5261
26.5561 76.2323 30.2156 76.8589 42.868 81.5261
26.5561 76.2323 42.868 81.5261 80.2268 93.6891
30.2156 76.8589 26.5561 76.2323 14.11 73.7606
26.5561 76.2323 21.0959 76.1603 14.11 73.7606
42.4862 81.1642 51.1387 83.9583 65.6149 88.7346
51.1387 83.9583 42.4862 81.1642 39.7765 80.2593
23.586 77.3128 21.0959 76.1603 14.11 73.7606
10.1233 95.5637 28.9426 98.7266 0.871504 99.0008
26.1511 95.1779 29.0061 95.5234 10.1233 95.5637
5.03523 94.3981 26.1511 95.1779 10.1233 95.5637
5.03523 94.3981 10.1233 95.5637 0.871504 99.0008
1.33477 89.2734 5.03523 94.3981 0.871504 99.0008
3.60528 84.532 4.13431 85.9756 1.33477 89.2734
2.24955 65.3028 4.11651 83.8017 3.60528 84.532
2.24955 65.3028 3.60528 84.532 1.33477 89.2734
2.24955 65.3028 1.33477 89.2734 0.871504 99.0008
3.07087 59.5815 2.24955 65.3028 4.11651 83.8017
3.25794 34.7434 3.07087 59.5815 2.24955 65.3028
2.24955 65.3028 3.25794 34.7434 3.3335 30.9076
1.33477 89.2734 6.9288 91.1048 11.5076 93.0322
6.9288 91.1048 1.33477 89.2734 4.13431 85.9756
3.76755 40.7525 3.42865 35.1997 3.25794 34.7434
11.1349 72.0264 11.5703 76.3597 13.2773 76.9544
10.7174 69.108 11.1349 72.0264 13.2773 76.9544
9.27671 58.505 10.7174 69.108 13.2773 76.9544
4.34858 37.4327 5.08947 41.847 6.35687 46.5537
4.34858 37.4327 6.35687 46.5537 9.27671 58.505
3.25794 34.7434 3.42865 35.1997 4.34858 37.4327
13.2773 76.9544 9.27671 58.505 3.3335 30.9076
9.27671 58.505 4.34858 37.4327 3.3335 30.9076
4.34858 37.4327 3.25794 34.7434 3.3335 30.9076
5.39298 47.5649 5.08947 41.847 4.34858 37.4327
8.17978 54.575 6.35687 46.5537 5.08947 41.847
11.5076 93.0322 6.9288 91.1048 7.74624 90.7519
33.0255 92.6014 26.1511 95.1779 29.0061 95.5234
35.3114 90.9 33.4027 91.7641 33.0255 92.6014
36.2857 90.3301 35.3114 90.9 33.0255 92.6014
36.2857 90.3301 33.0255 92.6014 29.0061 95.5234
35.3114 90.9 36.2857 90.3301 30.937 90.0747
47.9323 93.6531 46.5314 92.482 36.2857 90.3301
46.5314 92.482 57.9596 93.6627 68.6762 94.9046
36.2857 90.3301 46.5314 92.482 57.9596 93.6627
28.8222 89.527 30.937 90.0747 36.2857 90.3301
16.9806 87.6792 28.8222 89.527 36.2857 90.3301
14.5936 87.3053 16.9806 87.6792 36.2857 90.3301
57.9596 93.6627 36.2857 90.3301 17.8681 87.0498
36.2857 90.3301 14.5936 87.3053 17.8681 87.0498
17.7946 90.0902 20.9166 90.6766 19.321 90.7444
17.7946 90.0902 19.321 90.7444 17.9949 93.4078
17.9949 93.4078 17.7946 90.0902 16.9806 87.6792
17.7946 90.0902 28.8222 89.527 16.9806 87.6792
23.1975 91.2277 19.321 90.7444 20.9166 90.6766
59.0024 93.5389 57.9596 93.6627 68.6762 94.9046
55.4216 92.4952 59.0024 93.5389 68.6762 94.9046
68.6762 94.9046 55.4216 92.4952 49.5927 91.2314
10.1233 95.5637 44.2102 96.9361 43.4285 97.3792
10.1233 95.5637 43.4285 97.3792 48.0541 97.6798
29.0061 95.5234 10.1233 95.5637 44.2102 96.9361
33.218 95.2408 29.0061 95.5234 44.2102 96.9361
29.0061 95.5234 33.218 95.2408 39.9549 94.3481
56.2085 96.7691 44.2102 96.9361 43.4285 97.3792
72.6663 96.0524 56.2085 96.7691 43.4285 97.3792
54.9202 94.8323 72.6663 96.0524 56.2085 96.7691
72.6663 96.0524 54.9202 94.8323 33.6095 93.1636
55.9165 97.3375 43.4285 97.3792 48.0541 97.6798
48.0541 97.6798 55.9165 97.3375 85.9992 96.4476
69.9304 98.5756 28.9426 98.7266 0.871504 99.0008
28.9426 98.7266 69.9304 98.5756 52.357 98.4765
69.9304 98.5756 81.8932 98.6637 63.7041 99.0479
81.8932 98.6637 69.9304 98.5756 37.2836 97.791
69.9304 98.5756 52.357 98.4765 37.2836 97.791
8.03852 76.0653 11.5703 76.3597 13.2773 76.9544
9.30529 73.7891 8.03852 76.0653 11.5703 76.3597
8.80757 73.1019 9.30529 73.7891 8.03852 76.0653
8.40098 73.048 8.80757 73.1019 8.03852 76.0653
8.44516 71.8917 8.40098 73.048 8.03852 76.0653
8.03852 76.0653 8.44516 71.8917 8.91027 67.0927
10.0598 74.5184 9.30529 73.7891 8.80757 73.1019
9.02135 68.9961 9.00699 70.8083 8.40098 73.048
8.40098 73.048 9.02135 68.9961 9.14884 68.0763
9.00699 70.8083 8.40098 73.048 8.80757 73.1019
8.80757 73.1019 9.00699 70.8083 9.36709 70.0738
6.49239 81.4346 6.83338 82.9652 4.11651 83.8017
3.85713 66.3406 6.49239 81.4346 4.11651 83.8017
4.11651 83.8017 3.85713 66.3406 3.70012 62.4234
6.49239 81.4346 6.06073 75.3927 4.92106 68.1632
6.06073 75.3927 6.49239 81.4346 6.83338 82.9652
6.83338 82.9652 6.06073 75.3927 5.43232 67.213
12.1884 82.4169 6.98524 84.8181 15.2534 86.1517
15.2534 86.1517 12.1884 82.4169 10.5291 79.8628
0.413353 82.1436 0.692613 72.4352 0.919359 70.4436
