-45.2799 -10.5521 -47.4559 -6.186 -49.046 -0.665437
-48.1115 -11.522 -45.2799 -10.5521 -47.4559 -6.186
-46.3076 -12.7347 -48.1115 -11.522 -45.2799 -10.5521
-43.9034 -17.212 -46.3076 -12.7347 -48.1115 -11.522
-35.9249 -29.7394 -43.9034 -17.212 -48.1115 -11.522
-34.2624 -32.2892 -35.9249 -29.7394 -48.1115 -11.522
-48.1115 -11.522 -34.2624 -32.2892 -30.5228 -38.0129
-34.2624 -32.2892 -30.4782 -34.8444 -30.5228 -38.0129
-45.1928 -1.77256 -45.9162 -0.0802837 -47.238 0.461027
-33.5583 -28.1495 -45.1928 -1.77256 -47.238 0.461027
-47.238 0.461027 -33.5583 -28.1495 -30.4782 -34.8444
-33.5583 -28.1495 -27.1854 -27.7431 -30.4061 -25.5487
-30.4782 -34.8444 -33.5583 -28.1495 -27.1854 -27.7431
-27.1854 -27.7431 -30.4782 -34.8444 -30.5228 -38.0129
-30.4061 -25.5487 -33.1342 -21.2146 -36.9477 -13.4153
-27.1854 -27.7431 -30.4061 -25.5487 -36.9477 -13.4153
-36.9477 -13.4153 -27.1854 -27.7431 -21.2596 -36.4253
-27.1854 -27.7431 -25.3683 -33.9778 -21.2596 -36.4253
-36.9477 -13.4153 -33.1342 -21.2146 -32.586 -22.3732
-45.9162 -0.0802837 -45.1928 -1.77256 -40.526 -11.9221
-44.9135 3.54496 -44.1736 8.09941 -45.5593 12.1144
-47.238 0.461027 -42.2079 0.905857 -44.7958 2.60191
-47.238 0.461027 -44.7958 2.60191 -44.9135 3.54496
-47.238 0.461027 -44.9135 3.54496 -45.5593 12.1144
-47.238 0.461027 -45.5593 12.1144 -44.534 21.9576
-45.9162 -0.0802837 -47.238 0.461027 -42.2079 0.905857
-41.3888 -0.251192 -45.9162 -0.0802837 -42.2079 0.905857
-35.7162 -4.09183 -41.3888 -0.251192 -45.9162 -0.0802837
-45.9162 -0.0802837 -35.7162 -4.09183 -26.9255 -8.82645
-31.3731 37.4698 -27.2517 38.998 -21.4279 43.5896
-39.0802 23.5808 -31.3731 37.4698 -27.2517 38.998
-31.3731 37.4698 -39.0802 23.5808 -45.5593 12.1144
-39.0802 23.5808 -41.5065 16.8713 -45.5593 12.1144
-45.5593 12.1144 -41.5065 16.8713 -38.733 18.9276
-36.7204 22.5178 -38.733 18.9276 -44.1736 8.09941
-38.733 18.9276 -45.5593 12.1144 -44.1736 8.09941
-39.0802 23.5808 -35.1969 25.6699 -28.4049 33.417
-35.1969 25.6699 -39.0802 23.5808 -41.5065 16.8713
-27.3083 16.0092 -23.1584 20.2356 -24.0334 30.8767
-31.0459 15.7971 -27.3083 16.0092 -24.0334 30.8767
-31.3196 15.5054 -31.0459 15.7971 -24.0334 30.8767
-34.2335 15.3423 -31.3196 15.5054 -24.0334 30.8767
-38.5278 11.8689 -32.4151 13.0485 -34.2335 15.3423
-38.5278 11.8689 -34.2335 15.3423 -24.0334 30.8767
-40.6567 7.21372 -34.8702 7.66868 -38.5278 11.8689
-43.5638 5.1059 -40.6567 7.21372 -38.5278 11.8689
-44.9135 3.54496 -43.5638 5.1059 -38.5278 11.8689
-44.9135 3.54496 -38.5278 11.8689 -24.0334 30.8767
-43.5638 5.1059 -44.9135 3.54496 -44.7958 2.60191
-41.291 2.49741 -40.4948 1.17609 -35.7162 -4.09183
-40.4948 1.17609 -41.3888 -0.251192 -35.7162 -4.09183
-34.9199 5.90571 -40.6567 7.21372 -34.8702 7.66868
-33.6311 2.74793 -34.9199 5.90571 -34.8702 7.66868
-34.9199 5.90571 -33.6311 2.74793 -33.439 -2.04343
-33.6311 2.74793 -32.4624 1.74609 -33.439 -2.04343
-30.9312 1.28298 -32.4624 1.74609 -33.6311 2.74793
-32.4624 1.74609 -30.9312 1.28298 -28.8464 -0.0658559
-30.9703 6.47503 -34.8702 7.66868 -38.5278 11.8689
-22.6511 1.14973 -30.9703 6.47503 -38.5278 11.8689
-38.5278 11.8689 -22.6511 1.14973 -21.9689 1.06079
-24.0423 -8.17221 -22.6511 1.14973 -30.9703 6.47503
-30.9703 6.47503 -24.0423 -8.17221 -23.897 -8.7779
-24.1495 14.5848 -27.3083 16.0092 -23.1584 20.2356
-17.4311 -4.11286 -24.1495 14.5848 -23.1584 20.2356
-16.9099 -6.00188 -17.4311 -4.11286 -23.1584 20.2356
-17.4311 -4.11286 -16.9099 -6.00188 -14.6981 -14.9415
-20.7467 13.1658 -18.0211 17.9129 -23.1584 20.2356
-23.1584 20.2356 -20.7467 13.1658 -15.5365 -3.90438
-23.1584 20.2356 -24.0334 30.8767 -19.9877 34.7971
-18.0211 17.9129 -23.1584 20.2356 -19.9877 34.7971
-16.8567 15.7152 -18.0211 17.9129 -19.9877 34.7971
-15.0006 9.9496 -16.8567 15.7152 -19.9877 34.7971
-13.1589 3.26963 -15.0006 9.9496 -19.9877 34.7971
-5.63685 -24.5777 -13.1589 3.26963 -15.0006 9.9496
-15.0006 9.9496 -5.63685 -24.5777 -2.8096 -35.7037
-8.92355 -11.1211 -5.63685 -24.5777 -2.8096 -35.7037
-18.0211 17.9129 -16.8567 15.7152 -16.6485 13.6257
-13.8149 4.57856 -15.0006 9.9496 -16.8567 15.7152
-13.7886 4.48219 -13.9056 4.53102 -13.8149 4.57856
-13.7886 4.48219 -13.8149 4.57856 -15.0006 9.9496
-10.4893 -9.05967 -13.7886 4.48219 -15.0006 9.9496
-15.0006 9.9496 -10.4893 -9.05967 -6.34382 -26.1962
-10.4893 -9.05967 -7.79384 -21.8431 -6.34382 -26.1962
-6.34382 -26.1962 -7.79384 -21.8431 -9.87113 -21.0567
-10.4149 -28.9134 -6.34382 -26.1962 -9.87113 -21.0567
-10.5936 -32.9789 -10.4149 -28.9134 -6.34382 -26.1962
-12.9081 -35.6425 -13.2417 -34.821 -10.5936 -32.9789
-12.4302 -37.2895 -12.9081 -35.6425 -10.5936 -32.9789
-12.4302 -37.2895 -10.5936 -32.9789 -6.34382 -26.1962
-16.4393 -40.3196 -12.4302 -37.2895 -12.9081 -35.6425
-12.4302 -37.2895 -16.4393 -40.3196 -20.7777 -44.3934
-16.4393 -40.3196 -21.8014 -43.9971 -20.7777 -44.3934
-24.2731 -15.9529 -24.7201 -13.0336 -41.2728 -8.67262
-23.6577 -25.2498 -24.2731 -15.9529 -41.2728 -8.67262
-41.2728 -8.67262 -23.6577 -25.2498 -12.9081 -35.6425
-23.6577 -25.2498 -13.2417 -34.821 -12.9081 -35.6425
-16.573 -22.4339 -19.5059 -17.2262 -19.4993 -15.7824
-14.4029 -25.7725 -18.3888 -24.4571 -16.573 -22.4339
-14.4029 -25.7725 -16.573 -22.4339 -19.4993 -15.7824
-13.3556 -29.2813 -14.1589 -28.7321 -14.4029 -25.7725
-10.5936 -32.9789 -13.3556 -29.2813 -14.4029 -25.7725
-10.5936 -32.9789 -14.4029 -25.7725 -19.4993 -15.7824
-13.3556 -29.2813 -10.5936 -32.9789 -13.2417 -34.821
-17.4908 15.0706 -13.0612 -15.1205 -10.5936 -32.9789
-13.0612 -15.1205 -10.4149 -28.9134 -10.5936 -32.9789
-14.3252 -5.3507 -13.737 -6.43796 -13.0612 -15.1205
-13.737 -6.43796 -14.2942 -2.00948 -15.6008 7.34864
-14.2942 -2.00948 -13.737 -6.43796 -10.4149 -28.9134
-13.737 -6.43796 -13.0612 -15.1205 -10.4149 -28.9134
-19.4993 -15.7824 -19.5059 -17.2262 -19.973 -24.1311
-41.2728 -8.67262 -24.7201 -13.0336 -17.4624 -14.8921
-7.86922 41.4316 -7.46452 41.5065 -5.06471 42.7695
-15.4875 39.2741 -8.90551 40.1307 -7.86922 41.4316
-15.4875 39.2741 -7.86922 41.4316 -5.06471 42.7695
-19.9877 34.7971 -15.4875 39.2741 -8.90551 40.1307
-14.0325 34.7413 -19.9877 34.7971 -8.90551 40.1307
-15.8051 29.7691 -14.0325 34.7413 -19.9877 34.7971
-14.9073 18.9801 -15.8051 29.7691 -19.9877 34.7971
-12.4219 10.0104 -14.9073 18.9801 -19.9877 34.7971
2.9176 -43.9776 -12.4219 10.0104 -19.9877 34.7971
-12.4219 10.0104 2.9176 -43.9776 4.3906 -49.1501
-3.43416 48.5863 -9.77217 48.6424 -1.24778 49.412
-2.08408 47.3115 -3.43416 48.5863 -9.77217 48.6424
2.55901 47.0206 -2.08408 47.3115 -3.43416 48.5863
-1.67182 45.8833 2.55901 47.0206 -2.08408 47.3115
-10.3802 42.6517 -1.67182 45.8833 -2.08408 47.3115
-11.8078 41.6267 -10.3802 42.6517 -1.67182 45.8833
-16.6152 40.2909 -11.8078 41.6267 -10.3802 42.6517
-15.4875 39.2741 -16.6152 40.2909 -11.8078 41.6267
-19.9877 34.7971 -15.4875 39.2741 -16.6152 40.2909
-24.0334 30.8767 -19.9877 34.7971 -16.6152 40.2909
-27.9452 28.1933 -24.0334 30.8767 -16.6152 40.2909
-16.6152 40.2909 -27.9452 28.1933 -36.8222 19.0834
-6.84902 9.44873 -14.9073 18.9801 -15.8051 29.7691
-14.9073 18.9801 -6.84902 9.44873 -4.78714 5.91351
-10.9165 28.6498 -15.8051 29.7691 -14.0325 34.7413
-11.0875 26.2687 -10.9165 28.6498 -15.8051 29.7691
-1.38042 5.815 -11.0875 26.2687 -15.8051 29.7691
1.64943 0.793602 -1.38042 5.815 -11.0875 26.2687
-11.0875 26.2687 1.64943 0.793602 7.64767 -11.103
-11.0875 26.2687 -10.9165 28.6498 -10.8648 29.2674
-8.95308 24.1375 -11.0875 26.2687 -10.8648 29.2674
-1.95271 15.3092 -8.95308 24.1375 -11.0875 26.2687
-0.347229 9.17791 -1.95271 15.3092 -11.0875 26.2687
-0.469531 7.81398 1.64708 8.29577 -0.347229 9.17791
-0.469531 7.81398 -0.347229 9.17791 -11.0875 26.2687
-11.0875 26.2687 -0.469531 7.81398 9.51771 -9.65167
-2.05265 19.5153 -2.38789 20.2762 -6.64214 26.558
2.42557 16.6095 -2.05265 19.5153 -2.38789 20.2762
-2.05265 19.5153 2.42557 16.6095 -1.95271 15.3092
3.01628 17.2949 9.93509 17.6271 4.44778 17.6365
3.01628 17.2949 4.44778 17.6365 2.13718 19.5784
2.42557 16.6095 3.01628 17.2949 2.13718 19.5784
3.01628 17.2949 2.42557 16.6095 -0.347229 9.17791
2.42557 16.6095 -1.95271 15.3092 -0.347229 9.17791
15.7029 12.1019 26.6188 12.5184 30.5526 14.605
15.7029 12.1019 30.5526 14.605 32.4338 15.2389
-0.347229 9.17791 9.87555 10.7892 15.7029 12.1019
-0.347229 9.17791 15.7029 12.1019 32.4338 15.2389
1.64708 8.29577 -0.347229 9.17791 9.87555 10.7892
6.89392 6.32319 1.64708 8.29577 9.87555 10.7892
6.49539 0.228709 6.89392 6.32319 9.87555 10.7892
6.71766 -0.15448 6.49539 0.228709 9.87555 10.7892
10.6592 -5.59036 6.71766 -0.15448 9.87555 10.7892
13.3746 -13.6263 10.6592 -5.59036 9.87555 10.7892
19.5475 -18.9378 19.7275 -18.0436 14.1177 -14.9672
15.4473 -20.5488 19.5475 -18.9378 14.1177 -14.9672
15.4473 -20.5488 14.1177 -14.9672 13.3746 -13.6263
15.4473 -20.5488 13.3746 -13.6263 10.6592 -5.59036
15.3083 -23.6232 15.4473 -20.5488 19.5475 -18.9378
16.2275 -28.9117 15.3083 -23.6232 19.5475 -18.9378
19.5475 -18.9378 16.2275 -28.9117 14.1536 -36.6316
13.2235 -10.9122 13.3746 -13.6263 14.1177 -14.9672
25.6525 -4.91332 19.7275 -18.0436 19.5475 -18.9378
7.18156 -28.633 4.82762 -26.1114 1.37769 -24.6431
-0.013713 -23.4701 1.37769 -24.6431 14.1536 -36.6316
1.37769 -24.6431 7.18156 -28.633 14.1536 -36.6316
7.18156 -28.633 16.2275 -28.9117 14.1536 -36.6316
4.82762 -26.1114 0.51934 -15.3477 -1.78959 -13.9574
4.82762 -26.1114 -1.78959 -13.9574 -4.77784 -9.42984
0.51934 -15.3477 4.82762 -26.1114 7.18156 -28.633
-0.219033 -12.6306 -1.78959 -13.9574 0.51934 -15.3477
7.60623 -27.7636 7.18156 -28.633 16.2275 -28.9117
8.26113 -14.5105 -0.422656 -7.32342 -9.00945 1.11235
15.4473 -20.5488 8.26113 -14.5105 -9.00945 1.11235
8.26113 -14.5105 15.4473 -20.5488 15.3083 -23.6232
4.00206 2.14966 6.49539 0.228709 6.71766 -0.15448
26.6188 12.5184 26.766 11.6948 13.9517 3.0544
26.766 11.6948 26.6188 12.5184 30.5526 14.605
23.6775 8.50245 26.766 11.6948 30.5526 14.605
21.8576 4.13362 23.6775 8.50245 30.5526 14.605
30.5526 14.605 21.8576 4.13362 16.4888 -2.42479
21.8576 4.13362 18.0561 1.25039 16.4888 -2.42479
19.1593 4.4576 18.0561 1.25039 16.4888 -2.42479
28.8326 6.26718 34.8152 12.6377 30.5526 14.605
23.6023 -1.5947 28.8326 6.26718 34.8152 12.6377
34.8152 12.6377 23.6023 -1.5947 17.4709 -9.5254
34.8152 12.6377 30.5526 14.605 32.4338 15.2389
37.0621 6.89776 36.3819 7.48112 34.8152 12.6377
46.5529 4.3402 37.0621 6.89776 34.8152 12.6377
46.5529 4.3402 34.8152 12.6377 32.4338 15.2389
49.5895 3.5848 46.5529 4.3402 32.4338 15.2389
49.5895 3.5848 32.4338 15.2389 13.733 28.9839
48.1114 0.65646 49.5895 3.5848 46.5529 4.3402
46.5529 4.3402 48.1114 0.65646 48.4184 -6.16926
28.8462 -5.18848 36.3819 7.48112 34.8152 12.6377
15.5591 -35.8634 28.8462 -5.18848 34.8152 12.6377
34.8152 12.6377 15.5591 -35.8634 14.2232 -39.0241
14.2232 -39.0241 7.68625 -37.343 1.92916 -34.783
16.3512 -41.0362 14.2232 -39.0241 7.68625 -37.343
7.68625 -37.343 16.3512 -41.0362 18.5263 -43.4198
16.3512 -41.0362 19.6681 -42.2917 18.5263 -43.4198
19.8756 -32.0459 23.4934 -27.7868 32.4408 -14.8367
14.2232 -39.0241 15.5591 -35.8634 19.8756 -32.0459
14.2232 -39.0241 19.8756 -32.0459 23.4934 -27.7868
23.4934 -27.7868 14.2232 -39.0241 16.3512 -41.0362
16.3512 -41.0362 20.628 -35.6083 28.5446 -25.4063
20.628 -35.6083 16.3512 -41.0362 19.6681 -42.2917
19.6681 -42.2917 33.4759 -33.2266 29.2974 -31.8666
18.5263 -43.4198 19.6681 -42.2917 33.4759 -33.2266
33.4759 -33.2266 18.5263 -43.4198 13.7968 -47.1809
11.2064 -43.3754 18.5263 -43.4198 13.7968 -47.1809
39.7464 -18.5589 44.6203 -8.72296 43.6862 -8.64164
34.3983 -20.0222 39.7464 -18.5589 43.6862 -8.64164
32.1067 -22.2073 34.3983 -20.0222 43.6862 -8.64164
29.2974 -31.8666 32.1067 -22.2073 34.3983 -20.0222
33.4759 -33.2266 29.2974 -31.8666 34.3983 -20.0222
34.3983 -20.0222 33.4759 -33.2266 33.2566 -36.743
33.4759 -33.2266 32.5471 -35.6693 33.2566 -36.743
36.9332 -30.0956 34.3983 -20.0222 39.7464 -18.5589
34.3983 -20.0222 36.9332 -30.0956 37.195 -31.3186
38.4224 -27.941 39.5734 -26.0864 43.2335 -19.8118
39.5734 -26.0864 38.4224 -27.941 37.195 -31.3186
38.4224 -27.941 36.9332 -30.0956 37.195 -31.3186
43.6862 -8.64164 42.7969 -7.8563 43.9241 -1.56993
44.6203 -8.72296 43.6862 -8.64164 43.9241 -1.56993
43.9241 -1.56993 44.6203 -8.72296 46.4197 -18.5057
44.6203 -8.72296 44.0862 -14.5165 46.4197 -18.5057
35.6331 2.08902 46.5529 4.3402 37.0621 6.89776
42.5449 1.34637 35.6331 2.08902 46.5529 4.3402
39.028 -5.54858 42.5449 1.34637 46.5529 4.3402
37.6057 -8.30327 39.028 -5.54858 42.5449 1.34637
42.5449 1.34637 37.6057 -8.30327 33.5125 -14.9925
35.0258 -3.8416 42.5449 1.34637 35.6331 2.08902
32.7001 -4.5283 35.0258 -3.8416 35.6331 2.08902
35.0258 -3.8416 32.7001 -4.5283 28.6917 -8.2444
29.418 -13.7386 35.5716 -6.65941 35.0258 -3.8416
35.5716 -6.65941 29.418 -13.7386 24.664 -20.589
35.5716 -6.65941 35.0258 -3.8416 42.5449 1.34637
29.1509 -15.6167 35.5716 -6.65941 42.5449 1.34637
35.5716 -6.65941 29.1509 -15.6167 18.9174 -29.3841
9.93509 17.6271 10.3907 16.1132 11.3715 12.7222
-2.17024 33.3269 -3.13579 33.6273 -8.99176 35.649
6.28535 21.7668 -2.17024 33.3269 -3.13579 33.6273
9.93509 17.6271 4.44778 17.6365 6.28535 21.7668
9.93509 17.6271 6.28535 21.7668 -2.17024 33.3269
-2.17024 33.3269 9.93509 17.6271 11.2673 15.9204
9.93509 17.6271 10.3907 16.1132 11.2673 15.9204
-7.86922 41.4316 -8.90551 40.1307 -7.45119 37.5526
-7.08197 40.8717 -7.86922 41.4316 -7.46452 41.5065
0.316753 34.8819 -7.08197 40.8717 -7.86922 41.4316
8.71766 28.3014 4.89966 30.0608 0.316753 34.8819
8.71766 28.3014 0.316753 34.8819 -7.08197 40.8717
-7.08197 40.8717 8.71766 28.3014 14.5659 23.7399
2.14335 30.7553 4.89966 30.0608 8.71766 28.3014
0.135085 36.9799 -7.46452 41.5065 -5.06471 42.7695
9.55914 29.5941 0.135085 36.9799 -5.06471 42.7695
13.9017 26.8 9.55914 29.5941 -5.06471 42.7695
-5.06471 42.7695 13.9017 26.8 26.4902 16.5879
4.26164 45.2454 -1.67182 45.8833 2.55901 47.0206
4.26164 45.2454 2.55901 47.0206 5.54377 49.5333
-1.67182 45.8833 4.26164 45.2454 12.1396 43.7315
4.26164 45.2454 15.6275 44.7896 12.1396 43.7315
8.89469 38.8171 12.1396 43.7315 15.6275 44.7896
8.89469 38.8171 15.6275 44.7896 18.8126 46.3066
13.9023 36.246 14.5497 37.5531 8.89469 38.8171
12.1396 43.7315 8.89469 38.8171 6.49915 36.0754
8.89469 38.8171 13.9023 36.246 6.49915 36.0754
14.5497 37.5531 13.9023 36.246 16.5597 35.5986
30.4952 34.6553 14.5497 37.5531 8.89469 38.8171
14.5497 37.5531 30.4952 34.6553 31.9714 32.4418
30.4952 34.6553 25.2015 36.8766 31.3897 36.9979
31.9714 32.4418 30.4952 34.6553 31.3897 36.9979
27.4084 30.023 26.5268 30.576 29.2794 31.0737
27.4084 30.023 29.2794 31.0737 31.9714 32.4418
33.4111 24.9266 27.4084 30.023 31.9714 32.4418
33.4111 24.9266 31.9714 32.4418 31.3897 36.9979
36.867 22.2795 33.4111 24.9266 31.3897 36.9979
31.3897 36.9979 36.867 22.2795 41.7616 11.3467
25.2015 36.8766 20.4918 39.3234 15.4464 40.9535
15.4464 40.9535 25.2015 36.8766 30.4952 34.6553
29.2794 31.0737 26.5268 30.576 23.0964 30.1231
33.4111 24.9266 24.8627 26.8478 20.712 28.7939
36.867 22.2795 33.4111 24.9266 24.8627 26.8478
31.0593 21.4203 36.867 22.2795 24.8627 26.8478
36.867 22.2795 31.0593 21.4203 29.7046 20.1912
-30.6541 23.9979 -27.9452 28.1933 -24.0334 30.8767
-27.9452 28.1933 -30.6541 23.9979 -34.3745 18.3594
