-0.569896 227.681 -1.16734 250.185 -0.990566 262.801
6.21918 227.271 -0.569896 227.681 -0.990566 262.801
8.00629 219.777 6.21918 227.271 -0.990566 262.801
11.3065 210.805 8.00629 219.777 -0.990566 262.801
20.7821 181.93 17.0066 186.173 11.3065 210.805
20.7821 181.93 11.3065 210.805 -0.990566 262.801
16.8924 161.174 16.4076 169.962 20.7821 181.93
21.7692 151.885 16.8924 161.174 20.7821 181.93
31.6655 148.608 21.7692 151.885 20.7821 181.93
31.6655 148.608 20.7821 181.93 -0.990566 262.801
39.2475 117.864 32.862 139.383 31.6655 148.608
56.7176 63.46 39.2475 117.864 31.6655 148.608
56.7176 63.46 31.6655 148.608 -0.990566 262.801
-3.57234 271.582 -0.990566 262.801 61.4484 50.9162
-0.990566 262.801 56.7176 63.46 61.4484 50.9162
62.9752 90.2145 57.2059 97.6377 52.5408 100.285
51.2115 87.7373 62.9752 90.2145 52.5408 100.285
51.2115 87.7373 52.5408 100.285 40.6455 127.016
51.2115 87.7373 40.6455 127.016 26.8596 173.449
26.8596 173.449 51.2115 87.7373 61.4484 50.9162
51.2115 87.7373 53.6295 82.8804 61.4484 50.9162
53.6295 82.8804 70.4361 53.603 61.4484 50.9162
56.7176 63.46 53.1156 63.7682 51.6857 68.145
61.4484 50.9162 56.7176 63.46 53.1156 63.7682
53.1156 63.7682 61.4484 50.9162 53.4035 50.8149
102.625 69.853 83.4652 81.1359 87.2297 81.2162
102.625 69.853 87.2297 81.2162 88.1779 91.8469
102.625 69.853 88.1779 91.8469 56.1901 141.542
89.2609 67.583 110.871 67.7661 102.625 69.853
89.2609 67.583 102.625 69.853 83.4652 81.1359
79.6901 57.9157 89.2609 67.583 110.871 67.7661
70.4361 53.603 79.6901 57.9157 110.871 67.7661
42.8367 49.8032 53.4035 50.8149 61.4484 50.9162
29.588 42.5379 42.8367 49.8032 61.4484 50.9162
110.871 67.7661 70.4361 53.603 39.5844 40.6315
70.4361 53.603 61.4484 50.9162 39.5844 40.6315
61.4484 50.9162 29.588 42.5379 39.5844 40.6315
40.0225 146.633 33.6644 163.882 27.2773 179.17
39.1786 140.495 49.8749 142.194 40.0225 146.633
39.1786 140.495 40.0225 146.633 27.2773 179.17
39.1786 140.495 27.2773 179.17 19.8958 198.424
46.5717 119.759 48.2957 128.752 39.1786 140.495
50.4562 108.532 46.5717 119.759 39.1786 140.495
52.5408 100.285 50.4562 108.532 39.1786 140.495
52.5408 100.285 39.1786 140.495 19.8958 198.424
50.4562 108.532 52.5408 100.285 57.2059 97.6377
7.20296 238.232 33.6644 163.882 40.0225 146.633
21.4037 216.668 6.57805 267.099 -0.467924 283.189
21.8061 209.062 21.4037 216.668 -0.467924 283.189
38.5832 159.213 27.4773 196.077 21.8061 209.062
40.0225 146.633 38.5832 159.213 21.8061 209.062
40.0225 146.633 21.8061 209.062 -0.467924 283.189
38.5832 159.213 40.0225 146.633 49.8749 142.194
71.4256 91.7677 62.9752 90.2145 51.2115 87.7373
73.2553 59.5681 79.6901 57.9157 70.4361 53.603
89.2609 67.583 77.2082 73.3801 71.8138 76.9938
77.2082 73.3801 89.2609 67.583 79.6901 57.9157
73.0066 109.708 88.1779 91.8469 87.2297 81.2162
57.6748 163.703 50.7272 178.714 30.9801 221.96
66.8141 143.674 57.6748 163.703 50.7272 178.714
80.1677 117.856 66.8141 143.674 57.6748 163.703
99.7717 79.2426 80.1677 117.856 57.6748 163.703
80.1677 117.856 99.7717 79.2426 102.625 69.853
20.417 252.807 9.37833 277.069 2.39663 291.403
26.4057 239.423 20.417 252.807 2.39663 291.403
49.2619 190.354 40.2003 212.639 26.4057 239.423
77.481 128.142 49.2619 190.354 26.4057 239.423
77.481 128.142 26.4057 239.423 2.39663 291.403
88.6865 103.488 77.481 128.142 2.39663 291.403
99.1127 90.6152 100.405 96.0061 88.6865 103.488
99.7717 79.2426 99.1127 90.6152 88.6865 103.488
99.7717 79.2426 88.6865 103.488 2.39663 291.403
102.625 69.853 99.7717 79.2426 99.1127 90.6152
99.1127 90.6152 102.625 69.853 110.871 67.7661
71.7809 160.775 76.0368 148.208 88.6865 103.488
76.0368 148.208 89.4951 110.875 88.6865 103.488
89.4951 110.875 87.8743 122.061 86.4128 127.903
87.8743 122.061 89.4951 110.875 100.405 96.0061
89.4951 110.875 88.6865 103.488 100.405 96.0061
178.665 93.9824 197.111 97.8629 217.465 102.924
147.482 86.8567 178.665 93.9824 197.111 97.8629
137.687 83.2049 147.482 86.8567 197.111 97.8629
123.743 80.5033 131.883 82.3256 137.687 83.2049
128.41 71.964 123.743 80.5033 137.687 83.2049
128.41 71.964 137.687 83.2049 197.111 97.8629
91.7155 57.4111 118.147 68.1798 128.41 71.964
91.7155 57.4111 128.41 71.964 197.111 97.8629
76.7825 49.6267 91.7155 57.4111 197.111 97.8629
197.111 97.8629 76.7825 49.6267 27.4418 29.7931
76.7825 49.6267 46.1646 41.7409 27.4418 29.7931
46.1646 41.7409 39.5844 40.6315 27.4418 29.7931
28.7493 70.9074 30.964 79.2762 33.6679 89.6758
28.5052 63.01 28.7493 70.9074 30.964 79.2762
29.588 42.5379 30.9698 53.6118 28.5052 63.01
28.7493 70.9074 28.5052 63.01 27.4418 29.7931
28.5052 63.01 29.588 42.5379 27.4418 29.7931
29.588 42.5379 39.5844 40.6315 27.4418 29.7931
113.853 90.3745 128.41 71.964 118.147 68.1798
48.0835 212.521 40.3948 228.962 31.2577 247.529
53.5686 201.044 48.0835 212.521 31.2577 247.529
62.4877 187.019 53.5686 201.044 48.0835 212.521
78.3635 160.251 62.4877 187.019 53.5686 201.044
102.927 116.238 97.6595 130.835 78.3635 160.251
102.927 116.238 78.3635 160.251 53.5686 201.044
121.063 86.6908 112.95 109.511 102.927 116.238
123.743 80.5033 121.063 86.6908 102.927 116.238
53.5686 201.044 102.927 116.238 128.41 71.964
102.927 116.238 123.743 80.5033 128.41 71.964
97.6595 130.835 76.2069 190.893 71.6612 190.96
76.2069 190.893 97.6595 130.835 102.927 116.238
92.4247 173.914 90.6966 183.707 88.983 191.025
100.636 137.889 97.8587 151.139 92.4247 173.914
102.927 116.238 100.636 137.889 92.4247 173.914
102.927 116.238 92.4247 173.914 88.983 191.025
100.636 137.889 102.927 116.238 112.95 109.511
121.063 86.6908 119.022 97.1618 113.595 122.865
119.022 97.1618 121.063 86.6908 123.743 80.5033
133.273 92.3525 113.847 130.215 106.607 149.842
137.687 83.2049 133.273 92.3525 106.607 149.842
133.273 92.3525 137.687 83.2049 131.883 82.3256
132.984 111.609 127.749 116.488 118.847 128.201
137.049 99.9998 141.894 106.807 132.984 111.609
137.049 99.9998 132.984 111.609 127.749 116.488
137.558 93.7476 137.049 99.9998 141.894 106.807
147.482 86.8567 160.028 91.5686 137.558 93.7476
137.049 99.9998 137.558 93.7476 137.687 83.2049
137.558 93.7476 147.482 86.8567 137.687 83.2049
242.916 112.374 251.882 116.925 230.933 117.192
227.982 110.66 242.916 112.374 230.933 117.192
216.3 106.146 227.982 110.66 242.916 112.374
186.165 98.1421 216.3 106.146 242.916 112.374
183.518 96.4955 186.165 98.1421 242.916 112.374
242.916 112.374 183.518 96.4955 147.482 86.8567
183.518 96.4955 168.689 92.9618 147.482 86.8567
168.689 92.9618 160.028 91.5686 147.482 86.8567
169.225 106.037 186.165 98.1421 183.518 96.4955
179.574 113.359 161.92 117.128 151.011 120.395
179.574 113.359 151.011 120.395 142.752 122.691
198.561 108.789 179.574 113.359 161.92 117.128
161.92 117.128 198.561 108.789 186.165 98.1421
198.561 108.789 216.3 106.146 186.165 98.1421
172.928 118.173 187.89 113.395 179.574 113.359
132.035 146.008 121.156 149.67 97.5026 160.724
150.427 138.656 132.035 146.008 97.5026 160.724
160.215 132.183 150.427 138.656 132.035 146.008
150.427 138.656 160.215 132.183 198.561 108.789
160.215 132.183 187.89 113.395 198.561 108.789
187.89 113.395 179.574 113.359 198.561 108.789
160.215 132.183 140.761 138.32 133.471 141.838
140.761 138.32 160.215 132.183 187.89 113.395
210.517 112.713 191.71 116.365 202.659 117.802
210.517 112.713 202.659 117.802 188.445 129.178
191.71 116.365 210.517 112.713 198.561 108.789
213.559 162.534 211.441 209.183 210.948 218.112
212.228 140.495 213.559 162.534 210.948 218.112
212.176 123.783 212.228 140.495 210.948 218.112
212.228 140.495 212.176 123.783 216.3 106.146
212.176 123.783 210.517 112.713 216.3 106.146
210.517 112.713 198.561 108.789 216.3 106.146
141.108 158.144 129.683 162.254 117.934 167.051
156.134 148.042 141.108 158.144 129.683 162.254
202.659 117.802 176.108 130.679 161.402 143.565
202.659 117.802 161.402 143.565 156.134 148.042
202.659 117.802 156.134 148.042 141.108 158.144
176.108 130.679 202.659 117.802 191.71 116.365
40.171 87.0211 38.9202 81.2219 29.588 42.5379
38.9202 81.2219 38.9615 69.9457 29.588 42.5379
38.9615 69.9457 39.0318 57.5099 29.588 42.5379
39.0318 57.5099 42.8367 49.8032 29.588 42.5379
0.354569 197.613 6.21918 227.271 -0.569896 227.681
6.21918 227.271 0.354569 197.613 0.582444 171.401
0.354569 197.613 -1.65095 220.387 -3.5718 242.672
-1.65095 220.387 0.354569 197.613 0.582444 171.401
-3.5718 242.672 -1.65095 220.387 -1.80273 212.925
9.14037 203.089 11.3065 210.805 8.00629 219.777
7.51268 186.769 9.14037 203.089 11.3065 210.805
9.14037 203.089 7.51268 186.769 6.15826 181.484
13.1174 169.53 16.4076 169.962 20.7821 181.93
20.7821 181.93 13.1174 169.53 2.66744 153.743
13.1174 169.53 11.3794 157.115 2.66744 153.743
13.1174 169.53 11.3794 157.115 13.9285 153.076
17.36 139.974 16.8924 161.174 16.4076 169.962
16.3148 120.741 22.9035 133.605 17.36 139.974
16.3148 120.741 17.36 139.974 16.4076 169.962
12.7483 97.276 8.25947 111.322 16.3148 120.741
12.7483 97.276 16.3148 120.741 22.9035 133.605
3.63877 63.9145 6.97458 80.7464 12.7483 97.276
3.63877 63.9145 12.7483 97.276 22.9035 133.605
-0.782179 51.6208 3.63877 63.9145 6.97458 80.7464
3.63877 63.9145 -0.782179 51.6208 -3.48031 40.5973
-2.49253 157.713 -2.23064 181.035 -2.47997 192.552
-2.84921 118.612 -2.49253 157.713 -2.47997 192.552
-2.47997 192.552 -2.84921 118.612 -3.48031 40.5973
-2.84921 118.612 -2.47452 76.3046 -3.48031 40.5973
-2.47452 76.3046 -2.23989 69.2339 -3.48031 40.5973
-2.23989 69.2339 -0.782179 51.6208 -3.48031 40.5973
2.28607 128.692 6.91033 132.603 11.2627 140.137
9.52109 120.675 2.28607 128.692 6.91033 132.603
8.25947 111.322 9.52109 120.675 2.28607 128.692
2.28607 128.692 8.25947 111.322 12.7483 97.276
-1.40498 113.229 -2.84921 118.612 -2.49253 157.713
-2.84921 118.612 -1.40498 113.229 -0.414894 96.998
0.051436 136.624 -2.23064 181.035 -2.47997 192.552
-2.47997 192.552 0.051436 136.624 2.65347 93.6856
27.9379 133.757 32.862 139.383 31.6655 148.608
23.5368 109.727 30.3208 117.805 27.9379 133.757
18.7349 102.542 23.5368 109.727 27.9379 133.757
18.7349 102.542 27.9379 133.757 31.6655 148.608
31.6655 148.608 18.7349 102.542 13.3859 86.3199
20.0624 91.7848 18.7349 102.542 23.5368 109.727
18.7349 102.542 20.0624 91.7848 20.1297 83.625
31.3983 113.611 30.3208 117.805 27.9379 133.757
30.3208 117.805 31.3983 113.611 26.6244 101.892
36.925 110.348 27.9379 133.757 32.862 139.383
38.8636 103.811 36.925 110.348 32.862 139.383
22.7209 73 38.8636 103.811 36.925 110.348
36.925 110.348 22.7209 73 18.7042 63.5948
136.795 72.9387 197.111 97.8629 217.465 102.924
197.111 97.8629 136.795 72.9387 41.277 33.6641
136.795 72.9387 101.829 57.9372 41.277 33.6641
41.277 33.6641 101.829 57.9372 152.538 77.4183
152.538 77.4183 41.277 33.6641 -0.263805 17.1553
41.277 33.6641 23.6725 26.8407 -0.263805 17.1553
0.92377 29.8681 9.16221 52.6611 8.46934 59.499
0.92377 29.8681 8.46934 59.499 10.3222 69.4976
-0.263805 17.1553 23.6725 26.8407 0.92377 29.8681
-3.3968 11.9035 42.7088 13.6618 -0.263805 17.1553
-3.3968 11.9035 -0.263805 17.1553 0.92377 29.8681
-3.3968 11.9035 0.92377 29.8681 10.3222 69.4976
58.1131 11.5606 -3.3968 11.9035 42.7088 13.6618
49.2128 8.98953 20.3395 9.2006 58.1131 11.5606
82.7148 7.84573 49.2128 8.98953 58.1131 11.5606
42.7088 13.6618 58.1131 11.5606 127.541 3.07471
58.1131 11.5606 82.7148 7.84573 127.541 3.07471
8.46934 59.499 9.16221 52.6611 13.0022 29.6573
9.16221 52.6611 9.48607 42.1549 13.0022 29.6573
16.8442 46.266 8.46934 59.499 10.3222 69.4976
10.3222 69.4976 16.8442 46.266 18.9664 40.4664
10.023 9.18016 20.3395 9.2006 58.1131 11.5606
21.5535 3.34332 10.023 9.18016 20.3395 9.2006
41.1428 3.34263 21.5535 3.34332 20.3395 9.2006
97.1546 1.59956 41.1428 3.34263 20.3395 9.2006
41.1428 3.34263 97.1546 1.59956 170.431 -0.718143
97.1546 1.59956 112.157 1.4892 170.431 -0.718143
121.062 2.46735 97.1546 1.59956 112.157 1.4892
27.2972 -0.409522 88.5578 -0.232856 47.3435 1.71474
27.2972 -0.409522 47.3435 1.71474 21.5535 3.34332
27.2972 -0.409522 21.5535 3.34332 10.023 9.18016
68.9657 -0.595931 27.2972 -0.409522 88.5578 -0.232856
82.9721 -1.77837 68.9657 -0.595931 88.5578 -0.232856
141.917 -2.39861 82.9721 -1.77837 88.5578 -0.232856
88.5578 -0.232856 141.917 -2.39861 178.102 -3.6213
-0.273306 -0.185046 27.2972 -0.409522 11.6527 -0.983553
27.2972 -0.409522 68.9657 -0.595931 11.6527 -0.983553
68.9657 -0.595931 82.9721 -1.77837 60.8064 -3.22999
29.681 8.97044 49.2128 8.98953 20.3395 9.2006
20.3395 9.2006 29.681 8.97044 66.1937 7.51529
89.1232 10.1897 42.7088 13.6618 -0.263805 17.1553
98.4093 8.89977 89.1232 10.1897 42.7088 13.6618
157.458 3.77891 98.4093 8.89977 42.7088 13.6618
146.744 3.77049 157.458 3.77891 42.7088 13.6618
191.92 -0.591516 146.744 3.77049 42.7088 13.6618
42.7088 13.6618 191.92 -0.591516 222.582 -3.53387
191.92 -0.591516 196.24 -0.948863 222.582 -3.53387
196.24 -0.948863 250.282 -1.39803 222.582 -3.53387
266.142 0.074051 259.78 1.55224 289.86 3.49
278.013 -0.352646 266.142 0.074051 289.86 3.49
250.282 -1.39803 278.013 -0.352646 266.142 0.074051
278.013 -0.352646 250.282 -1.39803 222.582 -3.53387
153.586 8.56938 139.431 9.45614 128.869 10.317
237.641 2.75189 153.586 8.56938 139.431 9.45614
259.78 1.55224 237.641 2.75189 153.586 8.56938
237.641 2.75189 259.78 1.55224 266.142 0.074051
128.869 10.317 139.431 9.45614 230.241 1.23358
157.458 3.77891 146.744 3.77049 208.605 2.20181
89.1232 10.1897 98.4093 8.89977 116.421 8.60356
190.764 88.1972 212.389 97.4293 242.916 112.374
98.5 46.0286 113.327 51.3989 190.764 88.1972
98.5 46.0286 190.764 88.1972 242.916 112.374
113.327 51.3989 98.5 46.0286 121.661 40.0141
98.5 46.0286 131.666 62.7786 169.198 79.3221
98.5 46.0286 169.198 79.3221 176.446 82.669
88.6911 39.3163 121.661 40.0141 98.5 46.0286
76.7834 36.9412 88.6911 39.3163 98.5 46.0286
76.7834 36.9412 98.5 46.0286 131.666 62.7786
53.5412 26.5997 69.0143 32.9728 76.7834 36.9412
53.5412 26.5997 76.7834 36.9412 131.666 62.7786
70.6031 22.5412 63.4534 26.0972 53.5412 26.5997
37.3708 22.5111 70.6031 22.5412 53.5412 26.5997
37.3708 22.5111 53.5412 26.5997 131.666 62.7786
80.0831 20.6813 37.3708 22.5111 70.6031 22.5412
119.722 18.8716 80.0831 20.6813 70.6031 22.5412
80.0831 20.6813 119.722 18.8716 162.954 16.8246
119.722 18.8716 151.306 18.0003 162.954 16.8246
107.447 23.1824 151.306 18.0003 162.954 16.8246
251.882 116.925 242.916 112.374 209.948 93.1725
242.916 112.374 212.389 97.4293 209.948 93.1725
176.446 82.669 169.198 79.3221 150.365 71.3321
93.6583 19.1288 80.0831 20.6813 37.3708 22.5111
98.5407 18.4507 93.6583 19.1288 37.3708 22.5111
127.609 16.6004 98.5407 18.4507 93.6583 19.1288
98.5407 18.4507 127.609 16.6004 196.452 12.0049
53.5412 26.5997 63.4534 26.0972 79.1726 26.0195
113.388 30.916 76.7834 36.9412 88.6911 39.3163
88.6911 39.3163 113.388 30.916 138.131 23.3545
90.5115 32.9408 98.0525 31.5852 138.131 23.3545
98.0525 31.5852 113.388 30.916 138.131 23.3545
128.314 37.8104 88.6911 39.3163 121.661 40.0141
110.717 37.0144 128.314 37.8104 88.6911 39.3163
101.735 36.7975 110.717 37.0144 88.6911 39.3163
132.858 30.0334 101.735 36.7975 88.6911 39.3163
168.314 22.6626 132.858 30.0334 101.735 36.7975
132.858 30.0334 168.314 22.6626 180.556 20.0782
172.129 41.7288 138.087 46.3071 122.854 49.4502
142.916 38.4349 172.129 41.7288 138.087 46.3071
128.314 37.8104 142.916 38.4349 138.087 46.3071
142.916 38.4349 128.314 37.8104 110.717 37.0144
196.112 70.9954 193.998 67.0628 168.314 22.6626
193.998 67.0628 176.105 32.5094 168.314 22.6626
176.105 32.5094 180.998 37.5224 188.761 49.6775
168.314 22.6626 176.105 32.5094 180.998 37.5224
180.998 37.5224 168.314 22.6626 180.556 20.0782
196.112 70.9954 193.269 77.1629 200.084 89.8819
193.243 56.4258 193.998 67.0628 196.112 70.9954
193.243 56.4258 196.112 70.9954 200.084 89.8819
193.998 67.0628 193.243 56.4258 190.417 28.5747
168.822 71.9055 193.269 77.1629 200.084 89.8819
156.214 66.7614 168.822 71.9055 200.084 89.8819
200.084 89.8819 156.214 66.7614 127.893 52.1182
156.214 66.7614 147.115 60.871 127.893 52.1182
147.115 60.871 143.825 57.6232 127.893 52.1182
158.351 63.041 147.115 60.871 143.825 57.6232
182.464 68.8427 196.112 70.9954 193.269 77.1629
196.112 70.9954 182.464 68.8427 172.528 63.8259
119.128 33.8747 101.735 36.7975 110.717 37.0144
101.735 36.7975 119.128 33.8747 142.588 29.2371
142.916 38.4349 146.341 36.5721 146.814 33.4972
182.283 52.5968 158.576 53.985 181.632 61.374
172.659 49.0289 182.283 52.5968 158.576 53.985
172.129 41.7288 172.659 49.0289 182.283 52.5968
146.341 36.5721 142.916 38.4349 172.129 41.7288
156.66 36.314 146.341 36.5721 172.129 41.7288
163.479 33.4076 156.66 36.314 172.129 41.7288
182.283 52.5968 172.129 41.7288 167.601 32.2441
172.129 41.7288 163.479 33.4076 167.601 32.2441
181.632 61.374 158.576 53.985 146.169 50.0246
233.398 98.3993 251.275 110.186 251.882 116.925
220.937 87.3432 233.398 98.3993 251.882 116.925
197.971 61.3532 201.573 80.3372 206.533 81.8814
197.971 61.3532 206.533 81.8814 220.937 87.3432
197.971 61.3532 220.937 87.3432 233.398 98.3993
201.573 80.3372 197.971 61.3532 193.164 39.2337
197.971 61.3532 199.035 53.3069 193.164 39.2337
211.118 66.5282 199.035 53.3069 193.164 39.2337
242.921 136.546 221.55 210.698 216.849 229.199
237.046 121.893 238.997 130.202 242.921 136.546
251.882 116.925 230.933 117.192 237.046 121.893
251.882 116.925 237.046 121.893 242.921 136.546
251.882 116.925 242.921 136.546 216.849 229.199
259.714 92.5914 246.539 97.8567 251.275 110.186
259.714 92.5914 251.275 110.186 251.882 116.925
259.714 92.5914 251.882 116.925 216.849 229.199
263.611 83.0899 259.714 92.5914 216.849 229.199
272.045 58.1247 263.611 83.0899 216.849 229.199
276.263 36.0313 271.142 53.4752 272.045 58.1247
278.779 26.2502 269.98 30.5954 276.263 36.0313
278.779 26.2502 276.263 36.0313 272.045 58.1247
283.28 23.5754 278.779 26.2502 272.045 58.1247
283.28 23.5754 272.045 58.1247 216.849 229.199
278.779 26.2502 283.28 23.5754 273.729 21.4316
242.921 136.546 231.717 142.985 226.562 148.275
231.717 142.985 242.921 136.546 238.997 130.202
286.687 28.9519 278.357 48.5351 268.007 82.3786
278.357 48.5351 286.687 28.9519 283.28 23.5754
292.522 156.884 291.099 179.593 293.823 193.94
293.47 152.365 292.522 156.884 293.823 193.94
293.604 140.593 293.47 152.365 293.823 193.94
293.582 59.1093 292.237 82.931 293.604 140.593
293.582 59.1093 293.604 140.593 293.823 193.94
290.356 49.753 293.582 59.1093 292.237 82.931
286.687 28.9519 290.356 49.753 293.582 59.1093
291.457 19.5128 273.729 21.4316 283.28 23.5754
291.457 19.5128 283.28 23.5754 286.687 28.9519
291.457 19.5128 286.687 28.9519 293.582 59.1093
293.582 59.1093 291.457 19.5128 291.121 6.12471
291.457 19.5128 277.614 7.86974 291.121 6.12471
277.614 7.86974 260.577 8.32609 219.051 9.09567
156.414 11.5486 206.456 9.54515 291.121 6.12471
206.456 9.54515 219.051 9.09567 291.121 6.12471
219.051 9.09567 277.614 7.86974 291.121 6.12471
113.538 59.0744 117.839 59.9162 160.158 77.6966
18.3659 22.1258 113.538 59.0744 160.158 77.6966
7.71654 18.0555 32.0724 21.2144 18.3659 22.1258
7.71654 18.0555 18.3659 22.1258 160.158 77.6966
61.2393 17.2608 7.71654 18.0555 32.0724 21.2144
50.9369 17.2255 61.2393 17.2608 7.71654 18.0555
107.826 13.7878 50.9369 17.2255 7.71654 18.0555
206.456 9.54515 178.311 11.2409 107.826 13.7878
206.456 9.54515 107.826 13.7878 7.71654 18.0555
178.311 11.2409 206.456 9.54515 219.051 9.09567
236.311 9.90371 250.154 16.1411 259.585 19.4802
233.182 9.63909 236.311 9.90371 250.154 16.1411
269.215 8.46052 233.182 9.63909 236.311 9.90371
233.182 9.63909 269.215 8.46052 260.577 8.32609
250.065 11.0597 269.215 8.46052 277.614 7.86974
269.215 8.46052 260.577 8.32609 277.614 7.86974
227.316 47.1768 238.609 51.6391 247.703 58.7369
238.74 43.002 227.316 47.1768 238.609 51.6391
269.98 30.5954 266.905 38.1783 248.573 40.8435
269.98 30.5954 248.573 40.8435 238.74 43.002
269.98 30.5954 238.74 43.002 227.316 47.1768
227.316 47.1768 269.98 30.5954 278.779 26.2502
252.008 48.2485 256.324 63.4091 258.102 70.8784
248.573 40.8435 261.037 43.2686 252.008 48.2485
248.573 40.8435 252.008 48.2485 258.102 70.8784
261.037 43.2686 248.573 40.8435 266.905 38.1783
262.09 52.0567 266.905 38.1783 269.98 30.5954
266.454 66.5717 271.142 53.4752 276.263 36.0313
229.877 91.0301 242.223 98.3724 233.398 98.3993
222.674 77.0997 229.877 91.0301 233.398 98.3993
212.223 60.611 222.674 77.0997 233.398 98.3993
233.398 98.3993 212.223 60.611 187.068 16.0494
242.223 98.3724 233.398 98.3993 251.275 110.186
251.275 110.186 242.223 98.3724 231.394 82.8267
209.078 53.326 212.223 60.611 222.674 77.0997
212.223 60.611 209.078 53.326 200.823 39.2417
221.536 69.6768 222.674 77.0997 229.877 91.0301
229.877 91.0301 221.536 69.6768 219.42 63.8591
241.09 90.703 246.539 97.8567 251.275 110.186
207.167 42.074 241.09 90.703 251.275 110.186
200.752 29.9527 216.625 39.1127 207.167 42.074
196.959 17.093 230.939 21.6263 207.257 28.0733
196.959 17.093 207.257 28.0733 200.752 29.9527
251.275 110.186 207.167 42.074 188.645 13.4936
207.167 42.074 200.752 29.9527 188.645 13.4936
200.752 29.9527 196.959 17.093 188.645 13.4936
196.959 17.093 206.521 17.7498 216.178 19.1545
206.521 17.7498 196.959 17.093 188.645 13.4936
207.257 28.0733 230.939 21.6263 239.168 21.1945
216.753 27.8411 207.257 28.0733 200.752 29.9527
200.752 29.9527 216.753 27.8411 227.649 26.5745
248.787 29.738 200.752 29.9527 216.625 39.1127
200.752 29.9527 248.787 29.738 258.831 27.445
248.787 29.738 242.923 32.5619 231.222 37.6991
242.923 32.5619 248.787 29.738 258.831 27.445
251.09 90.5469 259.714 92.5914 246.539 97.8567
241.117 81.0984 251.09 90.5469 246.539 97.8567
251.09 90.5469 241.117 81.0984 230.372 69.9985
246.905 78.5584 251.09 90.5469 259.714 92.5914
240.97 71.6409 246.905 78.5584 259.714 92.5914
259.714 92.5914 240.97 71.6409 219.989 47.6281
246.905 78.5584 240.97 71.6409 233.516 63.6855
250.773 73.6817 263.611 83.0899 259.714 92.5914
259.714 92.5914 250.773 73.6817 241.872 59.9052
18.3659 22.1258 32.0724 21.2144 170.715 12.0263
89.5892 47.6082 117.839 59.9162 160.158 77.6966
71.1804 40.5015 89.5892 47.6082 117.839 59.9162
89.5892 47.6082 71.1804 40.5015 63.5301 37.4468
276.997 148.589 291.099 179.593 293.823 193.94
293.823 193.94 276.997 148.589 261.051 106.572
276.997 148.589 269.447 119.174 261.051 106.572
269.447 119.174 268.862 108.332 261.051 106.572
270.225 97.7714 261.051 106.572 268.862 108.332
270.225 97.7714 268.862 108.332 278.919 132.509
270.225 97.7714 278.919 132.509 287.706 166.281
268.065 89.5114 270.225 97.7714 261.051 106.572
282.206 62.4871 277.133 83.0366 268.065 89.5114
261.051 106.572 268.065 89.5114 286.694 41.9232
268.065 89.5114 282.206 62.4871 286.694 41.9232
278.294 143.348 273.651 128.243 268.862 108.332
273.651 128.243 269.447 119.174 268.862 108.332
270.225 97.7714 277.572 113.148 279.351 123.621
277.572 113.148 270.225 97.7714 268.065 89.5114
283.743 87.2236 283.405 71.1234 282.206 62.4871
282.206 62.4871 283.405 71.1234 287.936 101.062
288.469 111.965 287.936 101.062 286.694 41.9232
287.936 101.062 282.206 62.4871 286.694 41.9232
279.351 123.621 277.572 113.148 276.523 102.474
292.117 132.208 293.47 152.365 292.522 156.884
291.617 121.276 292.117 132.208 292.522 156.884
290.094 87.7426 291.617 121.276 292.522 156.884
291.617 121.276 290.094 87.7426 290.12 69.2278
216.849 229.199 213.017 232.107 210.151 241.107
216.849 229.199 210.151 241.107 207.362 247.573
222.536 223.704 216.849 229.199 207.362 247.573
230.798 209.767 222.536 223.704 216.849 229.199
228.198 199.472 236.208 208.669 230.798 209.767
228.198 199.472 230.798 209.767 216.849 229.199
233.522 180.986 228.198 199.472 216.849 229.199
241.939 162.782 237.872 172.63 233.522 180.986
246.977 149.596 241.939 162.782 233.522 180.986
216.849 229.199 233.522 180.986 250.469 131.95
233.522 180.986 246.977 149.596 250.469 131.95
246.977 149.596 252.405 139.042 250.469 131.95
276.358 227.239 280.945 238.975 282.026 253.818
266.656 197.024 248.18 199.672 257.106 201.469
266.656 197.024 257.106 201.469 263.925 206.288
266.656 197.024 263.925 206.288 271.782 218.427
266.656 197.024 271.782 218.427 276.358 227.239
266.656 197.024 276.358 227.239 280.945 238.975
263.611 181.671 259.254 186.485 266.656 197.024
263.611 181.671 266.656 197.024 280.945 238.975
258.432 162.521 258.31 168.709 263.611 181.671
258.432 162.521 263.611 181.671 280.945 238.975
252.405 139.042 258.432 162.521 280.945 238.975
280.945 238.975 252.405 139.042 250.469 131.95
250.904 181.542 249.447 173.949 246.977 149.596
249.447 173.949 241.939 162.782 246.977 149.596
221.55 210.698 216.849 229.199 213.017 232.107
231.52 173.976 221.55 210.698 213.017 232.107
221.55 210.698 231.52 173.976 239.17 147.584
231.52 173.976 233.07 163.188 239.17 147.584
231.52 173.976 222.669 189.337 218.518 197.216
222.669 189.337 231.52 173.976 233.07 163.188
278.363 276.672 273.685 277.884 289.04 282.754
271.733 271.831 278.363 276.672 289.04 282.754
276.762 269.778 271.733 271.831 289.04 282.754
279.654 261.401 270.202 263.117 276.762 269.778
279.654 261.401 276.762 269.778 289.04 282.754
282.026 253.818 279.654 261.401 289.04 282.754
280.945 238.975 282.026 253.818 289.04 282.754
279.368 219.863 280.945 238.975 289.04 282.754
267.982 180.586 279.368 219.863 280.945 238.975
260.726 150.093 267.982 180.586 279.368 219.863
267.982 180.586 260.726 150.093 258.763 142.458
290.173 267.891 289.04 282.754 290.49 286.253
291.153 259.2 290.173 267.891 290.49 286.253
292.156 246.994 291.153 259.2 290.49 286.253
293.696 216.36 292.178 233.797 292.156 246.994
293.696 216.36 292.156 246.994 290.49 286.253
290.774 212.13 293.696 216.36 292.178 233.797
287.11 202.127 290.774 212.13 293.696 216.36
293.696 216.36 287.11 202.127 276.687 173.248
273.685 277.884 289.04 282.754 290.49 286.253
257.233 272.177 273.685 277.884 290.49 286.253
290.49 286.253 257.233 272.177 253.495 271.389
287.97 243.413 292.156 246.994 291.153 259.2
280.938 212.552 287.97 243.413 291.153 259.2
272.771 188.148 280.938 212.552 291.153 259.2
267.163 167.037 272.771 188.148 291.153 259.2
267.106 162.552 267.163 167.037 272.771 188.148
267.163 167.037 267.106 162.552 260.83 127.224
287.97 243.413 280.938 212.552 276.102 190.74
283.733 202.602 292.178 233.797 292.156 246.994
278.01 183.078 283.733 202.602 292.156 246.994
269.499 149.823 278.01 183.078 292.156 246.994
292.156 246.994 269.499 149.823 258.736 103.814
269.499 149.823 262.226 118.156 258.736 103.814
262.226 118.156 269.302 140.332 277.164 163.274
277.164 163.274 262.226 118.156 258.736 103.814
273.685 277.884 257.233 272.177 202.138 252.968
250.216 262.824 271.733 271.831 278.363 276.672
278.363 276.672 250.216 262.824 243.815 259.867
276.762 269.778 270.202 263.117 263.444 260.458
270.003 247.251 279.654 261.401 270.202 263.117
260.654 246.697 270.003 247.251 270.202 263.117
252.851 243.297 260.654 246.697 270.003 247.251
270.003 247.251 252.851 243.297 240.961 240.162
253.462 249.492 260.654 246.697 252.851 243.297
272.304 239.836 262.109 240.792 270.003 247.251
272.304 239.836 270.003 247.251 279.654 261.401
271.131 232.317 272.304 239.836 279.654 261.401
259.006 231.889 271.131 232.317 272.304 239.836
271.131 232.317 259.006 231.889 252.665 231.435
276.358 227.239 271.782 218.427 266.682 213.28
257.106 201.469 248.18 199.672 239.616 198.067
263.611 181.671 258.31 168.709 251.296 157.207
232.703 236.128 230.023 248.766 219.808 251.345
251.122 210.409 261.053 217.093 251.011 222.828
251.122 210.409 251.011 222.828 241.032 229.933
251.122 210.409 241.032 229.933 232.703 236.128
251.122 210.409 232.703 236.128 219.808 251.345
228.198 199.472 236.208 208.669 251.122 210.409
231.525 193.068 228.198 199.472 251.122 210.409
231.525 193.068 251.122 210.409 261.053 217.093
228.198 199.472 231.525 193.068 238.913 176.778
231.525 193.068 238.027 188.923 238.913 176.778
241.8 217.585 232.69 221.288 228.333 229.262
241.8 217.585 228.333 229.262 217.979 238.369
251.122 210.409 241.8 217.585 217.979 238.369
241.8 217.585 251.122 210.409 236.208 208.669
231.525 193.068 238.027 188.923 247.652 186.853
219.808 251.345 230.023 248.766 238.155 246.755
196.619 240.425 210.151 241.107 207.362 247.573
157.188 220.973 196.619 240.425 207.362 247.573
207.362 247.573 157.188 220.973 143.598 213.97
157.188 220.973 150.789 216.294 143.598 213.97
166.842 219.024 150.789 216.294 143.598 213.97
187.288 233.497 196.619 240.425 210.151 241.107
182.077 227.714 187.288 233.497 210.151 241.107
159.47 212.61 182.077 227.714 210.151 241.107
139.257 201.125 151.122 209.504 159.47 212.61
139.257 201.125 159.47 212.61 210.151 241.107
127.813 198.889 139.257 201.125 151.122 209.504
139.257 201.125 127.813 198.889 120.203 197.322
120.203 197.322 152.781 201.14 163.281 202.729
110.553 193.044 120.203 197.322 152.781 201.14
152.781 201.14 110.553 193.044 133.892 191.97
129.439 206.639 140.018 216.353 167.341 230.191
120.203 197.322 127.813 198.889 129.439 206.639
140.018 216.353 129.439 206.639 110.553 193.044
129.439 206.639 120.203 197.322 110.553 193.044
99.1644 196.357 106.59 200.295 119.352 207.801
110.553 193.044 99.1644 196.357 106.59 200.295
122.414 188.02 133.892 191.97 110.553 193.044
122.414 188.02 110.553 193.044 99.1644 196.357
139.586 182.05 139.267 186.703 122.414 188.02
149.12 167.459 148.281 181.144 139.586 182.05
149.12 167.459 139.586 182.05 122.414 188.02
149.12 167.459 122.414 188.02 99.1644 196.357
189.237 143.926 158.968 161.905 149.12 167.459
189.237 143.926 149.12 167.459 99.1644 196.357
158.968 161.905 189.237 143.926 199.047 138.595
171.195 209.147 176.311 212.97 178.804 219.057
148.281 181.144 157.268 181.705 159.464 189.522
148.281 181.144 159.464 189.522 171.195 209.147
148.281 181.144 171.195 209.147 178.804 219.057
157.268 181.705 148.281 181.144 149.12 167.459
171.502 189.368 188.299 213.607 190.24 216.795
159.912 172.755 168.723 177.618 171.502 189.368
159.912 172.755 171.502 189.368 190.24 216.795
168.723 177.618 159.912 172.755 158.968 161.905
159.912 172.755 149.12 167.459 158.968 161.905
193.549 147.961 193.557 157.38 181.487 160.912
199.047 138.595 193.549 147.961 181.487 160.912
193.549 147.961 199.047 138.595 210.454 126.127
199.047 138.595 199.889 133.648 210.454 126.127
177.912 148.513 126.417 178.584 119.77 182.49
189.237 143.926 177.912 148.513 119.77 182.49
189.237 143.926 119.77 182.49 91.5293 198.354
199.047 138.595 189.237 143.926 177.912 148.513
177.912 148.513 199.047 138.595 199.889 133.648
197.81 160.039 202.562 170.428 198.052 179.077
202.562 170.428 197.81 160.039 193.549 147.961
197.81 160.039 193.557 157.38 193.549 147.961
119.77 182.49 126.417 178.584 142.019 167.479
199.889 188.644 198.501 196.221 197.146 206.824
202.562 170.428 198.052 179.077 199.889 188.644
197.146 206.824 199.889 188.644 206.509 146.752
199.889 188.644 202.562 170.428 206.509 146.752
202.562 170.428 202.63 149.894 206.509 146.752
207.61 178.463 197.146 206.824 198.682 216.095
197.146 206.824 207.61 178.463 209.581 172.37
187.259 196.086 198.501 196.221 197.146 206.824
187.259 196.086 197.146 206.824 198.682 216.095
187.259 196.086 198.682 216.095 201.483 231.362
201.483 231.362 187.259 196.086 171.122 156.649
187.259 196.086 182.524 181.189 171.122 156.649
207.562 197.053 198.682 216.095 201.483 231.362
201.483 231.362 207.562 197.053 208.863 191.905
187.259 196.086 182.524 181.189 182.316 170.176
198.501 196.221 187.259 196.086 190.042 190.11
193.57 176.776 198.052 179.077 199.889 188.644
198.052 179.077 193.57 176.776 189.862 172.799
171.502 189.368 168.723 177.618 167.754 169.583
182.032 202.326 188.299 213.607 190.24 216.795
190.24 216.795 182.032 202.326 180.022 193.265
178.804 219.057 176.311 212.97 172.711 203.067
122.414 188.02 139.267 186.703 147.593 186.506
223.142 158.637 217.541 167.593 217.824 181.666
226.562 148.275 223.142 158.637 217.824 181.666
220.302 141.032 231.717 142.985 226.562 148.275
220.302 141.032 226.562 148.275 223.142 158.637
223.142 158.637 220.302 141.032 217.166 121.913
220.302 141.032 221.93 128.091 217.166 121.913
233.006 133.003 221.93 128.091 217.166 121.913
217.824 181.666 217.541 167.593 216.666 149.764
166.601 137.703 161.402 143.565 156.134 148.042
161.402 143.565 166.601 137.703 180.083 123.2
166.601 137.703 170.754 131.204 180.083 123.2
166.601 137.703 147.896 146.786 143.261 149.45
147.896 146.786 166.601 137.703 170.754 131.204
150.305 107.791 151.011 120.395 142.752 122.691
160.834 103.58 156.337 107.444 150.305 107.791
142.752 122.691 150.305 107.791 152.688 102.456
150.305 107.791 160.834 103.58 152.688 102.456
156.337 107.444 160.834 103.58 167.979 100.168
142.195 127.269 118.847 128.201 126.608 128.769
126.608 128.769 142.195 127.269 146.896 126.898
118.847 128.201 126.608 128.769 116.077 138.536
118.847 128.201 116.077 138.536 112.26 143.108
112.26 143.108 118.847 128.201 130.896 100.277
118.847 128.201 127.749 116.488 130.896 100.277
116.005 123.055 113.847 130.215 106.607 149.842
113.847 130.215 116.005 123.055 121.023 112.109
102.77 168.443 108.659 170.118 92.4247 173.914
92.4247 173.914 102.77 168.443 107.877 163.21
108.659 170.118 92.4247 173.914 90.6966 183.707
90.6966 183.707 108.659 170.118 123.559 161.047
102.201 181.93 90.6966 183.707 88.983 191.025
106.045 180.065 102.201 181.93 88.983 191.025
148.03 157.381 106.045 180.065 102.201 181.93
106.045 180.065 148.03 157.381 180.973 140.626
66.4898 208.471 56.3422 223.158 57.2524 226.529
76.2069 190.893 71.6612 190.96 66.4898 208.471
76.2069 190.893 66.4898 208.471 57.2524 226.529
57.2524 226.529 76.2069 190.893 92.355 160.852
76.2069 190.893 82.1557 179.06 92.355 160.852
56.3422 223.158 31.2897 257.677 38.012 263.118
31.2897 257.677 56.3422 223.158 66.4898 208.471
48.8922 250.082 38.012 263.118 33.3058 269.046
52.838 239.549 48.8922 250.082 38.012 263.118
62.6911 237.483 52.838 239.549 48.8922 250.082
70.3725 232.72 62.6911 237.483 52.838 239.549
52.838 239.549 70.3725 232.72 83.7051 226.823
89.6171 236.743 78.3322 242.989 100.929 247.805
100.929 247.805 89.6171 236.743 83.7051 226.823
89.6171 236.743 70.3725 232.72 83.7051 226.823
71.2506 243.443 78.3322 242.989 89.6171 236.743
26.7171 282.861 28.6895 286.857 13.6663 289.745
18.9046 279.69 26.7171 282.861 13.6663 289.745
23.812 269.611 18.9046 279.69 13.6663 289.745
38.012 263.118 33.3058 269.046 23.812 269.611
31.2897 257.677 38.012 263.118 23.812 269.611
37.2453 247.153 31.2897 257.677 23.812 269.611
41.0281 237.476 37.2453 247.153 23.812 269.611
13.6663 289.745 23.812 269.611 68.3128 180.11
23.812 269.611 41.0281 237.476 68.3128 180.11
76.3391 289.398 118.511 290.341 143.203 291.436
111.768 288.324 76.3391 289.398 118.511 290.341
93.5967 283.842 111.768 288.324 76.3391 289.398
82.74 283.043 93.5967 283.842 76.3391 289.398
72.8647 281.743 82.74 283.043 76.3391 289.398
52.5399 279.854 72.8647 281.743 76.3391 289.398
23.812 269.611 52.5399 279.854 76.3391 289.398
33.3058 269.046 23.812 269.611 52.5399 279.854
38.023 268.421 33.3058 269.046 52.5399 279.854
53.6021 266.266 38.023 268.421 33.3058 269.046
50.7171 263.804 53.6021 266.266 33.3058 269.046
57.4702 258.934 50.7171 263.804 33.3058 269.046
33.3058 269.046 57.4702 258.934 66.8081 253.573
57.4702 258.934 71.2939 256.228 66.8081 253.573
82.5229 259.51 120.451 262.19 136.997 266.072
82.5229 259.51 136.997 266.072 152.367 268.181
71.2939 256.228 82.5229 259.51 120.451 262.19
120.451 262.19 71.2939 256.228 66.8081 253.573
171.952 293.956 17.7482 293.969 238.527 293.987
86.7626 293.794 171.952 293.956 17.7482 293.969
198.845 293.217 232.502 293.762 86.7626 293.794
198.845 293.217 86.7626 293.794 17.7482 293.969
156.706 289.617 198.845 293.217 232.502 293.762
93.5967 283.842 156.706 289.617 232.502 293.762
232.502 293.762 93.5967 283.842 82.74 283.043
82.74 283.043 151.95 286.237 181.195 287.637
82.74 283.043 181.195 287.637 191.226 288.112
151.95 286.237 82.74 283.043 72.8647 281.743
81.5099 272.434 57.4831 267.004 53.6021 266.266
102.691 271.701 108.51 273.7 163.21 280.681
53.6021 266.266 57.4831 267.004 102.691 271.701
163.21 280.681 102.691 271.701 50.7171 263.804
102.691 271.701 53.6021 266.266 50.7171 263.804
217.584 287.248 249.719 291.039 258.163 293.166
210.65 286.303 217.584 287.248 258.163 293.166
129.04 273.94 172.544 279.235 192.708 283.192
129.04 273.94 192.708 283.192 210.65 286.303
88.6641 269.143 129.04 273.94 210.65 286.303
88.6641 269.143 210.65 286.303 258.163 293.166
50.7171 263.804 88.6641 269.143 258.163 293.166
88.6641 269.143 50.7171 263.804 57.4702 258.934
82.5229 259.51 89.0275 261.844 123.881 269.009
89.0275 261.844 82.5229 259.51 71.2939 256.228
110.1 259.138 120.451 262.19 136.997 266.072
100.033 256.685 110.1 259.138 120.451 262.19
92.4731 253.643 100.033 256.685 110.1 259.138
80.4903 253.248 92.4731 253.643 100.033 256.685
92.4731 253.643 80.4903 253.248 61.709 252.456
131.135 258.59 136.35 259.571 136.997 266.072
136.35 259.571 131.135 258.59 106.604 248.378
136.35 259.571 136.997 266.072 152.367 268.181
152.367 268.181 136.35 259.571 100.219 239.94
177.861 276.02 172.544 279.235 192.708 283.192
159.45 261.877 167.562 271.42 177.861 276.02
159.45 261.877 177.861 276.02 192.708 283.192
77.9054 221.399 93.6106 226.444 103.929 229.148
192.708 283.192 159.45 261.877 91.4966 217.496
159.45 261.877 118.673 236.146 91.4966 217.496
118.673 236.146 103.929 229.148 91.4966 217.496
103.929 229.148 77.9054 221.399 91.4966 217.496
66.1649 222.19 77.9054 221.399 91.4966 217.496
121.353 247.182 127.031 249.853 152.532 262.666
112.834 239.988 121.353 247.182 127.031 249.853
103.929 229.148 106.15 231.029 112.834 239.988
121.353 247.182 112.834 239.988 93.6106 226.444
112.834 239.988 103.929 229.148 93.6106 226.444
177.861 276.02 167.562 271.42 158.669 269.31
141.732 248.179 197.51 279.999 192.708 283.192
100.86 219.668 116.487 230.459 141.732 248.179
79.6028 208.694 100.86 219.668 141.732 248.179
79.6028 208.694 141.732 248.179 192.708 283.192
192.708 283.192 79.6028 208.694 71.6874 203.502
90.3162 209.085 101.076 210.711 106.968 213.971
90.3162 209.085 106.968 213.971 119.03 218.564
90.3162 209.085 119.03 218.564 132.119 223.376
79.6028 208.694 90.3162 209.085 132.119 223.376
79.6028 208.694 132.119 223.376 157.099 230.374
71.6874 203.502 79.6028 208.694 90.3162 209.085
83.4415 198.165 71.6874 203.502 90.3162 209.085
101.293 187.326 83.4415 198.165 71.6874 203.502
132.713 168.953 101.293 187.326 83.4415 198.165
83.4415 198.165 132.713 168.953 169.86 147.398
210.51 262.483 226.85 268.875 242.525 272.911
202.143 259.415 210.51 262.483 242.525 272.911
183.529 253.026 202.143 259.415 242.525 272.911
116.487 230.459 127.136 232.508 183.529 253.026
116.487 230.459 183.529 253.026 202.143 259.415
127.136 232.508 116.487 230.459 100.86 219.668
157.674 238.579 191.123 251.498 220.492 263.41
139.348 229.781 157.674 238.579 191.123 251.498
111.649 220.202 139.348 229.781 157.674 238.579
157.674 238.579 111.649 220.202 100.86 219.668
111.649 220.202 179.286 239.631 186.945 241.93
179.286 239.631 111.649 220.202 79.6028 208.694
111.649 220.202 100.86 219.668 79.6028 208.694
149.711 233.099 173.83 240.865 229.101 258.928
139.348 229.781 149.711 233.099 229.101 258.928
149.711 233.099 139.348 229.781 111.649 220.202
197.51 279.999 192.708 283.192 210.65 286.303
186.65 270.672 197.51 279.999 210.65 286.303
183.472 268.166 186.65 270.672 210.65 286.303
186.65 270.672 183.472 268.166 166.405 257.512
239.867 278.976 251.435 280.507 273.849 286.971
239.867 278.976 273.849 286.971 283.948 289.509
233.999 278.824 239.867 278.976 283.948 289.509
183.472 268.166 208.028 273.229 233.999 278.824
183.472 268.166 233.999 278.824 283.948 289.509
166.405 257.512 183.472 268.166 208.028 273.229
159.87 253.315 166.405 257.512 208.028 273.229
152.204 249.242 159.87 253.315 208.028 273.229
159.87 253.315 152.204 249.242 136.506 241.336
221.437 267.657 226.85 268.875 242.525 272.911
190.086 257.014 221.437 267.657 226.85 268.875
221.437 267.657 190.086 257.014 149.075 243.225
273.849 286.971 251.435 280.507 181.477 259.157
251.435 280.507 199.575 266.084 181.477 259.157
257.077 281.103 273.849 286.971 283.948 289.509
172.718 252.735 257.077 281.103 283.948 289.509
283.948 289.509 172.718 252.735 127.902 237.878
219.073 279.983 249.719 291.039 258.163 293.166
258.163 293.166 219.073 279.983 210.282 276.615
163.21 280.681 108.51 273.7 69.3172 268.841
72.8647 281.743 52.5399 279.854 63.04 276.781
149.702 283.397 181.195 287.637 191.226 288.112
117.118 282.088 133.066 282.81 149.702 283.397
191.226 288.112 149.702 283.397 139.209 281.888
149.702 283.397 117.118 282.088 139.209 281.888
107.614 281.814 117.118 282.088 133.066 282.81
117.118 282.088 107.614 281.814 103.548 279.171
56.9149 290.598 99.6612 291.597 129.334 292.206
50.9661 290.477 56.9149 290.598 99.6612 291.597
13.6663 289.745 50.9661 290.477 99.6612 291.597
28.6895 286.857 13.6663 289.745 50.9661 290.477
38.4217 286.741 28.6895 286.857 50.9661 290.477
28.6895 286.857 38.4217 286.741 40.145 280.769
129.334 292.206 99.6612 291.597 72.7351 291.103
37.2453 247.153 41.0281 237.476 56.0902 207.487
31.2897 257.677 37.2453 247.153 47.5996 231.074
77.4293 167.403 71.6612 190.96 66.4898 208.471
89.3638 148.498 77.4293 167.403 71.6612 190.96
71.6612 190.96 89.3638 148.498 92.2068 142.387
47.8624 216.712 40.3948 228.962 31.2577 247.529
57.9711 197.546 47.8624 216.712 40.3948 228.962
40.3948 228.962 57.9711 197.546 71.1054 173.871
100.405 96.0061 99.1127 90.6152 111.317 80.0835
81.6599 142.555 76.0368 148.208 71.7809 160.775
102.769 110.891 81.6599 142.555 71.7809 160.775
81.6599 142.555 102.769 110.891 110.168 99.6838
63.7308 166.156 49.2619 190.354 40.2003 212.639
49.2619 190.354 63.7308 166.156 70.7829 153.477
30.9161 232.913 26.4057 239.423 20.417 252.807
26.4057 239.423 30.9161 232.913 38.8207 220.024
20.9775 256.868 9.37833 277.069 2.39663 291.403
2.39663 291.403 20.9775 256.868 60.3922 183.899
87.2297 81.2162 83.4652 81.1359 59.7977 80.7156
70.7543 73.0448 77.2082 73.3801 71.8138 76.9938
77.2082 73.3801 70.7543 73.0448 63.7465 70.6866
39.1786 140.495 48.2957 128.752 76.8682 92.1735
48.2957 128.752 69.4233 97.2778 76.8682 92.1735
56.0194 106.329 69.4233 97.2778 76.8682 92.1735
56.1766 128.727 39.1786 140.495 49.8749 142.194
56.1766 128.727 49.8749 142.194 38.0751 168.538
39.1786 140.495 56.1766 128.727 62.6719 122.066
49.6217 151.54 27.4773 196.077 21.8061 209.062
21.8061 209.062 49.6217 151.54 77.2662 96.0683
36.5726 183.873 21.8061 209.062 21.4037 216.668
21.8061 209.062 36.5726 183.873 66.326 132.375
36.5726 183.873 51.9236 157.931 66.326 132.375
38.6956 188.871 20.2051 228.702 12.0343 252.02
51.9236 157.931 38.6956 188.871 12.0343 252.02
66.326 132.375 51.9236 157.931 12.0343 252.02
12.0343 252.02 66.326 132.375 72.8316 118.464
33.4856 193.631 36.5726 183.873 51.9236 157.931
12.0343 252.02 20.2051 228.702 26.8483 206.7
8.71585 263.709 6.57805 267.099 -0.467924 283.189
21.621 236.577 8.71585 263.709 -0.467924 283.189
37.4234 200.732 21.621 236.577 8.71585 263.709
8.71585 263.709 37.4234 200.732 61.0398 148.666
51.4846 171.793 37.4234 200.732 21.621 236.577
21.621 236.577 51.4846 171.793 80.1219 110.544
