13.2492 5.97387 14.1155 6.72733 5.98971 6.96039
5.13095 5.15142 13.2492 5.97387 5.98971 6.96039
5.13095 5.15142 5.98971 6.96039 1.13313 10.4316
0.914629 3.06375 10.2852 3.3932 5.13095 5.15142
0.914629 3.06375 5.13095 5.15142 1.13313 10.4316
0.914629 3.06375 1.13313 10.4316 1.14396 18.904
35.0188 1.84003 0.914629 3.06375 10.2852 3.3932
0.914629 3.06375 35.0188 1.84003 66.075 0.209302
71.3186 3.11137 90.0906 9.05694 91.0112 13.6562
70.0659 1.93419 71.3186 3.11137 90.0906 9.05694
90.0906 9.05694 70.0659 1.93419 66.075 0.209302
70.0659 1.93419 35.0188 1.84003 66.075 0.209302
12.503 19.2948 30.5952 23.7711 12.7941 24.6786
12.503 19.2948 12.7941 24.6786 2.31202 29.7142
17.5282 9.58429 22.7965 11.0832 12.503 19.2948
17.5282 9.58429 12.503 19.2948 2.31202 29.7142
14.1155 6.72733 17.5282 9.58429 22.7965 11.0832
22.7965 11.0832 14.1155 6.72733 13.2492 5.97387
16.5281 6.30886 24.928 7.06169 63.5886 21.4901
16.5281 6.30886 63.5886 21.4901 84.0044 28.1765
13.2492 5.97387 16.5281 6.30886 24.928 7.06169
24.928 7.06169 13.2492 5.97387 5.13095 5.15142
61.1932 12.1476 72.1394 16.9689 93.2611 21.7069
41.6211 3.92363 61.1932 12.1476 72.1394 16.9689
72.1394 16.9689 41.6211 3.92363 35.0188 1.84003
41.6211 3.92363 70.0659 1.93419 35.0188 1.84003
88.1966 14.9256 73.6581 11.453 41.6211 3.92363
73.6581 11.453 53.3818 6.21245 41.6211 3.92363
59.1335 6.92252 64.6012 7.13842 78.2774 10.2492
53.3818 6.21245 59.1335 6.92252 78.2774 10.2492
41.6211 3.92363 53.3818 6.21245 59.1335 6.92252
59.1335 6.92252 41.6211 3.92363 70.0659 1.93419
91.0112 13.6562 90.0906 9.05694 93.3141 7.4851
94.7401 19.5228 93.2611 21.7069 98.3646 25.4695
97.713 14.8681 94.7401 19.5228 98.3646 25.4695
98.3646 25.4695 97.713 14.8681 97.573 5.61936
97.713 14.8681 97.4496 11.8336 97.573 5.61936
72.1394 16.9689 93.2611 21.7069 98.3646 25.4695
69.4479 16.2551 72.1394 16.9689 98.3646 25.4695
72.1394 16.9689 69.4479 16.2551 24.2657 4.19661
69.4479 16.2551 41.3291 8.8532 24.2657 4.19661
63.5886 21.4901 84.0044 28.1765 93.0809 28.797
93.0809 28.797 63.5886 21.4901 67.8418 21.0169
70.2106 28.1479 84.0044 28.1765 93.0809 28.797
84.0044 28.1765 70.2106 28.1479 61.5453 22.7455
12.7941 24.6786 40.4196 25.4536 21.2853 25.5849
30.5952 23.7711 12.7941 24.6786 40.4196 25.4536
40.4196 25.4536 30.5952 23.7711 21.5493 19.4895
