-45.6079 -8.7588 -43.0533 -6.67604 -46.7473 -0.671672
-46.7473 -0.671672 -45.6079 -8.7588 -45.6419 -9.56639
-30.5388 17.4095 -19.8941 22.1778 -22.6437 25.7724
-30.5303 16.6228 -30.5388 17.4095 -19.8941 22.1778
-34.8176 11.8538 -30.5303 16.6228 -19.8941 22.1778
-45.1291 0.843316 -34.8176 11.8538 -30.5303 16.6228
-46.7473 -0.671672 -45.1291 0.843316 -30.5303 16.6228
-43.0533 -6.67604 -46.7473 -0.671672 -45.1291 0.843316
-45.1291 0.843316 -43.0533 -6.67604 -42.9881 -6.90995
-29.937 20.5865 -32.4103 25.6384 -30.5122 27.2295
-30.5388 17.4095 -29.4556 20.09 -29.937 20.5865
-30.5388 17.4095 -29.937 20.5865 -32.4103 25.6384
-32.4103 25.6384 -30.5388 17.4095 -30.5303 16.6228
-28.9859 21.2384 -27.6584 23.3389 -24.5174 26.2045
-29.937 20.5865 -28.9859 21.2384 -27.6584 23.3389
-28.9859 21.2384 -29.937 20.5865 -29.4556 20.09
-17.1698 19.4651 -19.8941 22.1778 -22.6437 25.7724
-20.5165 18.2199 -17.1698 19.4651 -19.8941 22.1778
-23.9883 13.9149 -20.5165 18.2199 -19.8941 22.1778
-32.1018 12.0285 -23.9883 13.9149 -19.8941 22.1778
-19.8941 22.1778 -32.1018 12.0285 -40.0418 5.44007
-32.1018 12.0285 -37.5338 7.04357 -40.0418 5.44007
-37.5338 7.04357 -33.8649 5.80226 -40.0418 5.44007
-39.8289 4.78887 -40.0418 5.44007 -33.8649 5.80226
-39.8289 4.78887 -33.8649 5.80226 -30.1591 6.30181
-38.3567 -4.4582 -39.8289 4.78887 -40.0418 5.44007
-42.9275 -10.3501 -38.3567 -4.4582 -40.0418 5.44007
-40.0418 5.44007 -42.9275 -10.3501 -45.0953 -21.4273
-42.9275 -10.3501 -43.9647 -16.4637 -45.0953 -21.4273
-29.0213 9.90855 -37.5338 7.04357 -33.8649 5.80226
-37.7778 -2.25726 -37.9145 -3.78332 -38.3567 -4.4582
-38.3567 -4.4582 -37.9145 -3.78332 -36.8065 -3.21316
-36.8065 -3.21316 -38.3567 -4.4582 -42.9275 -10.3501
-19.6172 -12.6948 -15.2857 -12.0748 -6.74747 -10.6779
-28.8189 -14.1762 -25.2455 -13.7415 -19.6172 -12.6948
-43.9647 -16.4637 -28.8189 -14.1762 -19.6172 -12.6948
-43.9647 -16.4637 -19.6172 -12.6948 -6.74747 -10.6779
-28.8189 -14.1762 -43.9647 -16.4637 -45.0953 -21.4273
-38.0658 -19.198 -19.6172 -12.6948 -15.2857 -12.0748
-19.6172 -12.6948 -38.0658 -19.198 -41.2484 -20.2852
-11.2504 -12.7882 -4.21467 -12.1878 -15.2857 -12.0748
-4.21467 -12.1878 -11.2504 -12.7882 -16.896 -13.4479
8.95219 31.1993 11.0198 35.3254 10.2263 36.1466
5.45653 17.9598 8.95219 31.1993 10.2263 36.1466
3.5516 10.3999 5.45653 17.9598 8.95219 31.1993
0.225524 -7.59224 3.5516 10.3999 8.95219 31.1993
-4.21467 -12.1878 -15.2857 -12.0748 -6.74747 -10.6779
-4.21467 -12.1878 -6.74747 -10.6779 0.225524 -7.59224
-12.579 -18.4827 -17.0782 -17.6614 -4.21467 -12.1878
-3.42666 -19.21 -12.579 -18.4827 -4.21467 -12.1878
-3.42666 -19.21 -4.21467 -12.1878 0.225524 -7.59224
-3.49071 -26.8928 -3.42666 -19.21 0.225524 -7.59224
-3.49071 -26.8928 0.225524 -7.59224 8.95219 31.1993
8.95219 31.1993 -3.49071 -26.8928 -7.92861 -48.058
-3.49071 -26.8928 -5.68727 -36.5143 -7.92861 -48.058
-9.39193 41.5535 -12.5422 45.0554 -12.1292 48.199
-5.38663 30.5141 -7.19892 32.1508 -9.39193 41.5535
-3.66046 26.041 -5.38663 30.5141 -9.39193 41.5535
-0.158918 17.4082 -3.66046 26.041 -9.39193 41.5535
0.867418 16.2617 -0.158918 17.4082 -9.39193 41.5535
3.41263 10.4049 2.16857 12.9529 0.867418 16.2617
3.41263 10.4049 0.867418 16.2617 -9.39193 41.5535
3.5516 10.3999 3.41263 10.4049 -9.39193 41.5535
3.5516 10.3999 -9.39193 41.5535 -12.1292 48.199
3.41263 10.4049 3.5516 10.3999 0.225524 -7.59224
5.45653 17.9598 2.50831 18.5366 0.543642 21.9335
2.50831 18.5366 5.45653 17.9598 3.5516 10.3999
-17.9617 -17.6865 -17.0782 -17.6614 -4.21467 -12.1878
-29.0012 -21.5455 -17.9617 -17.6865 -4.21467 -12.1878
-33.5325 -23.1766 -29.0012 -21.5455 -4.21467 -12.1878
-41.2083 -27.3649 -33.5325 -23.1766 -29.0012 -21.5455
-29.0012 -21.5455 -41.2083 -27.3649 -39.446 -27.4842
-27.2812 -19.639 -33.5325 -23.1766 -41.2083 -27.3649
-27.0879 -25.5638 -28.7189 -26.0277 -34.9834 -28.2642
-28.7189 -26.0277 -34.8329 -27.2663 -34.9834 -28.2642
-34.8329 -27.2663 -39.446 -27.4842 -34.9834 -28.2642
-41.2083 -27.3649 -41.6866 -25.1521 -43.3442 -24.4205
-34.9834 -28.2642 -39.446 -27.4842 -41.2083 -27.3649
-29.9795 -29.6258 -34.9834 -28.2642 -41.2083 -27.3649
-43.3442 -24.4205 -41.2083 -27.3649 -38.5022 -31.5302
-41.2083 -27.3649 -29.9795 -29.6258 -38.5022 -31.5302
-22.1438 -27.2617 -23.9144 -28.9876 -29.9795 -29.6258
-23.9144 -28.9876 -16.3139 -27.7811 -12.6595 -25.6542
-16.3139 -27.7811 -23.9144 -28.9876 -38.5022 -31.5302
-23.9144 -28.9876 -29.9795 -29.6258 -38.5022 -31.5302
-15.9796 -28.3413 -16.3139 -27.7811 -12.6595 -25.6542
-11.1833 -37.5398 -15.9796 -28.3413 -16.3139 -27.7811
-10.5125 -38.9151 -11.1833 -37.5398 -16.3139 -27.7811
-17.56 -39.7373 -9.85763 -39.3264 -10.5125 -38.9151
-17.56 -39.7373 -10.5125 -38.9151 -16.3139 -27.7811
-18.164 -44.4145 -17.56 -39.7373 -16.3139 -27.7811
-17.56 -39.7373 -18.164 -44.4145 -14.0363 -44.6739
-21.4037 -39.2624 -25.9756 -38.7523 -32.5934 -37.5238
-18.164 -44.4145 -21.4037 -39.2624 -25.9756 -38.7523
-25.9756 -38.7523 -18.164 -44.4145 -13.7932 -47.8278
-18.164 -44.4145 -14.0363 -44.6739 -13.7932 -47.8278
-25.3958 -35.6425 -24.6325 -34.1209 -24.7306 -33.5875
-23.479 -36.8172 -25.3958 -35.6425 -24.6325 -34.1209
-21.4037 -39.2624 -23.479 -36.8172 -24.6325 -34.1209
-24.6325 -34.1209 -21.4037 -39.2624 -18.164 -44.4145
-10.5125 -38.9151 -10.0853 -34.5228 -9.59305 -22.1488
-10.0853 -34.5228 -10.5125 -38.9151 -9.85763 -39.3264
-24.7363 -41.5018 -25.9756 -38.7523 -32.5934 -37.5238
-25.9756 -38.7523 -24.7363 -41.5018 -21.4572 -44.8276
-11.2224 -19.7003 -12.579 -18.4827 -17.0782 -17.6614
-9.76934 -19.9664 -11.2224 -19.7003 -12.579 -18.4827
-11.2224 -19.7003 -9.76934 -19.9664 -26.6359 -21.5728
8.52691 26.0716 8.95219 31.1993 11.0198 35.3254
2.76779 -0.101783 8.52691 26.0716 11.0198 35.3254
11.0198 35.3254 2.76779 -0.101783 -1.76929 -19.8846
13.103 25.0845 13.4895 27.4587 11.0198 35.3254
5.40138 5.35125 13.103 25.0845 11.0198 35.3254
11.0198 35.3254 5.40138 5.35125 4.8502 2.86718
5.53674 42.104 2.74273 45.3796 1.80067 46.8235
6.33059 36.4964 4.83198 38.1381 5.53674 42.104
10.2263 36.1466 1.28457 36.405 6.33059 36.4964
10.2263 36.1466 6.33059 36.4964 5.53674 42.104
11.0198 35.3254 10.2263 36.1466 5.53674 42.104
11.0198 35.3254 5.53674 42.104 1.80067 46.8235
22.296 21.1763 13.4895 27.4587 11.0198 35.3254
1.80067 46.8235 11.0198 35.3254 26.5951 16.0914
11.0198 35.3254 22.296 21.1763 26.5951 16.0914
6.33059 36.4964 -2.42744 41.9224 -5.85393 44.8033
-2.42744 41.9224 6.33059 36.4964 1.28457 36.405
5.53674 42.104 -6.69631 48.1542 -8.26205 49.0539
-6.69631 48.1542 5.53674 42.104 4.83198 38.1381
14.8348 22.6389 13.103 25.0845 13.4895 27.4587
16.2527 18.6716 14.8348 22.6389 13.4895 27.4587
9.99635 12.3463 23.8762 12.8335 16.2527 18.6716
9.99635 12.3463 16.2527 18.6716 14.8348 22.6389
7.4119 9.35093 9.99635 12.3463 14.8348 22.6389
10.8994 8.07794 7.4119 9.35093 9.99635 12.3463
12.4886 6.95692 10.8994 8.07794 7.4119 9.35093
7.4119 9.35093 12.4886 6.95692 12.6343 4.02861
23.8762 12.8335 9.99635 12.3463 20.0385 12.215
27.7241 10.794 23.8762 12.8335 16.2527 18.6716
23.8762 12.8335 27.7241 10.794 37.0369 4.39954
30.2657 24.1823 18.0503 38.1703 13.6788 43.314
37.5714 16.0388 32.7592 19.1351 32.7454 20.8364
37.5714 16.0388 32.7454 20.8364 30.2657 24.1823
37.5714 16.0388 30.2657 24.1823 13.6788 43.314
39.2266 11.4996 37.5714 16.0388 32.7592 19.1351
37.0369 4.39954 27.7241 10.794 39.2266 11.4996
42.1762 1.66842 35.86 2.62472 37.0369 4.39954
42.1762 1.66842 37.0369 4.39954 39.2266 11.4996
45.846 -3.12789 42.6082 -1.16557 42.1762 1.66842
45.846 -3.12789 42.1762 1.66842 39.2266 11.4996
45.846 -3.12789 39.2266 11.4996 37.5714 16.0388
42.6082 -1.16557 45.846 -3.12789 42.2609 -9.01487
31.8166 12.3482 27.056 13.0479 31.8451 13.5355
39.2266 11.4996 31.8166 12.3482 31.8451 13.5355
31.8166 12.3482 39.2266 11.4996 27.7241 10.794
25.8934 27.3284 18.376 28.404 19.0409 28.4156
25.8934 27.3284 19.0409 28.4156 20.6336 31.5736
30.2657 24.1823 25.8934 27.3284 20.6336 31.5736
25.8934 27.3284 30.2657 24.1823 32.7454 20.8364
49.49 -2.62717 45.8383 3.37875 35.1681 21.1909
45.846 -3.12789 49.49 -2.62717 45.8383 3.37875
42.2609 -9.01487 45.846 -3.12789 49.49 -2.62717
41.5441 -12.6888 42.2609 -9.01487 49.49 -2.62717
38.4629 -20.2266 41.5441 -12.6888 49.49 -2.62717
38.1123 -21.42 38.4629 -20.2266 49.49 -2.62717
49.49 -2.62717 38.1123 -21.42 27.8866 -38.5932
38.1123 -21.42 28.0146 -38.0854 27.8866 -38.5932
25.8947 -41.1414 20.6559 -39.9847 27.8866 -38.5932
25.8947 -41.1414 27.8866 -38.5932 37.0139 -28.5608
20.6559 -39.9847 25.8947 -41.1414 22.2826 -41.7622
15.3184 -37.7364 10.0515 -35.456 4.02126 -30.7994
28.0146 -38.0854 15.3184 -37.7364 4.02126 -30.7994
28.0146 -38.0854 4.02126 -30.7994 1.76591 -29.846
27.8866 -38.5932 28.0146 -38.0854 15.3184 -37.7364
15.3184 -37.7364 27.8866 -38.5932 20.6559 -39.9847
29.2734 -39.7485 25.8947 -41.1414 25.5185 -42.5319
25.8947 -41.1414 22.2826 -41.7622 25.5185 -42.5319
41.2809 -7.49868 42.2609 -9.01487 41.5441 -12.6888
24.3162 0.494222 35.86 2.62472 37.0369 4.39954
19.5362 -0.67237 25.0522 -0.235601 24.3162 0.494222
19.5362 -0.67237 24.3162 0.494222 37.0369 4.39954
5.59357 -4.53507 19.5362 -0.67237 37.0369 4.39954
7.0051 -7.69213 5.59357 -4.53507 19.5362 -0.67237
5.59357 -4.53507 7.0051 -7.69213 9.9718 -19.7235
7.0051 -7.69213 9.78534 -7.31271 15.9557 -5.34263
9.9718 -19.7235 7.0051 -7.69213 9.78534 -7.31271
9.78534 -7.31271 9.9718 -19.7235 10.0354 -21.3184
15.0071 -17.1827 12.9457 -19.601 10.0354 -21.3184
12.9457 -19.601 16.2285 -20.2746 10.0354 -21.3184
9.9718 -19.7235 7.96332 -19.053 8.82386 -18.7988
10.0354 -21.3184 9.9718 -19.7235 7.96332 -19.053
7.96332 -19.053 10.0354 -21.3184 10.793 -24.3166
25.1259 -17.3081 22.7053 -14.3675 23.5355 -12.1972
19.3367 -17.9874 25.1259 -17.3081 22.7053 -14.3675
16.2285 -20.2746 19.3367 -17.9874 22.7053 -14.3675
10.793 -24.3166 10.0354 -21.3184 16.2285 -20.2746
10.793 -24.3166 16.2285 -20.2746 19.3367 -17.9874
8.78166 -26.1257 10.793 -24.3166 19.3367 -17.9874
19.3367 -17.9874 8.78166 -26.1257 4.81649 -29.2468
19.3367 -17.9874 18.2324 -21.7011 15.537 -27.0105
18.2324 -21.7011 17.7067 -24.893 15.537 -27.0105
17.7067 -24.893 17.6087 -26.3837 15.537 -27.0105
24.0916 -24.6968 17.6087 -26.3837 15.537 -27.0105
25.1259 -17.3081 27.1435 -6.92788 26.6898 -5.73329
18.2324 -21.7011 19.3367 -17.9874 25.1259 -17.3081
27.1435 -6.92788 25.1259 -17.3081 23.9173 -24.0823
25.1259 -17.3081 18.2324 -21.7011 23.9173 -24.0823
27.1435 -6.92788 26.6898 -5.73329 27.9742 -3.93913
28.4991 -7.81585 27.1435 -6.92788 27.9742 -3.93913
28.0749 -9.35294 28.4991 -7.81585 27.1435 -6.92788
27.1435 -6.92788 28.0749 -9.35294 30.3704 -15.5555
15.9778 -15.3294 26.6898 -5.73329 27.9742 -3.93913
26.6898 -5.73329 15.9778 -15.3294 13.932 -17.2195
19.0898 -8.94764 20.172 -7.58233 21.2196 -5.44165
21.2196 -5.44165 19.0898 -8.94764 13.932 -17.2195
19.0898 -8.94764 15.9778 -15.3294 13.932 -17.2195
22.7369 -6.50226 20.172 -7.58233 19.0898 -8.94764
39.4194 -5.05474 42.6082 -1.16557 42.1762 1.66842
30.0813 -18.2132 39.4194 -5.05474 42.1762 1.66842
24.7855 -25.2984 30.0813 -18.2132 42.1762 1.66842
42.1762 1.66842 24.7855 -25.2984 20.9852 -31.0888
24.7855 -25.2984 25.135 -25.9351 20.9852 -31.0888
37.4363 -11.2978 25.135 -25.9351 20.9852 -31.0888
39.4194 -5.05474 38.9599 -8.22732 35.7083 -12.4566
38.9599 -8.22732 39.4194 -5.05474 42.6082 -1.16557
35.8531 -20.8877 38.9599 -8.22732 42.6082 -1.16557
34.8947 -24.1348 35.8531 -20.8877 42.6082 -1.16557
29.4736 -24.3917 34.8947 -24.1348 35.8531 -20.8877
33.4 -24.4055 29.4736 -24.3917 34.8947 -24.1348
32.0239 -25.3437 33.4 -24.4055 34.8947 -24.1348
31.2946 -25.7293 32.0239 -25.3437 34.8947 -24.1348
34.8947 -24.1348 31.2946 -25.7293 22.6513 -30.0203
38.4629 -20.2266 38.1123 -21.42 31.9518 -31.133
-0.289843 -37.2484 10.0515 -35.456 4.02126 -30.7994
10.0515 -35.456 -0.289843 -37.2484 -1.39585 -37.8441
17.9328 -43.9296 15.3184 -37.7364 10.0515 -35.456
15.3184 -37.7364 17.9328 -43.9296 19.1073 -45.6466
17.9328 -43.9296 17.7837 -45.4307 19.1073 -45.6466
13.2155 -41.6861 4.13431 -40.2346 12.0546 -39.6571
15.9054 -43.4276 13.2155 -41.6861 12.0546 -39.6571
13.2155 -41.6861 15.9054 -43.4276 17.7837 -45.4307
15.9054 -43.4276 17.9328 -43.9296 17.7837 -45.4307
-4.90676 -43.2268 17.7837 -45.4307 19.1073 -45.6466
10.053 45.7291 8.1537 47.0787 8.30065 48.659
13.6788 43.314 10.053 45.7291 8.30065 48.659
35.2705 23.1729 13.6788 43.314 8.30065 48.659
13.6788 43.314 35.2705 23.1729 41.0366 17.7282
35.2705 23.1729 39.8042 19.9081 41.0366 17.7282
40.541 25.9724 37.7149 30.0893 34.6534 33.5088
39.9242 24.2598 40.541 25.9724 34.6534 33.5088
35.2705 23.1729 38.065 23.8684 39.9242 24.2598
40.541 25.9724 39.9242 24.2598 39.8042 19.9081
39.9242 24.2598 35.2705 23.1729 39.8042 19.9081
35.4851 26.4806 39.9242 24.2598 38.065 23.8684
18.0503 38.1703 13.6788 43.314 10.053 45.7291
15.8086 36.6544 18.0503 38.1703 10.053 45.7291
18.0503 38.1703 15.8086 36.6544 14.15 35.3216
13.5262 37.0436 15.8086 36.6544 14.15 35.3216
37.7149 30.0893 40.541 25.9724 44.598 20.3471
34.6534 33.5088 25.9027 34.7386 35.0505 35.5004
37.7149 30.0893 34.6534 33.5088 35.0505 35.5004
35.0505 35.5004 37.7149 30.0893 38.9539 29.7787
25.9027 34.7386 34.6534 33.5088 26.8032 32.6139
8.30065 48.659 8.1537 47.0787 6.34813 44.1758
4.32107 34.0798 10.2263 36.1466 1.28457 36.405
10.2263 36.1466 4.32107 34.0798 2.53724 33.0555
-1.55735 34.0996 -3.30686 34.4599 -4.81877 38.5406
-3.30686 34.4599 -1.55735 34.0996 2.53724 33.0555
-1.55735 34.0996 4.32107 34.0798 2.53724 33.0555
-2.62768 28.7444 -3.30686 34.4599 -4.81877 38.5406
-2.75389 28.6103 -2.62768 28.7444 -4.81877 38.5406
1.12433 26.3394 -2.75389 28.6103 -2.62768 28.7444
-2.75389 28.6103 1.12433 26.3394 5.02895 23.1513
-15.3485 29.385 -12.9183 41.0202 -12.5422 45.0554
-15.3485 29.385 -12.5422 45.0554 -12.1292 48.199
-12.9183 41.0202 -15.3485 29.385 -12.1155 29.3458
-21.055 40.5819 -20.5734 39.4839 -5.46679 4.92233
-20.5734 39.4839 -17.008 32.1892 -5.46679 4.92233
-17.008 32.1892 -15.3485 29.385 -5.46679 4.92233
-15.3485 29.385 -12.1155 29.3458 -5.46679 4.92233
-12.5422 45.0554 -12.9183 41.0202 -11.7131 38.353
-4.74359 19.5408 -5.38663 30.5141 -7.19892 32.1508
-5.38663 30.5141 -4.74359 19.5408 -4.00135 12.9259
0.217842 11.6117 0.867418 16.2617 -0.158918 17.4082
0.867418 16.2617 0.217842 11.6117 -0.545396 4.79393
0.217842 11.6117 -1.86157 5.14776 -0.545396 4.79393
-1.86157 5.14776 -2.33735 4.89692 -0.545396 4.79393
2.03935 5.91068 3.41263 10.4049 2.16857 12.9529
3.41263 10.4049 2.03935 5.91068 0.406822 -1.03715
-20.5165 18.2199 -23.9883 13.9149 -34.0188 1.19379
-23.1673 32.2353 -24.3873 33.8447 -22.9483 34.5169
-24.2068 31.4797 -27.5677 31.6039 -23.1673 32.2353
-20.1635 29.2339 -24.2068 31.4797 -23.1673 32.2353
-20.1635 29.2339 -23.1673 32.2353 -22.9483 34.5169
-16.311 22.0832 -20.1635 29.2339 -22.9483 34.5169
-17.1698 19.4651 -16.311 22.0832 -20.1635 29.2339
-20.7309 16.3062 -20.5165 18.2199 -17.1698 19.4651
-23.0881 3.12784 -20.7309 16.3062 -17.1698 19.4651
-23.0576 -1.58149 -26.7698 0.929375 -23.0881 3.12784
-23.0576 -1.58149 -23.0881 3.12784 -17.1698 19.4651
-23.0576 -1.58149 -17.1698 19.4651 -16.311 22.0832
-26.7698 0.929375 -23.0576 -1.58149 -26.6269 -1.58603
-15.1776 11.5268 -13.9689 11.6441 -17.018 12.0268
-19.3018 6.75638 -15.1776 11.5268 -17.018 12.0268
-12.0059 4.75393 -13.6881 5.71322 -19.3018 6.75638
-12.8538 2.57902 -12.0059 4.75393 -19.3018 6.75638
-23.0576 -1.58149 -12.8538 2.57902 -19.3018 6.75638
-23.0576 -1.58149 -19.3018 6.75638 -17.018 12.0268
-29.5806 -3.28367 -26.6269 -1.58603 -23.0576 -1.58149
-33.5837 -7.16389 -29.5806 -3.28367 -23.0576 -1.58149
-33.5837 -7.16389 -23.0576 -1.58149 -12.8538 2.57902
-36.2172 -9.47359 -33.5837 -7.16389 -29.5806 -3.28367
-33.5837 -7.16389 -36.2172 -9.47359 -41.8384 -15.0851
-12.3654 8.02925 -13.6881 5.71322 -12.0059 4.75393
-23.0881 3.12784 -26.7698 0.929375 -30.6331 -0.995045
-23.052 42.5573 -22.1768 42.6659 -17.2801 45.9313
-15.7243 25.115 -23.052 42.5573 -22.1768 42.6659
-14.4017 21.803 -15.7243 25.115 -23.052 42.5573
-12.5297 17.7619 -14.4017 21.803 -15.7243 25.115
-9.27212 10.5792 -10.9456 13.0947 -12.5297 17.7619
-9.27212 10.5792 -12.5297 17.7619 -15.7243 25.115
-10.4078 8.74313 -9.27212 10.5792 -10.9456 13.0947
-12.0059 4.75393 -10.4078 8.74313 -9.27212 10.5792
-12.8538 2.57902 -12.0059 4.75393 -9.27212 10.5792
-15.3131 -3.14905 -12.8538 2.57902 -9.27212 10.5792
-8.57684 -4.93254 -9.99103 -3.70926 -15.3131 -3.14905
-22.1994 -5.06542 -8.57684 -4.93254 -15.3131 -3.14905
-22.1994 -5.06542 -15.3131 -3.14905 -12.8538 2.57902
-12.8538 2.57902 -22.1994 -5.06542 -29.7828 -10.3676
-22.1994 -5.06542 -15.2701 -7.64608 -29.7828 -10.3676
-29.7828 -10.3676 -15.2701 -7.64608 -11.7308 -7.03553
-35.9685 -13.2791 -29.7828 -10.3676 -11.7308 -7.03553
-29.7828 -10.3676 -35.9685 -13.2791 -38.8555 -14.4667
-9.51801 4.73109 -12.1855 0.448886 -15.3131 -3.14905
-12.1855 0.448886 -11.515 -3.04822 -15.3131 -3.14905
-7.64226 -1.90061 -11.515 -3.04822 -9.99103 -3.70926
-11.515 -3.04822 -15.3131 -3.14905 -9.99103 -3.70926
-9.99103 -3.70926 -8.57684 -4.93254 -5.12588 -5.76123
-8.57684 -4.93254 -10.0775 -5.36255 -5.12588 -5.76123
-17.018 12.0268 -13.9689 11.6441 -11.1125 11.429
-26.5882 33.8386 -24.3873 33.8447 -22.9483 34.5169
-24.3873 33.8447 -26.5882 33.8386 -35.3364 33.6746
-31.4004 31.0724 -27.5677 31.6039 -23.1673 32.2353
-29.7654 30.261 -31.4004 31.0724 -27.5677 31.6039
-37.3454 21.2301 -29.7654 30.261 -31.4004 31.0724
-40.4085 15.9183 -36.3673 18.1227 -37.3454 21.2301
-43.1756 13.5325 -40.4085 15.9183 -37.3454 21.2301
-43.1756 13.5325 -37.3454 21.2301 -31.4004 31.0724
-39.4459 12.5562 -43.1756 13.5325 -40.4085 15.9183
-38.6066 9.74628 -39.4459 12.5562 -40.4085 15.9183
-40.4085 15.9183 -38.6066 9.74628 -38.4036 9.21959
