-1.31226 67.1489 -0.518279 81.2682 -0.578148 93.5757
-0.578148 93.5757 -1.31226 67.1489 -2.78184 60.2177
10.1972 78.4939 -0.518279 81.2682 -0.578148 93.5757
17.3121 78.3637 10.1972 78.4939 -0.578148 93.5757
26.9619 70.1884 20.0475 70.3159 17.3121 78.3637
26.9619 70.1884 17.3121 78.3637 -0.578148 93.5757
39.3776 63.2559 26.9619 70.1884 -0.578148 93.5757
60.8698 48.5575 39.3776 63.2559 -0.578148 93.5757
-0.578148 93.5757 60.8698 48.5575 113.132 10.7359
60.8698 48.5575 88.9185 23.5746 113.132 10.7359
88.9185 23.5746 98.7952 13.687 113.132 10.7359
98.7952 13.687 82.7172 12.105 113.132 10.7359
11.6936 68.4896 20.0475 70.3159 17.3121 78.3637
7.45853 62.0664 11.6936 68.4896 17.3121 78.3637
0.444628 50.4726 7.45853 62.0664 17.3121 78.3637
0.140738 38.208 0.444628 50.4726 7.45853 62.0664
0.719836 32.8139 0.140738 38.208 7.45853 62.0664
0.140738 38.208 0.719836 32.8139 1.15092 17.5361
0.444628 50.4726 0.140738 38.208 -1.16253 9.86812
9.18113 50.5075 11.6936 68.4896 20.0475 70.3159
11.6936 68.4896 9.18113 50.5075 7.18952 39.7443
33.3459 60.8345 26.9619 70.1884 20.0475 70.3159
41.9817 49.4343 33.3459 60.8345 20.0475 70.3159
62.5825 29.3812 73.0507 31.406 41.9817 49.4343
62.5825 29.3812 41.9817 49.4343 20.0475 70.3159
58.6147 16.2793 62.5825 29.3812 73.0507 31.406
73.0507 31.406 58.6147 16.2793 59.1042 13.2405
46.7296 38.8604 37.6888 43.4579 31.1061 50.114
62.5825 29.3812 46.7296 38.8604 31.1061 50.114
46.7296 38.8604 62.5825 29.3812 58.6147 16.2793
48.6053 22.8186 47.3649 28.2971 39.4308 29.5766
39.4308 29.5766 48.6053 22.8186 59.1042 13.2405
48.6053 22.8186 58.6147 16.2793 59.1042 13.2405
29.9203 38.137 37.6888 43.4579 31.1061 50.114
28.1215 31.0979 29.9203 38.137 31.1061 50.114
43.3529 20.3692 28.1215 31.0979 29.9203 38.137
29.9203 38.137 43.3529 20.3692 53.165 8.06528
43.3529 20.3692 38.9757 11.6368 53.165 8.06528
38.9757 11.6368 30.4433 11.4747 53.165 8.06528
30.4433 11.4747 38.9757 11.6368 29.636 23.1402
30.2748 -0.595929 58.4821 3.89464 30.4433 11.4747
30.2748 -0.595929 30.4433 11.4747 29.636 23.1402
20.3628 -0.695587 30.2748 -0.595929 29.636 23.1402
1.98842 -1.02974 20.3628 -0.695587 30.2748 -0.595929
108.268 -2.07534 1.98842 -1.02974 30.2748 -0.595929
1.98842 -1.02974 108.268 -2.07534 177.981 -2.79209
108.268 -2.07534 220.814 -2.65498 177.981 -2.79209
86.0331 7.89426 58.4821 3.89464 30.2748 -0.595929
82.4439 -0.631295 101.053 -1.55408 108.268 -2.07534
101.053 -1.55408 230.495 -1.98486 108.268 -2.07534
230.495 -1.98486 248.363 -1.51931 281.218 -1.02919
281.218 -1.02919 230.495 -1.98486 220.814 -2.65498
230.495 -1.98486 108.268 -2.07534 220.814 -2.65498
210.473 3.99145 182.148 13.082 170.548 13.4085
189.62 2.74777 198.7 3.83566 210.473 3.99145
170.705 -1.44401 162.845 1.71942 189.62 2.74777
170.705 -1.44401 189.62 2.74777 210.473 3.99145
182.148 13.082 210.473 3.99145 230.495 -1.98486
210.473 3.99145 170.705 -1.44401 230.495 -1.98486
170.705 -1.44401 101.053 -1.55408 230.495 -1.98486
182.18 32.4447 201.214 37.865 212.522 42.0159
172.753 30.0779 191.328 30.6455 182.18 32.4447
172.753 30.0779 182.18 32.4447 212.522 42.0159
187.699 23.2567 172.753 30.0779 191.328 30.6455
212.174 8.43424 187.699 23.2567 172.753 30.0779
248.363 -1.51931 216.857 8.22211 212.174 8.43424
172.753 30.0779 212.174 8.43424 230.495 -1.98486
212.174 8.43424 248.363 -1.51931 230.495 -1.98486
289.095 22.6328 249.056 27.9309 258.593 30.8418
310.883 18.0347 289.095 22.6328 258.593 30.8418
316.736 16.7341 310.883 18.0347 258.593 30.8418
298.584 16.3568 316.736 16.7341 310.883 18.0347
309.477 12.8492 298.584 16.3568 316.736 16.7341
317.072 6.99683 288.389 8.26403 303.372 10.2901
317.072 6.99683 303.372 10.2901 309.477 12.8492
317.072 6.99683 309.477 12.8492 316.736 16.7341
318.995 -2.36972 303.636 -0.863034 313.226 0.0377769
318.995 -2.36972 313.226 0.0377769 317.072 6.99683
318.995 -2.36972 317.072 6.99683 316.736 16.7341
220.814 -2.65498 318.995 -2.36972 303.636 -0.863034
177.981 -2.79209 220.814 -2.65498 318.995 -2.36972
318.995 -2.36972 177.981 -2.79209 120.529 -3.03643
289.996 1.55352 313.226 0.0377769 303.636 -0.863034
277.213 20.8597 298.584 16.3568 309.477 12.8492
120.529 -3.03643 177.981 -2.79209 40.0752 -2.59551
40.0752 -2.59551 120.529 -3.03643 140.714 -3.90618
120.529 -3.03643 259.727 -3.27193 140.714 -3.90618
18.7977 31.5062 21.5271 36.1216 21.1027 48.2344
13.8008 28.5776 18.7977 31.5062 21.1027 48.2344
11.9202 1.96593 12.3306 6.10708 13.8008 28.5776
21.1027 48.2344 13.8008 28.5776 1.98842 -1.02974
13.8008 28.5776 11.9202 1.96593 1.98842 -1.02974
11.9202 1.96593 20.3628 -0.695587 1.98842 -1.02974
13.7892 17.0809 12.3306 6.10708 11.9202 1.96593
18.459 9.7259 11.9202 1.96593 20.3628 -0.695587
21.5271 36.1216 21.1027 48.2344 23.6997 61.5999
23.6997 61.5999 21.5271 36.1216 21.6569 19.2474
258.593 30.8418 241.403 31.9353 222.936 39.0923
222.936 39.0923 258.593 30.8418 268.695 29.4267
249.056 27.9309 258.593 30.8418 241.403 31.9353
241.403 31.9353 249.056 27.9309 272.55 12.7063
249.056 27.9309 260.066 22.2493 272.55 12.7063
229.72 30.5945 241.403 31.9353 222.936 39.0923
243.868 21.0693 229.72 30.5945 241.403 31.9353
252.147 18.7412 233.913 19.7257 243.868 21.0693
252.147 18.7412 243.868 21.0693 241.403 31.9353
263.441 10.08 252.147 18.7412 241.403 31.9353
241.403 31.9353 263.441 10.08 271.483 2.51033
263.441 10.08 246.692 6.49257 271.483 2.51033
240.369 7.4586 246.692 6.49257 271.483 2.51033
249.056 27.9309 260.066 22.2493 272.34 17.9701
303.372 10.2901 288.389 8.26403 281.148 7.58771
201.263 32.7684 218.771 33.4338 201.214 37.865
201.214 37.865 201.263 32.7684 198.701 23.4748
218.771 33.4338 201.214 37.865 212.522 42.0159
212.522 42.0159 218.771 33.4338 241.602 2.62775
213.291 29.699 201.263 32.7684 218.771 33.4338
210.733 22.7329 213.291 29.699 218.771 33.4338
221.019 20.2069 210.733 22.7329 218.771 33.4338
218.771 33.4338 221.019 20.2069 226.834 12.0818
182.148 13.082 170.548 13.4085 178.744 16.2596
190.598 12.3537 182.148 13.082 178.744 16.2596
182.148 13.082 190.598 12.3537 200.711 10.7985
178.744 16.2596 170.548 13.4085 160.891 10.977
68.5283 2.45683 198.7 3.83566 210.473 3.99145
198.7 3.83566 68.5283 2.45683 49.0346 1.11984
108.643 20.0356 71.2802 43.6933 47.817 60.2438
133.519 3.74734 121.079 8.75235 108.643 20.0356
133.519 3.74734 108.643 20.0356 47.817 60.2438
92.9306 3.74296 133.519 3.74734 121.079 8.75235
68.5283 2.45683 92.9306 3.74296 121.079 8.75235
121.079 8.75235 68.5283 2.45683 49.0346 1.11984
123.272 17.0229 101.11 32.1756 92.2745 33.159
129.971 10.6806 129.351 16.7669 123.272 17.0229
129.971 10.6806 123.272 17.0229 92.2745 33.159
133.519 3.74734 142.924 7.89508 129.971 10.6806
133.519 3.74734 129.971 10.6806 92.2745 33.159
133.519 3.74734 92.2745 33.159 67.5863 50.1261
142.924 7.89508 133.519 3.74734 148.759 3.46737
133.519 3.74734 92.9306 3.74296 148.759 3.46737
92.2745 33.159 89.4142 37.3187 82.471 46.2708
89.4142 37.3187 92.2745 33.159 101.11 32.1756
117.33 29.8594 112.113 32.3711 37.7062 72.0656
140.521 18.528 117.33 29.8594 37.7062 72.0656
140.521 18.528 37.7062 72.0656 29.6007 76.2877
117.33 29.8594 140.521 18.528 129.351 16.7669
181.346 37.3272 240.129 53.486 273.705 63.5099
142.094 26.9236 161.413 30.3615 181.346 37.3272
142.094 26.9236 181.346 37.3272 273.705 63.5099
142.094 26.9236 273.705 63.5099 320.99 76.6704
140.521 18.528 142.094 26.9236 161.413 30.3615
161.413 30.3615 140.521 18.528 129.971 10.6806
140.521 18.528 129.351 16.7669 129.971 10.6806
60.611 66.0862 51.9942 72.8833 21.6285 87.5751
107.038 38.0456 60.611 66.0862 21.6285 87.5751
142.094 26.9236 151.875 29.9829 130.158 32.2693
142.094 26.9236 130.158 32.2693 107.038 38.0456
21.6285 87.5751 107.038 38.0456 140.521 18.528
107.038 38.0456 142.094 26.9236 140.521 18.528
39.9014 83.6668 39.6734 87.4644 28.5191 87.6344
51.9942 72.8833 39.9014 83.6668 28.5191 87.6344
39.9014 83.6668 51.9942 72.8833 60.611 66.0862
102.726 42.3246 133.055 46.3294 88.2547 53.2702
102.726 42.3246 88.2547 53.2702 82.5666 56.4175
107.038 38.0456 102.726 42.3246 82.5666 56.4175
102.726 42.3246 107.038 38.0456 130.158 32.2693
171.668 46.5218 182.455 46.8163 196.769 53.8549
171.668 46.5218 196.769 53.8549 226.601 67.3926
171.668 46.5218 226.601 67.3926 257.94 79.6011
182.455 46.8163 171.668 46.5218 102.726 42.3246
171.668 46.5218 133.055 46.3294 102.726 42.3246
209.903 57.9353 239.902 69.5256 303.459 93.8066
239.902 69.5256 209.903 57.9353 196.769 53.8549
250.204 72.8857 209.903 57.9353 182.455 46.8163
209.903 57.9353 196.769 53.8549 182.455 46.8163
149.82 36.2431 128.107 38.4032 120.105 39.9116
128.107 38.4032 149.82 36.2431 130.158 32.2693
149.82 36.2431 159.669 36.1015 130.158 32.2693
130.158 32.2693 159.669 36.1015 168.932 36.1526
216.755 50.7842 168.932 36.1526 151.875 29.9829
168.932 36.1526 130.158 32.2693 151.875 29.9829
142.759 40.3497 149.82 36.2431 159.669 36.1015
273.73 79.6329 293.349 86.0316 307.509 92.6861
276.654 76.393 288.737 76.9681 273.73 79.6329
231.161 61.3848 276.654 76.393 273.73 79.6329
217.923 56.2987 231.161 61.3848 273.73 79.6329
193.097 47.0585 207.418 50.7156 217.923 56.2987
193.097 47.0585 217.923 56.2987 273.73 79.6329
307.509 92.6861 273.73 79.6329 159.669 36.1015
273.73 79.6329 193.097 47.0585 159.669 36.1015
193.097 47.0585 168.932 36.1526 159.669 36.1015
241.49 61.8555 231.161 61.3848 217.923 56.2987
253.687 59.7043 151.875 29.9829 142.094 26.9236
251.92 53.7944 291.172 62.9509 310.156 67.2247
310.156 67.2247 251.92 53.7944 181.346 37.3272
251.92 53.7944 240.129 53.486 181.346 37.3272
232.639 47.9569 191.771 38.145 161.413 30.3615
191.771 38.145 181.346 37.3272 161.413 30.3615
158.951 16.725 168.478 18.6995 151.997 19.2874
146.447 13.1507 158.951 16.725 168.478 18.6995
129.971 10.6806 146.447 13.1507 158.951 16.725
146.447 13.1507 129.971 10.6806 142.924 7.89508
310.156 67.2247 300.055 63.1057 263.103 49.8276
276.704 60.2183 291.172 62.9509 310.156 67.2247
276.704 60.2183 310.156 67.2247 323.244 70.1638
291.172 62.9509 276.704 60.2183 262.389 56.9955
300.055 63.1057 310.156 67.2247 323.244 70.1638
306.494 61.3702 300.055 63.1057 323.244 70.1638
322.318 57.0595 306.494 61.3702 323.244 70.1638
321.983 46.1558 322.318 57.0595 323.244 70.1638
323.244 70.1638 321.983 46.1558 322.598 42.7303
308.905 53.5988 322.318 57.0595 306.494 61.3702
283.078 52.5167 308.905 53.5988 306.494 61.3702
306.494 61.3702 283.078 52.5167 273.19 50.5027
300.017 48.0151 308.905 53.5988 322.318 57.0595
322.318 57.0595 300.017 48.0151 288.37 42.2835
300.017 48.0151 287.192 46.1539 288.37 42.2835
247.768 41.8116 270.761 42.6618 287.192 46.1539
247.768 41.8116 287.192 46.1539 300.017 48.0151
262.591 41.2967 247.768 41.8116 270.761 42.6618
247.768 41.8116 262.591 41.2967 296.647 36.566
313.048 36.5963 321.983 46.1558 322.318 57.0595
310.545 32.6261 313.048 36.5963 322.318 57.0595
313.048 36.5963 310.545 32.6261 323.452 28.5879
278.284 36.1869 239.617 40.4424 227.992 41.9255
310.545 32.6261 299.949 32.7908 278.284 36.1869
310.545 32.6261 278.284 36.1869 227.992 41.9255
299.949 32.7908 310.545 32.6261 323.452 28.5879
279.9 33.3456 278.284 36.1869 239.617 40.4424
278.284 36.1869 279.9 33.3456 292.034 26.3416
271.707 73.0632 276.654 76.393 288.737 76.9681
288.737 76.9681 271.707 73.0632 262.485 70.5675
273.73 79.6329 302.882 83.8346 316.45 86.3816
288.737 76.9681 273.73 79.6329 302.882 83.8346
287.742 73.7127 288.737 76.9681 302.882 83.8346
302.882 83.8346 287.742 73.7127 282.341 70.0947
309.001 81.5804 302.882 83.8346 316.45 86.3816
316.45 86.3816 309.001 81.5804 296.286 70.5426
103.167 53.0704 88.2547 53.2702 82.5666 56.4175
88.2547 53.2702 103.167 53.0704 149.103 50.9686
103.167 53.0704 138.492 53.0443 149.103 50.9686
178.001 56.6902 172.472 56.7501 96.2503 58.2628
156.046 53.4284 178.001 56.6902 172.472 56.7501
178.001 56.6902 156.046 53.4284 149.103 50.9686
156.046 53.4284 138.492 53.0443 149.103 50.9686
103.167 53.0704 117.96 53.3112 110.217 53.4077
103.167 53.0704 110.217 53.4077 149.619 56.3241
117.96 53.3112 103.167 53.0704 138.492 53.0443
39.6734 87.4644 39.9014 83.6668 48.7553 79.911
71.3729 89.2812 99.8557 89.3199 61.2752 89.941
50.5086 89.1716 71.3729 89.2812 61.2752 89.941
28.5191 87.6344 50.5086 89.1716 61.2752 89.941
39.6734 87.4644 28.5191 87.6344 50.5086 89.1716
69.6642 79.8062 39.6734 87.4644 50.5086 89.1716
61.1538 77.8982 69.6642 79.8062 39.6734 87.4644
39.6734 87.4644 61.1538 77.8982 73.2763 72.0822
90.6468 82.2547 69.6642 79.8062 61.1538 77.8982
182.219 88.8065 99.8557 89.3199 61.2752 89.941
99.8557 89.3199 182.219 88.8065 87.3847 86.6081
170.41 91.6053 139.873 91.8605 82.9801 92.4169
231.67 90.6729 256.811 90.9121 170.41 91.6053
231.67 90.6729 170.41 91.6053 139.873 91.8605
202.657 89.6362 231.67 90.6729 139.873 91.8605
162.477 89.4045 202.657 89.6362 139.873 91.8605
182.219 88.8065 162.477 89.4045 202.657 89.6362
202.657 89.6362 182.219 88.8065 83.7537 83.9082
182.219 88.8065 87.3847 86.6081 83.7537 83.9082
162.477 89.4045 117.11 90.3605 111.784 91.1752
117.11 90.3605 162.477 89.4045 182.219 88.8065
150.307 92.1024 128.628 92.4161 8.6379 93.7879
128.628 92.4161 150.307 92.1024 256.811 90.9121
150.307 92.1024 170.41 91.6053 256.811 90.9121
162.445 82.7607 202.657 89.6362 231.67 90.6729
202.657 89.6362 162.445 82.7607 137.865 78.6062
162.445 82.7607 213.185 80.7093 137.865 78.6062
213.185 80.7093 252.482 81.6945 267.835 88.5363
252.482 81.6945 213.185 80.7093 137.865 78.6062
168.72 82.933 180.313 83.1721 192.962 83.8332
162.445 82.7607 168.72 82.933 192.962 83.8332
168.72 82.933 162.445 82.7607 213.185 80.7093
147.745 77.6726 233.61 78.3242 252.482 81.6945
122.139 76.8878 147.745 77.6726 252.482 81.6945
130.137 76.7209 122.139 76.8878 147.745 77.6726
168.309 71.9326 130.137 76.7209 122.139 76.8878
163.033 71.8531 168.309 71.9326 122.139 76.8878
198.369 67.2156 207.48 68.5502 163.033 71.8531
198.369 67.2156 163.033 71.8531 122.139 76.8878
158.904 60.2608 198.369 67.2156 207.48 68.5502
190.066 57.436 72.8415 59.9832 158.904 60.2608
190.066 57.436 158.904 60.2608 207.48 68.5502
72.8415 59.9832 190.066 57.436 196.008 57.2925
91.8306 72.5705 110.347 77.307 97.0787 79.8109
81.013 66.1864 91.8306 72.5705 97.0787 79.8109
97.0787 79.8109 81.013 66.1864 72.8415 59.9832
81.013 66.1864 92.0702 61.0536 72.8415 59.9832
92.0702 61.0536 113.709 60.2891 72.8415 59.9832
113.709 60.2891 158.904 60.2608 72.8415 59.9832
81.013 66.1864 96.3505 68.2867 112.633 71.5318
96.3505 68.2867 81.013 66.1864 92.0702 61.0536
118.544 63.5191 123.992 68.9119 133.19 72.2857
133.19 72.2857 118.544 63.5191 113.709 60.2891
118.544 63.5191 92.0702 61.0536 113.709 60.2891
133.587 61.4084 137.629 61.1689 158.904 60.2608
137.629 61.1689 113.709 60.2891 158.904 60.2608
242.562 76.7437 198.199 77.3904 233.61 78.3242
242.562 76.7437 233.61 78.3242 252.482 81.6945
242.562 76.7437 252.482 81.6945 267.835 88.5363
198.199 77.3904 242.562 76.7437 221.366 76.4361
137.467 73.3699 110.347 77.307 97.0787 79.8109
97.0787 79.8109 137.467 73.3699 153.917 70.8159
186.343 71.3304 163.033 71.8531 168.309 71.9326
186.343 71.3304 168.309 71.9326 179.42 72.5419
163.033 71.8531 186.343 71.3304 220.74 70.4715
242.53 92.0637 209.244 92.5503 188.492 93.9133
283.763 91.3173 242.53 92.0637 209.244 92.5503
256.811 90.9121 283.763 91.3173 209.244 92.5503
251.863 89.5984 231.67 90.6729 256.811 90.9121
251.863 89.5984 256.811 90.9121 283.763 91.3173
231.67 90.6729 251.863 89.5984 220.873 88.4868
59.5988 56.6833 37.7062 72.0656 29.6007 76.2877
29.6007 76.2877 59.5988 56.6833 82.6911 41.5684
47.817 60.2438 71.2802 43.6933 100.042 22.1409
77.5659 29.0069 73.0507 31.406 41.9817 49.4343
72.9776 19.7074 77.5659 29.0069 73.0507 31.406
73.0507 31.406 72.9776 19.7074 70.7374 10.9709
72.9776 19.7074 78.6629 18.4233 70.7374 10.9709
33.3459 60.8345 41.9817 49.4343 51.5849 46.9845
