2.58144 27.8668 12.7787 28.1152 0.657183 29.3772
3.83307 26.9168 2.58144 27.8668 12.7787 28.1152
3.56727 19.6109 3.83307 26.9168 2.58144 27.8668
2.04822 15.2187 3.56727 19.6109 2.58144 27.8668
3.56727 19.6109 2.04822 15.2187 0.439585 7.33057
12.7787 28.1152 0.657183 29.3772 15.0021 29.528
13.0564 27.6294 12.7787 28.1152 15.0021 29.528
9.30417 20.1647 13.0564 27.6294 12.7787 28.1152
7.50375 16.814 9.30417 20.1647 12.7787 28.1152
6.62695 15.2108 7.50375 16.814 12.7787 28.1152
8.25089 15.1599 6.62695 15.2108 7.50375 16.814
6.62695 15.2108 8.25089 15.1599 25.4677 13.1121
9.30417 20.1647 15.5414 21.4022 21.592 22.8564
15.5414 21.4022 9.30417 20.1647 7.50375 16.814
8.25089 15.1599 9.30351 15.1941 20.3769 15.5827
9.30351 15.1941 8.25089 15.1599 25.4677 13.1121
20.3769 15.5827 9.30351 15.1941 13.8171 15.086
15.5414 21.4022 17.5032 20.6671 18.1758 19.3973
21.592 22.8564 26.1627 22.9344 30.6325 23.4206
15.5414 21.4022 21.592 22.8564 26.1627 22.9344
17.5032 20.6671 15.5414 21.4022 26.1627 22.9344
25.2558 20.0124 17.5032 20.6671 26.1627 22.9344
26.8483 18.658 25.2558 20.0124 26.1627 22.9344
28.4196 17.4552 26.8483 18.658 26.1627 22.9344
30.6107 16.9261 28.4196 17.4552 26.1627 22.9344
34.2283 12.4533 30.6107 16.9261 26.1627 22.9344
30.6107 16.9261 34.2283 12.4533 30.5269 9.31209
34.2283 12.4533 35.1089 12.28 30.5269 9.31209
35.1089 12.28 56.6929 11.9631 30.5269 9.31209
70.2025 24.2572 64.8501 24.8798 53.0624 26.0881
93.3112 22.1845 69.0236 23.3822 70.2025 24.2572
93.3112 22.1845 70.2025 24.2572 64.8501 24.8798
98.1622 21.8497 93.3112 22.1845 64.8501 24.8798
92.1875 21.0511 98.1622 21.8497 93.3112 22.1845
86.9454 19.1895 92.1875 21.0511 98.1622 21.8497
79.7474 18.1315 86.9454 19.1895 92.1875 21.0511
61.0246 13.7508 79.7474 18.1315 92.1875 21.0511
79.7474 18.1315 61.0246 13.7508 56.6929 11.9631
61.0246 13.7508 35.1089 12.28 56.6929 11.9631
75.8898 14.9028 98.6958 18.1015 99.2633 19.5612
56.6929 11.9631 75.8898 14.9028 99.2633 19.5612
23.4706 7.82214 30.5269 9.31209 56.6929 11.9631
13.2621 4.67964 23.4706 7.82214 56.6929 11.9631
13.2621 4.67964 56.6929 11.9631 75.8898 14.9028
9.71193 3.32494 13.2621 4.67964 75.8898 14.9028
75.8898 14.9028 9.71193 3.32494 2.7073 2.07835
9.51394 9.77954 9.7723 12.353 7.04992 13.4814
3.88441 5.13591 9.51394 9.77954 7.04992 13.4814
7.04992 13.4814 3.88441 5.13591 2.7073 2.07835
3.88441 5.13591 9.71193 3.32494 2.7073 2.07835
29.354 9.60067 30.5269 9.31209 23.4706 7.82214
25.7979 17.7732 28.4196 17.4552 30.6107 16.9261
9.7723 12.353 9.51394 9.77954 11.4274 9.55357
7.04992 13.4814 9.7723 12.353 21.9225 9.37314
91.46 15.1271 97.4368 15.5068 98.6958 18.1015
83.0574 14.9541 91.46 15.1271 98.6958 18.1015
53.3363 9.32299 83.0574 14.9541 98.6958 18.1015
98.6958 18.1015 53.3363 9.32299 9.76887 1.0753
99.2633 19.5612 98.6958 18.1015 96.7783 11.9204
98.6958 18.1015 97.4368 15.5068 96.7783 11.9204
97.4368 15.5068 94.756 14.0922 96.7783 11.9204
92.4214 12.9614 94.756 14.0922 97.4368 15.5068
88.1544 12.9261 92.4214 12.9614 97.4368 15.5068
81.1427 9.39236 86.1743 10.7133 88.1544 12.9261
72.9682 9.3715 81.1427 9.39236 88.1544 12.9261
72.9682 9.3715 88.1544 12.9261 97.4368 15.5068
81.1427 9.39236 72.9682 9.3715 55.1025 8.01255
72.41 9.93227 72.9682 9.3715 55.1025 8.01255
72.8467 7.02195 88.2271 7.7439 86.1743 10.7133
70.1067 6.29619 72.8467 7.02195 88.2271 7.7439
33.4284 3.31012 70.1067 6.29619 88.2271 7.7439
32.3857 3.2721 33.4284 3.31012 70.1067 6.29619
33.4284 3.31012 32.3857 3.2721 12.1317 0.951099
67.5363 7.1599 71.27 7.03285 70.1067 6.29619
71.27 7.03285 72.8467 7.02195 70.1067 6.29619
72.968 7.31212 71.27 7.03285 72.8467 7.02195
88.2271 7.7439 86.1743 10.7133 88.1544 12.9261
85.5564 6.56123 81.5433 6.96887 88.2271 7.7439
85.9872 5.64173 85.5564 6.56123 88.2271 7.7439
86.9911 2.81172 85.9872 5.64173 88.2271 7.7439
88.1544 12.9261 88.2271 7.7439 90.5115 1.10199
88.2271 7.7439 86.9911 2.81172 90.5115 1.10199
65.8841 5.55571 81.5433 6.96887 88.2271 7.7439
88.2271 7.7439 65.8841 5.55571 48.0266 3.89371
53.9585 3.72552 65.8841 5.55571 81.5433 6.96887
40.615 1.89033 53.9585 3.72552 81.5433 6.96887
81.5433 6.96887 40.615 1.89033 30.0054 0.496296
40.615 1.89033 33.7199 1.79947 30.0054 0.496296
37.3686 3.14285 33.7199 1.79947 30.0054 0.496296
77.2591 6.20958 85.5564 6.56123 81.5433 6.96887
81.5433 6.96887 77.2591 6.20958 52.1277 2.22153
72.4929 1.34173 85.9872 5.64173 85.5564 6.56123
85.9872 5.64173 72.4929 1.34173 69.9833 0.53072
72.4929 1.34173 69.7569 0.741997 69.9833 0.53072
67.4343 3.56251 63.6178 3.76042 70.2927 4.80421
69.7569 0.741997 67.4343 3.56251 63.6178 3.76042
63.6178 3.76042 69.7569 0.741997 69.9833 0.53072
85.657 1.78989 86.9911 2.81172 85.9872 5.64173
86.0632 1.5836 85.2053 1.75942 85.657 1.78989
86.0632 1.5836 85.657 1.78989 86.9911 2.81172
85.2053 1.75942 86.0632 1.5836 84.2809 0.787135
91.0691 11.2822 88.1544 12.9261 92.4214 12.9614
90.4433 11.1289 91.0691 11.2822 88.1544 12.9261
92.712 9.03124 90.4433 11.1289 88.1544 12.9261
93.874 6.74226 92.712 9.03124 88.1544 12.9261
92.1411 5.69361 96.0163 5.96135 93.874 6.74226
92.1411 5.69361 93.874 6.74226 88.1544 12.9261
88.1544 12.9261 92.1411 5.69361 93.5337 1.45717
90.4433 11.1289 92.712 9.03124 99.5864 7.68977
91.0691 11.2822 90.4433 11.1289 98.0819 10.276
65.9547 21.8827 69.0236 23.3822 70.2025 24.2572
69.0236 23.3822 65.9547 21.8827 64.1705 20.5743
64.1705 20.5743 65.9547 21.8827 63.1917 21.9125
64.1705 20.5743 63.1917 21.9125 60.5374 22.8748
63.9518 20.5697 64.1705 20.5743 60.5374 22.8748
67.4237 17.7491 71.2068 18.3788 63.9518 20.5697
67.4237 17.7491 63.9518 20.5697 60.5374 22.8748
71.2068 18.3788 67.4237 17.7491 57.3468 14.9805
67.4237 17.7491 60.4683 17.0355 57.3468 14.9805
63.3965 22.4348 63.1917 21.9125 65.9547 21.8827
57.0991 17.4878 44.5725 21.1002 40.9919 22.0103
60.4683 17.0355 58.3363 17.4172 57.0991 17.4878
40.9919 22.0103 57.0991 17.4878 57.3468 14.9805
57.0991 17.4878 60.4683 17.0355 57.3468 14.9805
43.628 29.1533 70.9616 29.19 22.8923 29.5725
47.4022 25.8592 43.628 29.1533 22.8923 29.5725
49.2417 21.9386 47.4066 25.7476 47.4022 25.8592
43.628 29.1533 47.4022 25.8592 57.0991 17.4878
47.4022 25.8592 49.2417 21.9386 57.0991 17.4878
49.2417 21.9386 44.5725 21.1002 57.0991 17.4878
55.9546 28.1778 68.3802 28.8489 43.628 29.1533
43.628 29.1533 55.9546 28.1778 67.4019 27.1583
68.3802 28.8489 43.628 29.1533 70.9616 29.19
70.9616 29.19 68.3802 28.8489 77.004 28.7243
89.149 26.4451 55.9546 28.1778 68.3802 28.8489
68.3802 28.8489 89.149 26.4451 96.332 25.6201
64.1705 20.5743 63.9518 20.5697 74.5168 19.4629
30.6325 23.4206 26.1627 22.9344 28.2368 22.5222
