-44.8145 -8.3298 -44.1282 -3.1016 -49.7578 -2.44311
-43.068 -11.4058 -44.8145 -8.3298 -49.7578 -2.44311
-43.0969 -14.5792 -43.068 -11.4058 -49.7578 -2.44311
-36.771 -26.1162 -39.2348 -17.9124 -43.0969 -14.5792
-36.771 -26.1162 -43.0969 -14.5792 -49.7578 -2.44311
-35.4818 -29.8462 -37.794 -26.8785 -36.771 -26.1162
-35.4818 -29.8462 -36.771 -26.1162 -39.2348 -17.9124
-34.7065 -31.516 -35.4818 -29.8462 -39.2348 -17.9124
-35.4818 -29.8462 -34.7065 -31.516 -33.9763 -33.403
-39.3625 -24.0385 -38.0671 -25.9677 -37.794 -26.8785
-38.0671 -25.9677 -36.771 -26.1162 -37.794 -26.8785
-42.4895 -3.26476 -44.1282 -3.1016 -49.7578 -2.44311
-39.2734 -8.18881 -42.4895 -3.26476 -44.1282 -3.1016
-40.2115 -9.01841 -39.2734 -8.18881 -44.1282 -3.1016
-44.1282 -3.1016 -40.2115 -9.01841 -29.6403 -26.7339
-42.4895 -3.26476 -40.9901 -1.64768 -40.4013 1.69375
-40.9901 -1.64768 -42.4895 -3.26476 -39.2734 -8.18881
-44.1282 -3.1016 -44.8145 -8.3298 -43.2873 -8.43781
-11.2906 41.3842 -9.00992 42.8611 -12.1451 43.8734
-20.404 41.0869 -11.2906 41.3842 -12.1451 43.8734
-29.5287 40.1393 -20.404 41.0869 -12.1451 43.8734
-29.5287 40.1393 -12.1451 43.8734 -2.42779 46.6114
-29.5287 40.1393 -2.42779 46.6114 3.24021 48.0005
-23.8941 39.8678 -29.5287 40.1393 -20.404 41.0869
-25.8822 38.4307 -23.8941 39.8678 -29.5287 40.1393
-29.9885 37.3324 -25.8822 38.4307 -29.5287 40.1393
-37.0141 -4.69137 -29.9885 37.3324 -29.5287 40.1393
-37.5667 -7.77737 -37.1068 -6.01333 -37.0141 -4.69137
-37.5667 -7.77737 -37.0141 -4.69137 -29.5287 40.1393
-40.2115 -9.01841 -39.2734 -8.18881 -37.5667 -7.77737
-36.5269 -10.311 -40.2115 -9.01841 -37.5667 -7.77737
-36.5269 -10.311 -37.5667 -7.77737 -37.1068 -6.01333
-34.9169 -15.0422 -36.5269 -10.311 -40.2115 -9.01841
-31.2894 -17.7297 -31.9596 -17.2053 -34.9169 -15.0422
-30.1784 -20.3532 -30.2175 -17.9292 -31.2894 -17.7297
-30.1784 -20.3532 -31.2894 -17.7297 -34.9169 -15.0422
-40.2115 -9.01841 -34.9169 -15.0422 -29.9631 -21.114
-34.9169 -15.0422 -30.1784 -20.3532 -29.9631 -21.114
-38.9401 18.0029 -43.9388 18.1376 -40.6236 23.3542
-38.9401 18.0029 -40.6236 23.3542 -37.0236 32.7596
-38.2555 11.4709 -38.9401 18.0029 -37.0236 32.7596
-37.6199 10.7781 -38.2555 11.4709 -37.0236 32.7596
-38.1583 -4.61452 -38.3812 5.12592 -37.6199 10.7781
-37.5667 -7.77737 -38.1583 -4.61452 -37.6199 10.7781
-37.5667 -7.77737 -37.6199 10.7781 -37.0236 32.7596
-38.1583 -4.61452 -37.5667 -7.77737 -39.2734 -8.18881
-40.8013 23.6686 -40.6236 23.3542 -43.9388 18.1376
-33.4907 6.09115 -32.8094 6.77519 -33.0423 12.5648
-37.0141 -4.69137 -33.4907 6.09115 -32.8094 6.77519
-32.8094 6.77519 -37.0141 -4.69137 -37.1068 -6.01333
-32.8873 -13.0835 -31.5156 -15.3936 -30.2175 -17.9292
-32.8369 -0.0082126 -30.0037 2.99357 -29.1344 4.58544
-31.3422 -9.94933 -32.8369 -0.0082126 -30.0037 2.99357
-31.5156 -15.3936 -31.3422 -9.94933 -30.0037 2.99357
-30.2175 -17.9292 -31.5156 -15.3936 -30.0037 2.99357
-30.0037 2.99357 -30.2175 -17.9292 -30.1784 -20.3532
-28.8116 -3.5923 -30.0037 2.99357 -29.1344 4.58544
-28.5523 -10.3543 -28.8116 -3.5923 -30.0037 2.99357
-28.8116 -3.5923 -28.5523 -10.3543 -27.3138 -17.2643
-28.9188 34.9687 -27.9005 37.1052 -29.9885 37.3324
-25.5236 24.2878 -28.9188 34.9687 -29.9885 37.3324
-24.8667 13.0867 -25.5236 24.2878 -29.9885 37.3324
-25.9623 11.8247 -26.4262 12.3272 -24.8667 13.0867
-24.9885 9.90087 -25.9623 11.8247 -24.8667 13.0867
-24.317 -2.35973 -24.9885 9.90087 -24.8667 13.0867
-25.5236 24.2878 -24.8667 13.0867 -23.1779 -14.0038
-24.8667 13.0867 -24.317 -2.35973 -23.1779 -14.0038
-27.9005 37.1052 -29.9885 37.3324 -25.8822 38.4307
-26.3883 36.2552 -27.9005 37.1052 -25.8822 38.4307
-18.4059 34.0328 -26.3883 36.2552 -25.8822 38.4307
-14.9093 32.2614 -18.4059 34.0328 -25.8822 38.4307
-6.91076 22.777 -14.9093 32.2614 -18.4059 34.0328
-18.4059 34.0328 -6.91076 22.777 -6.22672 21.73
-24.7478 -15.2256 -25.9623 11.8247 -26.4262 12.3272
-25.9623 11.8247 -24.7478 -15.2256 -23.7758 -23.521
-13.0243 18.9111 -25.5236 24.2878 -28.9188 34.9687
-15.1734 15.9563 -16.0731 18.0502 -13.0243 18.9111
-11.7649 15.5055 -15.1734 15.9563 -13.0243 18.9111
11.9315 -7.1194 -11.3941 14.0219 -11.7649 15.5055
11.9315 -7.1194 -11.7649 15.5055 -13.0243 18.9111
31.2096 -26.2051 11.9315 -7.1194 -13.0243 18.9111
-28.9188 34.9687 -13.0243 18.9111 37.5537 -32.0779
-13.0243 18.9111 31.2096 -26.2051 37.5537 -32.0779
-13.0243 18.9111 -18.5715 20.4795 -19.5232 20.8343
-18.5715 20.4795 -13.0243 18.9111 -16.0731 18.0502
5.61756 -2.51977 31.2096 -26.2051 37.5537 -32.0779
11.9315 -7.1194 6.15678 -2.2761 0.273951 2.70805
6.15678 -2.2761 11.9315 -7.1194 31.2096 -26.2051
-14.5652 15.1115 -11.7649 15.5055 -15.1734 15.9563
-14.5652 15.1115 -15.1734 15.9563 -16.3949 16.2453
-13.5723 15.0505 -14.5652 15.1115 -11.7649 15.5055
-14.758 8.02764 -13.5723 15.0505 -11.7649 15.5055
-15.334 5.9028 -14.758 8.02764 -11.7649 15.5055
-16.1753 -1.73069 -16.905 4.0559 -15.334 5.9028
-16.1753 -1.73069 -15.334 5.9028 -11.7649 15.5055
-16.6992 -19.2871 -18.2113 -8.11941 -16.1753 -1.73069
-16.6992 -19.2871 -16.1753 -1.73069 -11.7649 15.5055
-17.9117 -27.2385 -19.6697 -23.2037 -16.6992 -19.2871
-21.3493 -39.5493 -21.4978 -33.648 -17.9117 -27.2385
-11.7649 15.5055 -16.6992 -19.2871 -19.4906 -40.5298
-16.6992 -19.2871 -17.9117 -27.2385 -19.4906 -40.5298
-17.9117 -27.2385 -21.3493 -39.5493 -19.4906 -40.5298
-29.0197 -36.5762 -30.2904 -33.5661 -37.5039 -16.7396
-25.3666 -38.3106 -30.0901 -36.7407 -29.0197 -36.5762
-25.3666 -38.3106 -29.0197 -36.5762 -30.2904 -33.5661
-30.0901 -36.7407 -25.3666 -38.3106 -19.4906 -40.5298
-25.3666 -38.3106 -21.3493 -39.5493 -19.4906 -40.5298
-32.0873 -31.0756 -35.7383 -23.0995 -39.9788 -13.3892
-35.7383 -23.0995 -32.0873 -31.0756 -30.0901 -36.7407
-32.0873 -31.0756 -29.0197 -36.5762 -30.0901 -36.7407
-25.2912 -37.5208 -27.4795 -32.834 -30.4455 -28.7879
-25.3666 -38.3106 -25.2912 -37.5208 -30.4455 -28.7879
-25.3666 -38.3106 -30.4455 -28.7879 -39.3945 -12.9313
-25.2912 -37.5208 -25.3666 -38.3106 -21.3493 -39.5493
-21.7472 -16.3265 -21.3071 -12.0871 -23.6384 3.12978
-21.4978 -33.648 -21.7472 -16.3265 -23.6384 3.12978
-23.6384 3.12978 -21.4978 -33.648 -21.3493 -39.5493
-20.0438 -10.0969 -21.3071 -12.0871 -21.7472 -16.3265
-20.888 8.09459 -18.2113 -8.11941 -16.6992 -19.2871
-20.8553 18.4246 -20.363 14.8648 -18.2113 -8.11941
-20.363 14.8648 -16.1753 -1.73069 -18.2113 -8.11941
-14.5652 15.1115 -13.5723 15.0505 -17.8871 13.527
-13.2561 -6.64501 -11.3941 14.0219 -11.7649 15.5055
-13.5724 -13.6421 -13.3177 -8.35124 -13.2561 -6.64501
-14.8091 -38.7282 -13.5724 -13.6421 -13.2561 -6.64501
-11.7649 15.5055 -13.2561 -6.64501 -16.0011 -43.4007
-13.2561 -6.64501 -14.8091 -38.7282 -16.0011 -43.4007
-16.0011 -43.4007 -14.8091 -38.7282 -13.0548 -38.2982
-16.0011 -43.4007 -13.0548 -38.2982 -11.5273 -36.2983
-12.7215 -43.4452 -16.0011 -43.4007 -11.5273 -36.2983
-12.7215 -43.4452 -11.5273 -36.2983 -7.22564 -12.4745
-13.1151 -43.6015 -12.7215 -43.4452 -16.0011 -43.4007
-16.0011 -43.4007 -13.1151 -43.6015 -4.08942 -45.1424
-13.1151 -43.6015 6.80934 -44.4689 -4.08942 -45.1424
-11.473 -27.79 -10.5353 -24.1769 -10.7563 -17.1085
-12.8092 -35.2491 -11.473 -27.79 -10.5353 -24.1769
-13.0548 -38.2982 -14.1153 -35.5649 -12.8092 -35.2491
-13.0548 -38.2982 -12.8092 -35.2491 -10.5353 -24.1769
-14.1153 -35.5649 -13.0548 -38.2982 -14.8091 -38.7282
-5.33435 1.19642 -4.53588 4.13206 -11.0444 9.34088
-9.74524 -2.58847 -5.33435 1.19642 -11.0444 9.34088
-12.345 -9.86969 -9.51417 -3.92137 -9.74524 -2.58847
-12.345 -9.86969 -9.74524 -2.58847 -11.0444 9.34088
-11.0444 9.34088 -12.345 -9.86969 -14.1153 -35.5649
-12.345 -9.86969 -12.9012 -27.9174 -14.1153 -35.5649
-12.9012 -27.9174 -12.8092 -35.2491 -14.1153 -35.5649
21.015 -32.6874 14.1539 -27.8069 11.0317 -24.8779
21.5284 -33.2719 21.015 -32.6874 14.1539 -27.8069
28.6115 -37.2973 21.5284 -33.2719 21.015 -32.6874
18.8544 -38.8209 32.2562 -38.03 28.6115 -37.2973
18.8544 -38.8209 28.6115 -37.2973 21.5284 -33.2719
21.8462 -40.0431 18.8544 -38.8209 32.2562 -38.03
6.48704 -43.1537 21.8462 -40.0431 32.2562 -38.03
-12.7215 -43.4452 7.70392 -43.2751 6.48704 -43.1537
-12.7215 -43.4452 6.48704 -43.1537 21.8462 -40.0431
7.70392 -43.2751 -12.7215 -43.4452 -13.1151 -43.6015
16.3791 -25.1075 15.0128 -23.8935 4.1252 -15.2592
26.7478 -33.7767 16.3791 -25.1075 15.0128 -23.8935
31.332 -37.1962 27.7288 -35.2956 26.7478 -33.7767
31.332 -37.1962 26.7478 -33.7767 15.0128 -23.8935
27.7288 -35.2956 31.332 -37.1962 28.6115 -37.2973
2.25299 -10.6762 31.332 -37.1962 32.2562 -38.03
31.332 -37.1962 28.6115 -37.2973 32.2562 -38.03
6.80934 -44.4689 8.91753 -44.4646 10.5085 -44.2705
8.91753 -44.4646 6.80934 -44.4689 -4.08942 -45.1424
12.5356 -47.4641 8.91753 -44.4646 10.5085 -44.2705
12.9238 -47.7889 12.5356 -47.4641 10.5085 -44.2705
8.51645 -48.189 12.9238 -47.7889 12.5356 -47.4641
12.9238 -47.7889 8.51645 -48.189 1.7742 -49.158
4.57228 -47.8357 -6.94358 -47.5593 -6.11477 -47.3693
8.51645 -48.189 4.57228 -47.8357 -6.94358 -47.5593
1.7742 -49.158 8.51645 -48.189 -6.94358 -47.5593
-6.94358 -47.5593 1.7742 -49.158 2.72795 -49.4767
-18.0281 -45.7253 4.57228 -47.8357 8.51645 -48.189
11.0317 -24.8779 14.1539 -27.8069 13.5816 -29.9639
-3.05613 -2.45196 -5.33435 1.19642 -4.53588 4.13206
0.0341472 -15.8006 -0.999051 -15.7997 -2.22303 -6.41055
0.0341472 -15.8006 -2.22303 -6.41055 -3.05613 -2.45196
0.0341472 -15.8006 -3.05613 -2.45196 -4.53588 4.13206
1.8218 -22.6117 0.139562 -19.6657 0.0341472 -15.8006
1.8218 -22.6117 0.0341472 -15.8006 -4.53588 4.13206
0.139562 -19.6657 1.8218 -22.6117 0.819377 -25.707
1.8218 -22.6117 2.6156 -22.6552 0.819377 -25.707
2.99191 -30.1056 -4.38315 -27.752 0.819377 -25.707
2.99191 -30.1056 0.819377 -25.707 2.6156 -22.6552
2.99191 -30.1056 2.6156 -22.6552 2.85141 -17.6001
4.33969 -31.0037 2.99191 -30.1056 -4.38315 -27.752
2.99191 -30.1056 4.33969 -31.0037 15.855 -38.5266
-4.13183 -9.30142 -4.99394 -7.85061 -5.57316 -5.87374
-0.999051 -15.7997 -4.13183 -9.30142 -5.57316 -5.87374
-4.13183 -9.30142 -0.999051 -15.7997 -2.44195 -17.5951
-0.999051 -15.7997 0.0341472 -15.8006 -2.44195 -17.5951
-6.47358 -13.8383 -4.99394 -7.85061 -5.57316 -5.87374
-5.57316 -5.87374 -6.47358 -13.8383 -7.89042 -25.4282
-4.38315 -27.752 0.819377 -25.707 -1.00279 -20.4269
-7.08662 -36.3155 -5.24206 -32.0263 -4.38315 -27.752
-1.00279 -20.4269 -4.38315 -27.752 -10.4896 -39.2302
-4.38315 -27.752 -7.08662 -36.3155 -10.4896 -39.2302
-7.08662 -36.3155 0.471815 -37.4997 -10.4896 -39.2302
-5.24206 -32.0263 -5.07082 -32.021 -2.75157 -29.1085
-5.07082 -32.021 -5.24206 -32.0263 -7.08662 -36.3155
-4.53588 4.13206 -4.20832 3.77343 13.9839 -16.6291
-2.09016 3.62614 -4.20832 3.77343 -4.53588 4.13206
-2.09016 3.62614 -4.53588 4.13206 -11.0444 9.34088
-1.51322 3.48344 -2.09016 3.62614 -11.0444 9.34088
10.0737 -8.37849 -1.51322 3.48344 -2.09016 3.62614
11.7145 -9.34883 10.0737 -8.37849 -1.51322 3.48344
14.7123 -12.1968 11.7145 -9.34883 -1.51322 3.48344
21.3153 -19.6826 14.7123 -12.1968 11.7145 -9.34883
11.7145 -9.34883 21.3153 -19.6826 32.8724 -32.3058
-4.20832 3.77343 -2.09016 3.62614 -1.14706 1.44404
16.4992 -14.8822 11.7145 -9.34883 10.0737 -8.37849
16.444 -15.4145 16.4992 -14.8822 10.0737 -8.37849
17.7634 -16.8481 16.444 -15.4145 16.4992 -14.8822
16.4992 -14.8822 17.7634 -16.8481 22.1048 -23.2865
23.8667 -22.9025 16.4992 -14.8822 11.7145 -9.34883
24.9604 -26.5901 23.8667 -22.9025 16.4992 -14.8822
23.8667 -22.9025 24.9604 -26.5901 26.6975 -30.4775
5.72225 -13.251 20.0082 -24.9674 26.6975 -30.4775
20.0082 -24.9674 24.9604 -26.5901 26.6975 -30.4775
-13.3177 -8.35124 -13.5724 -13.6421 -14.1033 -28.563
-8.67387 16.0481 -21.6395 29.4521 -28.9188 34.9687
-5.09485 12.1534 -8.67387 16.0481 -28.9188 34.9687
-28.9188 34.9687 -5.09485 12.1534 32.5406 -24.0038
-21.6395 29.4521 -28.9188 34.9687 -27.9005 37.1052
-17.6543 26.4432 -21.6395 29.4521 -27.9005 37.1052
-21.6395 29.4521 -17.6543 26.4432 -16.0819 25.0001
-21.6463 31.9971 -26.3883 36.2552 -27.9005 37.1052
-17.3691 26.7926 -21.6463 31.9971 -27.9005 37.1052
-3.31397 12.7097 -17.3691 26.7926 -27.9005 37.1052
-27.9005 37.1052 -3.31397 12.7097 20.101 -10.6028
-17.3691 26.7926 -3.31397 12.7097 6.67041 2.93869
-20.2782 31.7739 -21.6463 31.9971 -26.3883 36.2552
-14.3283 24.9768 -20.2782 31.7739 -21.6463 31.9971
-4.08609 14.9327 -9.25664 20.8334 -14.3283 24.9768
-4.08609 14.9327 -14.3283 24.9768 -21.6463 31.9971
-9.25664 20.8334 -4.08609 14.9327 -2.60696 13.7402
-17.4372 30.9385 -18.4059 34.0328 -26.3883 36.2552
-7.47185 21.2436 -17.4372 30.9385 -18.4059 34.0328
2.7463 9.5206 -7.47185 21.2436 -18.4059 34.0328
-18.4059 34.0328 2.7463 9.5206 15.8683 -5.65295
15.4996 -3.23417 -6.91076 22.777 -14.9093 32.2614
-6.91076 22.777 15.4996 -3.23417 24.3553 -13.8322
9.38477 4.6823 -3.53001 23.0382 -8.24232 26.487
15.4996 -3.23417 9.38477 4.6823 -8.24232 26.487
9.38477 4.6823 15.4996 -3.23417 24.3553 -13.8322
-1.95466 22.715 -3.53001 23.0382 -8.24232 26.487
7.75467 8.50607 -1.95466 22.715 -3.53001 23.0382
17.5942 -3.82011 7.75467 8.50607 -1.95466 22.715
-1.95466 22.715 17.5942 -3.82011 23.3906 -11.6016
-16.2753 35.6994 -25.8822 38.4307 -23.8941 39.8678
-6.74094 31.4352 -16.2753 35.6994 -23.8941 39.8678
-7.03538 30.5205 -6.74094 31.4352 -16.2753 35.6994
7.1599 12.0957 -7.03538 30.5205 -6.74094 31.4352
18.4997 -2.65123 7.1599 12.0957 -7.03538 30.5205
19.9583 -4.23893 18.9938 -2.84938 18.4997 -2.65123
-7.03538 30.5205 18.4997 -2.65123 22.2063 -7.55963
18.4997 -2.65123 19.9583 -4.23893 22.2063 -7.55963
0.31421 25.5979 18.9938 -2.84938 19.9583 -4.23893
-11.2906 41.3842 -9.20504 41.3444 -19.3419 40.9888
-9.20504 41.3444 -11.2906 41.3842 -9.00992 42.8611
-7.91315 38.9445 -9.20504 41.3444 -9.00992 42.8611
-9.20504 41.3444 -7.91315 38.9445 -3.54666 29.2094
22.0354 31.6403 3.78142 38.6047 -9.00992 42.8611
3.78142 38.6047 22.0354 31.6403 27.4833 29.6005
22.0354 31.6403 25.0006 30.3402 27.4833 29.6005
5.2445 35.5109 0.431409 35.984 5.6789 36.1033
8.50129 34.0213 5.2445 35.5109 5.6789 36.1033
10.3347 33.7561 8.50129 34.0213 5.6789 36.1033
12.3254 33.6959 10.3347 33.7561 5.6789 36.1033
25.0006 30.3402 12.3254 33.6959 5.6789 36.1033
25.0006 30.3402 5.6789 36.1033 -5.42983 39.7396
27.4833 29.6005 25.0006 30.3402 12.3254 33.6959
23.0189 29.2609 27.4833 29.6005 12.3254 33.6959
25.191 25.9452 23.0189 29.2609 12.3254 33.6959
30.3835 21.9933 25.191 25.9452 23.0189 29.2609
24.3276 21.8847 30.3835 21.9933 25.191 25.9452
25.191 25.9452 24.3276 21.8847 23.9623 21.4832
9.26802 38.0126 3.78142 38.6047 -9.00992 42.8611
9.26802 38.0126 -9.00992 42.8611 -12.1451 43.8734
3.78142 38.6047 9.26802 38.0126 6.44221 37.9214
0.431409 35.984 5.6789 36.1033 -0.727583 36.5725
9.44453 28.8737 0.431409 35.984 -0.727583 36.5725
-0.727583 36.5725 9.44453 28.8737 19.262 21.3957
15.177 27.99 9.44453 28.8737 0.431409 35.984
9.44453 28.8737 15.177 27.99 21.1407 26.9202
0.431409 35.984 5.2445 35.5109 4.55663 34.5212
37.3069 23.3581 23.0189 29.2609 27.4833 29.6005
38.8788 23.3234 37.3069 23.3581 27.4833 29.6005
45.5675 19.6922 44.5641 19.7632 38.8788 23.3234
45.5675 19.6922 38.8788 23.3234 27.4833 29.6005
45.8964 17.1712 45.5675 19.6922 44.5641 19.7632
45.5675 19.6922 45.8964 17.1712 47.3202 12.5902
36.9712 18.6713 38.8788 23.3234 37.3069 23.3581
29.3997 12.5558 31.7782 15.0466 36.9712 18.6713
32.8408 8.26033 29.3997 12.5558 36.9712 18.6713
32.8408 8.26033 36.9712 18.6713 38.8788 23.3234
38.2687 8.12026 32.8408 8.26033 38.8788 23.3234
35.7457 -20.6714 37.3799 -4.99862 37.6417 -3.43152
38.8788 23.3234 38.2687 8.12026 36.8985 -27.2098
38.2687 8.12026 37.6417 -3.43152 36.8985 -27.2098
37.6417 -3.43152 35.7457 -20.6714 36.8985 -27.2098
25.5444 -3.94964 22.0566 -0.488054 10.9811 14.4679
25.5444 -3.94964 10.9811 14.4679 10.118 15.5879
26.6396 -5.11357 25.5444 -3.94964 10.118 15.5879
31.5752 -16.231 26.6396 -5.11357 25.5444 -3.94964
35.7457 -20.6714 32.5463 -16.2326 31.5752 -16.231
25.5444 -3.94964 31.5752 -16.231 36.8985 -27.2098
31.5752 -16.231 35.7457 -20.6714 36.8985 -27.2098
26.3773 14.7025 25.444 15.0802 18.3181 20.2825
26.3773 14.7025 18.3181 20.2825 15.6982 22.1512
29.3997 12.5558 26.3773 14.7025 25.444 15.0802
25.444 15.0802 29.3997 12.5558 32.8408 8.26033
28.7027 16.6867 28.6128 16.1632 29.3997 12.5558
28.6128 16.1632 26.3773 14.7025 29.3997 12.5558
15.6982 22.1512 18.3181 20.2825 18.6238 19.8829
31.6275 7.51214 38.2687 8.12026 32.8408 8.26033
32.7801 5.59445 31.6275 7.51214 38.2687 8.12026
36.5068 1.80272 32.7801 5.59445 38.2687 8.12026
35.8378 -7.82268 36.5068 1.80272 38.2687 8.12026
38.2687 8.12026 35.8378 -7.82268 35.4347 -16.2834
28.2292 10.5934 31.6275 7.51214 32.7801 5.59445
34.5253 -7.6273 35.8378 -7.82268 35.4347 -16.2834
21.04 6.62281 25.045 2.87125 35.8378 -7.82268
25.045 2.87125 36.5068 1.80272 35.8378 -7.82268
11.2124 18.7859 3.38041 28.0405 1.48879 29.9093
26.0951 5.16715 25.147 6.8071 22.5161 8.68085
26.0951 5.16715 22.5161 8.68085 14.3345 15.3695
1.48879 29.9093 11.2124 18.7859 25.045 2.87125
11.2124 18.7859 14.3345 15.3695 25.045 2.87125
14.3345 15.3695 26.0951 5.16715 25.045 2.87125
26.0951 5.16715 34.1812 3.24202 25.045 2.87125
14.665 17.1329 34.1812 3.24202 36.5068 1.80272
34.1812 3.24202 25.045 2.87125 36.5068 1.80272
25.7458 8.01902 25.147 6.8071 26.0951 5.16715
32.1 6.0455 32.7801 5.59445 36.5068 1.80272
1.48879 29.9093 3.38041 28.0405 15.4551 18.6215
11.1623 12.4889 10.9811 14.4679 10.118 15.5879
10.9811 14.4679 11.1623 12.4889 13.3551 8.94069
0.687867 28.9339 11.1623 12.4889 13.3551 8.94069
21.8272 -3.34199 22.0566 -0.488054 10.9811 14.4679
10.9811 14.4679 21.8272 -3.34199 23.8705 -6.75412
39.1533 17.9524 44.5641 19.7632 38.8788 23.3234
41.1613 3.49261 41.1833 8.82593 39.1533 17.9524
40.0745 2.69342 41.1613 3.49261 39.1533 17.9524
38.6019 -18.6647 40.0745 2.69342 39.1533 17.9524
38.6019 -18.6647 39.1533 17.9524 38.8788 23.3234
38.8788 23.3234 38.6019 -18.6647 38.5209 -30.1398
38.6019 -18.6647 38.9064 -23.73 38.5209 -30.1398
38.9064 -23.73 39.8231 -22.8588 42.9066 -18.3307
39.8231 -22.8588 38.9064 -23.73 38.5209 -30.1398
41.1613 3.49261 45.726 5.42221 43.7159 12.7529
45.726 5.42221 41.1613 3.49261 40.0745 2.69342
41.5166 -3.37777 38.6019 -18.6647 38.9064 -23.73
44.8919 -13.4795 49.1961 -6.66697 46.2422 -5.26568
42.9066 -18.3307 44.8919 -13.4795 49.1961 -6.66697
49.1961 -6.66697 42.9066 -18.3307 41.2416 -23.7329
42.9066 -18.3307 39.8231 -22.8588 41.2416 -23.7329
46.2718 4.24858 45.726 5.42221 43.7159 12.7529
45.726 5.42221 46.2718 4.24858 48.1344 -0.584056
13.409 38.7484 1.35067 45.936 -2.42779 46.6114
28.3585 30.3955 13.409 38.7484 -2.42779 46.6114
35.6555 26.4407 37.2063 27.1721 28.3585 30.3955
35.6555 26.4407 28.3585 30.3955 -2.42779 46.6114
37.2063 27.1721 35.6555 26.4407 40.0265 26.3941
13.2356 39.5122 12.9134 40.6204 11.6308 41.5982
13.409 38.7484 13.2356 39.5122 11.6308 41.5982
13.2356 39.5122 13.409 38.7484 28.3585 30.3955
26.6669 32.8573 30.3597 30.5795 37.2063 27.1721
30.3597 30.5795 28.3585 30.3955 37.2063 27.1721
1.35067 45.936 -2.42779 46.6114 3.24021 48.0005
15.4125 41.1181 1.35067 45.936 3.24021 48.0005
1.16545 49.0405 3.24021 48.0005 21.0136 39.5719
3.24021 48.0005 15.4125 41.1181 21.0136 39.5719
18.5492 39.668 15.4125 41.1181 1.35067 45.936
1.35067 45.936 18.5492 39.668 31.5726 34.725
18.5492 39.668 25.9884 37.9831 31.5726 34.725
31.5726 34.725 25.9884 37.9831 23.8724 39.9533
31.5726 34.725 23.8724 39.9533 19.8162 42.7332
37.5187 31.3242 31.5726 34.725 19.8162 42.7332
31.5726 34.725 37.5187 31.3242 40.8386 28.7196
20.0168 41.2947 23.8724 39.9533 25.9884 37.9831
32.5361 34.9224 32.0887 36.7895 29.721 40.1903
37.5187 31.3242 32.5361 34.9224 32.0887 36.7895
32.0887 36.7895 37.5187 31.3242 40.8386 28.7196
1.16545 49.0405 4.04242 49.1004 -6.04248 49.2433
3.24021 48.0005 1.16545 49.0405 -6.04248 49.2433
-0.445111 47.9798 3.24021 48.0005 -6.04248 49.2433
-2.75017 47.6694 -0.445111 47.9798 -6.04248 49.2433
-13.4629 46.6206 -2.75017 47.6694 -6.04248 49.2433
-6.04248 49.2433 -13.4629 46.6206 -20.1132 44.7395
-41.823 25.3244 -43.9388 18.1376 -44.5053 17.9241
-43.9388 18.1376 -38.9401 18.0029 -44.5053 17.9241
-40.0386 9.72862 -37.6199 10.7781 -38.2555 11.4709
-37.6199 10.7781 -40.0386 9.72862 -42.972 8.15269
-40.5363 10.1567 -41.9289 11.8478 -40.2068 13.1976
-40.0386 9.72862 -40.5363 10.1567 -40.2068 13.1976
-40.5363 10.1567 -40.0386 9.72862 -42.972 8.15269
