-2.5095 70.7229 -1.00323 29.6131 -0.774701 7.0624
-1.00323 29.6131 0.745876 18.0587 -0.774701 7.0624
53.606 68.251 67.8971 81.252 63.7198 81.3636
48.6909 62.178 42.4852 62.3155 53.606 68.251
48.6909 62.178 53.606 68.251 67.8971 81.252
40.42 51.5738 48.6909 62.178 67.8971 81.252
12.2885 26.3158 18.197 31.9634 26.5703 37.0434
12.5472 21.8408 12.2885 26.3158 26.5703 37.0434
12.5472 21.8408 26.5703 37.0434 40.42 51.5738
67.8971 81.252 40.42 51.5738 -0.774701 7.0624
40.42 51.5738 12.5472 21.8408 -0.774701 7.0624
12.5472 21.8408 0.745876 18.0587 -0.774701 7.0624
12.5472 21.8408 2.35677 38.9757 2.51512 48.8134
12.5472 21.8408 2.51512 48.8134 0.326403 59.7421
2.35677 38.9757 12.5472 21.8408 0.745876 18.0587
12.2885 26.3158 9.71327 37.6824 6.3597 46.7725
6.3597 46.7725 12.2885 26.3158 12.5472 21.8408
11.9474 58.3385 17.1854 42.0978 18.197 31.9634
17.1854 42.0978 26.5703 37.0434 18.197 31.9634
80.7452 72.7652 79.914 77.3438 67.8971 81.252
68.2177 69.5881 80.7452 72.7652 67.8971 81.252
62.2724 67.3376 68.2177 69.5881 67.8971 81.252
20.9167 23.2985 62.2724 67.3376 67.8971 81.252
10.2804 10.5267 20.9167 23.2985 67.8971 81.252
67.8971 81.252 10.2804 10.5267 0.796685 -0.309631
10.2804 10.5267 13.7227 1.77576 0.796685 -0.309631
131.323 23.1535 148.066 23.4069 131.212 26.0464
122.455 21.5516 131.323 23.1535 148.066 23.4069
108.511 19.178 122.455 21.5516 148.066 23.4069
100.739 16.1651 108.511 19.178 148.066 23.4069
52.35 8.56533 61.1643 11.7763 76.3595 12.4461
52.35 8.56533 76.3595 12.4461 100.739 16.1651
52.35 8.56533 100.739 16.1651 148.066 23.4069
22.1949 3.62566 52.35 8.56533 148.066 23.4069
13.7227 1.77576 22.1949 3.62566 148.066 23.4069
148.066 23.4069 13.7227 1.77576 0.796685 -0.309631
10.2804 10.5267 23.2325 13.2749 73.5496 26.6391
23.2325 13.2749 10.2804 10.5267 13.7227 1.77576
40.8594 10.4137 63.6528 17.3533 67.5635 18.1621
30.7217 6.77782 40.8594 10.4137 67.5635 18.1621
40.8594 10.4137 30.7217 6.77782 13.7227 1.77576
30.7217 6.77782 22.1949 3.62566 13.7227 1.77576
97.3267 32.3858 83.377 33.8576 83.8766 36.8958
119.191 26.5501 90.2655 27.1179 97.3267 32.3858
119.191 26.5501 97.3267 32.3858 83.8766 36.8958
131.323 23.1535 119.191 26.5501 83.8766 36.8958
119.191 26.5501 131.323 23.1535 122.455 21.5516
31.1926 86.582 21.2765 87.8559 2.86869 91.53
63.7198 81.3636 31.1926 86.582 2.86869 91.53
67.8971 81.252 63.7198 81.3636 2.86869 91.53
93.4917 76.2751 79.914 77.3438 67.8971 81.252
151.173 69.0566 93.4917 76.2751 67.8971 81.252
151.173 69.0566 67.8971 81.252 2.86869 91.53
167.1 67.6073 151.173 69.0566 2.86869 91.53
267.508 53.036 262.203 53.1329 233.904 57.5505
267.508 53.036 233.904 57.5505 212.999 60.7698
267.508 53.036 212.999 60.7698 167.1 67.6073
267.508 53.036 167.1 67.6073 2.86869 91.53
262.203 53.1329 267.508 53.036 247.611 36.1555
223.479 61.9515 239.102 62.4552 176.865 67.5173
39.9502 89.1695 176.865 67.5173 267.508 53.036
176.865 67.5173 223.479 61.9515 267.508 53.036
223.479 61.9515 268.12 57.6916 267.508 53.036
268.12 57.6916 276.327 58.9673 278.24 67.5177
267.508 53.036 268.12 57.6916 276.327 58.9673
247.611 36.1555 267.508 53.036 276.327 58.9673
276.327 58.9673 247.611 36.1555 241.71 30.9916
157.346 71.8701 108.35 80.9774 99.6469 81.8629
192.089 68.0803 198.073 69.2917 157.346 71.8701
176.865 67.5173 220.827 67.8081 192.089 68.0803
176.865 67.5173 192.089 68.0803 157.346 71.8701
176.865 67.5173 157.346 71.8701 99.6469 81.8629
220.827 67.8081 176.865 67.5173 239.102 62.4552
140.081 69.4933 151.173 69.0566 167.1 67.6073
137.014 18.1398 167.199 18.5655 148.066 23.4069
107.13 13.71 137.014 18.1398 148.066 23.4069
70.5065 10.1952 107.13 13.71 148.066 23.4069
28.2896 3.21596 70.5065 10.1952 148.066 23.4069
36.4831 1.08962 28.2896 3.21596 70.5065 10.1952
28.2896 3.21596 36.4831 1.08962 46.2959 -2.69139
36.4831 1.08962 62.1861 -1.13459 46.2959 -2.69139
148.875 1.64261 170.301 1.81372 100.822 6.08021
111.79 0.409388 148.875 1.64261 100.822 6.08021
69.0111 -0.460777 89.9982 0.0294634 111.79 0.409388
78.7391 -0.709095 69.0111 -0.460777 111.79 0.409388
78.7391 -0.709095 111.79 0.409388 148.875 1.64261
62.1861 -1.13459 78.7391 -0.709095 69.0111 -0.460777
78.7391 -0.709095 62.1861 -1.13459 46.2959 -2.69139
148.066 23.4069 131.212 26.0464 111.62 31.2307
111.62 31.2307 148.066 23.4069 209.399 11.1559
148.066 23.4069 167.199 18.5655 209.399 11.1559
122.57 -0.806628 148.875 1.64261 170.301 1.81372
148.875 1.64261 122.57 -0.806628 97.7766 -2.62787
170.301 1.81372 180.536 0.883041 128.573 -2.00382
193.11 0.357678 180.536 0.883041 170.301 1.81372
100.822 6.08021 170.301 1.81372 231.678 -1.45478
170.301 1.81372 193.11 0.357678 231.678 -1.45478
107.13 13.71 70.5065 10.1952 90.1001 9.34483
147.728 10.8159 170.681 11.4279 107.13 13.71
160.696 10.6155 147.728 10.8159 170.681 11.4279
203.379 6.81288 160.696 10.6155 170.681 11.4279
246.516 1.71219 203.379 6.81288 170.681 11.4279
170.681 11.4279 246.516 1.71219 288.997 -3.46832
246.516 1.71219 261.092 -2.90283 288.997 -3.46832
261.092 -2.90283 206.363 -3.29374 288.997 -3.46832
288.997 -3.46832 206.363 -3.29374 157.818 -3.29365
236.497 -3.67622 288.997 -3.46832 157.818 -3.29365
288.997 -3.46832 236.497 -3.67622 223.853 -3.78172
236.497 -3.67622 139.25 -3.74731 223.853 -3.78172
170.681 11.4279 107.13 13.71 137.014 18.1398
137.014 18.1398 170.681 11.4279 191.25 10.1351
142.072 9.84263 160.696 10.6155 147.728 10.8159
130.26 8.19262 142.072 9.84263 147.728 10.8159
142.072 9.84263 130.26 8.19262 121.282 6.74366
176.221 6.26954 142.072 9.84263 160.696 10.6155
160.696 10.6155 176.221 6.26954 196.123 2.19058
167.199 18.5655 137.014 18.1398 158.255 16.6853
83.8046 46.5438 50.3607 47.1278 57.508 51.9156
97.517 42.3739 91.8861 42.4725 83.8046 46.5438
153.866 32.5933 83.8766 36.8958 97.517 42.3739
153.866 32.5933 97.517 42.3739 83.8046 46.5438
153.866 32.5933 83.8046 46.5438 57.508 51.9156
156.032 32.3675 153.866 32.5933 83.8766 36.8958
143.288 28.452 156.032 32.3675 83.8766 36.8958
179.363 21.269 143.288 28.452 83.8766 36.8958
190.17 18.6883 179.363 21.269 83.8766 36.8958
269.588 3.31994 190.17 18.6883 83.8766 36.8958
282.75 0.831561 269.588 3.31994 83.8766 36.8958
83.8766 36.8958 282.75 0.831561 303.949 -3.09334
282.75 0.831561 321.678 -1.48037 303.949 -3.09334
321.678 -1.48037 327.561 -1.72534 303.949 -3.09334
327.561 -1.72534 350.1 -1.84163 303.949 -3.09334
313.916 3.03697 340.567 0.74619 327.561 -1.72534
323.605 36.2313 306.331 61.0829 301.804 67.1083
331.324 21.0536 328.546 26.4753 323.605 36.2313
340.567 0.74619 337.219 7.65144 331.324 21.0536
306.331 61.0829 323.605 36.2313 350.1 -1.84163
323.605 36.2313 331.324 21.0536 350.1 -1.84163
331.324 21.0536 340.567 0.74619 350.1 -1.84163
340.567 0.74619 327.561 -1.72534 350.1 -1.84163
292.117 10.7898 302.1 8.99431 340.567 0.74619
302.1 8.99431 337.219 7.65144 340.567 0.74619
306.752 28.7319 323.869 16.4567 337.219 7.65144
323.869 16.4567 330.153 10.5078 337.219 7.65144
330.153 10.5078 323.039 9.40684 337.219 7.65144
323.039 9.40684 302.1 8.99431 337.219 7.65144
307.826 16.458 300.604 19.2151 289.308 22.2735
279.298 16.1033 269.849 16.1304 307.826 16.458
310.432 11.8078 279.298 16.1033 307.826 16.458
330.153 10.5078 310.432 11.8078 307.826 16.458
330.153 10.5078 307.826 16.458 300.604 19.2151
310.432 11.8078 330.153 10.5078 323.039 9.40684
297.438 62.0838 292.136 62.3545 291.811 67.9961
323.605 36.2313 306.849 49.9248 297.438 62.0838
323.605 36.2313 297.438 62.0838 291.811 67.9961
306.849 49.9248 323.605 36.2313 328.546 26.4753
36.8456 22.3548 83.377 33.8576 83.8766 36.8958
36.8456 22.3548 83.8766 36.8958 97.517 42.3739
83.377 33.8576 36.8456 22.3548 29.393 19.4224
61.1038 31.9916 36.8456 22.3548 29.393 19.4224
306.331 61.0829 301.804 67.1083 296.248 77.4417
296.248 77.4417 306.331 61.0829 317.004 46.4747
291.811 67.9961 292.136 62.3545 292.653 47.7515
300.921 46.8879 306.849 49.9248 297.438 62.0838
299.089 41.7863 300.921 46.8879 306.849 49.9248
311.091 36.5988 299.089 41.7863 306.849 49.9248
306.849 49.9248 311.091 36.5988 316.027 31.6
300.921 46.8879 299.089 41.7863 291.264 38.2996
289.647 33.0769 311.091 36.5988 299.089 41.7863
282.128 30.9919 289.647 33.0769 311.091 36.5988
311.091 36.5988 282.128 30.9919 269.809 28.5467
280.773 41.041 289.647 33.0769 282.128 30.9919
276.607 12.2001 279.298 16.1033 269.849 16.1304
257.532 10.1986 276.607 12.2001 269.849 16.1304
257.532 10.1986 269.849 16.1304 302.483 32.7595
276.607 12.2001 257.532 10.1986 266.328 7.61514
231.772 12.766 242.406 23.3276 248.646 31.2888
240.062 12.6544 231.772 12.766 242.406 23.3276
257.532 10.1986 240.062 12.6544 231.772 12.766
231.772 12.766 257.532 10.1986 266.328 7.61514
277.515 51.3757 262.271 21.8587 257.532 10.1986
262.271 21.8587 251.033 12.8688 257.532 10.1986
251.033 12.8688 240.062 12.6544 257.532 10.1986
262.271 21.8587 258.104 27.8531 258.471 41.4791
258.104 27.8531 262.271 21.8587 251.033 12.8688
248.646 31.2888 242.406 23.3276 247.236 21.0377
67.2354 50.4726 57.508 51.9156 58.5427 60.0746
57.508 51.9156 67.2354 50.4726 109.322 43.7836
67.2354 50.4726 93.7282 50.1726 109.322 43.7836
50.3607 47.1278 57.508 51.9156 58.5427 60.0746
39.0075 37.558 50.3607 47.1278 58.5427 60.0746
58.5427 60.0746 39.0075 37.558 31.6944 31.2624
39.0075 37.558 42.3905 32.6273 31.6944 31.2624
56.9261 39.9696 51.6475 41.2059 68.1467 42.4064
39.0075 37.558 56.9261 39.9696 51.6475 41.2059
56.9261 39.9696 39.0075 37.558 42.3905 32.6273
53.3211 33.9313 42.3905 32.6273 31.6944 31.2624
90.6732 23.0307 119.191 26.5501 90.2655 27.1179
119.191 26.5501 90.6732 23.0307 79.4343 18.6929
67.5635 18.1621 63.6528 17.3533 48.7874 16.1443
73.4725 63.4287 62.2724 67.3376 68.2177 69.5881
112.091 47.0015 73.4725 63.4287 62.2724 67.3376
73.4725 63.4287 112.091 47.0015 136.273 37.4773
100.779 50.3996 112.091 47.0015 136.273 37.4773
122.607 68.8691 111.479 72.3639 80.7452 72.7652
111.479 72.3639 122.607 68.8691 131.057 67.3314
111.479 72.3639 80.7452 72.7652 79.914 77.3438
253.905 50.4323 226.378 52.5308 111.479 72.3639
253.905 50.4323 111.479 72.3639 79.914 77.3438
238.334 49.3909 253.905 50.4323 226.378 52.5308
226.398 40.5103 238.334 49.3909 253.905 50.4323
237.846 38.1946 226.398 40.5103 253.905 50.4323
223.315 33.2657 219.417 37.7573 237.846 38.1946
229.87 31.2584 223.315 33.2657 237.846 38.1946
229.87 31.2584 237.846 38.1946 253.905 50.4323
227.219 23.3597 211.809 29.6686 229.87 31.2584
227.219 23.3597 229.87 31.2584 253.905 50.4323
253.905 50.4323 227.219 23.3597 218.402 13.8836
227.219 23.3597 218.588 20.7813 218.402 13.8836
218.588 20.7813 206.743 18.2331 218.402 13.8836
171.179 31.489 129.297 48.2195 83.7962 63.3549
206.743 18.2331 180.478 29.0478 171.179 31.489
206.743 18.2331 171.179 31.489 83.7962 63.3549
83.7962 63.3549 206.743 18.2331 218.402 13.8836
163.735 41.1796 136.952 49.1058 122.703 52.8917
200.17 31.367 163.735 41.1796 136.952 49.1058
163.735 41.1796 200.17 31.367 227.219 23.3597
200.17 31.367 211.809 29.6686 227.219 23.3597
147.561 50.2538 98.4233 61.5905 92.5862 63.074
170.119 43.4748 147.561 50.2538 98.4233 61.5905
98.4233 61.5905 170.119 43.4748 200.17 31.367
120.208 59.7897 101.535 67.3144 91.5006 68.6219
127.859 57.2574 120.208 59.7897 101.535 67.3144
170.119 43.4748 127.859 57.2574 101.535 67.3144
101.535 67.3144 170.119 43.4748 211.809 29.6686
170.119 43.4748 200.17 31.367 211.809 29.6686
110.711 61.3909 147.561 50.2538 170.119 43.4748
197.052 38.7806 223.315 33.2657 229.87 31.2584
237.846 38.1946 189.024 40.5341 182.264 41.1364
189.024 40.5341 237.846 38.1946 219.417 37.7573
166.577 52.6074 162.138 53.1221 136.72 57.4909
207.029 46.216 183.33 50.9246 166.577 52.6074
207.029 46.216 166.577 52.6074 162.138 53.1221
211.446 43.8527 207.029 46.216 162.138 53.1221
226.398 40.5103 211.446 43.8527 162.138 53.1221
162.138 53.1221 226.398 40.5103 237.846 38.1946
166.577 52.6074 193.34 56.672 196.237 57.4263
193.34 56.672 166.577 52.6074 183.33 50.9246
197.147 52.2419 207.029 46.216 211.446 43.8527
223.752 46.1514 211.446 43.8527 226.398 40.5103
196.237 57.4263 193.34 56.672 188.581 51.7002
178.878 58.5864 101.535 67.3144 91.5006 68.6219
167.239 58.0296 178.878 58.5864 101.535 67.3144
178.878 58.5864 167.239 58.0296 158.767 56.4596
151.826 59.0322 167.239 58.0296 158.767 56.4596
189.711 26.9422 180.478 29.0478 171.179 31.489
180.478 29.0478 189.711 26.9422 201.68 22.7542
83.7962 63.3549 129.297 48.2195 147.56 42.4769
309.127 80.4589 322.471 80.6855 268.339 82.173
286.6 79.0846 309.127 80.4589 268.339 82.173
282.413 77.4487 286.6 79.0846 268.339 82.173
282.413 77.4487 268.339 82.173 260.882 83.4947
249.814 76.1841 240.576 76.889 282.413 77.4487
266.106 69.281 249.814 76.1841 282.413 77.4487
266.106 69.281 282.413 77.4487 286.6 79.0846
278.24 67.5177 266.106 69.281 286.6 79.0846
276.327 58.9673 278.24 67.5177 286.6 79.0846
286.6 79.0846 276.327 58.9673 266.842 36.218
176.652 81.1935 201.198 81.345 193.887 81.804
168.664 80.9261 176.652 81.1935 193.887 81.804
260.409 69.8089 168.664 80.9261 176.652 81.1935
168.664 80.9261 260.409 69.8089 278.24 67.5177
260.409 69.8089 266.106 69.281 278.24 67.5177
236.23 73.9186 260.409 69.8089 266.106 69.281
153.828 89.332 96.5482 90.3772 6.94301 93.5878
208.255 87.9465 153.828 89.332 6.94301 93.5878
257.84 86.7399 208.255 87.9465 6.94301 93.5878
337.292 80.7144 289.129 86.4647 257.84 86.7399
337.292 80.7144 257.84 86.7399 208.255 87.9465
322.471 80.6855 337.292 80.7144 208.255 87.9465
337.292 80.7144 322.471 80.6855 309.127 80.4589
248.114 88.61 241.73 90.559 233.753 91.014
233.753 91.014 248.114 88.61 257.84 86.7399
172.705 93.5518 157.796 93.5668 131.06 93.7486
346.192 93.2752 172.705 93.5518 157.796 93.5668
332.425 91.8591 346.192 93.2752 157.796 93.5668
319.434 90.6626 306.894 91.8102 332.425 91.8591
257.84 86.7399 248.114 88.61 277.547 89.0221
257.84 86.7399 277.547 89.0221 319.434 90.6626
346.192 93.2752 332.425 91.8591 289.129 86.4647
332.425 91.8591 319.434 90.6626 289.129 86.4647
319.434 90.6626 257.84 86.7399 289.129 86.4647
332.425 91.8591 183.893 92.2406 110.707 93.4854
332.425 91.8591 110.707 93.4854 72.8568 93.7892
183.893 92.2406 332.425 91.8591 306.894 91.8102
337.292 80.7144 289.129 86.4647 340.884 86.6055
330.957 63.6347 322.31 72.7626 327.959 72.9055
330.957 63.6347 327.959 72.9055 337.292 80.7144
330.957 63.6347 337.292 80.7144 340.884 86.6055
333.589 50.3874 330.957 63.6347 322.31 72.7626
342.927 43.4442 337.186 49.6836 333.589 50.3874
343.158 31.7384 342.927 43.4442 333.589 50.3874
322.31 72.7626 333.589 50.3874 353.855 9.82359
333.589 50.3874 343.158 31.7384 353.855 9.82359
343.158 31.7384 346.238 27.7081 353.855 9.82359
346.238 27.7081 353.92 19.5965 353.855 9.82359
338.782 58.2765 333.589 50.3874 337.186 49.6836
342.985 73.6509 342.927 43.4442 343.158 31.7384
346.834 41.1884 347.471 53.8227 350.355 79.148
350.355 79.148 346.834 41.1884 346.238 27.7081
346.834 41.1884 343.158 31.7384 346.238 27.7081
346.238 27.7081 350.494 58.877 351.235 67.55
350.494 58.877 346.238 27.7081 353.92 19.5965
322.31 72.7626 327.959 72.9055 331.215 77.7537
312.439 71.4463 322.31 72.7626 331.215 77.7537
320.051 60.9256 312.439 71.4463 322.31 72.7626
333.006 38.2416 320.051 60.9256 322.31 72.7626
322.31 72.7626 333.006 38.2416 339.704 18.3127
110.707 93.4854 183.893 92.2406 223.688 91.501
233.753 91.014 141.975 91.3253 296.519 91.3584
241.73 90.559 233.753 91.014 296.519 91.3584
296.519 91.3584 241.73 90.559 273.402 90.181
141.975 91.3253 233.753 91.014 199.729 90.6464
78.0941 90.2348 96.5482 90.3772 6.94301 93.5878
47.2801 90.2314 78.0941 90.2348 6.94301 93.5878
60.0541 90.1457 47.2801 90.2314 78.0941 90.2348
130.907 82.3248 60.0541 90.1457 78.0941 90.2348
60.0541 90.1457 130.907 82.3248 147.871 80.3059
92.3278 89.2725 78.0941 90.2348 96.5482 90.3772
118.894 86.5547 92.3278 89.2725 96.5482 90.3772
96.5482 90.3772 118.894 86.5547 140.283 83.095
153.828 89.332 208.255 87.9465 187.624 87.8341
228.864 79.9182 201.198 81.345 193.887 81.804
221.448 79.776 228.864 79.9182 201.198 81.345
228.864 79.9182 221.448 79.776 206.217 77.3851
239.102 62.4552 223.479 61.9515 253.797 60.6135
252.597 67.5256 220.827 67.8081 192.089 68.0803
233.482 66.6636 252.597 67.5256 220.827 67.8081
220.827 67.8081 233.482 66.6636 256.575 62.6376
157.346 71.8701 198.073 69.2917 210.201 68.8469
123.573 80.3915 108.35 80.9774 99.6469 81.8629
108.35 80.9774 123.573 80.3915 163.254 76.6786
2.86869 91.53 21.2765 87.8559 52.7324 80.9002
31.1343 53.8697 48.6909 62.178 42.4852 62.3155
48.6909 62.178 31.1343 53.8697 23.9622 49.6248
1.86459 81.586 6.98933 81.646 29.1944 83.9397
11.4573 68.8697 1.86459 81.586 6.98933 81.646
31.1343 53.8697 28.4531 58.9474 17.9852 60.6132
1.86459 81.586 11.4573 68.8697 23.9622 49.6248
11.4573 68.8697 17.9852 60.6132 23.9622 49.6248
17.9852 60.6132 31.1343 53.8697 23.9622 49.6248
21.1545 79.199 20.2492 70.0774 17.9852 60.6132
20.2492 70.0774 30.3932 73.094 38.5574 79.2636
17.9852 60.6132 20.2492 70.0774 30.3932 73.094
30.3932 73.094 17.9852 60.6132 28.4531 58.9474
38.5574 79.2636 30.3932 73.094 43.2354 72.8121
