5.61866 28.3241 12.4463 28.3345 22.1767 28.6575
35.1852 27.7079 5.61866 28.3241 12.4463 28.3345
4.57679 26.6764 35.1852 27.7079 5.61866 28.3241
6.20485 26.0561 13.1561 26.6679 4.57679 26.6764
4.15416 24.6766 6.20485 26.0561 4.57679 26.6764
5.61866 28.3241 4.57679 26.6764 0.502462 23.1409
4.57679 26.6764 4.15416 24.6766 0.502462 23.1409
35.1852 27.7079 83.7751 29.3529 97.443 29.7022
97.443 29.7022 35.1852 27.7079 4.57679 26.6764
4.57679 26.6764 68.4063 28.1814 97.9296 28.9226
68.4063 28.1814 4.57679 26.6764 13.1561 26.6679
80.4263 27.9726 88.1475 27.9834 68.4063 28.1814
55.6941 27.3566 80.4263 27.9726 68.4063 28.1814
24.4335 25.3808 52.6099 25.8848 52.5806 26.5561
24.4335 25.3808 52.5806 26.5561 55.6941 27.3566
24.4335 25.3808 55.6941 27.3566 68.4063 28.1814
44.547 25.309 24.4335 25.3808 52.6099 25.8848
49.6242 24.3642 44.547 25.309 52.6099 25.8848
44.547 25.309 49.6242 24.3642 53.2196 23.4128
54.1428 24.6634 49.6242 24.3642 53.2196 23.4128
88.1475 27.9834 68.4063 28.1814 97.9296 28.9226
93.6123 27.618 88.1475 27.9834 97.9296 28.9226
94.2457 26.5554 93.6123 27.618 97.9296 28.9226
96.755 24.6259 94.2457 26.5554 97.9296 28.9226
96.2745 19.826 96.755 24.6259 97.9296 28.9226
96.9733 19.162 96.2745 19.826 97.9296 28.9226
98.7173 16.5524 96.9733 19.162 97.9296 28.9226
97.9296 28.9226 98.7173 16.5524 99.7214 12.366
29.2014 25.0065 44.547 25.309 24.4335 25.3808
43.5404 23.2333 29.2014 25.0065 24.4335 25.3808
24.4335 25.3808 43.5404 23.2333 49.6597 22.5348
44.547 25.309 29.2014 25.0065 40.8859 24.569
93.159 26.3586 94.2457 26.5554 93.6123 27.618
92.0764 25.8829 93.159 26.3586 93.6123 27.618
86.8287 24.1256 92.0764 25.8829 93.6123 27.618
79.4243 18.8914 86.4517 23.7962 86.8287 24.1256
74.1543 16.7438 80.6068 18.0739 79.4243 18.8914
74.1543 16.7438 79.4243 18.8914 86.8287 24.1256
72.4371 16.563 74.1543 16.7438 86.8287 24.1256
62.1566 10.9705 68.4329 14.204 72.4371 16.563
62.4777 9.14392 66.8575 10.4915 62.1566 10.9705
60.4525 7.03979 62.4777 9.14392 62.1566 10.9705
93.6123 27.618 86.8287 24.1256 50.9774 5.71448
86.8287 24.1256 72.4371 16.563 50.9774 5.71448
72.4371 16.563 62.1566 10.9705 50.9774 5.71448
62.1566 10.9705 60.4525 7.03979 50.9774 5.71448
60.4525 7.03979 60.6287 6.2508 50.9774 5.71448
80.6324 21.9312 79.8275 23.7267 88.9907 26.4911
68.0993 16.3293 67.4534 16.6042 70.8702 17.781
68.0993 16.3293 70.8702 17.781 80.6324 21.9312
58.8308 10.5497 68.0993 16.3293 80.6324 21.9312
54.3528 8.50145 54.5414 9.74338 58.8308 10.5497
54.8086 8.49776 54.3528 8.50145 58.8308 10.5497
50.9774 5.71448 50.3462 6.60932 54.8086 8.49776
50.9774 5.71448 54.8086 8.49776 58.8308 10.5497
50.9774 5.71448 58.8308 10.5497 80.6324 21.9312
50.9774 5.71448 80.6324 21.9312 88.9907 26.4911
50.3462 6.60932 50.9774 5.71448 49.9852 5.68205
60.6287 6.2508 67.3441 8.57528 75.5794 12.1444
60.6287 6.2508 75.5794 12.1444 90.2848 18.0883
43.5698 5.54083 43.4395 5.56979 49.9852 5.68205
58.9344 5.17774 43.5698 5.54083 49.9852 5.68205
58.9344 5.17774 49.9852 5.68205 50.9774 5.71448
58.9344 5.17774 50.9774 5.71448 60.6287 6.2508
58.9344 5.17774 60.6287 6.2508 67.3441 8.57528
43.5698 5.54083 58.9344 5.17774 37.0182 3.96115
93.2844 23.0173 89.7762 21.7795 80.6068 18.0739
89.7762 21.7795 79.4243 18.8914 80.6068 18.0739
80.6068 18.0739 84.1675 18.8181 93.6265 20.7038
93.6265 20.7038 80.6068 18.0739 74.1543 16.7438
61.0782 7.33064 60.4525 7.03979 60.6287 6.2508
88.6375 15.2105 94.6398 19.0752 94.8643 19.171
74.4309 5.99262 72.592 6.04869 88.6375 15.2105
74.4309 5.99262 88.6375 15.2105 94.8643 19.171
58.9344 5.17774 74.4309 5.99262 72.592 6.04869
74.4309 5.99262 58.9344 5.17774 37.0182 3.96115
74.4744 21.0585 80.6324 21.9312 79.8275 23.7267
72.59 20.0181 74.4744 21.0585 80.6324 21.9312
80.6324 21.9312 72.59 20.0181 65.2508 17.643
69.4036 19.8323 72.59 20.0181 74.4744 21.0585
69.9156 19.5559 69.4036 19.8323 72.59 20.0181
72.59 20.0181 69.9156 19.5559 66.3917 18.7006
55.9716 16.6723 69.9156 19.5559 69.4036 19.8323
69.9156 19.5559 55.9716 16.6723 34.5793 11.7197
55.9716 16.6723 36.049 12.6295 34.5793 11.7197
58.7447 17.6608 57.8885 17.9238 63.6376 19.2067
55.9716 16.6723 56.7211 17.0808 58.7447 17.6608
55.9716 16.6723 58.7447 17.6608 63.6376 19.2067
56.7211 17.0808 55.9716 16.6723 36.049 12.6295
34.5793 11.7197 40.642 12.9076 50.8853 15.0497
30.6171 10.699 34.5793 11.7197 40.642 12.9076
40.642 12.9076 30.6171 10.699 30.1803 10.5973
42.1023 15.4046 44.3612 16.0014 55.534 20.9275
55.534 20.9275 42.1023 15.4046 30.6171 10.699
42.1023 15.4046 36.049 12.6295 30.6171 10.699
36.049 12.6295 34.5793 11.7197 30.6171 10.699
71.244 23.1621 55.7609 18.9716 44.3612 16.0014
44.3612 16.0014 55.7609 18.9716 78.8305 24.7445
78.8305 24.7445 44.3612 16.0014 42.1023 15.4046
63.6376 19.2067 57.8885 17.9238 54.0036 17.2076
44.9459 14.6053 56.7211 17.0808 58.7447 17.6608
56.7211 17.0808 44.9459 14.6053 42.8079 14.1555
45.2159 7.6089 54.8086 8.49776 54.3528 8.50145
54.8086 8.49776 45.2159 7.6089 40.0431 6.39469
72.1532 9.09063 77.9358 10.7558 76.3858 10.8875
72.1532 9.09063 76.3858 10.8875 94.6398 19.0752
70.4701 9.0032 72.1532 9.09063 94.6398 19.0752
70.4701 9.0032 94.6398 19.0752 94.8643 19.171
70.8117 8.16905 70.4701 9.0032 72.1532 9.09063
70.4701 9.0032 70.8117 8.16905 66.9964 6.51384
76.3858 10.8875 80.0246 11.4602 82.9224 12.916
80.0246 11.4602 76.3858 10.8875 77.9358 10.7558
82.9224 12.916 80.0246 11.4602 73.3212 7.21639
94.6398 19.0752 88.6375 15.2105 87.1439 14.4442
62.1566 10.9705 67.8545 12.209 81.5842 15.9565
66.8575 10.4915 62.1566 10.9705 67.8545 12.209
67.8545 12.209 66.8575 10.4915 66.8344 10.0493
66.8575 10.4915 66.5718 10.1654 66.8344 10.0493
74.1543 16.7438 72.4371 16.563 76.7454 16.5334
96.7855 13.9724 98.7173 16.5524 96.9733 19.162
94.0494 10.7467 93.6875 13.1555 96.7855 13.9724
95.4078 7.43166 94.0494 10.7467 96.7855 13.9724
95.4078 7.43166 96.7855 13.9724 98.7173 16.5524
96.6914 6.66506 95.4078 7.43166 98.7173 16.5524
96.7962 6.20353 96.6914 6.66506 98.7173 16.5524
98.7173 16.5524 96.7962 6.20353 96.6924 2.80354
92.0687 13.005 93.6875 13.1555 96.7855 13.9724
89.7799 11.4357 92.0687 13.005 93.6875 13.1555
83.1634 7.37435 89.7799 11.4357 92.0687 13.005
92.0687 13.005 83.1634 7.37435 80.5225 6.80696
87.48 7.90603 83.1634 7.37435 80.5225 6.80696
93.6875 13.1555 94.0494 10.7467 93.7203 9.28771
87.7221 6.3229 96.6914 6.66506 95.4078 7.43166
51.7161 4.24313 87.7221 6.3229 96.6914 6.66506
96.6914 6.66506 51.7161 4.24313 6.17368 1.76941
51.7161 4.24313 30.2862 3.15989 6.17368 1.76941
30.2862 3.15989 12.7024 2.80637 6.17368 1.76941
37.7318 14.5867 60.2162 23.7335 59.7138 23.7662
10.4304 3.50696 37.7318 14.5867 59.7138 23.7662
59.7138 23.7662 10.4304 3.50696 6.17368 1.76941
10.4304 3.50696 9.8843 2.96811 6.17368 1.76941
9.8843 2.96811 12.7024 2.80637 6.17368 1.76941
31.0304 8.61982 36.6425 10.8081 40.229 11.9778
28.6821 7.88688 31.0304 8.61982 36.6425 10.8081
22.7666 5.0448 28.6821 7.88688 31.0304 8.61982
11.6044 3.40058 25.207 3.61597 22.7666 5.0448
11.6044 3.40058 22.7666 5.0448 28.6821 7.88688
9.8843 2.96811 11.6044 3.40058 28.6821 7.88688
11.6044 3.40058 9.8843 2.96811 12.7024 2.80637
38.1796 9.2921 50.4633 12.7635 64.0989 16.5294
22.7666 5.0448 36.6918 8.80048 38.1796 9.2921
22.7666 5.0448 38.1796 9.2921 50.4633 12.7635
36.6918 8.80048 22.7666 5.0448 25.207 3.61597
79.1534 5.92428 62.49 4.96449 30.2862 3.15989
62.49 4.96449 51.7161 4.24313 30.2862 3.15989
38.1796 9.2921 36.6918 8.80048 37.3022 8.43457
64.0989 16.5294 50.4633 12.7635 40.1646 9.96802
40.229 11.9778 36.6425 10.8081 26.58 7.58526
60.2162 23.7335 37.7318 14.5867 24.5032 9.02675
60.2162 23.7335 59.7138 23.7662 65.14 25.2316
65.14 25.2316 60.2162 23.7335 55.5306 21.6527
70.7067 26.4311 78.9749 26.7686 87.3299 27.1222
65.14 25.2316 70.7067 26.4311 78.9749 26.7686
44.8377 20.9195 59.7138 23.7662 65.14 25.2316
44.8377 20.9195 65.14 25.2316 70.7067 26.4311
41.4049 20.4938 44.8377 20.9195 70.7067 26.4311
44.8377 20.9195 41.4049 20.4938 32.5002 17.69
41.4049 20.4938 40.8114 20.5958 33.8827 20.597
32.5002 17.69 41.4049 20.4938 33.8827 20.597
33.8827 20.597 32.5002 17.69 31.3167 15.9878
73.7775 25.3538 80.183 26.2848 78.9749 26.7686
78.9749 26.7686 73.7775 25.3538 62.3111 22.5423
80.183 26.2848 78.9749 26.7686 87.3299 27.1222
79.8255 25.599 80.183 26.2848 87.3299 27.1222
87.3299 27.1222 79.8255 25.599 73.8746 24.1597
48.0424 20.8979 50.3141 20.9011 44.8377 20.9195
39.5803 18.298 48.0424 20.8979 44.8377 20.9195
37.0507 17.3914 39.5803 18.298 44.8377 20.9195
39.5803 18.298 37.0507 17.3914 24.317 12.3948
50.3141 20.9011 44.8377 20.9195 59.7138 23.7662
45.3012 18.7222 50.3141 20.9011 59.7138 23.7662
35.8934 15.2529 45.3012 18.7222 50.3141 20.9011
11.9772 6.2566 35.8934 15.2529 50.3141 20.9011
4.13218 3.33853 11.9772 6.2566 50.3141 20.9011
50.3141 20.9011 4.13218 3.33853 3.20685 2.98808
35.6825 14.9914 11.9772 6.2566 4.13218 3.33853
45.2609 17.9852 7.43619 4.35653 4.13218 3.33853
3.20685 2.98808 4.13218 3.33853 7.43619 4.35653
35.6525 14.0502 7.43619 4.35653 3.16241 2.87932
7.43619 4.35653 3.20685 2.98808 3.16241 2.87932
4.7653 10.5416 13.7983 13.7049 25.1561 18.6304
4.10356 10.2809 4.7653 10.5416 25.1561 18.6304
3.52703 5.21816 4.10356 10.2809 4.7653 10.5416
3.20685 2.98808 3.49719 3.9878 3.52703 5.21816
3.20685 2.98808 3.52703 5.21816 4.10356 10.2809
4.10356 10.2809 3.20685 2.98808 3.16241 2.87932
41.8254 18.5363 48.0424 20.8979 50.3141 20.9011
16.3116 9.10925 41.8254 18.5363 50.3141 20.9011
50.3141 20.9011 16.3116 9.10925 9.30801 6.54033
19.7812 11.7205 33.6948 21.892 36.3009 23.6828
16.5032 9.47154 17.9434 10.5346 19.7812 11.7205
16.3116 9.10925 16.5032 9.47154 19.7812 11.7205
16.3116 9.10925 19.7812 11.7205 36.3009 23.6828
16.5032 9.47154 16.3116 9.10925 9.30801 6.54033
17.9434 10.5346 17.7985 10.7544 21.6239 13.6064
17.7985 10.7544 17.9434 10.5346 16.5032 9.47154
28.0778 18.7739 33.6948 21.892 36.3009 23.6828
13.6255 10.936 28.0778 18.7739 36.3009 23.6828
28.0778 18.7739 13.6255 10.936 7.49756 7.54637
13.1287 12.5055 15.3175 13.0829 13.7983 13.7049
15.3175 13.0829 13.1287 12.5055 8.95124 11.2229
25.1561 18.6304 29.272 21.4093 32.3889 23.0041
15.3175 13.0829 13.7983 13.7049 25.1561 18.6304
32.3889 23.0041 25.1561 18.6304 6.84178 7.46031
25.1561 18.6304 15.3175 13.0829 6.84178 7.46031
15.4257 15.6126 25.1561 18.6304 29.272 21.4093
9.31939 12.9399 15.4257 15.6126 25.1561 18.6304
4.48497 10.8794 9.31939 12.9399 25.1561 18.6304
25.1561 18.6304 4.48497 10.8794 0.879045 9.46422
15.4257 15.6126 17.4264 16.8503 25.7796 21.4018
17.4264 16.8503 15.4257 15.6126 9.31939 12.9399
4.48497 10.8794 5.68908 11.5163 6.95147 12.4125
13.2972 15.6386 6.95147 12.4125 0.879045 9.46422
6.95147 12.4125 4.48497 10.8794 0.879045 9.46422
30.7511 23.5037 28.4262 23.5682 21.0106 24.9181
24.5784 21.4295 30.7511 23.5037 28.4262 23.5682
5.68908 11.5163 24.5784 21.4295 28.4262 23.5682
24.5784 21.4295 5.68908 11.5163 4.48497 10.8794
22.5606 21.085 28.4262 23.5682 21.0106 24.9181
11.5808 15.9928 20.2698 20.4484 22.5606 21.085
11.5808 15.9928 22.5606 21.085 28.4262 23.5682
28.4262 23.5682 11.5808 15.9928 4.7046 12.8845
11.5808 15.9928 10.1099 15.6879 4.7046 12.8845
10.0482 23.2234 11.0092 24.9916 11.3165 26.0491
10.2545 19.6199 10.6587 20.9267 10.0482 23.2234
7.35563 17.0367 10.2545 19.6199 10.0482 23.2234
11.3165 26.0491 10.0482 23.2234 4.7046 12.8845
10.0482 23.2234 7.35563 17.0367 4.7046 12.8845
7.35563 17.0367 8.81035 16.1055 4.7046 12.8845
8.81035 16.1055 10.1099 15.6879 4.7046 12.8845
13.503 22.3407 10.2545 19.6199 7.35563 17.0367
12.1467 17.449 11.5808 15.9928 10.1099 15.6879
11.3165 26.0491 11.0092 24.9916 17.3365 22.8944
84.4367 5.7412 96.7962 6.20353 96.6914 6.66506
70.3122 4.96301 84.4367 5.7412 96.6914 6.66506
29.8248 2.28044 53.9716 2.9676 70.3122 4.96301
96.6914 6.66506 70.3122 4.96301 9.07983 1.07707
70.3122 4.96301 29.8248 2.28044 9.07983 1.07707
29.8248 2.28044 26.4027 1.38301 9.07983 1.07707
27.9713 1.08773 26.4027 1.38301 29.8248 2.28044
27.2337 0.472283 23.2782 0.83123 27.9713 1.08773
27.2337 0.472283 27.9713 1.08773 29.8248 2.28044
23.2782 0.83123 27.2337 0.472283 29.1962 0.182676
53.9716 2.9676 64.1047 3.4898 70.6856 3.65349
31.7714 1.91019 29.8248 2.28044 53.9716 2.9676
31.7714 1.91019 53.9716 2.9676 70.6856 3.65349
29.8248 2.28044 31.7714 1.91019 35.6258 0.678772
31.7714 1.91019 39.2649 1.00377 35.6258 0.678772
70.4985 2.07653 81.2607 2.47413 86.5722 2.80004
39.2649 1.00377 46.9719 1.27487 51.3964 1.42338
39.2649 1.00377 51.3964 1.42338 70.4985 2.07653
81.2607 2.47413 70.4985 2.07653 35.6258 0.678772
70.4985 2.07653 39.2649 1.00377 35.6258 0.678772
57.09 2.19655 46.9719 1.27487 39.2649 1.00377
70.3463 1.41172 81.2607 2.47413 86.5722 2.80004
70.1823 1.40045 70.3463 1.41172 81.2607 2.47413
65.2928 0.64788 70.1823 1.40045 70.3463 1.41172
63.2693 0.337387 65.2928 0.64788 70.1823 1.40045
70.1823 1.40045 63.2693 0.337387 55.5706 0.0392917
63.2693 0.337387 72.3986 0.074446 55.5706 0.0392917
72.7973 1.03332 65.2928 0.64788 63.2693 0.337387
83.3673 5.30035 84.4367 5.7412 96.7962 6.20353
82.1685 4.49257 83.3673 5.30035 96.7962 6.20353
96.7962 6.20353 82.1685 4.49257 75.0551 3.63247
82.1685 4.49257 70.9267 4.48112 75.0551 3.63247
70.0417 4.65513 70.9267 4.48112 75.0551 3.63247
78.188 4.54611 82.1685 4.49257 70.9267 4.48112
60.2619 28.9755 83.7751 29.3529 97.443 29.7022
59.9052 28.6505 60.2619 28.9755 83.7751 29.3529
83.7751 29.3529 59.9052 28.6505 55.6732 28.4713
96.3491 29.8308 50.6606 29.8374 23.2415 29.9153
60.2619 28.9755 96.3491 29.8308 50.6606 29.8374
50.6606 29.8374 60.2619 28.9755 59.9052 28.6505
51.1405 28.6708 45.5874 28.6852 20.7627 29.323
51.1405 28.6708 20.7627 29.323 2.02045 29.7648
45.5874 28.6852 51.1405 28.6708 55.6732 28.4713
51.1405 28.6708 59.9052 28.6505 55.6732 28.4713
22.1767 28.6575 12.4463 28.3345 24.7833 28.2845
