-42.9905 0.390581 -40.4447 3.04492 -41.9923 3.53928
-43.506 -1.07878 -45.0399 -1.05228 -42.9905 0.390581
-43.506 -1.07878 -42.9905 0.390581 -40.4447 3.04492
-45.3614 -3.98142 -43.506 -1.07878 -40.4447 3.04492
-49.2762 -6.94419 -45.3614 -3.98142 -43.506 -1.07878
-44.2897 -10.3883 -49.2762 -6.94419 -45.3614 -3.98142
-46.7999 -13.1232 -40.8439 -10.6453 -44.2897 -10.3883
-46.7999 -13.1232 -44.2897 -10.3883 -49.2762 -6.94419
-43.3286 -15.3861 -41.7209 -13.4866 -46.7999 -13.1232
-49.2762 -6.94419 -46.7999 -13.1232 -45.9651 -16.3184
-46.7999 -13.1232 -43.3286 -15.3861 -45.9651 -16.3184
-43.3286 -15.3861 -29.2184 -12.1393 -32.7012 -11.5177
-29.2184 -12.1393 -43.3286 -15.3861 -45.9651 -16.3184
-42.9436 -8.05745 -44.2897 -10.3883 -40.8439 -10.6453
-40.6715 -6.89215 -40.6076 -5.27178 -40.4855 -3.50285
-40.6076 -5.27178 -40.6715 -6.89215 -40.8439 -10.6453
-40.6715 -6.89215 -37.9572 -9.36571 -40.8439 -10.6453
-40.8439 -10.6453 -37.9572 -9.36571 -36.1861 -9.14933
-36.1861 -9.14933 -40.8439 -10.6453 -46.7999 -13.1232
-40.6715 -6.89215 -39.9318 -6.37855 -36.2692 -4.8106
-35.9049 -4.04779 -36.2692 -4.8106 -37.9572 -9.36571
-36.2692 -4.8106 -40.6715 -6.89215 -37.9572 -9.36571
-37.5927 -3.51712 -39.952 -0.737809 -41.0848 0.630792
-36.8263 -4.79607 -37.5927 -3.51712 -39.952 -0.737809
-36.2692 -4.8106 -36.8263 -4.79607 -37.5927 -3.51712
-36.8263 -4.79607 -36.2692 -4.8106 -39.9318 -6.37855
-31.9558 0.259279 -40.6333 19.1776 -39.5308 21.2271
-27.6919 -11.1676 -32.4418 -4.55394 -31.9558 0.259279
-27.6919 -11.1676 -31.9558 0.259279 -39.5308 21.2271
-32.7012 -11.5177 -27.6919 -11.1676 -32.4418 -4.55394
-29.2184 -12.1393 -32.7012 -11.5177 -27.6919 -11.1676
-31.9099 -13.555 -29.9472 -12.4165 -29.2184 -12.1393
-27.6919 -11.1676 -29.2184 -12.1393 -42.3483 -21.3789
-29.2184 -12.1393 -31.9099 -13.555 -42.3483 -21.3789
-31.9099 -13.555 -43.6254 -18.8522 -42.3483 -21.3789
-42.3483 -21.3789 -43.6254 -18.8522 -46.7493 -17.1896
-36.7293 -28.089 -42.3483 -21.3789 -46.7493 -17.1896
-30.8687 -31.853 -35.4963 -28.1713 -36.7293 -28.089
-30.7409 -32.3929 -30.8687 -31.853 -36.7293 -28.089
-46.7493 -17.1896 -36.7293 -28.089 -30.5172 -35.3244
-36.7293 -28.089 -30.7409 -32.3929 -30.5172 -35.3244
-36.5516 -24.5008 -36.1583 -26.5319 -35.4963 -28.1713
-36.1583 -26.5319 -36.7293 -28.089 -35.4963 -28.1713
-35.4963 -28.1713 -31.3412 -27.8505 -31.4891 -19.3953
-35.4963 -28.1713 -31.4891 -19.3953 -28.9418 -13.7324
-31.3412 -27.8505 -35.4963 -28.1713 -30.8687 -31.853
-30.5172 -35.3244 -30.7409 -32.3929 -29.2655 -32.0282
-30.4732 -26.1289 -29.2655 -32.0282 -27.2603 -40.7772
-29.2655 -32.0282 -30.5172 -35.3244 -27.2603 -40.7772
-42.1486 -24.0841 -36.5801 -30.3223 -27.2603 -40.7772
-36.5801 -30.3223 -30.5172 -35.3244 -27.2603 -40.7772
-30.5165 -22.7728 -26.4638 -22.48 -31.4891 -19.3953
-28.9861 -27.7351 -29.7379 -25.2963 -30.5165 -22.7728
-26.2083 -39.9616 -28.9861 -27.7351 -30.5165 -22.7728
-26.2083 -39.9616 -30.5165 -22.7728 -31.4891 -19.3953
-19.3653 -43.0113 -26.2083 -39.9616 -28.9861 -27.7351
-26.2083 -39.9616 -19.3653 -43.0113 -17.6376 -44.0445
-26.4638 -22.48 -31.4891 -19.3953 -28.9418 -13.7324
-25.3717 -24.5842 -26.4638 -22.48 -28.9418 -13.7324
-26.4638 -22.48 -25.3717 -24.5842 -21.1576 -35.0417
-23.1893 -34.7871 -28.9861 -27.7351 -29.7379 -25.2963
-29.7379 -25.2963 -23.1893 -34.7871 -22.6904 -35.489
-42.9493 21.8345 -37.1309 28.6586 -35.7671 30.8274
-39.5308 21.2271 -42.9493 21.8345 -37.1309 28.6586
-37.1309 28.6586 -39.5308 21.2271 -37.5195 20.0132
-40.6333 19.1776 -39.5308 21.2271 -42.9493 21.8345
-43.2169 16.3338 -40.6333 19.1776 -42.9493 21.8345
-42.9493 21.8345 -43.2169 16.3338 -44.7365 6.61287
-36.4712 27.6534 -37.1309 28.6586 -35.7671 30.8274
-35.0042 27.2079 -36.4712 27.6534 -35.7671 30.8274
-34.3093 25.7108 -35.0042 27.2079 -35.7671 30.8274
-32.0977 21.8278 -34.3093 25.7108 -35.7671 30.8274
-30.3677 18.843 -32.0977 21.8278 -35.7671 30.8274
-27.4112 14.2148 -30.3677 18.843 -35.7671 30.8274
-23.8741 7.87993 -27.4112 14.2148 -35.7671 30.8274
-20.3241 -2.9614 -21.7328 -2.77238 -23.8741 7.87993
-19.4229 -3.72034 -20.3241 -2.9614 -23.8741 7.87993
-18.9211 -4.41324 -19.4229 -3.72034 -23.8741 7.87993
-12.1805 -15.145 -18.9211 -4.41324 -23.8741 7.87993
-6.36545 -25.196 -9.64211 -21.6001 -10.1324 -20.2266
-6.36545 -25.196 -10.1324 -20.2266 -12.1805 -15.145
-6.36545 -25.196 -12.1805 -15.145 -23.8741 7.87993
-6.36545 -25.196 -23.8741 7.87993 -35.7671 30.8274
-35.7671 30.8274 -6.36545 -25.196 -3.03519 -31.4914
-12.1805 -15.145 -14.4628 -13.5526 -16.7539 -11.5664
-14.4628 -13.5526 -12.1805 -15.145 -10.1324 -20.2266
-34.7203 23.2715 -35.0042 27.2079 -36.4712 27.6534
-35.0042 27.2079 -34.7203 23.2715 -33.2 15.2601
-32.9234 20.6392 -34.3093 25.7108 -35.0042 27.2079
-30.3808 5.30222 -32.6771 17.8536 -32.9234 20.6392
-34.3093 25.7108 -32.9234 20.6392 -24.9784 -6.99944
-32.9234 20.6392 -30.3808 5.30222 -24.9784 -6.99944
-35.5189 16.559 -30.3808 5.30222 -24.9784 -6.99944
-22.2214 -3.58341 -21.7328 -2.77238 -23.8741 7.87993
-23.8009 -14.1139 -22.2214 -3.58341 -21.7328 -2.77238
-24.4929 -14.8707 -23.8009 -14.1139 -22.2214 -3.58341
-21.8369 -19.111 -24.4929 -14.8707 -23.8009 -14.1139
-24.4929 -14.8707 -21.8369 -19.111 -18.439 -34.9203
-19.604 -7.21763 -19.4229 -3.72034 -20.3241 -2.9614
-19.3658 -12.8124 -19.604 -7.21763 -20.3241 -2.9614
-18.7495 -17.0416 -19.3658 -12.8124 -19.604 -7.21763
-19.604 -7.21763 -18.7495 -17.0416 -17.8422 -26.9821
-13.8581 -25.8494 -9.64211 -21.6001 -10.1324 -20.2266
-13.7169 -37.3956 -13.8581 -25.8494 -9.64211 -21.6001
-9.64211 -21.6001 -13.7169 -37.3956 -15.5221 -44.4703
-13.7169 -37.3956 -15.0669 -37.733 -15.5221 -44.4703
-13.8581 -25.8494 -14.6674 -23.1788 -15.8879 -20.6384
-17.7964 -6.97645 -15.8879 -20.6384 -13.7169 -37.3956
-15.8879 -20.6384 -13.8581 -25.8494 -13.7169 -37.3956
-13.7169 -37.3956 -14.5602 -36.1308 -16.0544 -30.4855
-14.5602 -36.1308 -13.7169 -37.3956 -15.0669 -37.733
-5.83311 -29.1933 -6.36545 -25.196 -9.64211 -21.6001
-11.3257 -29.7784 -5.83311 -29.1933 -9.64211 -21.6001
-9.64211 -21.6001 -11.3257 -29.7784 -13.3342 -39.1001
-11.3257 -29.7784 -11.6127 -34.1733 -13.3342 -39.1001
-5.83311 -29.1933 -11.3257 -29.7784 -7.81466 -31.2512
-2.96255 -37.5512 -5.83311 -29.1933 -6.36545 -25.196
-5.83311 -29.1933 -2.96255 -37.5512 -0.546973 -44.5846
0.449469 -29.3544 -2.10924 -26.0039 2.85971 -24.8836
-1.24108 -33.4489 0.449469 -29.3544 2.85971 -24.8836
-2.96255 -37.5512 -1.24108 -33.4489 2.85971 -24.8836
4.08741 -17.9765 2.85971 -24.8836 -0.546973 -44.5846
2.85971 -24.8836 -2.96255 -37.5512 -0.546973 -44.5846
-2.10924 -26.0039 -3.90363 -22.1531 -5.79021 -21.545
-5.79021 -21.545 -2.10924 -26.0039 0.449469 -29.3544
-0.245773 -2.44815 -1.44159 0.442037 0.702388 4.77073
-2.48182 -21.6263 -1.26406 -9.74025 -0.245773 -2.44815
-2.48182 -21.6263 -0.245773 -2.44815 0.702388 4.77073
-1.26406 -9.74025 -2.48182 -21.6263 -3.90363 -22.1531
-1.96074 -20.2222 -2.48182 -21.6263 -2.10924 -26.0039
-2.48182 -21.6263 -3.90363 -22.1531 -2.10924 -26.0039
-0.117882 -12.3357 -0.90012 -18.5681 -2.10924 -26.0039
-0.90012 -18.5681 -0.517171 -19.5828 -2.10924 -26.0039
-0.517171 -19.5828 2.85971 -24.8836 -2.10924 -26.0039
1.54663 5.63066 2.1821 13.5636 3.88499 16.2578
0.0892287 -12.1589 0.573851 -6.61521 1.54663 5.63066
0.0892287 -12.1589 1.54663 5.63066 2.1821 13.5636
-0.517171 -19.5828 0.711645 -12.8277 0.0892287 -12.1589
-0.517171 -19.5828 0.0892287 -12.1589 2.1821 13.5636
0.711645 -12.8277 -0.517171 -19.5828 2.85971 -24.8836
1.61482 3.16534 0.573851 -6.61521 0.0892287 -12.1589
3.26207 19.1866 3.49499 20.0655 3.92178 22.9333
3.88499 16.2578 3.26207 19.1866 3.49499 20.0655
6.67028 -2.84323 3.88499 16.2578 3.49499 20.0655
3.88499 16.2578 6.67028 -2.84323 5.02508 -3.30895
6.67028 -2.84323 6.66627 -1.18756 7.04757 10.8058
5.29144 -10.0714 5.02508 -3.30895 6.67028 -2.84323
7.04757 10.8058 6.67028 -2.84323 6.47254 -10.4481
6.67028 -2.84323 5.29144 -10.0714 6.47254 -10.4481
6.40478 2.82284 6.66627 -1.18756 6.67028 -2.84323
3.90934 3.98585 3.49515 0.0486975 1.63093 -11.0592
3.49515 0.0486975 3.66992 -3.63647 1.63093 -11.0592
3.66992 -3.63647 4.0844 -8.84507 1.63093 -11.0592
4.0844 -8.84507 5.29144 -10.0714 1.63093 -11.0592
5.29144 -10.0714 6.47254 -10.4481 1.63093 -11.0592
2.1821 13.5636 3.88499 16.2578 3.26207 19.1866
-8.04646 -11.966 2.1821 13.5636 3.26207 19.1866
2.1821 13.5636 -8.04646 -11.966 -9.76501 -16.3708
-15.2006 42.1317 -19.0177 45.4165 -18.5117 45.9955
-0.685894 27.9168 -15.2006 42.1317 -18.5117 45.9955
3.92178 22.9333 0.537131 25.7488 -0.685894 27.9168
11.5866 14.0344 3.49499 20.0655 3.92178 22.9333
13.2762 12.18 11.5866 14.0344 3.92178 22.9333
16.978 9.03421 13.6937 10.8704 13.2762 12.18
16.978 9.03421 13.2762 12.18 3.92178 22.9333
16.978 9.03421 3.92178 22.9333 -0.685894 27.9168
21.5537 5.49335 16.978 9.03421 -0.685894 27.9168
21.5537 5.49335 -0.685894 27.9168 -18.5117 45.9955
16.978 9.03421 21.5537 5.49335 22.884 0.081015
11.535 18.3593 9.54595 21.2133 6.74405 21.5434
17.211 10.8116 11.535 18.3593 6.74405 21.5434
-0.848271 29.6289 6.74405 21.5434 21.5537 5.49335
6.74405 21.5434 17.211 10.8116 21.5537 5.49335
19.0364 13.9142 18.9084 18.3917 8.23732 25.1821
21.5537 5.49335 17.211 10.8116 19.0364 13.9142
21.5537 5.49335 19.0364 13.9142 18.9084 18.3917
22.884 0.081015 21.5537 5.49335 18.9084 18.3917
28.1683 -35.7874 24.064 -31.7201 28.6624 -27.2465
31.1844 -37.2967 28.1683 -35.7874 28.6624 -27.2465
31.1844 -37.2967 28.6624 -27.2465 22.884 0.081015
31.1844 -37.2967 22.884 0.081015 18.9084 18.3917
25.0907 -39.4968 31.1844 -37.2967 28.1683 -35.7874
27.1032 -39.6474 25.0907 -39.4968 31.1844 -37.2967
31.1844 -37.2967 27.1032 -39.6474 20.3904 -43.6415
13.086 3.86218 16.0655 4.79965 13.6937 10.8704
13.086 3.86218 13.6937 10.8704 13.2762 12.18
13.3462 -8.40804 20.8863 -6.85884 13.5371 0.684323
13.3462 -8.40804 13.5371 0.684323 13.086 3.86218
11.0578 -9.15711 13.3462 -8.40804 13.086 3.86218
11.0578 -9.15711 13.086 3.86218 13.2762 12.18
10.4992 -9.35623 11.0578 -9.15711 13.3462 -8.40804
8.81935 -15.6687 10.4992 -9.35623 13.3462 -8.40804
5.84905 -31.2831 7.75869 -17.136 8.81935 -15.6687
5.84905 -31.2831 8.81935 -15.6687 13.3462 -8.40804
13.3462 -8.40804 5.84905 -31.2831 2.96142 -40.1658
11.0578 -9.15711 10.7054 -6.12975 11.2528 -5.69117
10.7054 -6.12975 11.0578 -9.15711 10.4992 -9.35623
8.1042 -14.2207 7.75869 -17.136 5.84905 -31.2831
13.8157 -11.4162 13.3462 -8.40804 20.8863 -6.85884
12.5101 -14.4048 13.8157 -11.4162 13.3462 -8.40804
11.6895 -16.9384 12.5101 -14.4048 13.3462 -8.40804
9.21214 -33.9662 11.4893 -23.3371 11.6895 -16.9384
13.3462 -8.40804 11.6895 -16.9384 7.35164 -38.5929
11.6895 -16.9384 9.21214 -33.9662 7.35164 -38.5929
7.81903 -30.8831 7.35164 -38.5929 7.26711 -39.4619
14.725 -19.9037 14.3591 -18.644 14.3866 -16.5934
9.21214 -33.9662 14.725 -19.9037 14.3591 -18.644
14.725 -19.9037 9.21214 -33.9662 7.26711 -39.4619
9.21214 -33.9662 7.35164 -38.5929 7.26711 -39.4619
18.1478 -15.0724 21.4866 -8.34572 20.8863 -6.85884
21.4866 -8.34572 18.1478 -15.0724 12.1889 -27.2156
18.1478 -15.0724 15.0965 -20.5125 12.1889 -27.2156
23.2329 -9.20053 21.4866 -8.34572 20.8863 -6.85884
23.2329 -9.20053 20.8863 -6.85884 13.5371 0.684323
24.1921 -9.78705 23.2329 -9.20053 13.5371 0.684323
23.9284 -10.4009 24.1921 -9.78705 23.2329 -9.20053
26.7145 -21.9999 23.9284 -10.4009 23.2329 -9.20053
23.9284 -10.4009 26.7145 -21.9999 27.366 -23.9273
20.8767 -12.099 23.2329 -9.20053 21.4866 -8.34572
19.4909 -17.3182 20.8767 -12.099 21.4866 -8.34572
17.9851 -21.8173 19.4909 -17.3182 21.4866 -8.34572
21.4866 -8.34572 17.9851 -21.8173 15.0654 -32.037
17.9851 -21.8173 16.5911 -27.3448 15.0654 -32.037
16.5911 -27.3448 16.2974 -29.7993 15.0654 -32.037
21.2793 -21.6248 16.2974 -29.7993 15.0654 -32.037
20.0098 -23.0544 19.7719 -23.463 16.2974 -29.7993
19.7719 -23.463 16.5911 -27.3448 16.2974 -29.7993
20.5639 -19.0843 19.4909 -17.3182 20.8767 -12.099
20.8767 -12.099 20.5639 -19.0843 20.5916 -19.869
18.971 -3.80616 13.5371 0.684323 13.086 3.86218
13.5371 0.684323 18.971 -3.80616 20.7456 -5.55133
16.8713 3.50759 13.086 3.86218 16.0655 4.79965
16.0655 4.79965 16.8713 3.50759 18.6037 1.78253
28.6624 -27.2465 24.064 -31.7201 19.4898 -34.931
26.9383 -35.9948 28.1683 -35.7874 24.064 -31.7201
22.9619 -37.1017 26.9383 -35.9948 28.1683 -35.7874
15.1072 -39.2117 20.2669 -37.9406 22.9619 -37.1017
15.1072 -39.2117 22.9619 -37.1017 26.9383 -35.9948
12.0357 -39.4213 15.1072 -39.2117 26.9383 -35.9948
15.1072 -39.2117 12.0357 -39.4213 7.68828 -40.6327
16.5783 -38.1453 12.0357 -39.4213 7.68828 -40.6327
1.38228 -44.7893 15.1072 -39.2117 20.2669 -37.9406
15.1072 -39.2117 1.38228 -44.7893 -3.83101 -46.7143
6.30453 -43.2671 1.38228 -44.7893 -3.83101 -46.7143
14.5235 -44.0569 20.2669 -37.9406 22.9619 -37.1017
6.74277 -47.3695 10.8724 -45.4078 14.5235 -44.0569
22.9619 -37.1017 14.5235 -44.0569 10.4398 -48.0823
14.5235 -44.0569 6.74277 -47.3695 10.4398 -48.0823
-1.34552 -46.5286 6.74277 -47.3695 10.4398 -48.0823
14.5235 -44.0569 10.8724 -45.4078 6.36969 -46.4877
45.195 2.00241 40.4638 3.56931 18.9084 18.3917
45.195 2.00241 18.9084 18.3917 8.23732 25.1821
40.4638 3.56931 45.195 2.00241 44.4136 -0.327407
44.2758 2.62493 -6.16437 36.6417 -5.1955 36.9906
-6.16437 36.6417 44.2758 2.62493 45.195 2.00241
31.7681 21.5337 32.6261 21.8592 24.2006 23.0409
29.0432 19.9802 31.7681 21.5337 32.6261 21.8592
31.4773 18.4705 29.0432 19.9802 32.6261 21.8592
32.6613 15.5639 31.4773 18.4705 32.6261 21.8592
43.5929 12.5668 32.6613 15.5639 32.6261 21.8592
45.0938 11.3103 43.5929 12.5668 32.6261 21.8592
40.8493 11.1455 45.0938 11.3103 43.5929 12.5668
44.4342 7.69287 40.8493 11.1455 45.0938 11.3103
44.2758 2.62493 44.4342 7.69287 45.0938 11.3103
45.195 2.00241 44.2758 2.62493 45.0938 11.3103
44.0804 -1.42598 44.4136 -0.327407 45.195 2.00241
41.5332 -5.66333 40.1767 -4.1392 44.0804 -1.42598
44.9169 -7.27982 41.5332 -5.66333 44.0804 -1.42598
44.9169 -7.27982 44.0804 -1.42598 45.195 2.00241
45.3604 -10.2204 44.9169 -7.27982 45.195 2.00241
45.3604 -10.2204 45.195 2.00241 45.0938 11.3103
41.824 -15.2216 45.3604 -10.2204 44.9169 -7.27982
41.9519 -15.8669 41.824 -15.2216 45.3604 -10.2204
39.4698 -22.3915 41.9519 -15.8669 45.3604 -10.2204
37.7058 -25.9243 37.5021 -23.5476 39.4698 -22.3915
45.3604 -10.2204 39.4698 -22.3915 34.1422 -34.0558
39.4698 -22.3915 37.7058 -25.9243 34.1422 -34.0558
37.7058 -25.9243 36.2936 -26.3339 34.1422 -34.0558
26.9306 6.17617 27.049 9.14851 20.2456 16.3294
23.8743 5.72298 26.9306 6.17617 20.2456 16.3294
30.5958 -5.94054 23.8743 5.72298 26.9306 6.17617
31.9212 -8.7902 30.5958 -5.94054 26.9306 6.17617
33.1706 -23.7133 31.9212 -8.7902 30.5958 -5.94054
30.5958 -5.94054 33.1706 -23.7133 34.1422 -34.0558
33.1706 -23.7133 36.2936 -26.3339 34.1422 -34.0558
36.1052 -21.6155 37.5021 -23.5476 37.7058 -25.9243
41.824 -15.2216 39.9721 -14.5315 37.506 -14.5125
37.506 -14.5125 41.824 -15.2216 41.9519 -15.8669
40.4748 -10.1676 41.5332 -5.66333 40.1767 -4.1392
41.5332 -5.66333 40.4748 -10.1676 40.195 -12.19
35.2619 -6.14777 34.6101 -4.48684 32.9817 -3.51224
32.9817 -3.51224 35.2619 -6.14777 40.195 -12.19
35.2619 -6.14777 40.4748 -10.1676 40.195 -12.19
35.7382 -3.30036 34.6101 -4.48684 35.2619 -6.14777
31.0162 1.32847 26.9306 6.17617 27.049 9.14851
26.9306 6.17617 31.0162 1.32847 31.5849 0.626504
20.2456 16.3294 27.049 9.14851 36.2026 1.85147
28.5231 -8.23212 30.5958 -5.94054 23.8743 5.72298
30.5958 -5.94054 28.5231 -8.23212 27.5362 -10.5745
37.1524 21.3992 32.6261 21.8592 24.2006 23.0409
32.6261 21.8592 37.1524 21.3992 36.2206 19.9545
37.1524 21.3992 44.1682 21.5167 31.9363 22.6342
36.2206 19.9545 37.1524 21.3992 44.1682 21.5167
45.4852 14.6003 36.2206 19.9545 44.1682 21.5167
46.5845 11.9217 45.4852 14.6003 44.1682 21.5167
47.7231 7.19166 46.5845 11.9217 45.4852 14.6003
46.5845 11.9217 47.7231 7.19166 49.7662 1.9749
47.7231 7.19166 48.0851 4.27843 49.7662 1.9749
46.1404 6.35501 48.0851 4.27843 49.7662 1.9749
31.7681 21.5337 29.0432 19.9802 24.1889 19.8308
31.4773 18.4705 32.6613 15.5639 32.1259 14.5958
32.6613 15.5639 33.1967 15.15 32.1259 14.5958
-9.49621 41.9195 -7.22964 42.9886 -5.14313 49.4929
-10.8424 39.6559 -9.53673 41.0922 -9.49621 41.9195
-10.8424 39.6559 -9.49621 41.9195 -5.14313 49.4929
-5.1955 36.9906 -10.8424 39.6559 -9.53673 41.0922
0.870718 34.7524 -5.1955 36.9906 -9.53673 41.0922
4.46627 33.3806 0.870718 34.7524 -9.53673 41.0922
-9.53673 41.0922 4.46627 33.3806 13.1274 28.9679
4.46627 33.3806 11.474 29.4257 13.1274 28.9679
-6.29232 43.1894 -7.22964 42.9886 -9.49621 41.9195
13.3833 44.1642 16.7808 44.9663 13.17 47.1268
12.9195 42.2198 13.3833 44.1642 13.17 47.1268
14.5535 30.2906 12.9195 42.2198 13.3833 44.1642
15.9671 29.8707 14.5535 30.2906 13.3833 44.1642
14.5535 30.2906 15.9671 29.8707 13.1274 28.9679
13.1274 28.9679 11.474 29.4257 5.0227 30.6205
12.7244 25.5764 13.1274 28.9679 5.0227 30.6205
14.4509 24.6835 23.2163 24.8406 12.7244 25.5764
5.0227 30.6205 12.7244 25.5764 14.8163 23.3834
12.7244 25.5764 14.4509 24.6835 14.8163 23.3834
18.2306 30.7895 20.8241 33.4229 28.5206 40.4791
28.5206 40.4791 18.2306 30.7895 12.7244 25.5764
18.2306 30.7895 15.9671 29.8707 12.7244 25.5764
15.9671 29.8707 13.1274 28.9679 12.7244 25.5764
11.8327 48.4337 12.9195 42.2198 14.5535 30.2906
26.3241 26.5122 23.6106 25.9181 23.2163 24.8406
23.6106 25.9181 12.7244 25.5764 23.2163 24.8406
-6.16437 36.6417 -5.1955 36.9906 -10.8424 39.6559
-10.8424 39.6559 -6.16437 36.6417 32.6524 10.2707
37.3285 30.7168 33.4786 34.902 32.6319 35.99
32.6319 35.99 37.3285 30.7168 43.0511 24.6053
37.3285 30.7168 40.2019 26.9974 43.0511 24.6053
40.2019 26.9974 30.3127 25.1575 43.0511 24.6053
30.3127 25.1575 23.2163 24.8406 43.0511 24.6053
23.2163 24.8406 14.4509 24.6835 43.0511 24.6053
26.9517 33.1038 33.4786 34.902 32.6319 35.99
18.4253 29.1351 20.6816 29.3252 26.9517 33.1038
18.4253 29.1351 26.9517 33.1038 32.6319 35.99
20.6816 29.3252 18.4253 29.1351 24.1727 28.3378
29.9331 30.5768 26.9517 33.1038 33.4786 34.902
30.6105 29.7538 29.9331 30.5768 26.9517 33.1038
26.9517 33.1038 30.6105 29.7538 34.0257 26.4174
29.9331 30.5768 30.6105 29.7538 33.8603 27.405
14.6837 41.87 13.3833 44.1642 16.7808 44.9663
13.3833 44.1642 14.6837 41.87 16.6618 36.5933
23.7938 41.2381 16.7808 44.9663 13.17 47.1268
21.0518 40.6156 23.7938 41.2381 16.7808 44.9663
19.3471 40.0199 21.0518 40.6156 16.7808 44.9663
19.1175 39.2844 19.3471 40.0199 16.7808 44.9663
19.3471 40.0199 19.1175 39.2844 19.7406 36.0912
-4.39753 38.9586 -9.53673 41.0922 -9.49621 41.9195
-9.53673 41.0922 -4.39753 38.9586 8.53752 33.1576
9.54595 21.2133 6.74405 21.5434 9.905 22.0281
9.905 22.0281 9.54595 21.2133 15.133 14.8489
-29.7532 32.6899 -19.659 44.4602 -19.0177 45.4165
-18.5117 45.9955 -19.0177 45.4165 -33.7876 30.6515
-19.0177 45.4165 -29.7532 32.6899 -33.7876 30.6515
-28.2641 33.2179 -24.951 35.5071 -24.7287 35.8075
-29.7532 32.6899 -28.2641 33.2179 -24.7287 35.8075
-29.7532 32.6899 -24.7287 35.8075 -16.716 41.4773
-33.7876 30.6515 -29.7532 32.6899 -28.2641 33.2179
-28.2814 30.5759 -33.7876 30.6515 -28.2641 33.2179
-33.7876 30.6515 -28.2814 30.5759 -21.3528 29.9883
-21.3528 29.9883 -28.2814 30.5759 -24.5633 30.6962
-21.3528 29.9883 -24.5633 30.6962 -17.6401 31.5325
-21.3528 29.9883 -17.6401 31.5325 -10.6896 32.6878
-10.6896 32.6878 -21.3528 29.9883 -24.3905 28.98
-20.4067 31.7391 -17.1013 35.2895 -15.1206 38.0187
-17.6401 31.5325 -20.4067 31.7391 -17.1013 35.2895
-20.4067 31.7391 -17.6401 31.5325 -24.5633 30.6962
-18.0116 44.2576 -19.659 44.4602 -19.0177 45.4165
-19.0177 45.4165 -18.0116 44.2576 -6.5941 32.9151
0.537131 25.7488 -7.68269 26.6473 -2.05418 27.0756
0.537131 25.7488 -2.05418 27.0756 -4.01439 28.5981
3.92178 22.9333 0.537131 25.7488 -7.68269 26.6473
1.0966 20.9593 3.92178 22.9333 -7.68269 26.6473
1.17845 19.2695 -1.2074 20.6377 1.0966 20.9593
1.17845 19.2695 1.0966 20.9593 3.92178 22.9333
-0.487157 16.2224 -7.29038 19.0345 1.17845 19.2695
-0.487157 16.2224 1.17845 19.2695 3.92178 22.9333
-5.80524 10.8472 -4.32991 14.5027 -0.487157 16.2224
-6.35785 10.2229 -5.80524 10.8472 -0.487157 16.2224
-4.59413 5.92908 -6.35785 10.2229 -0.487157 16.2224
-4.59413 5.92908 -0.487157 16.2224 3.92178 22.9333
-6.35785 10.2229 -4.59413 5.92908 -4.33916 5.15783
-4.33916 5.15783 -4.59413 5.92908 -2.03745 8.65596
-2.03745 8.65596 -4.33916 5.15783 -3.82848 3.12159
-20.5897 18.3508 -14.1015 18.8741 -25.033 23.4422
-10.1524 6.15188 -20.5897 18.3508 -25.033 23.4422
-4.33916 5.15783 -11.0416 5.93845 -10.1524 6.15188
-4.33916 5.15783 -10.1524 6.15188 -20.5897 18.3508
-11.0416 5.93845 -4.33916 5.15783 -3.82848 3.12159
-7.29038 19.0345 -23.1813 24.7732 -30.147 27.2241
-30.147 27.2241 -7.29038 19.0345 -0.487157 16.2224
1.0966 20.9593 -12.6429 23.3045 -14.0872 23.5898
-12.6429 23.3045 1.0966 20.9593 -1.2074 20.6377
-10.3717 26.5538 -7.68269 26.6473 -2.05418 27.0756
-7.68269 26.6473 -10.3717 26.5538 -8.19229 26.3755
-6.28751 23.266 -8.19229 26.3755 -10.3717 26.5538
-6.28751 23.266 -10.3717 26.5538 -13.6611 29.0064
-8.19229 26.3755 -6.28751 23.266 -2.88127 22.7219
-14.9906 24.9748 -17.5138 25.0905 -18.3248 25.1287
-11.8437 24.8526 -14.9906 24.9748 -18.3248 25.1287
-9.67398 24.1101 -11.8437 24.8526 -14.9906 24.9748
-6.28751 23.266 -9.72969 23.4947 -9.67398 24.1101
-6.28751 23.266 -9.67398 24.1101 -11.8437 24.8526
-9.72969 23.4947 -6.28751 23.266 -2.88127 22.7219
-0.487157 16.2224 -4.32991 14.5027 -10.8449 13.5814
-15.1011 8.93245 -23.3555 15.05 -28.0689 21.3999
-10.1524 6.15188 -15.1011 8.93245 -28.0689 21.3999
-10.1524 6.15188 -28.0689 21.3999 -29.018 22.2401
-11.0416 5.93845 -10.1524 6.15188 -15.1011 8.93245
-12.0729 5.16205 -11.0416 5.93845 -15.1011 8.93245
-15.1011 8.93245 -12.0729 5.16205 -9.16747 0.936235
-27.7113 20.6971 -28.0689 21.3999 -29.018 22.2401
-13.8689 -3.74101 -20.2063 5.26501 -27.7113 20.6971
-13.8689 -3.74101 -27.7113 20.6971 -28.0689 21.3999
-20.2063 5.26501 -13.8689 -3.74101 -15.0249 -4.86449
-13.4272 -3.48723 -13.8689 -3.74101 -15.0249 -4.86449
-23.4138 14.5685 -23.3555 15.05 -28.0689 21.3999
-17.7975 7.61259 -18.8322 9.3413 -23.4138 14.5685
-18.3913 7.1617 -17.7975 7.61259 -23.4138 14.5685
-18.3913 7.1617 -23.4138 14.5685 -28.0689 21.3999
-17.7975 7.61259 -18.3913 7.1617 -15.3455 6.03096
0.702388 4.77073 -1.44159 0.442037 -2.79326 -1.21718
-2.66508 -7.03583 -0.245773 -2.44815 -1.44159 0.442037
-3.2338 -8.3086 -2.66508 -7.03583 -1.44159 0.442037
-4.97139 -14.6276 -3.2338 -8.3086 -1.44159 0.442037
-3.2338 -8.3086 -4.97139 -14.6276 -6.60722 -21.9389
-39.4682 14.6798 -43.2169 16.3338 -40.6333 19.1776
-38.1921 7.72558 -40.9495 12.8307 -39.4682 14.6798
-40.6333 19.1776 -39.4682 14.6798 -37.5064 7.38302
-39.4682 14.6798 -38.1921 7.72558 -37.5064 7.38302
-41.8987 8.24567 -38.1921 7.72558 -37.5064 7.38302
-42.7287 14.6131 -40.9495 12.8307 -38.1921 7.72558
-40.4447 3.04492 -41.9923 3.53928 -49.1118 8.17736
-49.1118 8.17736 -40.4447 3.04492 -37.848 2.05528
