-1.59734 47.3905 -0.0961337 58.5542 1.09549 72.818
1.09549 72.818 -1.59734 47.3905 -3.05667 37.7869
0.546752 33.0538 -1.59734 47.3905 -0.0961337 58.5542
1.40196 23.9451 0.546752 33.0538 -0.0961337 58.5542
0.546752 33.0538 1.40196 23.9451 -2.49768 8.89952
3.68547 82.2387 7.58959 83.4036 -2.75509 90.255
9.36502 70.81 3.68547 82.2387 -2.75509 90.255
17.1763 68.8514 9.36502 70.81 3.68547 82.2387
11.8067 57.0099 17.1763 68.8514 9.36502 70.81
6.45378 46.2392 11.8067 57.0099 9.36502 70.81
1.40196 23.9451 6.45378 46.2392 11.8067 57.0099
11.8067 57.0099 1.40196 23.9451 -2.49768 8.89952
17.1763 68.8514 11.8067 57.0099 8.06455 36.9874
20.2208 80.9975 7.58959 83.4036 -2.75509 90.255
28.788 80.2153 20.2208 80.9975 -2.75509 90.255
57.5905 72.1435 41.2967 73.8452 28.788 80.2153
57.5905 72.1435 28.788 80.2153 -2.75509 90.255
48.3038 67.5633 57.5905 72.1435 41.2967 73.8452
47.9623 62.5465 48.3038 67.5633 57.5905 72.1435
57.5905 72.1435 47.9623 62.5465 38.9824 52.5835
31.9462 66.7347 41.2967 73.8452 28.788 80.2153
22.8493 62.1714 31.9462 66.7347 28.788 80.2153
18.5034 49.5948 22.8493 62.1714 28.788 80.2153
22.8493 62.1714 18.5034 49.5948 11.6412 29.5393
29.6951 60.1364 22.8493 62.1714 31.9462 66.7347
13.5598 9.99113 22.4394 40.9201 29.6951 60.1364
13.5598 9.99113 29.6951 60.1364 31.9462 66.7347
9.78652 -1.88766 13.5598 9.99113 31.9462 66.7347
13.5598 9.99113 9.78652 -1.88766 0.0831298 -2.13668
69.3338 0.498915 121.843 3.12621 137.682 3.23177
121.843 3.12621 69.3338 0.498915 9.78652 -1.88766
69.3338 0.498915 97.4602 1.04205 176.078 2.18425
9.78652 -1.88766 69.3338 0.498915 176.078 2.18425
176.078 2.18425 9.78652 -1.88766 0.0831298 -2.13668
29.6951 60.1364 22.4394 40.9201 13.4003 17.4059
137.682 3.23177 247.242 3.61125 163.637 6.57801
121.843 3.12621 137.682 3.23177 163.637 6.57801
63.987 2.71412 121.843 3.12621 163.637 6.57801
121.843 3.12621 63.987 2.71412 49.1015 2.56464
22.4286 -2.90378 82.9185 -1.6264 196.382 2.08013
22.4286 -2.90378 196.382 2.08013 221.334 2.85667
22.4286 -2.90378 221.334 2.85667 247.242 3.61125
86.5685 -3.0301 22.4286 -2.90378 82.9185 -1.6264
112.77 -3.10303 86.5685 -3.0301 22.4286 -2.90378
22.4286 -2.90378 112.77 -3.10303 158.274 -3.25386
263.556 -0.578775 280.862 0.20863 322.566 0.399644
322.566 0.399644 263.556 -0.578775 112.77 -3.10303
263.556 -0.578775 169.97 -1.87898 112.77 -3.10303
169.97 -1.87898 86.5685 -3.0301 112.77 -3.10303
158.274 -3.25386 112.77 -3.10303 187.78 -1.8731
187.78 -1.8731 158.274 -3.25386 151.492 -3.58185
163.637 6.57801 167.724 8.11612 120.678 8.53484
247.242 3.61125 163.637 6.57801 167.724 8.11612
167.724 8.11612 247.242 3.61125 288.746 1.52928
247.242 3.61125 221.334 2.85667 288.746 1.52928
209.194 0.643701 231.662 0.89986 196.382 2.08013
231.662 0.89986 209.194 0.643701 126.933 -0.540974
231.662 0.89986 196.382 2.08013 221.334 2.85667
221.334 2.85667 231.662 0.89986 239.069 0.592879
106.737 9.30298 62.6615 10.4349 19.6762 11.8698
120.678 8.53484 106.737 9.30298 62.6615 10.4349
167.724 8.11612 120.678 8.53484 106.737 9.30298
179.291 7.97482 167.724 8.11612 106.737 9.30298
191.623 7.51893 179.291 7.97482 167.724 8.11612
179.291 7.97482 191.623 7.51893 223.319 6.76946
49.9544 10.1396 62.6615 10.4349 19.6762 11.8698
39.2773 10.1256 49.9544 10.1396 19.6762 11.8698
49.9544 10.1396 39.2773 10.1256 28.138 6.68593
36.7571 3.15936 67.4778 7.41588 49.9544 10.1396
67.4778 7.41588 36.7571 3.15936 26.7949 1.52265
67.4778 7.41588 49.9544 10.1396 62.6615 10.4349
93.91 7.23821 67.4778 7.41588 62.6615 10.4349
140.659 6.54225 93.91 7.23821 67.4778 7.41588
93.91 7.23821 140.659 6.54225 147.654 6.5114
126.279 6.5673 140.659 6.54225 147.654 6.5114
36.8984 59.9664 31.9462 66.7347 41.2967 73.8452
33.0869 46.3713 36.8984 59.9664 31.9462 66.7347
32.8879 37.8998 33.0869 46.3713 31.9462 66.7347
28.2172 32.6982 32.8879 37.8998 31.9462 66.7347
20.7697 28.5857 28.2172 32.6982 31.9462 66.7347
76.5053 26.0412 71.9403 26.9798 20.7697 28.5857
61.2274 21.5216 76.5053 26.0412 20.7697 28.5857
27.6447 21.0071 126.308 21.3478 61.2274 21.5216
27.6447 21.0071 61.2274 21.5216 20.7697 28.5857
52.5466 16.8454 76.8748 18.0276 27.6447 21.0071
17.0563 16.5442 52.5466 16.8454 27.6447 21.0071
17.0563 16.5442 27.6447 21.0071 20.7697 28.5857
17.0563 16.5442 20.7697 28.5857 31.9462 66.7347
36.5262 16.5122 17.0563 16.5442 52.5466 16.8454
76.0326 13.9964 36.5262 16.5122 52.5466 16.8454
52.5466 16.8454 76.0326 13.9964 103.887 11.6035
33.0869 46.3713 48.4899 47.9067 58.4008 50.4054
48.4899 47.9067 33.0869 46.3713 32.8879 37.8998
42.855 37.7628 28.2172 32.6982 20.7697 28.5857
58.0909 31.7766 48.5936 30.7066 71.9403 26.9798
48.5936 30.7066 41.8924 30.1564 71.9403 26.9798
41.8924 30.1564 20.7697 28.5857 71.9403 26.9798
80.1116 91.7786 22.7802 91.99 116.382 92.7367
93.2969 89.6969 80.1116 91.7786 116.382 92.7367
113.735 89.1977 93.2969 89.6969 116.382 92.7367
101.369 82.7538 92.8307 83.3653 113.735 89.1977
93.8771 72.9514 101.369 82.7538 113.735 89.1977
102.565 72.2738 93.8771 72.9514 113.735 89.1977
102.565 72.2738 113.735 89.1977 116.382 92.7367
81.9262 71.494 102.565 72.2738 93.8771 72.9514
91.5422 63.8742 81.9262 71.494 102.565 72.2738
48.5936 30.7066 68.8317 47.5006 91.5422 63.8742
48.5936 30.7066 91.5422 63.8742 102.565 72.2738
68.8317 47.5006 48.5936 30.7066 41.8924 30.1564
96.1084 50.8283 113.557 71.7165 121.751 83.5764
86.8952 38.9452 81.022 39.564 96.1084 50.8283
86.8952 38.9452 96.1084 50.8283 113.557 71.7165
113.557 71.7165 86.8952 38.9452 76.5053 26.0412
86.8952 38.9452 71.9403 26.9798 76.5053 26.0412
76.5053 26.0412 148.311 38.1283 210.667 48.9562
148.311 38.1283 76.5053 26.0412 61.2274 21.5216
113.086 16.2743 76.8748 18.0276 27.6447 21.0071
209.545 11.1262 113.086 16.2743 27.6447 21.0071
246.978 8.98593 238.962 9.60242 209.545 11.1262
246.978 8.98593 209.545 11.1262 113.086 16.2743
361.423 3.306 233.255 8.61927 246.978 8.98593
361.423 3.306 246.978 8.98593 238.962 9.60242
369.41 3.12138 361.423 3.306 238.962 9.60242
238.962 9.60242 369.41 3.12138 377.288 2.78275
233.255 8.61927 246.978 8.98593 201.37 9.84332
201.37 9.84332 233.255 8.61927 279.815 6.32622
331.564 2.61207 369.41 3.12138 361.423 3.306
349.724 -0.223835 331.564 2.61207 369.41 3.12138
369.41 3.12138 349.724 -0.223835 336.786 -3.00407
349.724 -0.223835 298.987 -2.57178 336.786 -3.00407
331.564 2.61207 308.391 3.27649 260.396 6.1488
308.391 3.27649 331.564 2.61207 349.724 -0.223835
349.724 -0.223835 298.987 -2.57178 270.949 -3.69574
332.036 80.1834 321.894 82.3613 358.288 89.9734
330.278 72.487 332.036 80.1834 358.288 89.9734
306.846 61.9457 323.894 70.2619 330.278 72.487
301.404 53.4274 299.677 60.925 306.846 61.9457
301.404 53.4274 306.846 61.9457 330.278 72.487
301.404 53.4274 330.278 72.487 358.288 89.9734
268.037 31.4901 301.404 53.4274 358.288 89.9734
259.605 28.8838 279.842 29.6165 268.037 31.4901
259.605 28.8838 268.037 31.4901 301.404 53.4274
226.005 27.4404 259.605 28.8838 279.842 29.6165
222.863 26.7703 226.005 27.4404 279.842 29.6165
126.308 21.3478 136.637 23.9089 222.863 26.7703
126.308 21.3478 222.863 26.7703 279.842 29.6165
93.8104 19.5256 27.6447 21.0071 126.308 21.3478
93.8104 19.5256 126.308 21.3478 279.842 29.6165
100.156 19.2593 93.8104 19.5256 27.6447 21.0071
229.78 19.1206 219.516 19.2062 100.156 19.2593
158.814 18.2231 229.78 19.1206 100.156 19.2593
172.616 16.505 158.814 18.2231 100.156 19.2593
172.616 16.505 100.156 19.2593 27.6447 21.0071
300.946 10.2747 172.616 16.505 27.6447 21.0071
273.365 8.7181 319.48 9.64391 300.946 10.2747
273.365 8.7181 300.946 10.2747 27.6447 21.0071
27.6447 21.0071 273.365 8.7181 293.791 7.61579
226.005 27.4404 236.208 32.933 270.647 41.8836
236.208 32.933 226.005 27.4404 222.863 26.7703
296.594 66.478 299.677 60.925 301.404 53.4274
311.969 71.4031 306.846 61.9457 299.677 60.925
331.972 56.4927 353.322 69.8004 368.526 79.2112
318.123 49.5308 331.972 56.4927 353.322 69.8004
283.798 40.0254 292.791 42.8558 318.123 49.5308
268.037 31.4901 283.798 40.0254 318.123 49.5308
331.972 56.4927 318.123 49.5308 279.842 29.6165
318.123 49.5308 268.037 31.4901 279.842 29.6165
310.871 51.111 318.424 57.2995 343.561 76.6423
318.424 57.2995 310.871 51.111 292.791 42.8558
310.871 51.111 318.123 49.5308 292.791 42.8558
353.155 76.4362 363.459 82.1869 381.761 93.5784
310.871 51.111 343.545 68.9066 353.155 76.4362
310.871 51.111 353.155 76.4362 381.761 93.5784
343.545 68.9066 310.871 51.111 318.123 49.5308
286.515 29.2288 250.584 27.4164 93.8104 19.5256
250.584 27.4164 181.505 23.43 93.8104 19.5256
181.505 23.43 148.691 21.0235 93.8104 19.5256
148.691 21.0235 206.699 22.8416 203.447 23.0151
206.699 22.8416 148.691 21.0235 100.156 19.2593
148.691 21.0235 93.8104 19.5256 100.156 19.2593
219.516 19.2062 257.569 20.4657 291.623 22.4205
257.569 20.4657 219.516 19.2062 229.78 19.1206
300.946 10.2747 313.746 10.9563 329.523 11.4707
329.523 11.4707 300.946 10.2747 319.48 9.64391
319.48 9.64391 347.72 9.82747 343.175 10.3758
319.48 9.64391 343.175 10.3758 356.855 11.5554
273.365 8.7181 319.48 9.64391 347.72 9.82747
373.725 7.35697 273.365 8.7181 347.72 9.82747
273.365 8.7181 373.725 7.35697 378.939 7.2092
367.468 36.2429 368.488 50.8961 370.604 58.0329
371.505 33.4765 367.468 36.2429 370.604 58.0329
376.785 18.7707 351.803 19.8085 359.473 22.986
376.785 18.7707 359.473 22.986 371.505 33.4765
376.785 18.7707 371.505 33.4765 370.604 58.0329
371.411 16.1116 340.289 18.416 376.785 18.7707
373.725 7.35697 371.411 16.1116 376.785 18.7707
370.604 58.0329 376.785 18.7707 378.939 7.2092
376.785 18.7707 373.725 7.35697 378.939 7.2092
332.941 20.3105 353.905 28.0791 361.556 31.487
351.803 19.8085 332.941 20.3105 353.905 28.0791
332.941 20.3105 351.803 19.8085 376.785 18.7707
323.847 18.3556 340.289 18.416 376.785 18.7707
268.947 17.5392 323.847 18.3556 340.289 18.416
340.289 18.416 268.947 17.5392 297.031 17.0769
323.847 18.3556 268.947 17.5392 190.185 16.7431
360.06 51.9043 347.41 52.3174 360.045 59.6878
360.06 51.9043 360.045 59.6878 362.479 67.9603
340.992 39.2847 329.716 39.5142 349.008 41.5739
358.791 38.0043 340.992 39.2847 349.008 41.5739
358.791 38.0043 349.008 41.5739 360.06 51.9043
358.791 38.0043 360.06 51.9043 362.479 67.9603
322.443 31.6551 358.791 38.0043 340.992 39.2847
337.137 29.5975 322.443 31.6551 358.791 38.0043
291.623 22.4205 327.45 28.8784 337.137 29.5975
358.791 38.0043 337.137 29.5975 311.186 19.5212
337.137 29.5975 291.623 22.4205 311.186 19.5212
291.623 22.4205 257.569 20.4657 311.186 19.5212
303.534 30.544 317.35 43.6087 326.194 50.6233
317.35 43.6087 303.534 30.544 291.623 22.4205
303.534 30.544 327.45 28.8784 291.623 22.4205
307.491 32.7154 322.443 31.6551 337.137 29.5975
347.41 52.3174 360.06 51.9043 343.315 51.4147
326.194 50.6233 317.35 43.6087 309.856 38.8639
246.758 23.2864 250.584 27.4164 286.515 29.2288
346.459 63.5655 340.17 59.9597 277.309 22.8803
340.17 59.9597 286.515 29.2288 277.309 22.8803
286.515 29.2288 246.758 23.2864 277.309 22.8803
239.716 23.3571 246.758 23.2864 277.309 22.8803
346.459 63.5655 340.17 59.9597 299.26 36.7411
380.366 80.2419 363.459 82.1869 381.761 93.5784
376.884 59.0962 372.719 66.1196 378.593 68.0972
378.345 36.8963 376.884 59.0962 378.593 68.0972
378.345 36.8963 378.593 68.0972 380.366 80.2419
378.345 36.8963 380.366 80.2419 381.761 93.5784
376.884 59.0962 378.345 36.8963 376.836 29.3806
380.652 47.2047 378.345 36.8963 376.836 29.3806
236.324 68.2284 321.894 82.3613 358.288 89.9734
358.288 89.9734 236.324 68.2284 192.66 60.5774
293.555 67.1233 332.036 80.1834 321.894 82.3613
282.907 63.7823 293.555 67.1233 321.894 82.3613
286.179 60.1334 282.907 63.7823 293.555 67.1233
278.192 52.1943 286.179 60.1334 293.555 67.1233
270.749 51.8325 278.192 52.1943 286.179 60.1334
278.192 52.1943 270.749 51.8325 249.645 48.4555
270.749 51.8325 262.48 51.6313 249.645 48.4555
222.863 26.7703 189.757 27.2122 183.953 27.9071
136.637 23.9089 222.863 26.7703 189.757 27.2122
189.757 27.2122 136.637 23.9089 119.653 23.4444
158.746 36.7173 171.727 40.3816 188.432 42.3271
148.431 28.9996 161.793 30.0203 140.002 30.3328
189.757 27.2122 183.953 27.9071 148.431 28.9996
122.794 26.6284 189.757 27.2122 148.431 28.9996
122.794 26.6284 148.431 28.9996 140.002 30.3328
122.794 26.6284 140.002 30.3328 158.746 36.7173
122.794 26.6284 158.746 36.7173 171.727 40.3816
189.757 27.2122 122.794 26.6284 93.7232 26.119
216.494 36.3842 231.66 37.4443 261.213 42.7893
161.793 30.0203 198.161 32.7255 216.494 36.3842
161.793 30.0203 216.494 36.3842 261.213 42.7893
198.161 32.7255 161.793 30.0203 148.431 28.9996
236.6 36.9862 231.66 37.4443 261.213 42.7893
236.6 36.9862 261.213 42.7893 290.512 49.4342
290.512 49.4342 236.6 36.9862 207.928 29.9029
290.512 49.4342 261.213 42.7893 246.021 42.4796
216.458 46.2061 230.666 47.7506 242.599 51.7228
188.432 42.3271 216.458 46.2061 242.599 51.7228
171.727 40.3816 188.432 42.3271 242.599 51.7228
128.748 33.6376 171.727 40.3816 242.599 51.7228
108.142 29.5385 128.748 33.6376 171.727 40.3816
128.748 33.6376 108.142 29.5385 72.8284 22.9212
216.458 46.2061 211.678 43.1188 183.61 38.3055
211.678 43.1188 216.458 46.2061 230.666 47.7506
230.666 47.7506 211.678 43.1188 166.802 31.6544
242.599 51.7228 230.666 47.7506 203.763 37.8572
108.598 57.9005 113.557 71.7165 121.751 83.5764
121.751 83.5764 108.598 57.9005 96.6587 32.5625
113.184 76.0107 98.8707 59.9362 81.022 39.564
98.8707 59.9362 89.7089 53.7783 81.022 39.564
89.7089 53.7783 68.747 42.0158 81.022 39.564
82.7643 53.1836 68.747 42.0158 61.4711 37.5521
68.747 42.0158 81.022 39.564 61.4711 37.5521
81.022 39.564 86.8952 38.9452 61.4711 37.5521
116.382 92.7367 302.201 93.3629 12.8383 93.6342
22.7802 91.99 116.382 92.7367 12.8383 93.6342
32.0988 88.2843 22.7802 91.99 12.8383 93.6342
37.7048 82.8041 32.0988 88.2843 12.8383 93.6342
12.8383 93.6342 37.7048 82.8041 69.2127 68.9447
366.208 93.3486 302.201 93.3629 12.8383 93.6342
333.346 92.4064 366.208 93.3486 302.201 93.3629
320.062 92.0341 333.346 92.4064 302.201 93.3629
266.315 89.8901 320.062 92.0341 333.346 92.4064
310.15 87.8421 266.315 89.8901 333.346 92.4064
226.112 69.0976 310.15 87.8421 333.346 92.4064
217.116 67.1389 226.112 69.0976 333.346 92.4064
166.372 57.3656 217.116 67.1389 226.112 69.0976
217.116 67.1389 166.372 57.3656 108.154 46.1485
166.372 57.3656 128.54 56.279 108.154 46.1485
142.044 51.812 197.586 59.6382 290.792 76.8588
290.792 76.8588 142.044 51.812 108.154 46.1485
142.044 51.812 123.102 48.5211 108.154 46.1485
147.596 80.9527 172.731 87.5345 183.9 90.6637
142.535 79.9467 147.596 80.9527 183.9 90.6637
141.99 70.4972 142.535 79.9467 147.596 80.9527
121.7 57.1624 141.99 70.4972 142.535 79.9467
108.154 46.1485 128.54 56.279 121.7 57.1624
108.154 46.1485 121.7 57.1624 142.535 79.9467
142.535 79.9467 108.154 46.1485 103.766 42.1137
108.154 46.1485 112.863 42.2876 103.766 42.1137
251.657 58.4111 258.318 58.5788 272.128 60.1126
127.932 48.8679 173.64 50.8432 193.268 53.2321
127.932 48.8679 193.268 53.2321 251.657 58.4111
127.932 48.8679 251.657 58.4111 272.128 60.1126
123.102 48.5211 127.932 48.8679 272.128 60.1126
108.154 46.1485 123.102 48.5211 127.932 48.8679
127.932 48.8679 108.154 46.1485 112.863 42.2876
258.709 67.1787 246.882 67.299 268.682 67.9182
219.492 62.3389 258.709 67.1787 268.682 67.9182
197.586 59.6382 219.492 62.3389 258.709 67.1787
219.492 62.3389 197.586 59.6382 142.044 51.812
159.263 52.5807 228.92 60.164 242.87 62.2601
228.92 60.164 159.263 52.5807 123.102 48.5211
159.263 52.5807 142.044 51.812 123.102 48.5211
146.902 72.4338 141.99 70.4972 121.7 57.1624
253.725 86.0531 136.076 60.24 121.7 57.1624
136.076 60.24 156.829 63.6587 170.221 66.5045
121.7 57.1624 136.076 60.24 156.829 63.6587
156.829 63.6587 121.7 57.1624 128.54 56.279
197.608 69.8765 153.569 60.8165 128.54 56.279
153.569 60.8165 166.372 57.3656 128.54 56.279
208.072 71.7082 247.733 79.0197 239.567 82.3085
193.682 67.5997 208.072 71.7082 239.567 82.3085
208.072 71.7082 193.682 67.5997 166.372 57.3656
193.682 67.5997 178.112 63.6127 166.372 57.3656
178.112 63.6127 153.569 60.8165 166.372 57.3656
242.629 88.0961 259.489 89.2147 266.315 89.8901
192.685 87.002 242.629 88.0961 266.315 89.8901
192.685 87.002 266.315 89.8901 320.062 92.0341
198.317 82.4895 192.685 87.002 242.629 88.0961
193.018 78.8762 198.317 82.4895 242.629 88.0961
198.317 82.4895 193.018 78.8762 183.82 76.6888
226.362 91.9618 206.404 92.0887 156.901 92.7126
216.568 91.5108 226.362 91.9618 206.404 92.0887
203.538 89.2062 216.568 91.5108 206.404 92.0887
192.685 87.002 203.538 89.2062 206.404 92.0887
206.404 92.0887 192.685 87.002 162.941 77.7616
192.685 87.002 198.317 82.4895 162.941 77.7616
151.618 89.5118 206.404 92.0887 156.901 92.7126
132.209 88.2317 151.618 89.5118 156.901 92.7126
138.343 87.6477 132.209 88.2317 151.618 89.5118
151.618 89.5118 138.343 87.6477 130.498 73.1534
131.054 81.9714 138.343 87.6477 132.209 88.2317
138.343 87.6477 131.054 81.9714 118.639 71.3012
226.026 83.2168 242.629 88.0961 259.489 89.2147
220.641 81.876 226.026 83.2168 259.489 89.2147
176.787 73.8554 210.644 80.5058 220.641 81.876
259.489 89.2147 220.641 81.876 158.768 69.9427
220.641 81.876 176.787 73.8554 158.768 69.9427
283.488 87.2505 310.15 87.8421 266.315 89.8901
291.967 86.2025 283.488 87.2505 310.15 87.8421
310.15 87.8421 291.967 86.2025 270.037 83.5913
239.567 82.3085 247.733 79.0197 258.884 78.0463
183.9 90.6637 172.731 87.5345 170.157 83.5149
150.215 48.7597 127.932 48.8679 173.64 50.8432
173.64 50.8432 150.215 48.7597 126.507 42.2483
142.772 42.4445 173.64 50.8432 193.268 53.2321
193.268 53.2321 142.772 42.4445 121.933 37.8471
197.585 49.923 251.657 58.4111 258.318 58.5788
258.318 58.5788 197.585 49.923 179.07 46.0876
228.92 60.164 242.87 62.2601 278.661 67.0023
278.661 67.0023 228.92 60.164 209.639 56.5793
350.157 91.9919 333.346 92.4064 366.208 93.3486
341.882 89.6045 350.157 91.9919 366.208 93.3486
307.209 83.6828 341.882 89.6045 366.208 93.3486
303.722 83.3107 307.209 83.6828 341.882 89.6045
307.209 83.6828 303.722 83.3107 277.696 79.4158
57.0911 81.4702 32.0988 88.2843 22.7802 91.99
22.7802 91.99 57.0911 81.4702 68.2319 78.3129
50.9854 82.4872 57.0911 81.4702 68.2319 78.3129
58.8012 91.5385 80.1116 91.7786 22.7802 91.99
36.9645 91.3642 58.8012 91.5385 22.7802 91.99
22.7802 91.99 36.9645 91.3642 53.3675 88.8443
58.8012 91.5385 36.9645 91.3642 69.0155 90.7974
80.1116 91.7786 93.2969 89.6969 97.9787 88.6181
81.0525 63.2023 91.5422 63.8742 81.9262 71.494
81.0525 63.2023 81.9262 71.494 78.69 83.1707
91.5422 63.8742 81.0525 63.2023 58.8647 61.7301
67.1446 56.3867 58.4008 50.4054 51.3827 43.0179
58.4008 50.4054 48.4899 47.9067 51.3827 43.0179
