0.0285573 14.0756 4.65817 8.12183 5.88749 6.51376
2.4464 18.6754 1.80976 23.8138 1.89221 25.3922
5.23639 9.97767 2.4464 18.6754 1.89221 25.3922
5.88749 6.51376 4.65817 8.12183 5.23639 9.97767
6.43624 4.52691 1.99069 6.08289 5.88749 6.51376
6.43624 4.52691 5.88749 6.51376 5.23639 9.97767
6.43624 4.52691 5.23639 9.97767 1.89221 25.3922
4.95894 4.04345 6.43624 4.52691 1.99069 6.08289
1.87937 2.74799 4.95894 4.04345 1.99069 6.08289
1.99069 6.08289 1.87937 2.74799 1.67487 0.0447868
1.87937 2.74799 2.24498 0.831 1.67487 0.0447868
2.24498 0.831 21.9626 0.532387 1.67487 0.0447868
21.9626 0.532387 47.1638 0.188 1.67487 0.0447868
22.5808 5.84123 60.5005 15.0964 67.0303 16.833
10.8174 1.41862 11.6444 1.84659 14.4641 3.44738
18.3064 0.888675 16.7986 1.00659 10.8174 1.41862
67.0303 16.833 22.5808 5.84123 2.24498 0.831
22.5808 5.84123 14.4641 3.44738 2.24498 0.831
14.4641 3.44738 10.8174 1.41862 2.24498 0.831
10.8174 1.41862 18.3064 0.888675 2.24498 0.831
25.2493 0.92404 18.3064 0.888675 21.9626 0.532387
18.3064 0.888675 2.24498 0.831 21.9626 0.532387
25.7195 5.99023 22.5808 5.84123 14.4641 3.44738
77.1209 18.7595 86.0942 19.1344 88.9413 21.458
65.1892 16.1787 77.1209 18.7595 88.9413 21.458
59.8737 14.6975 65.1892 16.1787 77.1209 18.7595
39.9216 9.32021 59.8737 14.6975 65.1892 16.1787
33.4423 7.58096 39.9216 9.32021 65.1892 16.1787
21.6744 4.52738 33.5204 7.51534 33.4423 7.58096
21.6744 4.52738 33.4423 7.58096 65.1892 16.1787
11.6444 1.84659 21.6744 4.52738 65.1892 16.1787
21.6744 4.52738 11.6444 1.84659 10.8174 1.41862
40.9184 9.34808 54.612 12.8603 62.3634 14.4215
33.5204 7.51534 40.9184 9.34808 62.3634 14.4215
76.0426 17.6978 62.3634 14.4215 21.6744 4.52738
62.3634 14.4215 33.5204 7.51534 21.6744 4.52738
62.2398 13.224 63.4516 13.2833 65.9494 14.1759
47.0821 9.55502 57.1374 10.5211 54.1982 10.6361
47.0821 9.55502 54.1982 10.6361 53.9176 10.6864
47.0821 9.55502 53.9176 10.6864 58.1059 12.1552
47.0821 9.55502 58.1059 12.1552 62.2398 13.224
47.0821 9.55502 62.2398 13.224 65.9494 14.1759
44.9744 8.27697 46.8245 8.49908 47.0821 9.55502
33.1472 6.56587 44.9744 8.27697 47.0821 9.55502
33.1472 6.56587 47.0821 9.55502 65.9494 14.1759
26.4425 4.57646 34.479 6.0073 33.1472 6.56587
19.9794 3.07948 26.4425 4.57646 33.1472 6.56587
11.7432 1.59021 19.9794 3.07948 33.1472 6.56587
10.8174 1.41862 11.7432 1.59021 33.1472 6.56587
10.8174 1.41862 33.1472 6.56587 65.9494 14.1759
11.7432 1.59021 10.8174 1.41862 16.7986 1.00659
67.2991 13.9959 67.1963 14.2075 71.9127 16.1286
67.2266 11.2776 72.2723 12.9704 68.7305 13.2005
67.2266 11.2776 68.7305 13.2005 67.2991 13.9959
67.2266 11.2776 67.2991 13.9959 67.1963 14.2075
57.1374 10.5211 67.2266 11.2776 67.1963 14.2075
67.2266 11.2776 57.1374 10.5211 47.0821 9.55502
73.5159 14.7713 71.0598 14.0635 68.7305 13.2005
71.0598 14.0635 67.2991 13.9959 68.7305 13.2005
14.3779 1.33944 16.7986 1.00659 18.3064 0.888675
60.8089 1.9287 49.0006 0.379595 47.1638 0.188
49.0006 0.379595 55.1816 0.279741 47.1638 0.188
55.1816 0.279741 71.5467 0.206503 47.1638 0.188
72.576 0.681043 72.9849 1.56418 72.0431 2.42381
75.279 0.350038 72.576 0.681043 72.9849 1.56418
80.5686 0.311862 75.279 0.350038 72.9849 1.56418
93.2317 0.245424 93.0545 0.297166 80.5686 0.311862
71.5467 0.206503 93.2317 0.245424 80.5686 0.311862
71.5467 0.206503 80.5686 0.311862 75.279 0.350038
93.2317 0.245424 71.5467 0.206503 1.67487 0.0447868
71.5467 0.206503 47.1638 0.188 1.67487 0.0447868
56.6533 5.18838 55.7195 6.02954 53.761 6.70036
56.6533 5.18838 53.761 6.70036 51.7643 7.69714
56.8773 4.88852 56.6533 5.18838 51.7643 7.69714
63.108 1.35596 65.1324 2.57199 56.8773 4.88852
63.108 1.35596 56.8773 4.88852 51.7643 7.69714
68.7589 1.17867 63.108 1.35596 65.1324 2.57199
72.576 0.681043 68.7589 1.17867 63.108 1.35596
63.108 1.35596 72.576 0.681043 75.279 0.350038
82.2889 2.68256 89.9834 13.9025 90.5808 14.4953
80.8783 0.742749 82.2889 2.68256 89.9834 13.9025
80.5686 0.311862 80.8783 0.742749 89.9834 13.9025
80.8783 0.742749 80.5686 0.311862 93.0545 0.297166
83.8046 3.90784 84.6175 5.51776 85.3038 6.04926
83.8046 3.90784 85.3038 6.04926 90.4663 12.4676
82.2889 2.68256 83.8046 3.90784 84.6175 5.51776
83.8046 3.90784 82.2889 2.68256 80.8783 0.742749
91.4654 2.33098 92.4301 1.36646 93.0545 0.297166
94.0728 11.2538 94.6466 13.1332 94.9415 13.7404
94.1519 8.82973 94.0728 11.2538 94.9415 13.7404
93.6986 4.41719 94.1519 8.82973 94.9415 13.7404
93.0545 0.297166 92.4301 1.36646 93.6986 4.41719
94.9415 13.7404 93.6986 4.41719 93.2317 0.245424
93.6986 4.41719 93.0545 0.297166 93.2317 0.245424
1.93139 7.97351 1.59173 8.17795 0.319082 8.73969
5.88749 6.51376 1.93139 7.97351 1.59173 8.17795
1.99069 6.08289 5.88749 6.51376 1.93139 7.97351
1.93139 7.97351 1.99069 6.08289 1.14365 4.69672
93.3462 10.8337 93.604 10.8534 94.6466 13.1332
93.3462 10.8337 94.6466 13.1332 94.9415 13.7404
93.3196 10.623 93.3462 10.8337 93.604 10.8534
91.4288 6.64756 93.3196 10.623 93.604 10.8534
90.3861 4.49724 90.4849 5.84737 91.4288 6.64756
90.3861 4.49724 91.4288 6.64756 93.604 10.8534
90.4849 5.84737 90.3861 4.49724 89.4661 1.90273
93.3462 10.8337 93.3196 10.623 90.6887 7.71391
89.6485 6.29534 91.4288 6.64756 93.3196 10.623
91.4288 6.64756 89.6485 6.29534 86.2404 3.76798
95.2154 17.1338 95.3692 17.4184 95.0511 21.1853
93.8516 14.5547 93.7338 15.9545 95.2154 17.1338
93.8516 14.5547 95.2154 17.1338 95.3692 17.4184
89.6485 6.29534 91.8557 11.8962 93.8516 14.5547
89.6485 6.29534 93.8516 14.5547 95.3692 17.4184
91.8557 11.8962 89.6485 6.29534 86.2404 3.76798
93.5592 16.4391 93.7338 15.9545 93.8516 14.5547
90.8241 25.2404 89.2247 26.0032 93.8427 26.3829
92.9387 22.9656 90.8241 25.2404 93.8427 26.3829
93.936 22.3829 92.9387 22.9656 93.8427 26.3829
95.0511 21.1853 93.936 22.3829 93.8427 26.3829
96.945 10.797 95.3692 17.4184 95.0511 21.1853
98.2322 4.9707 96.4945 10.6213 96.945 10.797
98.2322 4.9707 96.945 10.797 95.0511 21.1853
93.8427 26.3829 95.0511 21.1853 99.5096 2.41121
95.0511 21.1853 98.2322 4.9707 99.5096 2.41121
98.2322 4.9707 96.2702 8.77004 96.3061 9.12635
96.2702 8.77004 98.2322 4.9707 99.5096 2.41121
95.8893 12.2774 96.4945 10.6213 98.2322 4.9707
96.2702 8.77004 96.3061 9.12635 95.9156 10.3437
95.9156 10.3437 96.2702 8.77004 97.4766 1.17835
99.3102 26.7946 89.5352 27.2208 66.2426 27.6782
98.158 26.5625 99.3102 26.7946 66.2426 27.6782
98.158 26.5625 66.2426 27.6782 42.3651 28.4922
96.6705 25.1721 93.8427 26.3829 98.158 26.5625
96.6705 25.1721 98.158 26.5625 99.3102 26.7946
95.522 22.0685 96.6705 25.1721 93.8427 26.3829
95.8041 20.6286 95.522 22.0685 93.8427 26.3829
96.2741 18.1779 96.5284 20.076 95.8041 20.6286
96.2741 18.1779 95.8041 20.6286 93.8427 26.3829
97.9596 13.7628 97.6366 15.968 96.2741 18.1779
99.6693 7.8611 97.9596 13.7628 96.2741 18.1779
93.8427 26.3829 96.2741 18.1779 99.7865 5.78607
96.2741 18.1779 99.6693 7.8611 99.7865 5.78607
99.713 12.4094 99.6693 7.8611 99.7865 5.78607
42.1319 28.6207 56.8424 28.1577 89.5352 27.2208
56.8424 28.1577 66.2426 27.6782 89.5352 27.2208
22.1954 29.3623 15.6879 29.5021 12.6059 29.6145
68.4026 28.1291 26.9331 29.1714 22.1954 29.3623
94.4948 27.6506 68.4026 28.1291 22.1954 29.3623
94.4948 27.6506 22.1954 29.3623 12.6059 29.6145
68.4026 28.1291 94.4948 27.6506 89.5352 27.2208
81.474 28.5446 91.2679 28.6156 64.7243 28.927
79.0425 28.5416 81.474 28.5446 64.7243 28.927
79.3458 28.5163 79.0425 28.5416 64.7243 28.927
88.0218 28.2581 79.3458 28.5163 64.7243 28.927
94.0294 28.1154 88.0218 28.2581 79.3458 28.5163
94.4948 27.6506 94.0294 28.1154 88.0218 28.2581
94.0294 28.1154 94.4948 27.6506 99.3102 26.7946
94.4948 27.6506 89.5352 27.2208 99.3102 26.7946
95.8041 20.6286 96.6176 21.1249 97.4598 21.8672
96.6176 21.1249 95.8041 20.6286 96.5284 20.076
98.1907 18.0124 97.6366 15.968 97.9596 13.7628
69.0543 24.6986 89.2247 26.0032 93.8427 26.3829
98.158 26.5625 93.8427 26.3829 42.4288 24.2761
93.8427 26.3829 69.0543 24.6986 42.4288 24.2761
22.626 29.8883 66.3001 29.9007 83.2649 29.9101
24.688 29.8728 22.626 29.8883 66.3001 29.9007
52.4077 29.8053 24.688 29.8728 66.3001 29.9007
34.4351 29.6916 52.4077 29.8053 24.688 29.8728
48.806 29.3958 53.5801 29.6019 34.4351 29.6916
48.806 29.3958 34.4351 29.6916 24.688 29.8728
53.2153 29.2473 56.2156 29.3663 48.806 29.3958
53.2153 29.2473 48.806 29.3958 24.688 29.8728
54.5848 29.0849 86.7 29.1239 53.2153 29.2473
54.5848 29.0849 53.2153 29.2473 24.688 29.8728
64.7243 28.927 54.5848 29.0849 86.7 29.1239
91.2679 28.6156 64.7243 28.927 86.7 29.1239
86.7 29.1239 91.2679 28.6156 93.9946 28.3915
53.2153 29.2473 86.7 29.1239 92.8289 29.1091
34.4351 29.6916 53.5801 29.6019 55.9877 29.5921
68.8764 28.6091 64.7243 28.927 54.5848 29.0849
64.7243 28.927 68.8764 28.6091 78.4422 28.1745
11.3624 29.1151 15.6879 29.5021 12.6059 29.6145
12.6059 29.6145 11.3624 29.1151 3.36208 28.9585
27.7301 28.5691 26.9331 29.1714 22.1954 29.3623
26.9331 29.1714 27.7301 28.5691 28.8006 28.4082
22.021 28.8726 27.7301 28.5691 28.8006 28.4082
65.4555 23.9995 82.6627 24.6656 69.0543 24.6986
82.6627 24.6656 65.4555 23.9995 65.152 23.9508
35.9335 24.0935 40.2123 24.2317 43.6196 24.6647
35.9335 24.0935 43.6196 24.6647 50.5471 25.1946
33.9073 24.024 26.6375 24.0378 35.9335 24.0935
33.9073 24.024 35.9335 24.0935 40.2123 24.2317
26.6375 24.0378 33.9073 24.024 65.152 23.9508
33.9073 24.024 65.4555 23.9995 65.152 23.9508
34.36 27.4002 33.4131 27.5831 27.572 27.7547
63.8788 25.7043 46.9105 26.7984 34.36 27.4002
63.8788 25.7043 34.36 27.4002 27.572 27.7547
65.2517 25.6208 73.0672 25.6614 63.8788 25.7043
65.2517 25.6208 63.8788 25.7043 27.572 27.7547
64.444 25.293 65.2517 25.6208 73.0672 25.6614
73.0672 25.6614 64.444 25.293 40.2123 24.2317
64.444 25.293 58.8163 25.0631 40.2123 24.2317
58.8163 25.0631 43.6196 24.6647 40.2123 24.2317
26.0323 27.3743 4.95671 27.8461 4.08914 28.3582
33.4016 26.5614 28.676 26.6244 26.0323 27.3743
65.2517 25.6208 33.4016 26.5614 26.0323 27.3743
65.2517 25.6208 26.0323 27.3743 4.08914 28.3582
33.4016 26.5614 65.2517 25.6208 64.444 25.293
80.8457 26.2093 79.0993 26.0884 73.0672 25.6614
79.0993 26.0884 63.8788 25.7043 73.0672 25.6614
82.6627 24.6656 69.0543 24.6986 89.2247 26.0032
89.2247 26.0032 82.6627 24.6656 81.644 24.4436
34.36 27.4002 46.9105 26.7984 51.6527 26.6112
27.572 27.7547 33.4131 27.5831 48.7782 27.1482
5.22799 20.3382 4.95671 27.8461 4.08914 28.3582
5.95481 13.3082 5.22799 20.3382 4.08914 28.3582
6.99704 11.2014 6.40726 13.1568 5.95481 13.3082
7.32921 9.17907 6.99704 11.2014 5.95481 13.3082
7.5173 4.59334 7.32921 9.17907 5.95481 13.3082
4.08914 28.3582 5.95481 13.3082 7.16502 3.23156
5.95481 13.3082 7.5173 4.59334 7.16502 3.23156
7.5173 4.59334 9.69659 4.29738 7.16502 3.23156
68.5241 19.3511 76.4665 21.6667 81.4183 22.3713
65.0438 17.9359 68.5241 19.3511 81.4183 22.3713
50.3241 13.8974 65.0438 17.9359 81.4183 22.3713
37.9664 10.8789 50.3241 13.8974 65.0438 17.9359
50.3241 13.8974 37.9664 10.8789 7.16502 3.23156
37.9664 10.8789 9.69659 4.29738 7.16502 3.23156
5.95481 13.3082 6.6848 14.9422 7.94545 18.675
5.95481 13.3082 7.94545 18.675 8.70035 20.722
6.6848 14.9422 5.95481 13.3082 6.40726 13.1568
8.26586 13.7446 7.72935 10.4894 7.32921 9.17907
8.42365 12.0647 8.45816 12.75 9.23038 17.8269
7.72935 10.4894 8.42365 12.0647 8.45816 12.75
7.32921 9.17907 7.72935 10.4894 8.42365 12.0647
8.42365 12.0647 7.32921 9.17907 7.5173 4.59334
8.28174 5.00648 8.2737 6.32943 8.98889 6.58705
8.28174 5.00648 8.98889 6.58705 14.1153 12.4277
8.2737 6.32943 8.28174 5.00648 7.5173 4.59334
8.28174 5.00648 11.2353 5.29033 13.8312 5.36288
7.5173 4.59334 8.28174 5.00648 13.8312 5.36288
25.0833 7.94545 13.8312 5.36288 9.69659 4.29738
13.8312 5.36288 7.5173 4.59334 9.69659 4.29738
13.9429 17.4217 14.5015 17.494 11.0932 18.591
9.82902 8.73481 13.9429 17.4217 11.0932 18.591
8.98889 6.58705 9.82902 8.73481 13.9429 17.4217
9.82902 8.73481 8.98889 6.58705 8.2737 6.32943
11.8709 5.57278 15.0191 8.63598 19.8568 10.1295
13.8312 5.36288 11.8709 5.57278 19.8568 10.1295
13.8312 5.36288 19.8568 10.1295 23.8569 13.1772
11.8709 5.57278 13.8312 5.36288 11.2353 5.29033
30.1422 21.9457 24.0664 22.0674 36.8888 22.1701
25.4904 21.7462 30.1422 21.9457 24.0664 22.0674
23.0182 20.7827 25.4904 21.7462 24.0664 22.0674
18.8723 16.0042 23.0182 20.7827 24.0664 22.0674
18.7427 15.4048 18.9412 15.9233 18.8723 16.0042
17.2455 14.0693 26.039 14.0821 22.0226 14.1409
17.2455 14.0693 22.0226 14.1409 18.7427 15.4048
17.2455 14.0693 18.7427 15.4048 18.8723 16.0042
16.8842 12.8085 19.4723 13.6264 17.2455 14.0693
15.9616 12.6303 16.8842 12.8085 17.2455 14.0693
15.9616 12.6303 17.2455 14.0693 18.8723 16.0042
15.9616 12.6303 18.8723 16.0042 24.0664 22.0674
18.6819 12.4237 15.9616 12.6303 16.8842 12.8085
22.4641 12.4162 18.6819 12.4237 16.8842 12.8085
15.0191 8.63598 22.4641 12.4162 18.6819 12.4237
18.6819 12.4237 15.0191 8.63598 11.8709 5.57278
26.3525 20.6383 29.4706 20.7232 30.224 20.7917
26.2185 20.5637 26.3525 20.6383 29.4706 20.7232
25.1799 19.3226 26.2185 20.5637 29.4706 20.7232
23.078 18.4991 25.1799 19.3226 26.2185 20.5637
22.6404 18.0685 23.078 18.4991 25.1799 19.3226
18.8723 16.0042 22.6404 18.0685 23.078 18.4991
22.6404 18.0685 18.8723 16.0042 18.9412 15.9233
25.6315 21.0872 26.3525 20.6383 26.2185 20.5637
20.4916 16.2815 25.929 17.5654 27.019 17.9169
18.9412 15.9233 20.4916 16.2815 27.019 17.9169
18.9412 15.9233 27.019 17.9169 38.1269 20.6626
20.4916 16.2815 18.9412 15.9233 18.7427 15.4048
19.7479 10.4429 19.8568 10.1295 15.0191 8.63598
65.4801 21.5757 76.4665 21.6667 81.4183 22.3713
58.4954 21.2018 62.2815 21.2973 65.4801 21.5757
50.0746 21.0404 58.4954 21.2018 65.4801 21.5757
50.0746 21.0404 65.4801 21.5757 81.4183 22.3713
48.3153 20.9652 50.0746 21.0404 58.4954 21.2018
50.0746 21.0404 48.3153 20.9652 39.2525 20.594
62.9554 21.1088 62.2815 21.2973 65.4801 21.5757
58.2824 20.8118 62.9554 21.1088 62.2815 21.2973
58.136 20.5921 60.5006 20.6906 58.2824 20.8118
57.0989 20.5298 58.136 20.5921 58.2824 20.8118
62.2815 21.2973 58.2824 20.8118 52.568 20.1665
58.2824 20.8118 57.0989 20.5298 52.568 20.1665
58.2824 20.8118 60.5006 20.6906 64.4273 20.6698
68.7305 21.3283 65.4801 21.5757 76.4665 21.6667
63.9483 20.1453 68.7305 21.3283 76.4665 21.6667
67.3268 20.0713 55.8357 20.1299 63.9483 20.1453
67.3268 20.0713 63.9483 20.1453 76.4665 21.6667
65.6646 19.5904 67.3268 20.0713 76.4665 21.6667
63.8107 18.5172 65.6646 19.5904 76.4665 21.6667
54.6985 16.0636 63.8107 18.5172 76.4665 21.6667
46.1886 13.8541 54.6985 16.0636 76.4665 21.6667
39.2034 12.2537 46.1886 13.8541 54.6985 16.0636
34.0995 11.061 39.2034 12.2537 46.1886 13.8541
26.4461 9.1088 34.0995 11.061 46.1886 13.8541
46.1886 13.8541 26.4461 9.1088 22.1827 8.08197
27.478 12.0137 30.2777 13.3429 32.3773 15.729
32.3773 15.729 27.478 12.0137 22.1827 8.08197
27.478 12.0137 26.4461 9.1088 22.1827 8.08197
34.0995 11.061 34.5791 11.2883 32.7603 11.4742
40.6623 15.6574 34.6073 12.8157 26.4461 9.1088
34.6073 12.8157 32.7603 11.4742 26.4461 9.1088
32.7603 11.4742 34.0995 11.061 26.4461 9.1088
39.0535 13.2767 34.5791 11.2883 34.0995 11.061
46.6771 15.6717 52.4638 17.2056 59.9164 18.8897
41.1337 12.8942 46.6771 15.6717 59.9164 18.8897
39.2034 12.2537 41.1337 12.8942 59.9164 18.8897
41.1337 12.8942 39.2034 12.2537 34.0995 11.061
45.5871 16.8038 45.099 19.0868 45.8787 19.2644
46.6771 15.6717 43.9218 16.1059 45.5871 16.8038
46.6771 15.6717 45.5871 16.8038 45.8787 19.2644
43.9218 16.1059 46.6771 15.6717 41.1337 12.8942
59.7624 20.1903 63.9483 20.1453 55.8357 20.1299
53.4068 19.1871 45.8787 19.2644 38.1859 19.5087
47.6654 18.7822 53.4068 19.1871 45.8787 19.2644
45.8787 19.2644 47.6654 18.7822 47.6285 17.1772
45.099 19.0868 45.8787 19.2644 38.1859 19.5087
36.7208 17.8253 45.099 19.0868 38.1859 19.5087
38.1859 19.5087 36.7208 17.8253 31.0516 12.0581
36.7208 17.8253 36.8005 15.5563 31.0516 12.0581
36.8005 15.5563 38.9227 16.7203 38.6952 17.7171
38.9227 16.7203 36.8005 15.5563 31.0516 12.0581
29.4544 12.3731 30.2777 13.3429 32.3773 15.729
30.2777 13.3429 29.4544 12.3731 28.1901 11.9718
27.019 17.9169 25.929 17.5654 22.194 16.3544
36.8888 22.1701 44.8828 22.2598 21.4556 22.426
24.0664 22.0674 36.8888 22.1701 21.4556 22.426
20.8637 20.9602 24.0664 22.0674 21.4556 22.426
21.4556 22.426 20.8637 20.9602 19.122 16.8008
65.099 22.1338 44.8828 22.2598 21.4556 22.426
44.8828 22.2598 65.099 22.1338 54.6164 21.6099
12.8584 13.1963 13.9429 17.4217 14.5015 17.494
13.9429 17.4217 12.8584 13.1963 12.1657 10.9976
17.5159 27.3136 26.0323 27.3743 4.95671 27.8461
10.2884 26.7946 17.5159 27.3136 4.95671 27.8461
4.95671 27.8461 10.2884 26.7946 7.94406 24.4509
16.2973 25.8738 17.5159 27.3136 26.0323 27.3743
14.8319 24.9968 16.2973 25.8738 17.5159 27.3136
13.3913 24.6045 14.8319 24.9968 17.5159 27.3136
17.5159 27.3136 13.3913 24.6045 11.059 23.3087
13.3913 24.6045 13.087 24.0675 11.059 23.3087
13.3913 24.6045 13.087 24.0675 11.1146 20.4441
13.087 24.0675 12.5959 23.4574 11.1146 20.4441
28.0468 26.3068 28.676 26.6244 26.0323 27.3743
21.0966 24.4276 28.0468 26.3068 26.0323 27.3743
19.7997 22.9655 21.27 23.3277 21.0966 24.4276
32.1061 22.7254 27.5932 22.9456 19.7997 22.9655
18.8185 22.6334 32.1061 22.7254 19.7997 22.9655
18.8185 22.6334 19.7997 22.9655 21.0966 24.4276
16.3791 22.623 18.8185 22.6334 21.0966 24.4276
16.3791 22.623 21.0966 24.4276 26.0323 27.3743
26.0323 27.3743 16.3791 22.623 10.3967 19.8736
16.3791 22.623 14.4621 21.5215 10.3967 19.8736
14.4621 21.5215 13.4184 20.1676 10.3967 19.8736
13.4184 20.1676 19.3268 20.7025 17.1487 21.9692
19.3268 20.7025 13.4184 20.1676 10.3967 19.8736
21.27 23.3277 30.1638 25.0772 35.0094 25.9967
35.0094 25.9967 21.27 23.3277 19.7997 22.9655
29.9413 23.1691 27.5932 22.9456 32.1061 22.7254
55.1808 22.8545 32.1061 22.7254 18.8185 22.6334
61.0741 23.1048 57.5509 23.1734 64.1095 23.2849
84.4809 22.8179 81.5727 22.9035 61.0741 23.1048
72.6441 22.8004 84.4809 22.8179 61.0741 23.1048
72.6441 22.8004 61.0741 23.1048 57.5509 23.1734
18.8185 22.6334 72.6441 22.8004 84.4809 22.8179
84.4809 22.8179 18.8185 22.6334 16.3791 22.623
17.1487 21.9692 19.3268 20.7025 19.6331 20.564
84.4809 22.8179 81.5727 22.9035 84.0132 24.0228
86.3097 22.4118 84.4809 22.8179 84.0132 24.0228
83.0701 21.715 86.3097 22.4118 84.4809 22.8179
72.0485 19.2004 83.0701 21.715 84.4809 22.8179
65.4905 17.4307 72.0485 19.2004 84.4809 22.8179
62.6792 16.0621 64.5026 16.8997 65.4905 17.4307
62.2435 16.0106 62.6792 16.0621 65.4905 17.4307
46.1319 12.5805 62.2435 16.0106 65.4905 17.4307
46.1319 12.5805 65.4905 17.4307 84.4809 22.8179
84.4809 22.8179 46.1319 12.5805 21.8211 6.09269
73.7683 18.4752 65.4905 17.4307 64.5026 16.8997
28.676 26.6244 28.0468 26.3068 26.4239 24.9964
28.676 26.6244 33.4016 26.5614 46.6222 25.9003
90.7631 24.2414 90.8241 25.2404 89.2247 26.0032
90.8241 25.2404 90.7631 24.2414 91.8173 22.0605
91.6685 19.8325 95.0511 21.1853 93.936 22.3829
95.0511 21.1853 91.6685 19.8325 91.0698 19.5617
94.6466 13.1332 93.604 10.8534 89.2515 0.90318
94.6466 13.1332 94.0728 11.2538 90.8921 1.87805
89.0002 13.5333 89.9834 13.9025 90.5808 14.4953
90.5808 14.4953 89.0002 13.5333 86.2019 11.9781
58.0863 5.30932 55.7195 6.02954 53.761 6.70036
53.761 6.70036 58.0863 5.30932 68.9829 1.90303
51.7643 7.69714 53.761 6.70036 57.0825 5.76363
36.5206 4.18241 37.6379 4.50646 26.4425 4.57646
31.2285 3.71765 36.5206 4.18241 26.4425 4.57646
33.965 2.8476 31.2285 3.71765 36.5206 4.18241
35.0671 2.62521 33.965 2.8476 36.5206 4.18241
35.7554 2.51152 35.0671 2.62521 36.5206 4.18241
32.0551 2.36105 27.5798 2.42706 35.7554 2.51152
19.3092 1.75206 32.0551 2.36105 35.7554 2.51152
17.7934 1.52728 19.3092 1.75206 35.7554 2.51152
35.7429 1.41853 17.7934 1.52728 35.7554 2.51152
35.7429 1.41853 35.7554 2.51152 36.5206 4.18241
17.7934 1.52728 35.7429 1.41853 39.6964 1.38081
19.3092 1.75206 21.5708 2.35889 23.1559 2.73407
21.5708 2.35889 19.3092 1.75206 17.7934 1.52728
26.0733 4.00159 35.0671 2.62521 35.7554 2.51152
37.6379 4.50646 26.4425 4.57646 34.479 6.0073
34.479 6.0073 37.6379 4.50646 46.1278 0.50047
23.1559 2.73407 21.5708 2.35889 18.0458 1.88466
37.6379 4.50646 36.5206 4.18241 38.8772 3.11715
41.9603 3.78056 39.7805 5.03363 34.479 6.0073
34.479 6.0073 41.9603 3.78056 48.9598 1.43029
39.7805 5.03363 34.479 6.0073 33.1472 6.56587
33.1472 6.56587 39.7805 5.03363 43.0999 4.40598
49.1321 2.12421 41.9603 3.78056 39.7805 5.03363
39.7805 5.03363 49.1321 2.12421 50.0502 1.83899
47.5719 8.41519 46.8245 8.49908 47.0821 9.55502
48.9367 8.2892 47.5719 8.41519 47.0821 9.55502
48.6537 6.96767 48.5694 7.05607 48.9367 8.2892
48.9911 4.96097 48.6537 6.96767 48.9367 8.2892
53.1433 4.25936 48.9911 4.96097 48.9367 8.2892
55.4336 2.63216 53.1433 4.25936 48.9367 8.2892
47.0821 9.55502 48.9367 8.2892 57.8333 2.3155
48.9367 8.2892 55.4336 2.63216 57.8333 2.3155
55.4336 2.63216 51.222 3.03333 51.7875 3.16415
51.222 3.03333 55.4336 2.63216 57.8333 2.3155
48.9911 4.96097 47.9753 5.10715 47.0174 6.17299
47.9753 5.10715 48.9911 4.96097 53.1433 4.25936
45.9464 7.89611 48.9367 8.2892 47.5719 8.41519
48.9367 8.2892 45.9464 7.89611 37.9505 6.7486
45.9464 7.89611 44.1798 7.69465 37.9505 6.7486
45.1859 4.78491 47.9753 5.10715 47.0174 6.17299
48.7601 3.73423 45.1859 4.78491 47.9753 5.10715
51.0483 2.46101 48.7601 3.73423 45.1859 4.78491
51.5373 2.19004 51.0483 2.46101 48.7601 3.73423
48.7601 3.73423 51.5373 2.19004 52.8076 1.52871
80.6634 14.4497 77.7952 14.8699 72.1461 15.7444
72.2723 12.9704 80.6634 14.4497 77.7952 14.8699
67.2266 11.2776 72.2723 12.9704 80.6634 14.4497
63.3752 10.1623 67.2266 11.2776 80.6634 14.4497
67.2266 11.2776 63.3752 10.1623 55.3674 8.05908
63.3752 10.1623 63.6755 9.45512 55.3674 8.05908
63.3752 10.1623 63.6755 9.45512 65.3679 7.36993
63.6755 9.45512 64.3501 7.58241 65.3679 7.36993
64.3501 7.58241 60.5358 7.74636 58.1828 8.0343
65.3679 7.36993 64.3501 7.58241 60.5358 7.74636
60.5358 7.74636 65.3679 7.36993 66.855 7.02408
58.1828 8.0343 60.5358 7.74636 62.7745 7.28743
54.4782 12.8475 54.612 12.8603 62.3634 14.4215
54.612 12.8603 54.4782 12.8475 53.4469 12.6854
77.7761 17.0417 78.4346 18.4574 77.1209 18.7595
77.1209 18.7595 77.7761 17.0417 78.0628 16.1944
78.4346 18.4574 77.1209 18.7595 86.0942 19.1344
81.8465 18.3631 78.4346 18.4574 86.0942 19.1344
86.0942 19.1344 81.8465 18.3631 81.0938 17.676
85.3153 18.4159 87.0624 18.7845 86.0942 19.1344
86.0942 19.1344 85.3153 18.4159 83.9549 17.3884
87.0624 18.7845 86.0942 19.1344 88.9413 21.458
85.1114 15.278 81.281 15.8737 83.7726 16.6196
85.1114 15.278 83.7726 16.6196 87.0624 18.7845
85.1114 15.278 87.0624 18.7845 88.9413 21.458
78.3583 4.40196 81.2614 9.37387 85.1114 15.278
88.9413 21.458 85.1114 15.278 77.8783 3.28349
85.1114 15.278 78.3583 4.40196 77.8783 3.28349
78.3583 4.40196 76.388 3.53731 77.8783 3.28349
80.8455 6.05 83.9145 11.8219 86.6821 16.1865
80.3876 5.50276 80.8455 6.05 83.9145 11.8219
80.8455 6.05 80.3876 5.50276 79.7593 1.44116
80.3876 5.50276 77.8783 3.28349 79.7593 1.44116
77.8783 3.28349 76.388 3.53731 70.7076 3.88037
51.7783 8.76498 70.7076 3.88037 79.7593 1.44116
70.7076 3.88037 77.8783 3.28349 79.7593 1.44116
67.6494 9.95943 70.3116 4.95395 70.7076 3.88037
70.3116 4.95395 71.7195 4.68575 70.7076 3.88037
70.7076 3.88037 71.7195 4.68575 73.676 4.70229
74.8561 5.36736 73.676 4.70229 76.388 3.53731
73.676 4.70229 70.7076 3.88037 76.388 3.53731
76.1294 9.89145 76.5187 11.2449 77.4626 11.7348
73.676 4.70229 74.2154 7.80062 76.1294 9.89145
73.676 4.70229 76.1294 9.89145 77.4626 11.7348
74.2154 7.80062 73.676 4.70229 71.7195 4.68575
79.072 11.7743 78.7106 10.6432 76.388 3.53731
78.7106 10.6432 78.3583 4.40196 76.388 3.53731
80.3889 15.9167 81.281 15.8737 85.1114 15.278
79.072 11.7743 78.7106 10.6432 79.1256 7.12125
77.4626 11.7348 76.5187 11.2449 69.116 9.8056
76.1294 9.89145 74.2154 7.80062 72.7663 6.57789
1.40019 22.7176 1.80976 23.8138 1.89221 25.3922
1.80976 23.8138 1.40019 22.7176 0.342539 18.8889
1.80976 23.8138 2.4464 18.6754 2.91406 12.0936
