-42.3643 16.6914 -41.2493 19.884 -41.4467 20.9678
-44.3718 15.4024 -42.3643 16.6914 -41.4467 20.9678
-44.3718 15.4024 -41.4467 20.9678 -38.1999 28.395
-48.3823 -0.790744 -44.3718 15.4024 -42.3643 16.6914
-48.5895 -7.67258 -49.8021 -1.55706 -48.3823 -0.790744
-48.5895 -7.67258 -48.3823 -0.790744 -42.3643 16.6914
-49.8021 -1.55706 -48.5895 -7.67258 -48.2087 -10.2538
-17.6504 26.5827 -6.92466 30.9476 -8.93076 38.4671
-20.2907 22.7453 -15.3601 23.4585 -17.3857 23.5094
-20.2907 22.7453 -17.3857 23.5094 -17.6504 26.5827
-24.3409 20.4427 -20.2907 22.7453 -17.6504 26.5827
-24.3409 20.4427 -17.6504 26.5827 -8.93076 38.4671
-32.4253 10.3442 -23.3706 20.2303 -24.3409 20.4427
-35.719 6.28726 -32.4253 10.3442 -24.3409 20.4427
-47.3845 -7.17638 -37.95 0.139535 -37.429 4.15926
-47.3845 -7.17638 -37.429 4.15926 -35.719 6.28726
-47.3845 -7.17638 -35.719 6.28726 -24.3409 20.4427
-48.5895 -7.67258 -47.3845 -7.17638 -24.3409 20.4427
-48.5895 -7.67258 -24.3409 20.4427 -8.93076 38.4671
-47.3845 -7.17638 -48.5895 -7.67258 -48.2087 -10.2538
-47.1463 12.905 -48.4016 4.92738 -49.8021 -1.55706
-48.4016 4.92738 -48.3823 -0.790744 -49.8021 -1.55706
-43.1338 20.57 -44.3718 15.4024 -48.3823 -0.790744
-37.95 0.139535 -35.2188 0.307524 -32.9504 0.795574
-35.2188 0.307524 -37.95 0.139535 -47.3845 -7.17638
-33.7748 7.00306 -32.4253 10.3442 -23.3706 20.2303
-32.4253 10.3442 -33.7748 7.00306 -35.9963 2.44016
-33.7748 7.00306 -32.4462 4.2305 -35.9963 2.44016
-27.8784 8.39751 -27.801 9.70513 -26.0384 12.153
-27.9333 7.37123 -27.8784 8.39751 -26.0384 12.153
-28.3476 6.11392 -27.9333 7.37123 -26.0384 12.153
-32.4462 4.2305 -28.3476 6.11392 -27.9333 7.37123
-28.3476 6.11392 -32.4462 4.2305 -35.9963 2.44016
-23.3706 20.2303 -23.3153 20.0385 -27.7909 12.2101
-17.8777 18.5828 -23.3153 20.0385 -23.3706 20.2303
-9.66634 18.5036 -17.8777 18.5828 -23.3706 20.2303
-9.66634 18.5036 -23.3706 20.2303 -24.3409 20.4427
-5.2448 17.7042 -9.66634 18.5036 -17.8777 18.5828
-11.4251 17.1364 -5.2448 17.7042 -17.8777 18.5828
-14.4745 16.4996 -11.4251 17.1364 -17.8777 18.5828
-15.4944 14.4133 -14.4745 16.4996 -11.4251 17.1364
-11.4251 17.1364 -15.4944 14.4133 -24.3274 8.30448
-15.4944 14.4133 -18.1007 12.7328 -24.3274 8.30448
-19.4006 21.4726 -9.66634 18.5036 -5.2448 17.7042
-20.2265 15.0016 -21.5547 17.3171 -23.5894 17.8709
-23.5894 17.8709 -20.2265 15.0016 -18.1007 12.7328
-20.2265 15.0016 -15.4944 14.4133 -18.1007 12.7328
-10.4264 16.5145 -11.4251 17.1364 -5.2448 17.7042
-10.585 15.0627 -10.4264 16.5145 -5.2448 17.7042
-12.9242 12.053 -10.585 15.0627 -5.2448 17.7042
-16.088 8.97248 -12.9242 12.053 -5.2448 17.7042
-24.0756 1.79433 -19.3528 6.45983 -16.088 8.97248
-24.0756 1.79433 -16.088 8.97248 -5.2448 17.7042
-27.7123 -1.32436 -24.0756 1.79433 -5.2448 17.7042
-43.7932 -9.0894 -27.7123 -1.32436 -24.0756 1.79433
-27.7123 -1.32436 -43.7932 -9.0894 -48.5227 -11.4485
-43.7932 -9.0894 -37.2643 -3.56377 -33.5626 -0.678956
-37.2643 -3.56377 -43.7932 -9.0894 -48.5227 -11.4485
-14.6402 12.9138 -10.585 15.0627 -10.4264 16.5145
-15.3203 12.4052 -14.6402 12.9138 -10.4264 16.5145
-10.4264 16.5145 -15.3203 12.4052 -36.323 -4.45307
-19.4254 8.73873 -15.3203 12.4052 -14.6402 12.9138
-20.1477 8.05918 -19.4254 8.73873 -14.6402 12.9138
-19.4254 8.73873 -20.1477 8.05918 -22.4466 5.99462
-16.088 8.97248 -19.3528 6.45983 -24.0338 2.95263
-10.7066 28.1451 -4.27736 30.6275 -6.92466 30.9476
-6.92466 30.9476 -10.7066 28.1451 -13.179 26.3855
-4.27736 30.6275 -6.92466 30.9476 -8.93076 38.4671
4.29742 16.8295 2.81086 17.5848 -4.27736 30.6275
4.29742 16.8295 -4.27736 30.6275 -8.93076 38.4671
2.81086 17.5848 4.29742 16.8295 3.62543 15.477
-10.7094 25.5082 -3.26901 26.3767 -10.7066 28.1451
-11.1585 24.4471 -10.7094 25.5082 -10.7066 28.1451
-10.7094 25.5082 -11.1585 24.4471 -9.78872 21.1919
-3.26901 26.3767 -10.7066 28.1451 -4.27736 30.6275
4.95215 11.1933 -3.26901 26.3767 -4.27736 30.6275
8.18971 4.10071 6.86368 6.25741 4.95215 11.1933
23.9303 -28.2598 8.18971 4.10071 4.95215 11.1933
23.9303 -28.2598 4.95215 11.1933 -4.27736 30.6275
8.18971 4.10071 23.9303 -28.2598 28.9471 -38.6497
23.9303 -28.2598 25.1606 -30.7455 28.9471 -38.6497
25.1606 -30.7455 27.3938 -34.819 28.9471 -38.6497
11.5198 -2.00991 25.0037 -29.9697 27.3938 -34.819
25.0037 -29.9697 25.1606 -30.7455 27.3938 -34.819
1.39621 31.3308 -2.72466 36.4782 -0.889209 38.6314
4.11927 22.2026 1.39621 31.3308 -2.72466 36.4782
6.62327 17.6861 7.94464 18.8389 5.10172 20.7869
6.62327 17.6861 5.10172 20.7869 4.11927 22.2026
11.5654 2.7659 6.62327 17.6861 4.11927 22.2026
11.5654 2.7659 4.11927 22.2026 -2.72466 36.4782
26.9799 -29.6102 23.3152 -21.1333 21.2974 -19.337
27.3436 -30.6601 26.9799 -29.6102 21.2974 -19.337
-2.72466 36.4782 11.5654 2.7659 27.3938 -34.819
11.5654 2.7659 21.2974 -19.337 27.3938 -34.819
21.2974 -19.337 27.3436 -30.6601 27.3938 -34.819
27.3436 -30.6601 30.9782 -33.9387 27.3938 -34.819
39.6173 -15.4696 28.5977 -14.1523 22.6893 -13.4203
36.5699 -16.1024 39.6173 -15.4696 28.5977 -14.1523
38.1067 -17.0224 36.5699 -16.1024 39.6173 -15.4696
35.4946 -21.3111 38.1067 -17.0224 39.6173 -15.4696
32.7961 -29.0614 35.4946 -21.3111 39.6173 -15.4696
30.9782 -33.9387 32.7961 -29.0614 39.6173 -15.4696
39.6173 -15.4696 30.9782 -33.9387 28.9471 -38.6497
30.9782 -33.9387 27.3938 -34.819 28.9471 -38.6497
29.8549 -23.6956 29.7001 -24.9877 30.9782 -33.9387
29.7001 -24.9877 27.3436 -30.6601 30.9782 -33.9387
-7.66349 25.1836 -10.7094 25.5082 -3.26901 26.3767
-4.33592 23.5122 -7.66349 25.1836 -3.26901 26.3767
-0.346614 18.5602 -4.33592 23.5122 -3.26901 26.3767
0.574418 17.4763 -0.346614 18.5602 -3.26901 26.3767
2.92515 11.6747 -7.51736 11.8974 -3.54443 12.6332
2.92515 11.6747 -3.54443 12.6332 0.574418 17.4763
3.74589 6.5814 -1.16861 9.15773 2.92515 11.6747
-3.26901 26.3767 0.574418 17.4763 6.67135 5.1562
0.574418 17.4763 2.92515 11.6747 6.67135 5.1562
2.92515 11.6747 3.74589 6.5814 6.67135 5.1562
-0.346614 18.5602 -1.02803 18.8403 -2.7214 20.9602
-1.02803 18.8403 -0.346614 18.5602 0.574418 17.4763
-4.30898 10.6037 2.92515 11.6747 -7.51736 11.8974
-7.69485 7.89614 -4.30898 10.6037 2.92515 11.6747
-14.3535 4.15927 -7.69485 7.89614 2.92515 11.6747
-7.69485 7.89614 -14.3535 4.15927 -36.6145 -6.48653
-9.79174 4.72515 -1.16861 9.15773 2.92515 11.6747
2.92515 11.6747 -9.79174 4.72515 -16.3971 1.88973
-9.96597 3.22515 -5.9648 3.24687 -9.79174 4.72515
-9.79174 4.72515 -9.96597 3.22515 -14.5397 1.04653
-5.9648 3.24687 -9.79174 4.72515 -1.16861 9.15773
-12.2841 -0.235663 -13.6187 -0.0923105 -5.9648 3.24687
-8.12434 -1.86071 -12.2841 -0.235663 -5.9648 3.24687
-8.12434 -1.86071 -5.9648 3.24687 -1.16861 9.15773
-8.3774 -2.55304 -8.12434 -1.86071 -1.16861 9.15773
-2.54041 -2.7197 -8.3774 -2.55304 -1.16861 9.15773
-1.47297 -4.64524 -2.54041 -2.7197 -1.16861 9.15773
-1.3655 -9.95575 -1.47297 -4.64524 -1.16861 9.15773
-0.643073 -22.7796 -1.3655 -9.95575 -1.16861 9.15773
-1.16861 9.15773 -0.643073 -22.7796 -0.324648 -35.7243
-0.643073 -22.7796 -2.04212 -33.6506 -0.324648 -35.7243
-10.2335 -16.4565 -11.5153 -12.2984 -8.75833 -10.4374
-8.25826 -23.2362 -8.16256 -19.6076 -10.2335 -16.4565
-8.25826 -23.2362 -10.2335 -16.4565 -11.5153 -12.2984
-2.04212 -33.6506 -8.25826 -23.2362 -8.16256 -19.6076
-8.25826 -23.2362 -2.04212 -33.6506 2.45393 -41.2983
-2.04212 -33.6506 -0.324648 -35.7243 2.45393 -41.2983
-22.9939 -3.58133 -13.6187 -0.0923105 -5.9648 3.24687
-47.8142 -13.4985 -22.9939 -3.58133 -5.9648 3.24687
-42.7863 -13.9256 -47.8142 -13.4985 -22.9939 -3.58133
-47.8142 -13.4985 -42.7863 -13.9256 -41.3781 -14.1814
-40.2805 -12.7312 -30.1639 -9.09129 -26.2009 -5.84381
-42.7863 -13.9256 -40.6491 -13.5044 -40.2805 -12.7312
-42.7863 -13.9256 -40.2805 -12.7312 -26.2009 -5.84381
-41.3781 -14.1814 -42.7863 -13.9256 -40.6491 -13.5044
-37.031 -15.8219 -42.5683 -14.476 -41.3781 -14.1814
-37.031 -15.8219 -41.3781 -14.1814 -40.6491 -13.5044
-34.3436 -16.7638 -37.031 -15.8219 -42.5683 -14.476
-37.031 -15.8219 -34.3436 -16.7638 -32.3721 -17.3528
-34.3436 -16.7638 -41.2134 -17.1323 -32.3721 -17.3528
-34.7133 -12.9089 -40.2805 -12.7312 -30.1639 -9.09129
-30.1639 -9.09129 -34.7133 -12.9089 -35.4237 -13.9993
-28.2221 -9.45241 -30.1639 -9.09129 -26.2009 -5.84381
-30.1639 -9.09129 -28.2221 -9.45241 -27.2297 -10.3511
-6.77496 -3.4853 -2.54041 -2.7197 -8.3774 -2.55304
-12.7716 -4.66195 -6.77496 -3.4853 -8.3774 -2.55304
-19.7456 -6.63823 -12.7716 -4.66195 -8.3774 -2.55304
-12.7716 -4.66195 -19.7456 -6.63823 -19.0879 -7.99463
-13.0142 -6.72863 -10.46 -5.48489 -12.7716 -4.66195
-10.46 -5.48489 -13.0142 -6.72863 -22.9724 -11.9583
-10.46 -5.48489 -12.7716 -4.66195 -6.77496 -3.4853
-6.77496 -3.4853 -10.46 -5.48489 -29.1264 -16.1144
-32.3902 -19.5834 -6.77496 -3.4853 -2.54041 -2.7197
-2.54041 -2.7197 -32.3902 -19.5834 -34.7382 -20.9626
-1.47297 -4.64524 -1.3655 -9.95575 -2.04223 -13.6338
-6.47595 -21.3446 -8.16256 -19.6076 -10.2335 -16.4565
-8.16256 -19.6076 -6.47595 -21.3446 -4.49126 -27.5503
-7.42904 -18.2615 -6.47595 -21.3446 -4.49126 -27.5503
-7.98032 -12.4911 -8.75833 -10.4374 -8.62204 -10.1333
-6.23206 -16.1858 -7.98032 -12.4911 -8.62204 -10.1333
-7.98032 -12.4911 -6.23206 -16.1858 -4.05974 -20.916
-11.5153 -12.2984 -8.75833 -10.4374 -8.62204 -10.1333
-23.957 -22.5695 -11.823 -13.3966 -11.5153 -12.2984
-25.8048 -24.677 -24.2998 -24.3921 -23.957 -22.5695
-30.0469 -26.0209 -25.8048 -24.677 -23.957 -22.5695
-30.0469 -26.0209 -23.957 -22.5695 -11.5153 -12.2984
-30.0469 -26.0209 -11.5153 -12.2984 -8.62204 -10.1333
-33.6358 -27.4222 -30.0469 -26.0209 -25.8048 -24.677
-37.0106 -28.4506 -33.6358 -27.4222 -30.0469 -26.0209
-33.6358 -27.4222 -37.0106 -28.4506 -32.3493 -33.2513
-40.453 -25.7097 -37.5656 -23.9713 -34.8448 -22.6525
-42.5386 -25.8544 -40.453 -25.7097 -37.5656 -23.9713
-39.5899 -27.9907 -42.5386 -25.8544 -40.453 -25.7097
-37.0106 -28.4506 -37.7897 -28.0263 -39.5899 -27.9907
-32.3493 -33.2513 -37.0106 -28.4506 -39.5899 -27.9907
-32.3493 -33.2513 -39.5899 -27.9907 -42.5386 -25.8544
-29.2521 -36.1813 -32.3493 -33.2513 -42.5386 -25.8544
-32.3493 -33.2513 -29.2521 -36.1813 -21.6226 -39.3254
-24.4156 -35.4397 -27.8823 -33.9406 -30.6642 -32.063
-21.6226 -39.3254 -24.4156 -35.4397 -27.8823 -33.9406
-24.4156 -35.4397 -21.6226 -39.3254 -18.9026 -41.6851
-29.2521 -36.1813 -34.6925 -33.5063 -36.3318 -31.8275
-29.2521 -36.1813 -36.3318 -31.8275 -40.2157 -28.9713
-34.6925 -33.5063 -29.2521 -36.1813 -18.9026 -41.6851
-29.2521 -36.1813 -21.6226 -39.3254 -18.9026 -41.6851
-29.1747 -21.1738 -29.1303 -19.4143 -29.0441 -18.8572
-31.7509 -22.2169 -29.1747 -21.1738 -29.1303 -19.4143
-38.4183 -27.0746 -31.7509 -22.2169 -29.1303 -19.4143
-29.1303 -19.4143 -38.4183 -27.0746 -39.5899 -27.9907
-15.0713 -12.8552 -15.0742 -12.5343 -8.05445 -7.51866
-16.1513 -14.3381 -15.0713 -12.8552 -8.05445 -7.51866
-18.5276 -16.8345 -16.1513 -14.3381 -8.05445 -7.51866
-28.4055 -22.0136 -18.5276 -16.8345 -16.1513 -14.3381
-37.6836 -27.0429 -28.4055 -22.0136 -18.5276 -16.8345
-38.4183 -27.0746 -37.6836 -27.0429 -28.4055 -22.0136
-39.5899 -27.9907 -38.4183 -27.0746 -37.6836 -27.0429
-37.6836 -27.0429 -39.5899 -27.9907 -37.7897 -28.0263
-8.05445 -7.51866 -15.0742 -12.5343 -25.6304 -19.8142
-36.3318 -31.8275 -34.6925 -33.5063 -35.352 -33.6422
-24.3675 -27.7263 -25.8048 -24.677 -24.2998 -24.3921
-24.2998 -24.3921 -24.3675 -27.7263 -24.1358 -30.7533
-24.1358 -30.7533 -24.3675 -27.7263 -28.9933 -26.7287
-28.9933 -26.7287 -24.1358 -30.7533 -22.2266 -33.7245
-24.1358 -30.7533 -20.5036 -33.5415 -22.2266 -33.7245
-20.5211 -29.6281 -24.2998 -24.3921 -23.957 -22.5695
-23.957 -22.5695 -20.5211 -29.6281 -15.3507 -39.9394
-20.5211 -29.6281 -19.2352 -32.7435 -15.3507 -39.9394
-11.3249 -21.5255 -11.823 -13.3966 -11.5153 -12.2984
-11.2834 -24.0191 -11.3249 -21.5255 -11.823 -13.3966
-10.305 -29.1385 -11.2834 -24.0191 -11.3249 -21.5255
-10.133 -30.674 -10.305 -29.1385 -11.2834 -24.0191
-10.305 -29.1385 -10.133 -30.674 -9.05968 -33.3077
-9.0902 -33.0892 -9.05968 -33.3077 -8.38887 -37.6316
-10.8397 -28.3527 -13.5229 -18.7959 -14.0032 -15.7419
-10.133 -30.674 -10.8397 -28.3527 -14.0032 -15.7419
-8.38887 -37.6316 -9.05968 -33.3077 -10.133 -30.674
-8.38887 -37.6316 -10.133 -30.674 -10.8397 -28.3527
-10.8397 -28.3527 -8.38887 -37.6316 -7.21607 -42.7328
-7.21607 -42.7328 -8.38887 -37.6316 -7.15298 -34.2789
-10.5814 -17.406 -7.92967 -29.3671 -4.69995 -43.8725
-7.92967 -29.3671 -7.15298 -34.2789 -4.69995 -43.8725
-7.15298 -34.2789 -7.21607 -42.7328 -4.69995 -43.8725
-7.21607 -42.7328 -10.9508 -42.9688 -4.69995 -43.8725
-23.0695 -42.3656 -7.21607 -42.7328 -10.9508 -42.9688
-14.4949 -19.5841 -13.5229 -18.7959 -14.0032 -15.7419
-14.7098 -20.4878 -14.4949 -19.5841 -14.0032 -15.7419
-10.8225 -32.8359 -14.7098 -20.4878 -14.4949 -19.5841
-14.4949 -19.5841 -10.8225 -32.8359 -9.08335 -38.9676
-10.8225 -32.8359 -13.0253 -33.8303 -9.08335 -38.9676
-13.0253 -33.8303 -21.0611 -24.75 -16.4886 -24.2785
-13.0253 -33.8303 -16.4886 -24.2785 -16.3309 -22.4825
-21.0611 -24.75 -13.0253 -33.8303 -9.08335 -38.9676
3.60494 3.80565 3.74589 6.5814 -1.16861 9.15773
-0.321436 2.57218 3.60494 3.80565 -1.16861 9.15773
0.363933 -5.74899 -0.321436 2.57218 -1.16861 9.15773
0.430458 -7.09605 0.363933 -5.74899 -1.16861 9.15773
0.582661 -8.63883 0.430458 -7.09605 0.363933 -5.74899
2.30668 -27.6619 0.582661 -8.63883 0.430458 -7.09605
3.01266 -31.7044 2.30668 -27.6619 0.582661 -8.63883
0.582661 -8.63883 3.01266 -31.7044 3.46355 -35.131
5.72626 -34.429 3.46355 -35.131 8.92325 -36.0967
3.46355 -35.131 3.01266 -31.7044 0.0226674 -30.9017
17.4714 -37.826 8.92325 -36.0967 3.46355 -35.131
0.0226674 -30.9017 3.46355 -35.131 5.32292 -39.2998
3.46355 -35.131 17.4714 -37.826 5.32292 -39.2998
12.7874 -22.6681 11.0507 -15.7715 9.86026 -4.63072
14.256 -30.3404 12.7874 -22.6681 11.0507 -15.7715
15.4953 -35.4691 13.3102 -31.227 14.256 -30.3404
15.4953 -35.4691 14.256 -30.3404 12.7874 -22.6681
13.3102 -31.227 15.4953 -35.4691 8.92325 -36.0967
15.6319 -24.3671 16.3915 -31.0381 17.4714 -37.826
16.3915 -31.0381 15.4953 -35.4691 17.4714 -37.826
15.4953 -35.4691 8.92325 -36.0967 17.4714 -37.826
24.8003 -32.7519 22.222 -28.9113 12.2662 -12.2388
22.4012 -37.5541 24.8003 -32.7519 22.222 -28.9113
17.4714 -37.826 22.4012 -37.5541 22.222 -28.9113
22.4012 -37.5541 17.4714 -37.826 5.32292 -39.2998
0.361239 -24.0426 2.30668 -27.6619 3.01266 -31.7044
5.96226 -43.4949 18.6817 -41.2164 22.4012 -37.5541
18.6817 -41.2164 5.96226 -43.4949 2.8509 -44.2905
18.0831 -43.9352 18.6817 -41.2164 22.4012 -37.5541
19.7891 -44.9432 18.0831 -43.9352 22.4012 -37.5541
19.7891 -44.9432 22.4012 -37.5541 24.8003 -32.7519
7.83575 -45.6771 19.7891 -44.9432 18.0831 -43.9352
11.5366 -46.126 4.89183 -45.7421 7.83575 -45.6771
11.5366 -46.126 7.83575 -45.6771 19.7891 -44.9432
4.79299 -47.1256 11.5366 -46.126 19.7891 -44.9432
19.7891 -44.9432 4.79299 -47.1256 -2.88639 -49.3241
-1.75536 -46.3802 11.5366 -46.126 4.89183 -45.7421
-6.8973 -47.254 -1.75536 -46.3802 11.5366 -46.126
11.5366 -46.126 -6.8973 -47.254 -14.5853 -47.8062
16.2279 -42.9163 4.47162 -45.1497 -6.8973 -47.254
4.47162 -45.1497 -1.75536 -46.3802 -6.8973 -47.254
16.2837 -43.4605 4.47162 -45.1497 -1.75536 -46.3802
-6.10656 -45.839 -6.8973 -47.254 -14.5853 -47.8062
7.43484 -27.689 8.40978 -27.5715 3.18682 -17.3602
13.2487 -30.0772 7.43484 -27.689 8.40978 -27.5715
14.256 -30.3404 13.2487 -30.0772 8.40978 -27.5715
13.3102 -31.227 14.256 -30.3404 13.2487 -30.0772
6.30481 -31.8736 13.3102 -31.227 13.2487 -30.0772
13.3102 -31.227 6.30481 -31.8736 4.35194 -32.3206
9.36363 -30.0605 6.30481 -31.8736 4.35194 -32.3206
0.363933 -5.74899 2.85675 -6.18064 2.38258 -6.43976
2.85675 -6.18064 0.363933 -5.74899 -0.321436 2.57218
-0.321436 2.57218 2.85675 -6.18064 4.45928 -10.54
5.72817 -4.03012 -0.321436 2.57218 3.60494 3.80565
6.63169 -12.9638 5.72817 -4.03012 -0.321436 2.57218
8.51576 -17.6161 6.63169 -12.9638 -0.321436 2.57218
-0.321436 2.57218 8.51576 -17.6161 10.4689 -22.1644
8.51576 -17.6161 8.13048 -11.6648 7.75969 -9.85677
8.51576 -17.6161 7.75969 -9.85677 7.06037 -4.79064
8.13048 -11.6648 8.51576 -17.6161 10.4689 -22.1644
22.6893 -13.4203 28.5977 -14.1523 26.1209 -14.4176
36.7477 -17.602 38.1067 -17.0224 36.5699 -16.1024
33.9494 -19.2189 36.7477 -17.602 38.1067 -17.0224
38.1067 -17.0224 33.9494 -19.2189 32.8366 -19.8662
33.9494 -19.2189 31.5912 -18.8249 30.3496 -18.4894
31.5912 -18.8249 33.9494 -19.2189 32.8366 -19.8662
29.8549 -23.6956 29.7001 -24.9877 28.1679 -25.0678
25.1757 -22.6585 23.3152 -21.1333 21.2974 -19.337
23.3152 -21.1333 25.1757 -22.6585 24.7016 -22.7912
25.1757 -22.6585 26.4413 -22.5145 26.6201 -21.4521
24.7016 -22.7912 25.1757 -22.6585 26.4413 -22.5145
26.4413 -22.5145 24.7016 -22.7912 25.69 -23.4166
14.7794 -2.84244 11.5654 2.7659 6.62327 17.6861
16.6177 -7.31093 14.7794 -2.84244 11.5654 2.7659
11.5654 2.7659 16.6177 -7.31093 19.4535 -13.9389
16.6177 -7.31093 19.9829 -11.0109 19.4535 -13.9389
16.6177 -7.31093 19.9829 -11.0109 29.3651 -21.2613
22.1724 -8.19762 16.6177 -7.31093 14.7794 -2.84244
16.6177 -7.31093 22.1724 -8.19762 27.5918 -9.08881
22.1724 -8.19762 19.9107 -4.87374 18.3729 -3.73244
27.5918 -9.08881 22.1724 -8.19762 19.9107 -4.87374
30.9153 -10.5988 27.5918 -9.08881 19.9107 -4.87374
27.5918 -9.08881 30.9153 -10.5988 30.6384 -10.9072
24.0531 -1.95121 22.971 -1.66965 23.8722 -1.06539
33.4056 -6.14792 24.0531 -1.95121 23.8722 -1.06539
39.3402 -8.972 33.4056 -6.14792 23.8722 -1.06539
34.213 -9.25958 39.3402 -8.972 33.4056 -6.14792
33.9768 -10.1465 34.213 -9.25958 39.3402 -8.972
39.3402 -8.972 33.9768 -10.1465 30.6384 -10.9072
33.9768 -10.1465 30.9153 -10.5988 30.6384 -10.9072
23.8722 -1.06539 24.9797 0.897975 26.92 7.05354
22.971 -1.66965 23.8722 -1.06539 26.92 7.05354
26.92 7.05354 22.971 -1.66965 21.7045 -3.72456
35.3712 -0.958704 24.9797 0.897975 26.92 7.05354
36.3338 -2.89108 32.5539 -1.65481 35.3712 -0.958704
42.715 -9.28259 36.3338 -2.89108 35.3712 -0.958704
45.901 -10.8714 42.715 -9.28259 35.3712 -0.958704
45.901 -10.8714 35.3712 -0.958704 26.92 7.05354
42.715 -9.28259 45.901 -10.8714 42.7324 -15.1049
24.0637 32.1985 25.6149 37.6019 24.4439 38.8863
23.4763 30.0399 24.0637 32.1985 24.4439 38.8863
27.48 22.8509 23.4763 30.0399 24.0637 32.1985
23.4763 30.0399 27.48 22.8509 45.901 -10.8714
27.48 22.8509 40.9773 -0.0372048 45.901 -10.8714
40.9773 -0.0372048 43.9252 -2.18542 45.901 -10.8714
45.901 -10.8714 43.9252 -2.18542 45.9734 -2.05138
45.901 -10.8714 45.9734 -2.05138 46.6748 -0.139124
44.0551 -15.1593 42.7324 -15.1049 45.901 -10.8714
43.1308 -19.1357 44.0551 -15.1593 45.901 -10.8714
45.7557 -20.1522 43.1308 -19.1357 45.901 -10.8714
45.7557 -20.1522 45.901 -10.8714 46.6748 -0.139124
41.5416 -24.138 45.7557 -20.1522 43.1308 -19.1357
37.0495 -30.6726 41.5416 -24.138 45.7557 -20.1522
45.7557 -20.1522 37.0495 -30.6726 37.2645 -32.0849
35.9677 -28.9411 37.0495 -30.6726 37.2645 -32.0849
28.1531 -0.667469 32.5539 -1.65481 36.3338 -2.89108
28.1877 29.3409 24.0637 32.1985 25.6149 37.6019
33.4463 25.5234 34.598 27.3883 28.1877 29.3409
33.4463 25.5234 28.1877 29.3409 24.0637 32.1985
34.598 27.3883 33.4463 25.5234 34.7487 24.8998
37.5982 26.4423 36.1962 26.4971 34.598 27.3883
41.3361 25.688 37.5982 26.4423 34.598 27.3883
41.3361 25.688 34.598 27.3883 28.1877 29.3409
45.7336 12.7594 41.3361 25.688 37.5982 26.4423
37.5982 26.4423 45.7336 12.7594 48.5028 7.6992
41.4148 26.7565 26.3009 38.877 21.2983 42.8929
41.6301 26.5691 41.4148 26.7565 26.3009 38.877
41.3361 25.688 41.6301 26.5691 26.3009 38.877
41.6301 26.5691 41.3361 25.688 45.7336 12.7594
34.8589 33.6129 41.4148 26.7565 41.6301 26.5691
45.7336 12.7594 46.0795 13.0692 45.3128 15.8573
46.0795 13.0692 45.7336 12.7594 48.5028 7.6992
39.9792 20.3721 37.5982 26.4423 36.1962 26.4971
40.2712 18.4683 37.5595 20.2654 39.9792 20.3721
41.9495 13.491 40.2712 18.4683 39.9792 20.3721
45.0068 4.89023 41.9083 10.7156 41.9495 13.491
45.0068 4.89023 41.9495 13.491 39.9792 20.3721
47.7931 -0.823849 45.0068 4.89023 39.9792 20.3721
37.5982 26.4423 39.9792 20.3721 49.7111 -3.27106
39.9792 20.3721 47.7931 -0.823849 49.7111 -3.27106
26.2689 29.3898 31.4302 25.3122 37.5595 20.2654
31.4302 25.3122 39.9792 20.3721 37.5595 20.2654
35.7521 13.5272 38.5349 14.09 39.7293 15.1183
47.7931 -0.823849 35.7521 13.5272 38.5349 14.09
35.7521 13.5272 47.7931 -0.823849 49.7111 -3.27106
31.7014 22.489 37.5595 20.2654 40.2712 18.4683
41.9495 13.491 41.9083 10.7156 41.8901 9.7125
25.6149 37.6019 25.8333 37.1 28.6566 30.5928
24.4439 38.8863 25.6149 37.6019 32.6841 31.4675
25.6149 37.6019 25.8333 37.1 32.6841 31.4675
22.971 -1.66965 24.0531 -1.95121 30.7465 -5.1448
9.68355 17.1237 6.62327 17.6861 7.94464 18.8389
15.1055 12.262 9.68355 17.1237 7.94464 18.8389
15.3875 8.57095 15.1055 12.262 9.68355 17.1237
15.6544 5.64123 15.3875 8.57095 15.1055 12.262
12.0755 4.77772 15.6544 5.64123 15.3875 8.57095
15.6544 5.64123 12.0755 4.77772 19.4032 4.18636
5.10172 20.7869 7.94464 18.8389 22.7474 8.78006
36.7218 1.34053 5.10172 20.7869 4.11927 22.2026
5.10172 20.7869 36.7218 1.34053 39.3214 -0.310387
11.2385 43.1699 3.98967 48.2911 7.58912 49.3611
17.1962 35.6176 11.2385 43.1699 7.58912 49.3611
29.537 18.397 17.1962 35.6176 7.58912 49.3611
30.8492 15.2855 29.537 18.397 17.1962 35.6176
36.7218 1.34053 34.3118 3.96083 35.1537 4.79366
36.7218 1.34053 35.1537 4.79366 30.8492 15.2855
29.537 18.397 30.8492 15.2855 39.3214 -0.310387
30.8492 15.2855 36.7218 1.34053 39.3214 -0.310387
32.7519 5.20979 25.072 13.2254 16.7716 20.7613
16.7716 20.7613 32.7519 5.20979 36.7218 1.34053
32.7519 5.20979 34.3118 3.96083 36.7218 1.34053
11.1938 27.0392 6.80155 30.7358 2.02575 35.3758
16.663 22.1264 11.1938 27.0392 2.02575 35.3758
25.072 13.2254 16.663 22.1264 11.1938 27.0392
16.663 22.1264 25.072 13.2254 32.7519 5.20979
12.1998 32.146 0.25045 43.8195 -0.315819 47.1046
12.1998 32.146 -0.315819 47.1046 -1.99027 49.1091
35.1537 4.79366 14.9309 28.765 12.1998 32.146
35.1537 4.79366 12.1998 32.146 -1.99027 49.1091
14.9309 28.765 35.1537 4.79366 34.3118 3.96083
-0.425933 44.4498 0.25045 43.8195 12.1998 32.146
-0.647607 47.7832 3.98967 48.2911 7.58912 49.3611
11.6091 34.0738 -0.647607 47.7832 3.98967 48.2911
17.9805 26.6418 11.6091 34.0738 -0.647607 47.7832
21.5778 24.3328 17.9805 26.6418 11.6091 34.0738
17.9805 26.6418 21.5778 24.3328 20.6991 22.8449
16.9833 31.509 21.5778 24.3328 28.9451 13.1869
21.5778 24.3328 20.6991 22.8449 28.9451 13.1869
16.2503 27.9261 20.6991 22.8449 28.9451 13.1869
12.1998 32.146 14.9309 28.765 23.603 17.2884
9.50795 24.3549 -0.889209 38.6314 -1.44857 39.7204
11.7928 21.4813 6.14104 22.3525 9.50795 24.3549
11.7928 21.4813 9.50795 24.3549 -1.44857 39.7204
6.14104 22.3525 11.7928 21.4813 15.3398 20.0955
11.7928 21.4813 11.8702 22.4597 11.0181 25.829
11.8702 22.4597 11.7928 21.4813 15.3398 20.0955
-1.44857 39.7204 -0.843343 41.3174 -5.46705 44.4734
-0.889209 38.6314 -1.44857 39.7204 -5.46705 44.4734
-2.72466 36.4782 -0.889209 38.6314 -5.46705 44.4734
-5.46705 44.4734 -2.72466 36.4782 -1.57111 30.8488
1.62869 38.5601 -1.44857 39.7204 -0.843343 41.3174
-0.843343 41.3174 1.62869 38.5601 5.77112 34.4956
1.62869 38.5601 3.00522 37.0135 5.77112 34.4956
-5.46705 44.4734 -10.403 44.6845 -10.8135 48.0069
6.49838 37.0267 -0.843343 41.3174 -5.46705 44.4734
6.49838 37.0267 -5.46705 44.4734 -10.8135 48.0069
10.2411 32.2379 6.49838 37.0267 -0.843343 41.3174
6.49838 37.0267 10.2411 32.2379 20.0004 19.7611
10.2411 32.2379 16.8646 22.7237 20.0004 19.7611
-12.3267 43.4756 -10.1569 44.1534 -10.403 44.6845
-12.3267 43.4756 -10.403 44.6845 -10.8135 48.0069
-14.3392 42.0007 -12.3267 43.4756 -10.8135 48.0069
-30.212 26.6903 -14.3392 42.0007 -10.8135 48.0069
-10.8135 48.0069 -30.212 26.6903 -34.2315 22.5035
-32.6462 33.8804 -30.0463 34.7568 -22.1858 41.5749
-32.6462 33.8804 -22.1858 41.5749 -18.2414 44.9546
-30.974 33.012 -32.6462 33.8804 -30.0463 34.7568
-34.2315 22.5035 -30.974 33.012 -32.6462 33.8804
-32.9218 20.5667 -32.4215 22.3791 -34.2315 22.5035
-30.2383 16.8839 -30.3861 20.1283 -32.9218 20.5667
-32.6462 33.8804 -34.2315 22.5035 -36.284 7.85703
-34.2315 22.5035 -32.9218 20.5667 -36.284 7.85703
-32.9218 20.5667 -30.2383 16.8839 -36.284 7.85703
-21.3634 34.6446 -20.2337 34.8334 -13.7632 41.5511
-25.5872 30.8653 -23.5725 32.3275 -21.3634 34.6446
-25.5872 30.8653 -21.3634 34.6446 -13.7632 41.5511
-30.212 26.6903 -25.5872 30.8653 -13.7632 41.5511
-34.2315 22.5035 -30.212 26.6903 -25.5872 30.8653
-25.5872 30.8653 -34.2315 22.5035 -32.4215 22.3791
-7.1648 43.2415 -20.7625 31.2882 -32.9218 20.5667
-20.7625 31.2882 -29.3914 24.2841 -32.9218 20.5667
-29.3914 24.2841 -32.4215 22.3791 -32.9218 20.5667
-11.2101 41.4596 -20.7625 31.2882 -29.3914 24.2841
-19.1395 29.0445 -26.7125 20.3082 -36.284 7.85703
-26.7125 20.3082 -30.2383 16.8839 -36.284 7.85703
-22.1858 41.5749 -30.0463 34.7568 -27.6065 33.366
-10.403 44.6845 -5.46705 44.4734 -6.27756 44.3593
-40.2017 13.9376 -38.5618 15.6401 -41.2493 19.884
-40.7325 13.0545 -40.2017 13.9376 -41.2493 19.884
-40.8096 11.6655 -40.7325 13.0545 -40.2017 13.9376
-40.2017 13.9376 -40.8096 11.6655 -40.8738 10.6287
-38.5618 15.6401 -41.2493 19.884 -41.4467 20.9678
-41.4467 20.9678 -38.5618 15.6401 -36.7029 12.2856
-43.8773 5.47176 -40.8096 11.6655 -40.7325 13.0545
-40.8096 11.6655 -43.8773 5.47176 -45.2977 2.4973
-41.4467 20.9678 -38.1999 28.395 -36.5068 29.0245
-41.1766 20.9305 -41.4467 20.9678 -36.5068 29.0245
-41.4467 20.9678 -41.1766 20.9305 -37.2658 16.7128
-38.1999 28.395 -36.5068 29.0245 -36.1004 32.8921
-36.1004 32.8921 -38.1999 28.395 -40.6191 23.9886
