12.1957 90.9837 169.029 91.3397 22.3777 92.7609
12.1957 90.9837 22.3777 92.7609 -3.88344 93.0315
53.5919 90.8735 236.026 90.9803 12.1957 90.9837
29.1699 87.522 53.5919 90.8735 12.1957 90.9837
29.1699 87.522 12.1957 90.9837 -3.88344 93.0315
81.7175 87.0981 119.853 87.2569 29.1699 87.522
61.0709 86.2795 81.7175 87.0981 29.1699 87.522
50.7422 83.4638 61.0709 86.2795 29.1699 87.522
50.7422 83.4638 29.1699 87.522 -3.88344 93.0315
61.0709 86.2795 50.7422 83.4638 39.7259 79.2057
50.7422 83.4638 26.5655 80.692 39.7259 79.2057
252.829 92.0373 178.969 91.4051 169.029 91.3397
178.969 91.4051 287.476 91.5916 276.209 91.9555
169.029 91.3397 178.969 91.4051 287.476 91.5916
287.476 91.5916 169.029 91.3397 12.1957 90.9837
159.207 88.6616 133.313 88.2262 119.853 87.2569
133.313 88.2262 29.1699 87.522 119.853 87.2569
9.10822 77.7285 23.156 78.2198 26.5655 80.692
-0.773801 77.6182 9.10822 77.7285 26.5655 80.692
-0.773801 77.6182 26.5655 80.692 50.7422 83.4638
0.954003 72.6402 -0.773801 77.6182 9.10822 77.7285
-0.773801 77.6182 0.954003 72.6402 1.23732 50.7705
12.1429 73.6467 9.10822 77.7285 23.156 78.2198
9.10822 77.7285 12.1429 73.6467 9.37941 62.9969
58.6661 80.587 61.0709 86.2795 81.7175 87.0981
49.7097 69.9065 58.6661 80.587 81.7175 87.0981
37.8645 61.7631 49.7097 69.9065 81.7175 87.0981
20.3509 49.0111 37.8645 61.7631 81.7175 87.0981
10.6968 42.4296 20.3509 49.0111 81.7175 87.0981
81.7175 87.0981 10.6968 42.4296 2.59726 37.2213
27.7824 71.6333 37.0359 72.0698 19.7859 72.5976
17.0867 58.4208 27.7824 71.6333 19.7859 72.5976
10.6809 53.5726 17.0867 58.4208 19.7859 72.5976
19.7859 72.5976 10.6809 53.5726 2.59726 37.2213
10.6809 53.5726 10.6968 42.4296 2.59726 37.2213
32.8877 62.5076 20.3509 49.0111 10.6968 42.4296
71.6732 79.9209 108.596 87.0458 81.7175 87.0981
70.3066 73.5944 83.3771 77.6012 71.6732 79.9209
61.2668 72.2524 70.3066 73.5944 71.6732 79.9209
28.5045 48.8428 46.7386 57.5808 61.2668 72.2524
28.5045 48.8428 61.2668 72.2524 71.6732 79.9209
9.4419 30.7267 20.9487 39.5392 28.5045 48.8428
0.223775 30.019 9.4419 30.7267 28.5045 48.8428
0.223775 30.019 28.5045 48.8428 71.6732 79.9209
0.223775 30.019 71.6732 79.9209 81.7175 87.0981
9.4419 30.7267 0.223775 30.019 3.11167 21.0802
19.209 13.917 6.6334 19.7226 3.11167 21.0802
0.315315 8.85688 31.9371 13.8086 19.209 13.917
0.315315 8.85688 19.209 13.917 3.11167 21.0802
0.315315 8.85688 3.11167 21.0802 0.223775 30.019
0.315315 8.85688 0.223775 30.019 -1.74215 57.76
27.2713 3.55909 11.5377 7.28537 0.315315 8.85688
6.53886 3.15191 27.2713 3.55909 0.315315 8.85688
-1.74215 57.76 0.315315 8.85688 0.479604 -2.72465
0.315315 8.85688 6.53886 3.15191 0.479604 -2.72465
6.53886 3.15191 18.0793 0.469797 0.479604 -2.72465
16.7456 27.1042 29.7807 33.1309 30.4315 38.4684
6.6334 19.7226 16.2386 21.154 16.7456 27.1042
6.6334 19.7226 16.7456 27.1042 30.4315 38.4684
16.2386 21.154 6.6334 19.7226 19.209 13.917
58.8609 3.82811 27.2713 3.55909 6.53886 3.15191
90.3671 1.42363 100.768 2.66314 143.195 3.3122
143.195 3.3122 90.3671 1.42363 0.479604 -2.72465
90.3671 1.42363 18.0793 0.469797 0.479604 -2.72465
108.596 87.0458 81.7175 87.0981 119.853 87.2569
119.853 87.2569 108.596 87.0458 143.449 86.8119
67.1228 2.23947 100.768 2.66314 143.195 3.3122
100.768 2.66314 67.1228 2.23947 36.0329 1.75971
37.8791 7.85891 0.315315 8.85688 31.9371 13.8086
37.8791 7.85891 31.9371 13.8086 32.8911 16.4858
0.315315 8.85688 37.8791 7.85891 129.517 3.95385
37.8791 7.85891 92.6942 6.66632 129.517 3.95385
92.6942 6.66632 161.314 6.28689 129.517 3.95385
193.816 7.10047 161.314 6.28689 129.517 3.95385
68.8489 7.96989 37.8791 7.85891 92.6942 6.66632
146.331 27.1658 137.418 28.4927 83.5508 37.3476
198.418 21.0768 146.331 27.1658 83.5508 37.3476
220.113 18.923 198.418 21.0768 83.5508 37.3476
271.712 12.067 220.113 18.923 83.5508 37.3476
232.582 10.4703 286.39 11.4893 271.712 12.067
232.582 10.4703 271.712 12.067 220.113 18.923
256.708 10.4094 232.582 10.4703 286.39 11.4893
176.364 8.21731 196.049 9.48829 238.773 10.1169
176.364 8.21731 238.773 10.1169 256.708 10.4094
92.6942 6.66632 118.328 7.0683 132.057 7.20913
286.39 11.4893 256.708 10.4094 161.314 6.28689
256.708 10.4094 176.364 8.21731 161.314 6.28689
176.364 8.21731 132.057 7.20913 161.314 6.28689
132.057 7.20913 92.6942 6.66632 161.314 6.28689
119.13 27.2064 66.7239 39.1793 59.4138 41.0833
129.1 23.0978 98.4811 23.4981 119.13 27.2064
141.132 22.0633 129.1 23.0978 119.13 27.2064
172.044 13.9515 147.364 17.3111 141.132 22.0633
196.049 9.48829 172.044 13.9515 141.132 22.0633
196.049 9.48829 141.132 22.0633 119.13 27.2064
196.049 9.48829 119.13 27.2064 59.4138 41.0833
172.044 13.9515 196.049 9.48829 176.364 8.21731
232.582 10.4703 208.213 10.531 216.256 13.9871
208.213 10.531 232.582 10.4703 256.708 10.4094
247.256 7.5701 300.857 9.1182 286.39 11.4893
119.736 0.591419 247.256 7.5701 286.39 11.4893
247.256 7.5701 119.736 0.591419 52.9904 -3.24488
286.39 11.4893 271.712 12.067 282.692 12.1956
300.857 9.1182 286.39 11.4893 282.692 12.1956
321.453 6.86044 300.857 9.1182 282.692 12.1956
321.453 6.86044 282.692 12.1956 256.396 16.4789
332.95 6.72231 321.453 6.86044 256.396 16.4789
358.565 3.82757 332.95 6.72231 256.396 16.4789
332.95 6.72231 358.565 3.82757 341.977 3.73206
358.565 3.82757 162.424 29.8624 110.305 36.6537
382.096 0.772389 341.977 3.73206 358.565 3.82757
382.096 0.772389 358.565 3.82757 162.424 29.8624
347.568 -1.87254 382.096 0.772389 341.977 3.73206
382.096 0.772389 347.568 -1.87254 330.236 -3.41476
347.568 -1.87254 311.314 -2.35107 330.236 -3.41476
216.525 1.03226 178.526 1.41428 160.628 2.25028
296.608 -0.101727 216.525 1.03226 160.628 2.25028
311.314 -2.35107 296.608 -0.101727 216.525 1.03226
216.525 1.03226 311.314 -2.35107 330.236 -3.41476
233.669 3.20052 203.487 3.90448 268.47 3.90731
260.68 1.94406 233.669 3.20052 268.47 3.90731
233.669 3.20052 260.68 1.94406 296.608 -0.101727
296.608 -0.101727 260.68 1.94406 276.433 1.99424
296.608 -0.101727 276.433 1.99424 286.36 3.02084
286.36 3.02084 296.608 -0.101727 311.314 -2.35107
321.802 1.51112 347.568 -1.87254 311.314 -2.35107
321.453 6.86044 332.95 6.72231 307.697 6.57224
146.274 0.39262 178.526 1.41428 160.628 2.25028
107.224 -1.69917 146.274 0.39262 160.628 2.25028
160.628 2.25028 107.224 -1.69917 83.4997 -3.29449
188.244 0.828735 216.525 1.03226 178.526 1.41428
166.596 -0.673428 188.244 0.828735 178.526 1.41428
212.906 -1.54153 166.596 -0.673428 188.244 0.828735
188.244 0.828735 212.906 -1.54153 251.6 -1.77103
166.596 -0.673428 212.906 -1.54153 238.078 -3.14796
162.424 29.8624 110.305 36.6537 36.0589 46.4758
36.0589 46.4758 162.424 29.8624 209.058 23.8969
132.839 26.3064 137.418 28.4927 83.5508 37.3476
161.852 19.8122 132.839 26.3064 137.418 28.4927
132.839 26.3064 161.852 19.8122 173.631 16.54
179.243 19.6821 146.331 27.1658 137.418 28.4927
137.418 28.4927 179.243 19.6821 186.31 17.91
47.1396 38.7656 66.7239 39.1793 59.4138 41.0833
59.4138 41.0833 47.1396 38.7656 43.0851 38.6673
50.6384 27.9845 47.1396 38.7656 66.7239 39.1793
42.209 27.7069 50.6384 27.9845 47.1396 38.7656
47.1396 38.7656 42.209 27.7069 38.1015 21.7715
42.209 27.7069 48.2461 23.5051 38.1015 21.7715
48.2461 23.5051 72.6117 22.9435 38.1015 21.7715
72.6117 22.9435 83.2817 23.1882 62.519 23.6391
83.2817 23.1882 72.6117 22.9435 38.1015 21.7715
50.6384 27.9845 88.5041 28.8368 62.6846 29.626
50.6384 27.9845 62.6846 29.626 67.123 30.5453
88.5041 28.8368 50.6384 27.9845 42.209 27.7069
119.13 27.2064 110.866 27.3478 97.7632 27.7569
98.4811 23.4981 119.13 27.2064 110.866 27.3478
81.9048 13.5949 101.506 13.7733 88.1651 19.7126
59.5231 13.3227 81.9048 13.5949 88.1651 19.7126
59.5231 13.3227 88.1651 19.7126 98.4811 23.4981
59.5231 13.3227 98.4811 23.4981 110.866 27.3478
110.866 27.3478 59.5231 13.3227 51.8655 11.5428
97.7632 27.7569 110.866 27.3478 77.3016 26.9593
88.1651 19.7126 101.506 13.7733 110 12.4322
111.176 21.4444 129.1 23.0978 98.4811 23.4981
98.4811 23.4981 111.176 21.4444 121.742 17.4345
149.331 13.4854 172.044 13.9515 147.364 17.3111
172.044 13.9515 149.331 13.4854 137.354 13.0686
46.7386 57.5808 62.2278 57.9031 66.922 58.3339
28.5045 48.8428 46.7386 57.5808 62.2278 57.9031
47.7724 48.1471 28.5045 48.8428 62.2278 57.9031
100.99 43.2558 47.7724 48.1471 28.5045 48.8428
123.089 41.7682 88.5651 42.1447 100.99 43.2558
123.089 41.7682 100.99 43.2558 47.7724 48.1471
168.812 38.2285 148.844 39.3697 123.089 41.7682
168.812 38.2285 123.089 41.7682 47.7724 48.1471
240.467 31.4292 206.629 33.4912 168.812 38.2285
260.305 30.7385 240.467 31.4292 168.812 38.2285
260.305 30.7385 168.812 38.2285 47.7724 48.1471
240.467 31.4292 260.305 30.7385 253.574 29.5286
190.515 37.5735 209.85 38.5274 127.463 42.6741
260.305 30.7385 190.515 37.5735 127.463 42.6741
269.028 29.395 253.574 29.5286 260.305 30.7385
302.575 27.2249 269.028 29.395 260.305 30.7385
302.575 27.2249 260.305 30.7385 190.515 37.5735
269.028 29.395 302.575 27.2249 323.113 17.7494
152.767 60.1456 287.937 30.4508 302.575 27.2249
260.931 39.9411 251.956 51.5035 241.116 51.8135
277.273 33.7044 260.931 39.9411 251.956 51.5035
287.937 30.4508 277.273 33.7044 251.956 51.5035
302.575 27.2249 287.937 30.4508 251.956 51.5035
251.956 51.5035 302.575 27.2249 323.113 17.7494
220.62 50.7921 277.273 33.7044 287.937 30.4508
178.34 32.3967 148.844 39.3697 123.089 41.7682
148.844 39.3697 178.34 32.3967 190.505 30.2897
136.669 37.7215 178.34 32.3967 190.505 30.2897
148.844 39.3697 168.812 38.2285 162.089 37.8652
201.586 32.9022 206.629 33.4912 168.812 38.2285
168.812 38.2285 201.586 32.9022 217.804 28.4992
231.63 28.1271 201.586 32.9022 206.629 33.4912
201.586 32.9022 231.63 28.1271 286.507 19.1648
231.63 28.1271 268.407 22.3195 286.507 19.1648
253.574 29.5286 269.028 29.395 306.537 18.1947
283.659 40.0198 269.28 47.803 251.956 51.5035
269.28 47.803 283.659 40.0198 328.885 16.0671
283.659 40.0198 287.84 37.2667 328.885 16.0671
272.151 42.7488 283.659 40.0198 287.84 37.2667
241.116 51.8135 257.221 53.859 217.525 56.1094
251.956 51.5035 241.116 51.8135 257.221 53.859
269.28 47.803 251.956 51.5035 257.221 53.859
257.221 53.859 269.28 47.803 310.742 29.5712
302.244 46.8701 292.179 52.3942 257.221 53.859
303.695 42.7936 302.244 46.8701 257.221 53.859
312.2 36.3684 303.695 42.7936 257.221 53.859
257.221 53.859 312.2 36.3684 316.785 33.4065
307.162 48.3907 302.244 46.8701 303.695 42.7936
161.073 63.3054 98.6029 66.201 109.652 67.8654
197.6 59.4141 170.968 61.7771 161.073 63.3054
257.221 53.859 217.525 56.1094 197.6 59.4141
257.221 53.859 197.6 59.4141 161.073 63.3054
292.179 52.3942 257.221 53.859 161.073 63.3054
292.179 52.3942 161.073 63.3054 109.652 67.8654
342.605 48.1642 292.179 52.3942 109.652 67.8654
292.179 52.3942 342.605 48.1642 328.499 46.8692
257.216 87.0382 272.785 87.3676 358.4 90.3986
141.717 83.4291 266.605 83.5522 188.381 83.6525
141.717 83.4291 188.381 83.6525 257.216 87.0382
141.717 83.4291 257.216 87.0382 358.4 90.3986
276.051 83.2745 99.0467 83.4231 141.717 83.4291
276.051 83.2745 141.717 83.4291 266.605 83.5522
312.838 83.0707 276.051 83.2745 266.605 83.5522
286.096 82.6864 312.838 83.0707 276.051 83.2745
198.63 81.6072 286.096 82.6864 276.051 83.2745
107.855 79.7513 198.63 81.6072 276.051 83.2745
128.341 77.046 107.855 79.7513 198.63 81.6072
123.15 76.8281 128.341 77.046 107.855 79.7513
177.1 66.7331 173.651 67.3853 123.15 76.8281
213.615 59.4568 177.1 66.7331 123.15 76.8281
213.615 59.4568 123.15 76.8281 107.855 79.7513
228.449 58.2377 213.615 59.4568 177.1 66.7331
282.254 53.8957 263.548 56.5954 228.449 58.2377
213.615 59.4568 228.449 58.2377 342.605 48.1642
228.449 58.2377 282.254 53.8957 342.605 48.1642
282.254 53.8957 320.972 51.1932 342.605 48.1642
342.605 48.1642 320.972 51.1932 333.474 56.4574
333.474 56.4574 342.605 48.1642 349.193 43.0958
342.605 48.1642 328.499 46.8692 349.193 43.0958
207.105 68.4089 177.377 76.1102 166.469 77.9146
241.289 61.5411 207.105 68.4089 177.377 76.1102
177.377 76.1102 241.289 61.5411 263.548 56.5954
241.289 61.5411 228.449 58.2377 263.548 56.5954
207.105 68.4089 203.265 68.5124 187.517 71.888
203.265 68.5124 207.105 68.4089 241.289 61.5411
320.467 78.9066 301.799 71.4202 263.548 56.5954
301.799 71.4202 276.981 60.5906 263.548 56.5954
276.981 60.5906 271.047 57.7464 263.548 56.5954
263.548 56.5954 271.047 57.7464 287.652 57.8862
308.27 69.3261 287.652 57.8862 282.254 53.8957
287.652 57.8862 263.548 56.5954 282.254 53.8957
293.218 66.5239 276.981 60.5906 271.047 57.7464
318.549 61.9884 307.569 62.6326 317.426 69.9049
317.426 69.9049 318.549 61.9884 320.972 51.1932
318.549 61.9884 302.814 57.7988 320.972 51.1932
302.814 57.7988 282.254 53.8957 320.972 51.1932
330.865 31.2947 312.2 36.3684 303.695 42.7936
359.101 23.7496 348.321 27.1877 330.865 31.2947
312.2 36.3684 330.865 31.2947 373.276 19.4935
330.865 31.2947 359.101 23.7496 373.276 19.4935
329.86 87.1988 382.129 90.3704 401.849 91.6151
371.486 87.1556 329.86 87.1988 382.129 90.3704
376.943 78.7696 371.486 87.1556 382.129 90.3704
378.994 66.4562 376.943 78.7696 382.129 90.3704
380.132 51.3281 378.994 66.4562 382.129 90.3704
371.987 43.6662 371.452 51.1284 380.132 51.3281
377.311 41.216 371.987 43.6662 380.132 51.3281
378.395 26.735 377.311 41.216 380.132 51.3281
373.276 19.4935 359.101 23.7496 378.395 26.735
382.129 90.3704 380.132 51.3281 378.65 18.7182
380.132 51.3281 378.395 26.735 378.65 18.7182
378.395 26.735 373.276 19.4935 378.65 18.7182
373.276 19.4935 350.516 19.3694 378.65 18.7182
343.963 33.4431 326.316 37.0079 322.131 38.6359
326.316 37.0079 343.963 33.4431 330.865 31.2947
341.461 37.6303 343.963 33.4431 348.321 27.1877
343.963 33.4431 330.865 31.2947 348.321 27.1877
378.395 26.735 373.195 30.5224 361.297 39.7077
373.195 30.5224 378.395 26.735 359.101 23.7496
353.161 62.5929 339.273 72.1395 326.943 83.7855
360.444 58.8447 353.161 62.5929 326.943 83.7855
371.452 51.1284 360.444 58.8447 326.943 83.7855
360.444 58.8447 371.452 51.1284 371.987 43.6662
380.132 51.3281 367.731 59.6509 362.34 72.0236
380.132 51.3281 362.34 72.0236 358.009 77.4677
367.731 59.6509 380.132 51.3281 371.452 51.1284
402.143 20.7978 401.682 27.9478 401.193 41.4297
360.23 13.153 378.65 18.7182 402.143 20.7978
377.798 10.7565 360.23 13.153 402.143 20.7978
402.902 9.33211 377.798 10.7565 402.143 20.7978
402.902 9.33211 402.143 20.7978 401.193 41.4297
389.133 6.30241 346.213 7.80164 402.902 9.33211
398.854 -0.472327 389.133 6.30241 402.902 9.33211
401.193 41.4297 402.902 9.33211 406.714 -1.66442
402.902 9.33211 398.854 -0.472327 406.714 -1.66442
340.119 21.7552 350.516 19.3694 360.23 13.153
350.516 19.3694 378.65 18.7182 360.23 13.153
398.854 -0.472327 389.071 1.89277 367.844 3.9208
367.844 3.9208 398.854 -0.472327 406.714 -1.66442
337.023 7.82821 346.213 7.80164 389.133 6.30241
367.461 11.2139 377.798 10.7565 402.902 9.33211
248.119 21.1198 236.872 21.6507 226.643 23.6749
248.119 21.1198 226.643 23.6749 173.148 31.2305
280.576 18.3884 248.119 21.1198 236.872 21.6507
296.262 17.4271 280.576 18.3884 248.119 21.1198
360.23 13.153 296.262 17.4271 280.576 18.3884
280.576 18.3884 360.23 13.153 377.798 10.7565
387.969 86.2325 382.129 90.3704 401.849 91.6151
398.524 81.3593 387.969 86.2325 401.849 91.6151
397.759 69.6943 398.524 81.3593 401.849 91.6151
391.411 32.4008 397.759 69.6943 401.849 91.6151
397.759 69.6943 391.411 32.4008 388.926 22.3575
393.472 37.7918 403.015 63.3771 411.833 88.628
411.833 88.628 393.472 37.7918 391.411 32.4008
393.472 37.7918 400.637 49.3549 407.287 66.0336
393.472 37.7918 407.287 66.0336 412.069 76.7396
391.411 32.4008 393.472 37.7918 400.637 49.3549
400.637 49.3549 391.411 32.4008 388.926 22.3575
387.308 79.8831 398.524 81.3593 387.969 86.2325
392.358 70.7953 387.308 79.8831 398.524 81.3593
398.524 81.3593 392.358 70.7953 387.34 58.8879
398.524 81.3593 397.759 69.6943 393.745 53.5777
407.287 66.0336 410.569 60.8947 406.975 46.6539
410.569 60.8947 407.287 66.0336 412.069 76.7396
411.925 39.34 410.569 60.8947 412.069 76.7396
412.069 76.7396 411.925 39.34 411.961 12.9423
411.925 39.34 410.91 21.9792 411.961 12.9423
408.22 32.0289 410.91 21.9792 411.961 12.9423
352.359 81.5099 371.486 87.1556 329.86 87.1988
342.94 77.5936 352.359 81.5099 329.86 87.1988
329.86 87.1988 342.94 77.5936 353.668 69.0088
371.012 78.6669 376.943 78.7696 371.486 87.1556
376.943 78.7696 371.012 78.6669 366.469 73.6606
376.943 78.7696 378.994 66.4562 376.479 60.287
326.943 83.7855 339.273 72.1395 362.17 48.7888
361.297 39.7077 346.912 50.9105 339.268 60.8881
361.297 39.7077 339.268 60.8881 329.772 71.1483
346.912 50.9105 361.297 39.7077 360.094 27.4837
361.297 39.7077 373.195 30.5224 360.094 27.4837
219.774 69.666 177.377 76.1102 166.469 77.9146
231.853 66.2577 219.774 69.666 177.377 76.1102
177.377 76.1102 231.853 66.2577 249.253 62.1152
276.905 68.5416 270.655 67.3033 249.253 62.1152
270.655 67.3033 231.853 66.2577 249.253 62.1152
161.528 76.6868 123.15 76.8281 128.341 77.046
123.15 76.8281 161.528 76.6868 149.169 76.4074
210.912 80.6272 198.63 81.6072 286.096 82.6864
223.943 77.6838 210.912 80.6272 198.63 81.6072
252.096 76.0324 242.557 77.5553 223.943 77.6838
198.63 81.6072 223.943 77.6838 250.37 72.6879
223.943 77.6838 252.096 76.0324 250.37 72.6879
250.37 72.6879 252.096 76.0324 258.914 76.5905
258.914 76.5905 250.37 72.6879 241.628 68.6199
231.432 79.381 242.557 77.5553 252.096 76.0324
300.36 80.2416 286.096 82.6864 312.838 83.0707
312.838 83.0707 300.36 80.2416 257.095 69.72
109.652 67.8654 122.475 68.0948 78.4029 68.6186
98.6029 66.201 109.652 67.8654 78.4029 68.6186
88.6549 66.0062 98.6029 66.201 78.4029 68.6186
98.6029 66.201 88.6549 66.0062 76.9843 63.2035
139.693 62.2221 161.073 63.3054 98.6029 66.201
106.429 61.3159 139.693 62.2221 98.6029 66.201
90.7361 58.6107 106.429 61.3159 98.6029 66.201
76.9066 49.6333 100.02 57.6402 90.7361 58.6107
76.9066 49.6333 90.7361 58.6107 98.6029 66.201
66.4348 49.3358 89.1974 49.5584 76.9066 49.6333
66.4348 49.3358 76.9066 49.6333 98.6029 66.201
102.546 47.8578 66.4348 49.3358 89.1974 49.5584
66.4348 49.3358 102.546 47.8578 110.663 47.4161
201.436 41.4584 118.711 48.9087 89.1974 49.5584
89.1974 49.5584 201.436 41.4584 250.9 37.8862
201.436 41.4584 178.502 43.7663 151.68 46.0934
178.502 43.7663 201.436 41.4584 250.9 37.8862
89.1974 49.5584 76.9066 49.6333 131.35 51.6499
118.711 48.9087 89.1974 49.5584 131.35 51.6499
216.497 41.9918 118.711 48.9087 131.35 51.6499
118.711 48.9087 216.497 41.9918 230.995 40.6979
163.382 52.8384 100.02 57.6402 90.7361 58.6107
140.625 52.654 163.382 52.8384 100.02 57.6402
167.265 49.3423 140.625 52.654 100.02 57.6402
100.02 57.6402 167.265 49.3423 183.757 47.178
132.354 60.2599 170.968 61.7771 161.073 63.3054
161.073 63.3054 132.354 60.2599 121.935 59.4272
193.762 57.8307 197.6 59.4141 170.968 61.7771
183.523 56.3845 193.762 57.8307 170.968 61.7771
187.461 53.874 183.523 56.3845 170.968 61.7771
201.058 50.9207 187.461 53.874 183.523 56.3845
187.461 53.874 201.058 50.9207 242.886 41.7396
201.058 50.9207 210.893 49.1813 242.886 41.7396
201.058 50.9207 210.893 49.1813 227.026 47.5894
66.922 58.3339 62.2278 57.9031 57.5286 52.0167
143.037 69.0076 89.2999 76.105 83.3771 77.6012
143.037 69.0076 83.3771 77.6012 71.6732 79.9209
71.6732 79.9209 143.037 69.0076 156.966 66.9452
143.037 69.0076 152.233 67.3889 156.966 66.9452
128.839 69.3668 152.233 67.3889 156.966 66.9452
212.129 89.8105 53.5919 90.8735 236.026 90.9803
203.109 88.1306 212.129 89.8105 53.5919 90.8735
53.5919 90.8735 203.109 88.1306 221.635 87.6607
336.093 92.9545 232.622 93.5338 350.662 93.6305
323.529 92.5918 186.692 92.6279 336.093 92.9545
287.476 91.5916 276.209 91.9555 323.529 92.5918
313.365 91.3716 287.476 91.5916 323.529 92.5918
313.365 91.3716 323.529 92.5918 336.093 92.9545
313.365 91.3716 336.093 92.9545 350.662 93.6305
350.662 93.6305 313.365 91.3716 296.47 89.9698
152.582 92.7609 102.761 93.0544 68.9682 93.2213
36.1194 93.824 68.9682 93.2213 88.7755 92.52
68.9682 93.2213 152.582 92.7609 88.7755 92.52
152.582 92.7609 186.692 92.6279 88.7755 92.52
186.692 92.6279 323.529 92.5918 88.7755 92.52
