0.292755 11.8143 0.351844 15.1601 0.186529 18.5044
0.351844 15.1601 0.292755 11.8143 0.302374 4.69804
1.30877 8.30271 0.351844 15.1601 0.186529 18.5044
2.43374 3.30653 1.95568 6.27053 1.36591 7.93754
0.351844 15.1601 1.30877 8.30271 1.80967 2.91699
1.30877 8.30271 1.36591 7.93754 1.80967 2.91699
1.36591 7.93754 2.43374 3.30653 1.80967 2.91699
2.96567 24.4982 2.77469 24.5975 1.95176 24.914
0.509528 23.7279 2.96567 24.4982 1.95176 24.914
0.509528 23.7279 1.95176 24.914 0.344048 26.164
0.841907 17.1259 0.856914 23.5218 0.509528 23.7279
0.841907 17.1259 0.509528 23.7279 0.344048 26.164
1.30877 8.30271 0.841907 17.1259 0.344048 26.164
0.841907 17.1259 1.30877 8.30271 1.36591 7.93754
3.34961 24.5967 2.96567 24.4982 0.509528 23.7279
19.4514 12.7339 22.1345 14.2093 22.1562 14.645
6.32421 5.45536 15.7315 10.7672 19.4514 12.7339
6.32421 5.45536 19.4514 12.7339 22.1345 14.2093
2.43374 3.30653 4.18991 4.27892 6.32421 5.45536
22.1345 14.2093 6.32421 5.45536 1.80967 2.91699
6.32421 5.45536 2.43374 3.30653 1.80967 2.91699
12.5853 14.556 12.7904 14.813 10.2417 15.5807
16.6804 14.0397 12.5853 14.556 12.7904 14.813
14.0311 11.9439 16.6804 14.0397 12.5853 14.556
7.02785 8.63015 8.40617 10.8278 14.0311 11.9439
9.00169 7.98488 7.02785 8.63015 14.0311 11.9439
6.32421 5.45536 9.00169 7.98488 14.0311 11.9439
6.32421 5.45536 14.0311 11.9439 16.6804 14.0397
9.00169 7.98488 6.32421 5.45536 4.18991 4.27892
16.0432 11.4646 17.0371 12.649 19.0691 14.4463
15.7315 10.7672 16.0432 11.4646 19.0691 14.4463
16.0432 11.4646 15.7315 10.7672 6.32421 5.45536
26.3224 12.8807 25.8575 13.5236 22.1345 14.2093
21.952 12.7425 26.3224 12.8807 22.1345 14.2093
16.4158 10.417 21.952 12.7425 22.1345 14.2093
22.1345 14.2093 16.4158 10.417 14.3652 9.54661
25.8575 13.5236 22.1345 14.2093 22.1562 14.645
27.5092 13.1022 25.8575 13.5236 22.1562 14.645
39.2502 9.95486 27.5092 13.1022 22.1562 14.645
17.2552 15.9824 22.1562 14.645 41.5789 9.38993
22.1562 14.645 39.2502 9.95486 41.5789 9.38993
39.2502 9.95486 34.4262 9.4551 41.5789 9.38993
31.9049 9.69038 33.5197 10.1194 32.2204 10.5491
34.4262 9.4551 31.9049 9.69038 33.5197 10.1194
36.1607 9.25887 41.5789 9.38993 34.4262 9.4551
36.1607 9.25887 34.4262 9.4551 31.9049 9.69038
41.5789 9.38993 36.1607 9.25887 23.5769 8.92218
15.1644 8.67677 16.4158 10.417 21.952 12.7425
13.9352 7.57752 15.1644 8.67677 16.4158 10.417
13.0145 7.41706 13.9352 7.57752 16.4158 10.417
5.59198 4.36297 14.0282 5.40505 13.0145 7.41706
5.59198 4.36297 13.0145 7.41706 16.4158 10.417
4.18849 3.58163 5.59198 4.36297 16.4158 10.417
8.44291 2.92788 4.18849 3.58163 5.59198 4.36297
9.08049 2.50156 8.44291 2.92788 4.18849 3.58163
12.3311 1.91091 9.52913 2.03618 9.08049 2.50156
12.3311 1.91091 9.08049 2.50156 8.44291 2.92788
14.5547 1.60026 12.3311 1.91091 8.44291 2.92788
14.1686 1.0308 17.0966 1.58614 14.5547 1.60026
14.1686 1.0308 14.5547 1.60026 12.3311 1.91091
12.3311 1.91091 14.1686 1.0308 12.0745 0.88924
13.9352 7.57752 22.431 8.653 19.8845 9.18195
22.431 8.653 13.9352 7.57752 13.0145 7.41706
44.2653 8.64977 42.7422 9.08641 7.13664 19.5212
38.4771 8.31708 44.2653 8.64977 42.7422 9.08641
25.9032 6.87709 38.4771 8.31708 42.7422 9.08641
20.4175 6.1536 25.9032 6.87709 38.4771 8.31708
17.3605 5.86539 17.3137 5.97238 20.4175 6.1536
14.0282 5.40505 17.3605 5.86539 20.4175 6.1536
38.4771 8.31708 20.4175 6.1536 5.59198 4.36297
20.4175 6.1536 14.0282 5.40505 5.59198 4.36297
17.4812 6.61582 19.1187 6.75687 14.8558 7.28225
17.3325 6.548 17.4812 6.61582 14.8558 7.28225
17.3137 5.97238 17.3325 6.548 14.8558 7.28225
14.8558 7.28225 17.3137 5.97238 17.3605 5.86539
25.0497 6.93017 26.2928 7.24162 27.9205 7.73506
25.9032 6.87709 25.0497 6.93017 26.2928 7.24162
25.0497 6.93017 25.9032 6.87709 20.4175 6.1536
24.6302 2.23321 14.5547 1.60026 17.0966 1.58614
31.5884 2.28973 35.9 2.34194 11.6417 3.85669
14.1686 1.0308 31.5884 2.28973 35.9 2.34194
35.9 2.34194 14.1686 1.0308 12.0745 0.88924
36.6818 1.9065 34.1502 1.96106 37.1614 2.24778
40.0592 1.65952 36.6818 1.9065 37.1614 2.24778
45.7277 1.51405 40.0592 1.65952 37.1614 2.24778
55.5288 1.11781 45.0233 1.12877 45.7277 1.51405
55.5288 1.11781 45.7277 1.51405 37.1614 2.24778
55.5288 1.11781 37.1614 2.24778 35.9 2.34194
55.5288 1.11781 35.9 2.34194 11.6417 3.85669
53.1741 0.99624 55.5288 1.11781 45.0233 1.12877
46.027 0.77449 53.1741 0.99624 45.0233 1.12877
53.1741 0.99624 46.027 0.77449 43.7897 0.682942
30.4148 1.84239 34.1502 1.96106 37.1614 2.24778
29.9284 0.842183 30.4148 1.84239 34.1502 1.96106
30.4148 1.84239 29.9284 0.842183 29.5025 0.331161
29.9284 0.842183 33.4859 0.356589 29.5025 0.331161
64.7164 0.385976 86.9813 0.506534 64.1081 0.64245
33.4859 0.356589 64.7164 0.385976 64.1081 0.64245
64.7164 0.385976 33.4859 0.356589 29.5025 0.331161
86.9813 0.506534 64.7164 0.385976 36.1357 0.221216
64.7164 0.385976 52.951 0.330983 36.1357 0.221216
72.938 0.749313 78.6684 0.817087 82.7373 0.827689
64.1081 0.64245 66.4385 0.701354 72.938 0.749313
64.1081 0.64245 72.938 0.749313 82.7373 0.827689
86.9813 0.506534 64.1081 0.64245 82.7373 0.827689
91.1314 0.287882 86.9813 0.506534 82.7373 0.827689
92.9374 0.192801 91.1314 0.287882 82.7373 0.827689
91.1314 0.287882 92.9374 0.192801 81.5775 0.1587
72.938 0.749313 60.006 1.44564 54.0421 1.69611
50.0179 1.99648 54.0421 1.69611 66.4385 0.701354
54.0421 1.69611 72.938 0.749313 66.4385 0.701354
69.4389 1.39175 54.0421 1.69611 50.0179 1.99648
50.0179 1.99648 69.4389 1.39175 79.5749 1.11494
40.0592 1.65952 37.2573 1.67834 35.2528 1.76015
45.7277 1.51405 40.0592 1.65952 37.2573 1.67834
38.2992 1.50109 45.7277 1.51405 37.2573 1.67834
37.4853 1.11907 38.2992 1.50109 45.7277 1.51405
45.7277 1.51405 37.4853 1.11907 36.874 1.08161
61.8363 0.71998 53.1741 0.99624 55.5288 1.11781
61.8363 0.71998 55.5288 1.11781 40.2929 2.12212
44.1601 0.58648 61.8363 0.71998 53.1741 0.99624
53.1741 0.99624 44.1601 0.58648 42.7431 0.548957
23.8271 6.45474 38.4771 8.31708 44.2653 8.64977
38.4771 8.31708 23.8271 6.45474 16.9456 5.59104
23.8271 6.45474 18.3279 5.75008 16.9456 5.59104
30.1623 7.09481 18.3279 5.75008 16.9456 5.59104
14.8558 7.28225 19.1187 6.75687 21.4569 6.58501
25.4278 8.42545 22.431 8.653 19.8845 9.18195
19.8845 9.18195 25.4278 8.42545 26.6006 8.38821
27.3811 12.7012 26.3224 12.8807 25.8575 13.5236
29.407 12.4121 25.3171 12.5806 27.3811 12.7012
29.407 12.4121 27.3811 12.7012 25.8575 13.5236
33.9539 11.0122 30.2661 11.5 29.407 12.4121
33.9539 11.0122 29.407 12.4121 25.8575 13.5236
28.7261 10.637 33.9539 11.0122 30.2661 11.5
33.9539 11.0122 28.7261 10.637 23.9155 9.96374
25.7054 12.2818 24.5745 10.7635 23.9155 9.96374
24.5745 10.7635 28.7261 10.637 23.9155 9.96374
22.9894 12.676 25.3171 12.5806 29.407 12.4121
6.35264 18.7577 3.60259 21.2892 2.79448 22.0301
12.0411 12.9814 7.97076 14.9188 8.7052 15.6988
12.0411 12.9814 8.7052 15.6988 8.44029 16.4862
12.0411 12.9814 8.44029 16.4862 6.35264 18.7577
14.0311 11.9439 10.3566 12.4586 12.0411 12.9814
14.0311 11.9439 12.0411 12.9814 6.35264 18.7577
14.0311 11.9439 6.35264 18.7577 3.60259 21.2892
8.40617 10.8278 14.0311 11.9439 10.3566 12.4586
7.49095 10.1508 8.40617 10.8278 10.3566 12.4586
8.40617 10.8278 7.49095 10.1508 4.71199 7.27839
7.49095 10.1508 6.50902 9.95971 4.71199 7.27839
3.34896 15.9136 4.28693 10.0333 4.71199 7.27839
4.28693 10.0333 6.50902 9.95971 4.71199 7.27839
5.86291 11.2793 6.02614 10.2785 6.50902 9.95971
6.02614 10.2785 4.28693 10.0333 6.50902 9.95971
7.0572 10.7665 7.49095 10.1508 6.50902 9.95971
8.32604 13.1737 12.0411 12.9814 10.3566 12.4586
8.7052 15.6988 7.97076 14.9188 6.77808 14.4065
7.97076 14.9188 8.13514 14.6618 6.77808 14.4065
8.40617 10.8278 7.02785 8.63015 4.46168 4.55002
2.1213 6.12002 1.95568 6.27053 1.36591 7.93754
1.95568 6.27053 2.1213 6.12002 2.16769 5.3752
1.98049 10.3073 2.12431 10.3314 1.95498 12.1509
1.96138 9.61175 1.98049 10.3073 1.95498 12.1509
2.1213 6.12002 1.82141 8.71574 1.96138 9.61175
2.1213 6.12002 1.96138 9.61175 1.98049 10.3073
1.98049 10.3073 2.1213 6.12002 2.16769 5.3752
2.12431 10.3314 1.98049 10.3073 3.02688 6.57085
1.8866 23.292 0.856914 23.5218 0.509528 23.7279
0.93338 22.9607 1.8866 23.292 0.856914 23.5218
0.856914 23.5218 0.93338 22.9607 1.03322 20.1012
2.35767 17.7419 0.93338 22.9607 1.8866 23.292
1.8866 23.292 2.35767 17.7419 3.48043 9.86203
4.89409 24.5576 1.95176 24.914 0.344048 26.164
8.83182 23.2352 4.89409 24.5576 0.344048 26.164
19.0564 20.3863 8.83182 23.2352 0.344048 26.164
21.7961 19.5555 19.0564 20.3863 0.344048 26.164
19.0564 20.3863 21.7961 19.5555 18.1518 19.1739
15.8883 21.9644 17.4837 21.3432 21.7961 19.5555
7.35164 26.3535 3.1504 26.8163 4.49136 27.7785
14.9396 22.967 7.35164 26.3535 4.49136 27.7785
21.7961 19.5555 17.4837 21.3432 14.9396 22.967
13.9181 18.3256 18.1518 19.1739 21.7961 19.5555
25.4566 17.4957 13.9181 18.3256 21.7961 19.5555
31.5913 15.056 22.5852 17.0117 25.4566 17.4957
31.5913 15.056 25.4566 17.4957 21.7961 19.5555
31.5913 15.056 21.7961 19.5555 14.9396 22.967
32.8928 14.4424 31.5913 15.056 14.9396 22.967
36.1361 13.0684 32.8928 14.4424 14.9396 22.967
45.8738 8.60281 43.8878 9.26929 36.1361 13.0684
45.8738 8.60281 36.1361 13.0684 14.9396 22.967
48.9113 7.15822 45.5798 8.37039 45.8738 8.60281
56.7818 2.87003 53.1751 4.5604 48.9113 7.15822
49.5994 2.8275 43.8416 2.8576 56.7818 2.87003
55.6014 2.47026 49.5994 2.8275 56.7818 2.87003
55.4655 2.30532 55.6014 2.47026 56.7818 2.87003
4.49136 27.7785 14.9396 22.967 60.4838 2.00426
14.9396 22.967 45.8738 8.60281 60.4838 2.00426
45.8738 8.60281 48.9113 7.15822 60.4838 2.00426
48.9113 7.15822 56.7818 2.87003 60.4838 2.00426
56.7818 2.87003 55.4655 2.30532 60.4838 2.00426
55.9298 4.60296 56.1817 5.05448 53.0925 5.61991
62.3988 2.32132 63.4938 3.25675 55.9298 4.60296
60.4838 2.00426 62.3988 2.32132 55.9298 4.60296
60.4838 2.00426 55.9298 4.60296 53.0925 5.61991
60.4838 2.00426 53.0925 5.61991 18.0465 22.4136
62.3988 2.32132 60.4838 2.00426 80.1912 1.55042
55.4655 2.30532 47.6462 2.50932 33.4 2.70954
60.4838 2.00426 55.4655 2.30532 33.4 2.70954
88.7107 1.32174 80.1912 1.55042 60.4838 2.00426
33.4 2.70954 60.4838 2.00426 91.9995 1.158
60.4838 2.00426 88.7107 1.32174 91.9995 1.158
53.0925 5.61991 53.4557 6.14199 49.0758 8.58622
53.0925 5.61991 49.0758 8.58622 46.5274 10.4535
53.4557 6.14199 53.0925 5.61991 56.1817 5.05448
55.8685 6.19849 59.6476 4.61966 63.4938 3.25675
59.6476 4.61966 55.9298 4.60296 63.4938 3.25675
66.6196 27.0034 66.1379 29.0699 62.4967 29.2562
66.7966 25.7959 66.6196 27.0034 62.4967 29.2562
66.8798 25.2814 66.7966 25.7959 66.6196 27.0034
68.5559 24.6855 66.8798 25.2814 66.6196 27.0034
70.9884 21.4792 64.4839 22.4186 67.9224 23.8633
70.9884 21.4792 67.9224 23.8633 68.5559 24.6855
75.6234 17.1545 69.0806 21.3311 70.9884 21.4792
75.6234 17.1545 70.9884 21.4792 68.5559 24.6855
75.6234 17.1545 68.5559 24.6855 66.6196 27.0034
78.952 13.7167 75.6234 17.1545 66.6196 27.0034
82.0817 10.9594 78.952 13.7167 66.6196 27.0034
83.7338 9.54608 82.0817 10.9594 66.6196 27.0034
82.0427 9.43329 82.3847 9.53395 83.7338 9.54608
84.3846 7.83368 82.0427 9.43329 83.7338 9.54608
84.7878 7.03216 84.3846 7.83368 83.7338 9.54608
85.6907 5.10875 84.7878 7.03216 83.7338 9.54608
88.6895 3.3576 85.6907 5.10875 83.7338 9.54608
66.6196 27.0034 83.7338 9.54608 91.9995 1.158
83.7338 9.54608 88.6895 3.3576 91.9995 1.158
88.6895 3.3576 88.7107 1.32174 91.9995 1.158
83.2939 5.7248 84.4047 5.26579 88.6895 3.3576
84.4047 5.26579 85.6907 5.10875 88.6895 3.3576
81.1673 7.25135 79.773 7.25854 79.4007 8.08673
84.7878 7.03216 81.1673 7.25135 79.4007 8.08673
84.7878 7.03216 79.4007 8.08673 70.4409 10.0028
81.1673 7.25135 84.7878 7.03216 85.6907 5.10875
46.1465 21.097 79.7259 8.88125 84.7878 7.03216
79.7259 8.88125 84.3846 7.83368 84.7878 7.03216
79.7259 8.88125 80.9354 9.14701 78.9675 9.2293
79.7259 8.88125 78.9675 9.2293 76.9234 10.0863
80.9354 9.14701 79.7259 8.88125 84.3846 7.83368
66.4033 15.2211 65.2294 15.6627 63.4738 16.4662
63.4738 16.4662 66.4033 15.2211 80.9354 9.14701
66.4033 15.2211 72.5587 12.3507 80.9354 9.14701
72.5587 12.3507 78.9675 9.2293 80.9354 9.14701
66.3731 17.6643 65.661 17.9055 65.4821 19.4691
66.9274 17.3021 66.3731 17.6643 65.4821 19.4691
64.9801 16.8703 66.9274 17.3021 66.3731 17.6643
64.3107 16.4975 64.9801 16.8703 66.3731 17.6643
74.3312 13.2532 64.3107 16.4975 64.9801 16.8703
76.9536 11.4545 74.3312 13.2532 64.3107 16.4975
79.2556 10.05 76.9536 11.4545 64.3107 16.4975
82.0427 9.43329 79.7457 10.0194 79.2556 10.05
64.3107 16.4975 79.2556 10.05 84.3846 7.83368
79.2556 10.05 82.0427 9.43329 84.3846 7.83368
61.9796 19.1471 57.0884 19.222 56.3282 20.0568
61.9796 19.1471 56.3282 20.0568 48.7606 22.0435
64.3623 18.6516 61.9796 19.1471 48.7606 22.0435
65.661 17.9055 64.3623 18.6516 61.9796 19.1471
61.9796 19.1471 65.661 17.9055 66.3731 17.6643
56.3282 20.0568 55.953 20.1284 50.6078 21.4748
55.953 20.1284 56.3282 20.0568 57.0884 19.222
64.3623 18.6516 63.0617 19.745 58.7784 20.6592
64.3623 18.6516 58.7784 20.6592 57.5292 21.099
63.0617 19.745 64.3623 18.6516 65.661 17.9055
73.092 14.3432 74.3312 13.2532 76.9536 11.4545
73.6284 14.8077 72.7528 16.0553 70.8197 17.5892
76.9536 11.4545 75.8942 12.9214 73.6284 14.8077
76.9536 11.4545 73.6284 14.8077 70.8197 17.5892
75.8942 12.9214 76.9536 11.4545 79.2556 10.05
79.6872 11.5472 78.9687 12.6546 78.0488 13.2191
79.3348 10.9138 80.8852 11.1818 79.6872 11.5472
79.3348 10.9138 79.6872 11.5472 78.0488 13.2191
79.7457 10.0194 79.3348 10.9138 78.0488 13.2191
79.3348 10.9138 79.7457 10.0194 82.0427 9.43329
68.3939 19.4904 65.5265 20.764 56.7257 22.7812
75.6234 17.1545 68.8728 19.2609 68.3939 19.4904
75.6234 17.1545 68.3939 19.4904 65.5265 20.764
68.8728 19.2609 75.6234 17.1545 78.952 13.7167
43.2122 24.5191 49.1824 23.3008 68.8728 19.2609
49.1824 23.3008 68.3939 19.4904 68.8728 19.2609
64.8426 21.64 70.9884 21.4792 69.0806 21.3311
62.5082 23.7268 49.5082 24.3556 47.6999 24.5819
64.4839 22.4186 62.5082 23.7268 49.5082 24.3556
49.5082 24.3556 64.4839 22.4186 70.9884 21.4792
49.1358 6.45246 53.1751 4.5604 56.7818 2.87003
43.8878 9.26929 38.4978 11.559 32.3189 13.0562
32.3189 13.0562 43.8878 9.26929 45.8738 8.60281
22.3099 16.1309 20.4554 16.4097 21.0508 16.4775
24.4129 15.8986 22.3099 16.1309 21.0508 16.4775
32.8928 14.4424 31.5308 14.6623 24.4129 15.8986
32.8928 14.4424 24.4129 15.8986 21.0508 16.4775
31.5308 14.6623 32.8928 14.4424 36.1361 13.0684
18.702 17.8439 22.5852 17.0117 31.5913 15.056
13.9181 18.3256 13.4518 18.3554 13.1707 18.7738
13.9181 18.3256 13.1707 18.7738 12.7782 19.0194
13.4518 18.3554 13.9181 18.3256 25.4566 17.4957
15.2499 20.3402 14.3611 19.8721 12.7782 19.0194
10.0598 21.4309 8.20534 21.4431 10.564 21.5127
14.3611 19.8721 10.0598 21.4309 10.564 21.5127
14.3611 19.8721 10.564 21.5127 6.88509 23.3604
12.7782 19.0194 14.3611 19.8721 10.0598 21.4309
10.0598 21.4309 12.7782 19.0194 13.2724 18.5282
12.7782 19.0194 13.1707 18.7738 13.2724 18.5282
4.47277 21.5897 8.12077 21.7677 6.42571 21.9199
10.564 21.5127 4.47277 21.5897 8.12077 21.7677
4.47277 21.5897 10.564 21.5127 8.20534 21.4431
20.4554 16.4097 21.0508 16.4775 15.5925 17.3594
21.7471 15.62 20.4554 16.4097 15.5925 17.3594
15.5925 17.3594 21.7471 15.62 34.3715 11.9721
21.7471 15.62 34.7679 12.0036 34.3715 11.9721
28.8799 14.7969 24.4129 15.8986 22.3099 16.1309
29.3254 14.5432 28.8799 14.7969 22.3099 16.1309
22.3099 16.1309 29.3254 14.5432 35.9993 13.005
32.3189 13.0562 38.4978 11.559 38.6595 11.5323
44.1129 8.08913 45.5798 8.37039 45.8738 8.60281
43.3128 8.06929 44.1129 8.08913 45.8738 8.60281
32.6514 6.95465 43.3128 8.06929 45.8738 8.60281
45.8738 8.60281 32.6514 6.95465 32.1738 6.89679
44.1129 8.08913 29.4996 5.92538 24.8694 5.26853
34.6228 5.88503 29.4996 5.92538 44.1129 8.08913
34.6228 5.88503 44.1129 8.08913 45.5798 8.37039
29.4996 5.92538 34.6228 5.88503 47.8628 5.77119
34.6228 5.88503 39.4952 5.87097 47.8628 5.77119
39.4952 5.87097 40.4089 6.6621 44.1818 7.53728
47.8628 5.77119 39.4952 5.87097 44.1818 7.53728
44.493 5.68057 41.2544 5.68185 47.8628 5.77119
40.3941 5.16442 44.493 5.68057 47.8628 5.77119
49.7446 4.92019 40.3941 5.16442 47.8628 5.77119
49.7446 4.92019 47.8628 5.77119 44.1818 7.53728
44.1818 7.53728 49.7446 4.92019 53.1765 3.4196
49.7446 4.92019 51.3283 3.60468 53.1765 3.4196
48.5731 3.74211 51.3283 3.60468 53.1765 3.4196
41.2544 5.68185 44.493 5.68057 37.7192 5.5047
28.6614 4.83903 40.3941 5.16442 44.493 5.68057
19.7685 4.42327 28.6614 4.83903 44.493 5.68057
19.2737 4.40141 19.7685 4.42327 44.493 5.68057
27.5071 4.36171 19.2737 4.40141 19.7685 4.42327
21.492 4.31599 36.6623 4.35203 27.5071 4.36171
21.492 4.31599 27.5071 4.36171 19.2737 4.40141
19.2737 4.40141 21.492 4.31599 25.7813 3.73423
21.492 4.31599 37.471 3.79307 25.7813 3.73423
40.0841 3.79819 37.471 3.79307 25.7813 3.73423
47.6838 4.81912 49.7446 4.92019 40.3941 5.16442
49.7446 4.92019 47.6838 4.81912 46.4857 4.73863
33.4 2.70954 47.6462 2.50932 48.2997 2.508
68.5682 25.4018 66.6196 27.0034 66.1379 29.0699
68.9958 24.831 68.5682 25.4018 66.6196 27.0034
71.9205 22.1562 69.9342 24.29 68.9958 24.831
71.9205 22.1562 68.9958 24.831 66.6196 27.0034
69.9342 24.29 71.9205 22.1562 80.0019 14.0322
66.1379 29.0699 62.4967 29.2562 66.3183 29.4145
70.18 25.842 66.1379 29.0699 66.3183 29.4145
70.2346 24.7695 70.18 25.842 66.1379 29.0699
75.7195 19.1886 73.7348 21.2276 70.2346 24.7695
78.291 16.3583 75.7195 19.1886 70.2346 24.7695
66.1379 29.0699 70.2346 24.7695 90.5002 3.41068
70.2346 24.7695 78.291 16.3583 90.5002 3.41068
78.291 16.3583 87.5723 6.78185 90.5002 3.41068
87.5723 6.78185 86.4667 8.31695 82.6222 12.0833
86.4667 8.31695 87.5723 6.78185 90.5002 3.41068
82.6222 12.0833 86.4667 8.31695 90.7075 4.51537
89.3896 6.35777 78.291 16.3583 75.7195 19.1886
75.7195 19.1886 89.3896 6.35777 91.7188 4.20167
74.5024 20.9066 73.7348 21.2276 70.2346 24.7695
75.7862 19.8506 74.5024 20.9066 70.2346 24.7695
75.9741 19.7539 75.7862 19.8506 70.2346 24.7695
70.2346 24.7695 75.9741 19.7539 87.0749 10.1283
75.9741 19.7539 85.7466 10.6899 87.0749 10.1283
91.4556 5.43167 87.0749 10.1283 85.7466 10.6899
91.4556 5.43167 85.7466 10.6899 84.5253 11.7985
92.6758 4.2037 91.4556 5.43167 87.0749 10.1283
93.1104 3.82421 92.6758 4.2037 87.0749 10.1283
92.7888 3.15424 93.1104 3.82421 92.6758 4.2037
92.8443 1.82155 92.7888 3.15424 92.6758 4.2037
92.6758 4.2037 92.8443 1.82155 92.8062 0.882874
85.0709 10.5747 83.9387 11.9221 80.1169 15.7663
90.8431 5.77085 85.0709 10.5747 83.9387 11.9221
85.0709 10.5747 90.8431 5.77085 92.6758 4.2037
90.8431 5.77085 91.4556 5.43167 92.6758 4.2037
75.7862 19.8506 75.9741 19.7539 76.3695 19.1731
94.5223 1.70011 92.7888 3.15424 93.1104 3.82421
93.1104 3.82421 94.5223 1.70011 95.271 0.702577
94.5223 1.70011 94.2231 1.22319 95.271 0.702577
94.2231 1.22319 93.3718 0.805519 95.271 0.702577
80.5676 1.24452 93.3718 0.805519 95.271 0.702577
74.4007 22.0409 70.2346 24.7695 70.18 25.842
75.2035 21.0486 74.4007 22.0409 70.2346 24.7695
82.0426 15.3094 75.2035 21.0486 70.2346 24.7695
70.2346 24.7695 82.0426 15.3094 94.9144 4.78662
66.0811 29.6953 66.3183 29.4145 72.2871 24.2142
66.0811 29.6953 69.5456 29.8936 60.9737 29.954
66.3183 29.4145 66.0811 29.6953 60.9737 29.954
62.4967 29.2562 66.3183 29.4145 60.9737 29.954
63.8584 27.3113 62.4967 29.2562 60.9737 29.954
65.8477 24.285 62.7804 25.111 63.6869 25.4159
65.8477 24.285 63.6869 25.4159 63.8584 27.3113
62.4967 29.2562 63.8584 27.3113 66.1354 24.1923
63.8584 27.3113 65.8477 24.285 66.1354 24.1923
47.9402 25.6268 44.1025 25.8169 43.7143 25.9567
65.8477 24.285 47.9402 25.6268 43.7143 25.9567
47.9402 25.6268 65.8477 24.285 66.1354 24.1923
56.3133 25.7867 49.8668 26.7607 53.4145 27.0152
56.3133 25.7867 53.4145 27.0152 49.7876 29.0711
49.8668 26.7607 56.3133 25.7867 65.8477 24.285
56.3133 25.7867 62.7804 25.111 65.8477 24.285
44.153 27.5576 40.2452 28.0881 40.6238 28.3467
46.8988 27.1816 46.562 27.3518 44.153 27.5576
46.8988 27.1816 44.153 27.5576 40.2452 28.0881
40.2452 28.0881 46.8988 27.1816 49.8668 26.7607
46.8988 27.1816 53.4145 27.0152 49.8668 26.7607
46.562 27.3518 48.642 27.9572 49.3253 28.246
48.642 27.9572 46.562 27.3518 46.8988 27.1816
57.8788 27.6906 57.6142 29.3462 56.1899 29.6333
56.5113 27.071 60.3283 27.2516 57.8788 27.6906
56.5113 27.071 57.8788 27.6906 56.1899 29.6333
60.8628 26.0358 60.9239 26.1081 56.5113 27.071
56.3133 25.7867 60.8628 26.0358 56.5113 27.071
56.3133 25.7867 56.5113 27.071 56.1899 29.6333
60.8628 26.0358 56.3133 25.7867 62.7804 25.111
61.6853 26.3662 60.9239 26.1081 60.8628 26.0358
70.0478 27.998 66.0811 29.6953 69.5456 29.8936
69.2471 27.139 70.0478 27.998 66.0811 29.6953
66.0811 29.6953 69.2471 27.139 99.5489 2.34591
72.9183 26.7796 69.2471 27.139 70.0478 27.998
73.0047 26.7036 72.9183 26.7796 69.2471 27.139
77.3543 25.2579 73.0047 26.7036 69.2471 27.139
73.7343 24.9976 77.3543 25.2579 69.2471 27.139
72.0581 24.8543 75.4972 24.9961 73.7343 24.9976
72.0581 24.8543 73.7343 24.9976 69.2471 27.139
78.1716 22.4254 78.1305 22.665 72.0581 24.8543
75.5166 22.2464 78.1716 22.4254 72.0581 24.8543
77.1941 20.7915 75.5166 22.2464 72.0581 24.8543
69.2471 27.139 72.0581 24.8543 98.8834 3.00073
72.0581 24.8543 77.1941 20.7915 98.8834 3.00073
77.1926 27.2 73.909 27.7091 70.9171 29.1913
77.9857 27.006 77.1926 27.2 70.9171 29.1913
87.3634 26.1602 85.2126 26.5389 77.9857 27.006
88.5271 26.0501 88.86 26.0513 87.3634 26.1602
88.5271 26.0501 87.3634 26.1602 77.9857 27.006
77.3543 25.2579 88.5271 26.0501 77.9857 27.006
77.3543 25.2579 77.9857 27.006 77.1926 27.2
88.5271 26.0501 77.3543 25.2579 73.7343 24.9976
80.24 27.497 83.8283 27.7191 82.3594 28.0251
77.9857 27.006 80.24 27.497 82.3594 28.0251
80.24 27.497 77.9857 27.006 85.2126 26.5389
88.587 25.427 96.8401 25.549 99.3883 25.848
75.4972 24.9961 85.2637 25.2973 88.587 25.427
75.4972 24.9961 88.587 25.427 99.3883 25.848
85.2637 25.2973 75.4972 24.9961 72.0581 24.8543
81.9332 18.8577 75.5166 22.2464 78.1716 22.4254
83.6296 17.3562 81.9332 18.8577 78.1716 22.4254
90.2053 11.2279 83.6296 17.3562 81.9332 18.8577
83.6296 17.3562 90.2053 11.2279 93.7082 8.13927
94.0666 9.02384 95.5691 12.5286 96.0676 15.4241
93.7082 8.13927 94.0666 9.02384 96.0676 15.4241
94.0666 9.02384 93.7082 8.13927 96.256 6.14414
84.4592 15.9734 80.5946 18.7074 79.7563 19.5497
84.7878 15.9342 84.4592 15.9734 79.7563 19.5497
90.2053 11.2279 84.7878 15.9342 84.4592 15.9734
93.7082 8.13927 90.2053 11.2279 84.4592 15.9734
96.9792 5.42489 96.256 6.14414 93.7082 8.13927
84.4592 15.9734 93.7082 8.13927 98.033 4.43003
93.7082 8.13927 96.9792 5.42489 98.033 4.43003
99.7251 10.9899 99.6603 12.1604 99.313 18.7747
98.9941 10.8429 99.7251 10.9899 99.6603 12.1604
96.256 6.14414 98.9941 10.8429 99.6603 12.1604
98.9941 10.8429 96.256 6.14414 96.9792 5.42489
85.0967 15.3556 84.4592 15.9734 80.5946 18.7074
84.4592 15.9734 85.0967 15.3556 92.4128 8.83013
99.7251 10.9899 98.9941 10.8429 99.4596 9.49007
96.5075 11.018 95.5691 12.5286 96.0676 15.4241
95.5691 12.5286 96.5075 11.018 96.048 8.91959
97.0687 12.7594 96.5615 18.3608 96.4222 20.7927
96.5823 12.7304 97.0687 12.7594 96.5615 18.3608
96.5075 11.018 96.5823 12.7304 97.0687 12.7594
97.0687 12.7594 96.5075 11.018 96.048 8.91959
85.1695 16.7037 82.9396 19.8785 78.1716 22.4254
78.1716 22.4254 85.1695 16.7037 93.1404 9.91404
82.9396 19.8785 78.1716 22.4254 78.1305 22.665
87.7753 18.8392 82.9396 19.8785 78.1305 22.665
89.0911 18.608 87.7753 18.8392 78.1305 22.665
91.2465 17.8388 89.0911 18.608 78.1305 22.665
90.2059 16.0431 91.2465 17.8388 89.0911 18.608
89.0911 18.608 90.2059 16.0431 89.982 14.0727
86.5826 15.83 85.1695 16.7037 82.9396 19.8785
85.1695 16.7037 86.5826 15.83 88.119 14.6082
91.0301 15.1251 90.2059 16.0431 91.2465 17.8388
91.4955 14.0335 91.0301 15.1251 91.2465 17.8388
91.2465 17.8388 91.4955 14.0335 91.5943 12.8925
72.0581 24.8543 78.1305 22.665 91.6025 17.8583
83.3941 24.8921 85.2637 25.2973 88.587 25.427
79.9375 24.453 81.7341 24.4967 83.3941 24.8921
79.9375 24.453 83.3941 24.8921 85.2637 25.2973
80.6644 23.066 79.9375 24.453 81.7341 24.4967
81.7341 24.4967 80.6644 23.066 80.5799 22.5827
88.272 24.1577 93.0947 24.6434 88.587 25.427
87.8204 23.923 89.695 24.1513 88.272 24.1577
87.8204 23.923 88.272 24.1577 88.587 25.427
86.2877 22.296 87.8204 23.923 88.587 25.427
87.8204 23.923 86.2877 22.296 88.4839 21.0613
85.2659 23.373 86.2877 22.296 89.149 19.0405
86.2877 22.296 88.4839 21.0613 89.149 19.0405
93.0947 24.6434 88.587 25.427 96.8401 25.549
94.7644 24.5788 93.0947 24.6434 96.8401 25.549
95.7621 23.1685 94.7644 24.5788 96.8401 25.549
96.24 22.9669 95.7621 23.1685 96.8401 25.549
94.8598 15.521 96.24 22.9669 96.8401 25.549
96.8401 25.549 94.8598 15.521 94.1031 11.4324
91.5375 22.1355 91.0566 23.6271 91.0228 23.7577
94.8598 15.521 94.5289 16.4257 93.8118 16.9817
91.0566 23.6271 91.5375 22.1355 94.1031 11.4324
91.5375 22.1355 93.8118 16.9817 94.1031 11.4324
93.8118 16.9817 94.8598 15.521 94.1031 11.4324
94.0126 22.1752 95.7621 23.1685 94.7644 24.5788
94.7644 24.5788 94.0126 22.1752 93.6827 21.3067
95.534 22.8071 96.24 22.9669 95.7621 23.1685
95.6625 22.0021 95.534 22.8071 96.24 22.9669
96.24 22.9669 95.6625 22.0021 94.8578 20.5776
98.7841 25.0968 96.8401 25.549 99.3883 25.848
99.0497 23.0789 98.7841 25.0968 99.3883 25.848
99.3883 25.848 99.0497 23.0789 97.6191 10.234
99.0497 23.0789 97.563 12.7078 97.6191 10.234
98.0143 21.3249 99.0497 23.0789 98.7841 25.0968
99.0497 23.0789 98.0143 21.3249 97.4894 20.3496
82.7052 27.2849 80.24 27.497 83.8283 27.7191
80.24 27.497 82.7052 27.2849 83.2838 27.1771
82.3594 28.0251 83.8283 27.7191 93.71 26.126
91.1375 29.7841 69.5456 29.8936 60.9737 29.954
82.7895 29.5125 91.1375 29.7841 69.5456 29.8936
75.0632 29.4036 82.7895 29.5125 69.5456 29.8936
85.5511 28.0279 92.1503 28.7418 86.9774 28.8955
85.5511 28.0279 86.9774 28.8955 75.0632 29.4036
85.5511 28.0279 75.0632 29.4036 69.5456 29.8936
95.2199 27.8013 95.2978 27.904 85.5511 28.0279
90.7036 27.4124 95.2199 27.8013 85.5511 28.0279
90.7036 27.4124 85.5511 28.0279 69.5456 29.8936
97.8738 26.7362 90.7036 27.4124 95.2199 27.8013
95.2199 27.8013 97.8738 26.7362 99.984 26.2579
96.5387 27.9666 95.2978 27.904 95.2199 27.8013
84.1281 29.2758 75.0632 29.4036 82.7895 29.5125
82.7895 29.5125 84.1281 29.2758 87.2484 28.9969
91.1375 29.7841 82.7895 29.5125 87.3951 29.4861
57.8788 27.6906 60.3283 27.2516 62.4735 26.871
61.4277 28.7963 57.6142 29.3462 56.1899 29.6333
57.6142 29.3462 61.4277 28.7963 60.2145 28.5972
49.3253 28.246 48.642 27.9572 50.7262 27.6554
37.9508 27.8449 40.2452 28.0881 40.6238 28.3467
37.9508 27.8449 40.6238 28.3467 42.0888 28.6828
28.128 27.6161 37.9508 27.8449 42.0888 28.6828
28.128 27.6161 42.0888 28.6828 52.9152 29.5438
37.2229 27.5964 28.128 27.6161 37.9508 27.8449
30.8921 27.381 37.2229 27.5964 28.128 27.6161
28.128 27.6161 30.8921 27.381 53.0773 25.4383
42.4243 27.3397 37.9508 27.8449 40.2452 28.0881
37.9508 27.8449 42.4243 27.3397 45.3525 26.8546
45.7489 25.221 47.9402 25.6268 44.1025 25.8169
47.9402 25.6268 45.7489 25.221 45.5688 24.5816
47.6999 24.5819 49.5082 24.3556 56.2372 23.3443
74.8887 14.2922 78.0488 13.2191 79.7596 12.6391
78.0488 13.2191 78.9687 12.6546 79.7596 12.6391
75.9114 14.5751 73.6284 14.8077 72.7528 16.0553
72.7528 16.0553 75.9114 14.5751 77.2586 13.9742
65.1504 19.3141 63.0617 19.745 58.7784 20.6592
63.0617 19.745 65.1504 19.3141 64.6959 19.1369
49.9886 22.4987 57.5292 21.099 65.5071 19.672
57.5292 21.099 58.7784 20.6592 65.5071 19.672
55.0102 19.4243 46.1458 22.2766 43.4039 23.1927
43.4039 23.1927 55.0102 19.4243 57.0884 19.222
61.6324 17.2567 61.9796 19.1471 57.0884 19.222
61.6324 17.2567 57.0884 19.222 55.0102 19.4243
61.6324 17.2567 55.0102 19.4243 53.7799 19.6137
62.3939 15.6548 61.6324 17.2567 61.9796 19.1471
61.9796 19.1471 62.3939 15.6548 62.4298 15.3876
61.6324 17.2567 60.2827 17.34 55.3373 17.8445
60.2827 17.34 61.6324 17.2567 62.3939 15.6548
32.5842 25.8004 35.0405 25.1025 55.0102 19.4243
35.0405 25.1025 46.1458 22.2766 55.0102 19.4243
25.4512 27.1665 22.6923 27.6355 21.2092 28.1223
26.977 26.8874 25.4512 27.1665 21.2092 28.1223
32.5842 25.8004 26.977 26.8874 21.2092 28.1223
47.1042 23.1627 35.0405 25.1025 32.5842 25.8004
47.1042 23.1627 32.5842 25.8004 21.2092 28.1223
51.5587 22.4907 47.1042 23.1627 21.2092 28.1223
21.2092 28.1223 51.5587 22.4907 55.9171 21.6917
21.2092 28.1223 22.283 28.4364 30.7108 28.9429
21.2092 28.1223 30.7108 28.9429 33.5841 29.1677
14.4886 27.3444 22.6923 27.6355 21.2092 28.1223
14.4886 27.3444 21.2092 28.1223 22.283 28.4364
20.1669 27.3194 14.4886 27.3444 22.6923 27.6355
18.3837 26.3086 20.1669 27.3194 14.4886 27.3444
22.4091 25.1948 18.3837 26.3086 14.4886 27.3444
23.3955 24.3847 22.4091 25.1948 14.4886 27.3444
14.4886 27.3444 23.3955 24.3847 37.8444 19.4113
23.3955 24.3847 30.2989 22.3814 37.8444 19.4113
21.9625 25.919 22.4091 25.1948 23.3955 24.3847
39.734 19.6337 35.9966 20.859 30.2989 22.3814
35.9966 20.859 39.734 19.6337 54.5578 15.0706
54.5578 15.0706 39.734 19.6337 35.9564 20.3567
56.1123 14.6268 54.5578 15.0706 35.9564 20.3567
57.2766 14.5755 56.1123 14.6268 54.5578 15.0706
56.1123 14.6268 57.2766 14.5755 63.8866 13.8837
57.2766 14.5755 60.7266 14.4546 63.8866 13.8837
49.741 17.703 46.208 18.3718 45.5942 19.1455
49.3388 17.6104 49.741 17.703 46.208 18.3718
60.5695 14.6199 49.3388 17.6104 46.208 18.3718
61.7606 14.6056 60.5695 14.6199 49.3388 17.6104
60.5695 14.6199 61.7606 14.6056 60.7266 14.4546
61.7606 14.6056 58.9308 15.6588 42.1609 21.8523
58.9308 15.6588 61.7606 14.6056 63.8866 13.8837
61.7606 14.6056 60.7266 14.4546 63.8866 13.8837
35.9966 20.859 30.2989 22.3814 23.3955 24.3847
48.1174 17.6585 35.9966 20.859 23.3955 24.3847
23.3955 24.3847 48.1174 17.6585 55.5667 15.6419
61.3455 14.9484 58.9308 15.6588 42.1609 21.8523
42.1609 21.8523 61.3455 14.9484 76.6585 9.46231
61.3455 14.9484 72.2333 10.9329 76.6585 9.46231
67.7351 12.3067 72.2333 10.9329 76.6585 9.46231
24.4515 26.2188 25.4512 27.1665 22.6923 27.6355
25.4512 27.1665 24.4515 26.2188 23.5519 25.1701
25.4512 27.1665 26.977 26.8874 27.5669 26.095
33.0736 25.2823 32.5842 25.8004 26.977 26.8874
35.3889 23.7112 33.0736 25.2823 26.977 26.8874
33.0736 25.2823 35.3889 23.7112 41.2824 19.9635
35.3889 23.7112 36.3392 21.2374 41.2824 19.9635
34.1293 22.0949 27.336 23.7826 24.7435 24.1293
36.3392 21.2374 34.1293 22.0949 24.7435 24.1293
24.7435 24.1293 36.3392 21.2374 41.2824 19.9635
29.2899 24.2382 27.8783 24.9192 25.5437 25.6311
30.8458 23.6776 29.2899 24.2382 27.8783 24.9192
30.8357 23.286 30.8458 23.6776 29.2899 24.2382
34.1293 22.0949 30.8357 23.286 30.8458 23.6776
30.8458 23.6776 34.1293 22.0949 36.3392 21.2374
53.686 18.1344 33.0736 25.2823 32.5842 25.8004
32.5842 25.8004 53.686 18.1344 65.6685 13.8102
63.4738 16.4662 65.2294 15.6627 68.744 14.0355
79.4993 7.19852 79.773 7.25854 79.4007 8.08673
80.3844 6.35403 79.4993 7.19852 79.773 7.25854
79.773 7.25854 80.3844 6.35403 82.0843 5.34354
10.0123 28.1631 4.38242 28.7181 10.7734 29.1215
10.0123 28.1631 10.7734 29.1215 11.1402 29.3006
16.1108 25.3408 10.0123 28.1631 4.38242 28.7181
26.4109 22.2412 16.1108 25.3408 4.38242 28.7181
60.6263 12.2364 32.3555 20.6231 26.4109 22.2412
72.5134 8.71579 60.6263 12.2364 26.4109 22.2412
79.4993 7.19852 76.8528 7.89598 72.5134 8.71579
4.38242 28.7181 26.4109 22.2412 80.3844 6.35403
26.4109 22.2412 72.5134 8.71579 80.3844 6.35403
72.5134 8.71579 79.4993 7.19852 80.3844 6.35403
68.727 10.1205 76.8528 7.89598 79.4993 7.19852
76.8338 6.66033 73.6715 7.2818 69.399 8.08697
61.7869 9.69751 69.399 8.08697 82.0843 5.34354
69.399 8.08697 76.8338 6.66033 82.0843 5.34354
76.8338 6.66033 80.3844 6.35403 82.0843 5.34354
62.4548 10.7236 56.6397 12.1968 53.693 13.2991
67.0067 9.64279 62.4548 10.7236 53.693 13.2991
70.7133 8.81367 67.0067 9.64279 53.693 13.2991
53.693 13.2991 70.7133 8.81367 80.3844 6.35403
70.7133 8.81367 76.8338 6.66033 80.3844 6.35403
65.2184 10.9598 64.5533 11.2165 58.3379 13.0152
68.2261 10.0832 65.2184 10.9598 64.5533 11.2165
72.5134 8.71579 68.2261 10.0832 65.2184 10.9598
68.2261 10.0832 72.5134 8.71579 76.8528 7.89598
69.8209 10.5484 32.3555 20.6231 26.4109 22.2412
26.4109 22.2412 69.8209 10.5484 74.2878 9.34823
17.219 25.2375 16.1108 25.3408 10.0123 28.1631
18.6066 24.9983 17.219 25.2375 16.1108 25.3408
22.2573 23.857 18.6066 24.9983 16.1108 25.3408
23.8285 23.4034 22.2573 23.857 16.1108 25.3408
26.9539 22.5669 23.8285 23.4034 22.2573 23.857
23.8285 23.4034 26.9539 22.5669 29.9575 21.753
18.328 25.4171 17.219 25.2375 18.6066 24.9983
53.693 13.2991 54.0285 13.3608 52.7707 13.3613
56.6397 12.1968 53.693 13.2991 52.7707 13.3613
52.7707 13.3613 56.6397 12.1968 63.8364 9.78508
54.0285 13.3608 52.7707 13.3613 53.7065 13.3987
53.7065 13.3987 54.0285 13.3608 56.6372 13.1402
52.7707 13.3613 53.7065 13.3987 46.3497 14.1001
49.5795 13.3289 52.7707 13.3613 46.3497 14.1001
57.0595 10.8146 49.5795 13.3289 46.3497 14.1001
80.1795 3.70684 82.3943 3.75623 77.7928 4.84979
80.1795 3.70684 77.7928 4.84979 57.0595 10.8146
80.1795 3.70684 57.0595 10.8146 46.3497 14.1001
82.3943 3.75623 80.1795 3.70684 87.368 3.12877
77.953 5.19485 77.7928 4.84979 82.3943 3.75623
56.6397 12.1968 62.4548 10.7236 69.0399 9.02125
69.399 8.08697 73.6715 7.2818 75.8127 6.89801
69.1194 2.16587 62.3988 2.32132 63.4938 3.25675
69.1194 2.16587 63.4938 3.25675 48.863 10.1534
69.1194 2.16587 48.863 10.1534 32.4057 16.6557
74.3235 1.92717 69.1194 2.16587 62.3988 2.32132
62.3988 2.32132 74.3235 1.92717 87.0109 1.47399
74.3235 1.92717 76.6552 1.91225 87.0109 1.47399
74.4095 4.33007 71.7002 4.92609 67.9182 5.85465
67.9182 5.85465 74.4095 4.33007 87.0109 1.47399
74.4095 4.33007 79.5857 2.95334 87.0109 1.47399
79.5857 2.95334 80.4896 2.63791 87.0109 1.47399
80.4896 2.63791 76.6552 1.91225 87.0109 1.47399
66.047 3.64601 63.5064 4.53375 54.7598 8.25195
63.5064 4.53375 66.047 3.64601 69.1194 2.16587
46.2465 12.1374 5.47819 27.9405 2.21383 29.308
46.2465 12.1374 2.21383 29.308 0.785944 29.872
51.6011 10.0618 46.2465 12.1374 0.785944 29.872
65.1464 4.78057 53.2983 9.68461 51.6011 10.0618
65.1464 4.78057 51.6011 10.0618 46.2465 12.1374
69.1194 2.16587 66.047 3.64601 65.1464 4.78057
53.2983 9.68461 65.1464 4.78057 74.3235 1.92717
65.1464 4.78057 69.1194 2.16587 74.3235 1.92717
65.1464 4.78057 52.1128 9.54128 34.1615 16.1061
52.1128 9.54128 65.1464 4.78057 66.047 3.64601
34.1301 17.1755 51.6011 10.0618 53.2983 9.68461
38.4069 16.2209 34.3988 18.5325 26.271 20.4701
45.2266 13.3734 38.4069 16.2209 26.271 20.4701
57.3431 8.49012 45.2266 13.3734 26.271 20.4701
68.359 4.32596 67.4951 5.26058 63.9341 6.01415
68.359 4.32596 63.9341 6.01415 61.477 6.9093
74.3235 1.92717 68.359 4.32596 61.477 6.9093
74.3235 1.92717 61.477 6.9093 57.3431 8.49012
74.3235 1.92717 57.3431 8.49012 26.271 20.4701
68.359 4.32596 74.3235 1.92717 76.6552 1.91225
61.8158 7.17384 61.477 6.9093 63.9341 6.01415
69.9782 5.24742 71.7002 4.92609 74.4095 4.33007
46.2868 13.0303 46.7396 13.3277 45.2266 13.3734
56.7188 9.57063 54.4294 10.4452 46.2868 13.0303
56.7188 9.57063 46.2868 13.0303 45.2266 13.3734
61.4526 8.32415 56.7188 9.57063 54.4294 10.4452
74.542 4.7467 61.4526 8.32415 56.7188 9.57063
61.4526 8.32415 74.542 4.7467 78.8603 3.67987
59.6042 8.11702 74.542 4.7467 78.8603 3.67987
46.7396 13.3277 45.2266 13.3734 38.4069 16.2209
49.1764 12.8542 46.7396 13.3277 38.4069 16.2209
64.6295 8.16632 49.1764 12.8542 38.4069 16.2209
49.1764 12.8542 64.6295 8.16632 71.4031 6.0966
62.9325 8.10712 54.4294 10.4452 46.2868 13.0303
54.4294 10.4452 62.9325 8.10712 68.5048 6.54495
62.9325 8.10712 65.8397 7.31064 68.5048 6.54495
46.7396 13.3277 49.1764 12.8542 50.981 12.262
23.9433 21.5191 25.884 21.9912 15.1567 25.1188
26.271 20.4701 23.9433 21.5191 15.1567 25.1188
34.3988 18.5325 26.271 20.4701 23.9433 21.5191
39.4249 17.3191 34.3988 18.5325 23.9433 21.5191
44.2666 15.9954 39.4249 17.3191 34.3988 18.5325
39.4249 17.3191 44.2666 15.9954 51.265 14.221
15.1567 25.1188 25.884 21.9912 53.496 13.9633
10.3411 25.7758 5.47819 27.9405 2.21383 29.308
9.91223 25.7143 10.3411 25.7758 2.21383 29.308
2.21383 29.308 9.91223 25.7143 27.455 17.4606
9.91223 25.7143 14.2932 23.7549 27.455 17.4606
14.2932 23.7549 19.9689 21.2222 27.455 17.4606
19.9689 21.2222 18.0821 22.1872 13.9287 24.2889
18.0821 22.1872 19.9689 21.2222 27.455 17.4606
46.5274 10.4535 39.9329 12.7227 35.9347 14.9057
35.9347 14.9057 46.5274 10.4535 55.0957 7.13129
46.5274 10.4535 49.0758 8.58622 55.0957 7.13129
40.5708 12.1239 39.9329 12.7227 35.9347 14.9057
35.9347 14.9057 40.5708 12.1239 41.3579 11.6271
40.5708 12.1239 41.5564 11.638 41.3579 11.6271
1.67335 26.219 3.1504 26.8163 4.49136 27.7785
2.39217 26.0765 1.67335 26.219 3.1504 26.8163
1.67335 26.219 2.39217 26.0765 12.5476 23.6294
3.1504 26.8163 7.35164 26.3535 7.84371 25.5021
