89.6248 32.7115
34.6772 24.4836
46.4794 25.4902
42.1757 20.6781
67.1748 21.5459
80.7808 22.0026
87.9826 17.5979
80.786 4.23554
81.1074 20.474
67.2004 13.3675
74.5015 19.3601
66.9538 19.9066
8.40165 18.6092
76.4787 1.81038
7.74126 4.80091
47.4623 6.76383
2.76648 19.899
60.8884 28.8566
65.1774 32.8638
3.21115 37.9177
0.266364 39.6872
31.1575 37.6251
67.8645 34.4424
27.4293 62.4113
61.5233 38.8716
25.6873 85.2888
31.9778 65.0702
19.2261 92.882
23.7527 50.4363
37.4063 50.4736
36.535 50.2277
6.70694 45.3436
4.59933 54.4514
0.0370522 59.0284
14.2435 47.712
21.9737 57.628
19.4938 88.8918
18.2044 94.5135
52.6741 52.296
55.8584 64.3136
49.2328 85.2458
47.5456 88.6197
43.4864 97.4078
64.3023 58.1992
54 86.394
61.0269 67.5251
56.9956 94.4901
61.2961 75.107
62.0408 86.2986
64.4633 63.56
75.5841 62.5398
73.7696 58.3558
71.2778 54.199
57.3183 51.4285
79.9359 31.4401
89.6321 44.4951
76.2 78.4962
84.7965 60.0653
78.7202 81.065
88.7903 51.1331
91.5967 96.9056
93.1537 92.5306
98.0742 48.0231
97.7431 49.5169
95.3823 69.1437
93.3565 77.1468
93.2483 62.9549
95.3413 6.3986
92.6678 72.9534
91.4301 81.5473
