14.6324 74.1002
73.3634 11.9553
53.2757 40.4246
45.3449 47.1
37.9647 53.3442
40.8988 50.9185
50.127 45.4002
45.3193 54.067
55.5777 50.2505
85.1572 35.4459
86.1522 34.8308
93.4545 29.1978
84.9074 31.9075
73.2577 41.1971
47.048 53.3499
59.4369 36.703
83.7071 27.193
67.6801 39.0063
57.6692 46.5
92.9914 23.3362
66.8961 31.8864
89.1787 16.7095
78.8767 21.5036
80.8799 22.1191
69.6151 29.9518
63.8258 31.9538
86.4512 6.67434
78.9345 12.3033
74.1538 13.2447
71.8737 17.3676
84.6523 8.33732
52.5968 42.2515
73.5947 11.6234
38.9744 46.6385
57.6488 25.7245
52.7106 29.064
29.0046 56.3896
47.9619 31.2253
71.6335 8.66784
96.0448 0.239119
36.0854 18.8512
51.2546 12.0854
67.5498 0.751691
58.823 4.42539
57.628 5.0084
55.4157 8.93444
38.8097 17.5406
60.1118 1.52306
27.8783 8.32831
52.6112 1.26583
8.24537 10.4941
19.0543 9.02837
40.2587 4.02379
20.5109 10.176
52.9554 3.24133
35.9118 9.50645
7.86262 13.62
8.21914 5.11303
25.4081 4.63087
9.35128 8.23836
43.9173 1.13216
40.7677 0.0313054
33.6039 2.45304
24.0267 1.26253
21.8163 4.25918
0.721814 2.26925
9.86023 17.5683
6.00299 18.6942
0.30186 22.649
14.8215 15.7985
19.3141 13.5089
21.8796 20.9524
20.7655 11.9366
38.2262 9.37193
56.4153 2.7749
48.9238 6.32588
29.2709 19.8112
57.2504 3.48622
31.111 22.2949
70.7332 9.09524
58.296 20.324
49.4033 20.7662
2.20426 29.6925
8.44215 29.4746
42.2284 23.3279
3.25506 36.1813
16.4774 32.7007
25.253 29.2034
52.2915 21.9523
0.39815 40.8212
43.9624 25.1778
33.8321 29.2635
40.3992 26.9801
30.0906 31.0341
19.9838 35.0496
21.12 39.0437
5.33502 55.2919
2.30211 62.4355
8.28988 56.2717
1.59647 69.4487
22.2276 37.3857
8.17998 65.5898
11.909 59.9094
1.38705 84.3515
24.0263 33.4601
37.3756 31.4736
28.7056 31.8513
55.5181 20.9018
24.9486 54.9067
29.2814 42.2066
27.8794 38.3138
18.2786 53.2051
22.8405 42.9607
19.151 50.2814
15.1057 62.0775
26.9518 40.1478
24.7459 56.0788
52.5033 24.3456
31.8045 51.3573
20.5172 58.9258
20.184 62.7133
27.4272 58.4017
30.3328 56.4788
39.027 46.8239
64.2335 21.2509
17.787 70.7043
9.00475 77.1787
38.7668 63.5787
39.0828 78.4645
33.7315 79.3182
12.6389 81.7286
28.8911 88.7726
21.9569 84.7385
33.7486 84.0616
15.5586 82.8768
38.4455 78.8862
41.1705 86.2396
41.0567 76.6027
46.5956 98.2401
14.5402 87.2356
9.36005 91.5284
26.4606 97.289
17.2297 90.1803
48.7707 99.1225
39.9542 66.6571
60.1107 87.7933
66.6034 96.4396
60.7257 90.2351
48.9397 83.2102
58.1245 89.0974
59.6993 90.7078
50.9986 86.0849
54.0712 89.6912
61.2772 91.5779
69.2235 99.7719
66.7386 94.8579
57.1258 84.4809
70.6422 95.255
59.8582 83.1487
72.7282 92.1348
66.4408 83.9425
68.085 87.2435
48.0741 73.4286
58.2444 73.2438
47.8148 69.3713
53.436 64.2644
76.7279 93.8398
58.3967 69.7811
64.0895 76.1552
69.6806 81.0934
80.7413 93.5308
66.4388 76.9976
55.6395 65.0707
84.3795 91.6939
69.4641 77.5084
78.4041 83.9088
70.383 70.261
77.5714 77.1968
65.2775 62.0695
63.8879 67.8256
77.7124 83.1724
50.9342 61.0215
48.9743 60.8847
69.9656 55.9242
88.7731 85.5905
91.0134 99.0263
89.2164 84.9155
78.8325 68.6914
82.3422 72.9854
79.2756 67.6913
99.1527 92.4453
95.8251 74.6481
99.4392 81.6352
98.0665 66.4797
94.1231 69.8999
94.375 79.9144
91.2175 78.2051
98.4629 90.1798
69.1001 54.6622
73.5434 53.6822
81.4092 49.8045
90.9847 46.7377
94.229 46.0502
97.6615 42.4766
87.9675 73.8005
98.6276 39.6496
90.3003 39.4569
90.2881 44.2105
81.2476 41.5188
59.4984 53.023
58.1419 54.5183
71.0581 47.9433
78.3947 43.0524
76.9354 50.3034
82.8321 43.2598
93.8248 45.5065
59.6546 57.2445
68.8835 55.9782
33.4545 64.1445
87.2626 35.1114
