-43.3307 8.39437
-16.9825 6.8043
-42.3291 7.531
7.35976 5.33566
-28.6075 5.67288
-47.251 5.6858
-31.8272 3.01299
-39.8852 0.331233
-45.0401 1.99546
-45.736 -4.07668
-41.7607 -8.98172
-29.1108 -8.62854
-42.0253 -5.64707
-8.64349 -5.55344
-13.2163 -3.56395
-37.589 -5.59634
-45.262 -3.0506
-23.3041 -1.43914
-36.0034 -1.97571
-34.4531 -0.494904
-44.725 -1.56325
-22.8385 4.97987
6.99091 -6.40829
-9.74117 -0.667259
17.8555 -10.1409
-13.743 -12.0835
-4.01303 -10.3574
-37.8845 -14.6378
-18.8854 -17.3083
1.33461 -17.6643
2.74848 -36.8337
-6.36943 -26.2326
-13.023 -21.9093
-22.8334 -22.0553
-10.1277 -29.1686
-4.66179 -31.8158
-1.55696 -41.432
-16.4735 -38.3559
-30.3446 -20.4779
-30.2574 -23.2438
-28.1721 -26.6563
-20.9431 -34.6195
-41.2147 -22.3551
-23.1608 -34.1877
-21.4008 -38.5324
-21.0271 -36.4309
-9.63072 -42.9804
-26.4114 -41.6146
-2.97158 -44.8127
3.13959 -40.9724
2.41107 -27.8451
6.3897 -48.4384
3.58716 -31.2678
4.90709 -35.5523
8.09335 -41.5413
22.1257 -39.9364
15.3436 -38.8182
33.5195 -36.3276
33.7104 -32.6098
33.3918 -30.2892
27.9533 -30.6279
24.3763 -23.77
19.6196 -16.4672
29.0849 -33.4345
20.5749 -31.6774
17.8703 -32.8956
14.4699 -34.4374
32.7035 -35.7368
7.20656 -39.7572
4.84222 -29.3539
1.0945 -15.7497
-22.1714 -15.6175
22.8338 -12.8281
-6.50191 -14.4952
-36.4382 -14.6113
26.4369 -11.3075
39.1922 -28.4436
40.3523 -26.6482
30.5779 -15.6479
36.4998 -18.1562
26.6567 -11.5316
36.5084 -12.1473
40.5704 -11.952
45.7966 -16.5699
46.8846 -15.7272
33.8531 -4.60805
30.7574 2.6705
32.6798 -2.58932
28.098 4.89871
37.4662 -10.5852
15.1642 -11.5751
-25.4455 -13.483
20.0405 -10.0467
-18.3817 3.43181
-1.60413 3.60359
-11.8055 4.35404
-14.9214 4.80131
14.5574 5.03186
-39.418 8.22714
21.043 6.5801
-6.26407 -0.80471
16.5238 -7.56208
21.6541 2.13099
15.5539 -5.23721
9.84806 -2.54168
3.47031 -0.535012
24.3651 7.14156
5.72974 8.71761
-18.8172 28.6326
-10.4596 32.3274
-15.2596 30.573
-18.765 31.2297
10.5408 36.3559
-4.90277 30.6918
9.56758 35.3911
23.5626 35.3681
23.6053 32.9582
19.4203 33.2179
17.8388 32.0522
24.0908 32.7993
22.3956 30.5754
24.6152 31.449
27.5603 27.8753
-6.11782 24.8927
8.13809 19.2345
27.3643 14.1886
16.5585 13.7803
6.67634 16.4981
2.60962 16.5818
40.724 2.54311
27.16 9.3084
16.7503 11.8327
30.7926 13.2163
1.80206 21.8019
29.4145 15.9325
8.30941 22.2005
15.9672 23.3845
25.7176 24.297
1.37501 22.1699
-3.78708 24.1228
28.5387 27.9327
48.8572 -2.18401
35.035 18.9608
35.1364 20.0255
37.4048 16.9654
48.4038 2.25017
39.1089 16.1177
39.5137 14.2758
23.7161 35.1594
45.6695 13.958
25.2409 33.8346
31.262 30.2317
38.4511 29.8268
32.2339 36.5769
21.3725 41.3019
28.9365 37.58
20.8439 37.5942
5.74801 46.7013
14.3134 41.3216
-0.142902 47.7727
1.66459 46.1125
-10.9949 47.8298
-26.6156 37.571
-22.5377 39.0728
-12.3646 46.6041
-13.9879 41.5469
-18.38 37.2271
-2.3083 39.9768
-15.7237 37.8949
-11.2 46.772
2.77626 45.3349
17.5022 38.688
1.53137 34.8558
-21.5629 30.7324
-9.91782 20.6769
-20.7273 28.3182
-3.94205 15.6508
-30.0778 34.1755
4.74314 9.4884
-31.924 31.457
-26.4861 24.6572
-29.7714 26.7717
-32.4315 29.0749
-27.7072 24.8107
-35.2482 29.3003
-32.2619 24.4271
-34.6434 24.8309
-42.6967 23.5749
-24.3446 22.2848
-26.4945 25.619
-31.1069 30.4894
-2.24198 12.9515
-16.4192 20.5154
1.26309 9.60398
1.96538 8.69301
-45.7591 17.9463
-44.4673 10.917
-44.1612 14.5588
-40.5105 14.5949
8.67571 6.96627
