28.3262 100.196
12.3448 230.686
16.6463 202.511
21.5865 168.165
10.2453 247.707
23.8415 208.002
28.8017 177.087
27.1547 156.247
23.444 162.73
26.3387 142.513
31.3218 166.309
26.8926 212.656
33.3163 189.266
30.7231 233.41
28.0846 250.97
37.2651 242.645
33.0145 258.142
39.7565 260.685
23.6375 256.968
29.2746 242.073
32.2324 203.629
21.9102 246.418
26.7658 220.176
20.0622 238.598
22.0831 222.968
16.095 232.764
7.71229 259.044
8.75846 236.685
21.8722 146.871
16.48 191.327
29.1937 93.2224
27.1449 32.623
22.783 110.62
19.2092 137.374
16.4332 182.576
10.4045 219.043
11.854 207.888
19.9842 117.355
9.71349 203.775
11.178 189.959
0.212088 260.349
0.983048 248.241
18.6247 126.437
3.69693 223.344
13.7677 138.523
16.9497 98.1089
11.7511 128.121
6.76141 156.902
9.60487 150.973
-1.53348 241.4
-1.51744 201.76
-0.784205 229.684
1.91919 191.685
1.19477 209.978
6.67629 173.874
-3.3297 177.895
3.11075 161.685
-1.04168 51.566
-1.98965 111.06
-3.45365 132.895
-1.38002 62.1181
-2.70693 73.716
-3.22033 27.9999
-2.96858 19.2191
-2.50295 8.02236
1.08408 98.516
2.23365 42.7407
1.75227 -2.52154
3.2668 76.1092
8.54122 27.1167
3.03346 88.8967
1.83159 121.509
2.93254 148.784
7.79586 59.6543
6.86302 71.1342
11.4934 -2.36106
3.60313 136.95
7.92222 79.7965
13.7716 13.8082
23.3402 -0.407987
23.184 6.88968
17.6296 31.2889
21.8227 40.6802
18.2295 47.1985
18.4871 73.4429
18.0835 63.9761
16.3072 17.154
12.8116 99.922
13.6576 17.2691
9.50744 109.725
8.67596 123.346
12.6425 39.4421
9.13913 90.8065
10.7652 53.2276
3.34606 172.165
20.2357 79.8351
9.03732 183.991
23.724 86.9739
27.0838 10.2831
52.2753 159.973
37.9525 73.5635
56.5022 169.796
62.0781 190.538
50.9091 121.408
39.2184 59.0426
37.262 47.9697
29.4035 0.490259
53.1569 131.437
37.3074 32.509
57.332 80.6484
50.2186 61.4462
38.2066 23.4624
63.0383 91.871
36.3077 9.15098
88.9236 146.947
71.287 99.3746
99.4477 173.931
67.4794 87.8416
47.1516 32.9702
106.142 191.938
63.7096 70.6044
39.6263 1.17765
49.6093 20.7706
72.3937 83.9874
88.6165 130.102
46.1434 -1.50748
73.3429 66.5418
71.4406 62.7027
61.4934 37.6739
86.3804 108.674
72.5721 46.236
70.3355 43.7211
56.326 12.2829
57.4043 -0.878429
60.8618 18.5156
70.4552 31.7845
78.2829 70.4592
66.4209 -0.262518
78.1805 63.5075
83.8125 77.955
76.162 29.2883
71.4313 8.39702
73.7106 16.3255
80.8563 46.6466
77.2059 -0.260073
78.8294 8.57064
79.7201 18.0803
81.0283 39.9586
87.8558 116.096
51.1823 13.2016
80.2969 101.16
62.7427 48.2078
76.7622 92.4687
56.2064 29.5306
91.5828 139.185
143.725 243.49
100.026 150.241
121.928 196.38
83.8183 112.896
128.306 207.295
112.827 171.445
136.421 212.183
111.49 162.53
161.591 248.783
129.242 58.0344
141.671 138.251
153.236 213.136
148.026 182.321
151.977 216.693
137.753 118.189
148.512 196.008
138.392 131.748
146.616 189.622
142.79 166.109
141.87 159.656
132.318 87.1201
136.413 149.188
138.841 189.886
129.281 80.2361
128.658 146.87
132.684 137.379
128.266 181.085
136.314 198.152
103.049 139.676
107.54 143.533
101.43 131.56
122.003 171.278
122.6 157.49
97.1334 113.27
100.564 119.962
113.71 148.828
91.7242 102.244
116.315 140.132
92.9359 50.1618
101.514 93.8918
96.437 79.7233
89.0247 32.0817
107.873 106.876
97.9918 62.9432
88.7873 19.8545
87.7535 42.7199
96.1646 97.5999
90.4297 69.3708
90.4441 87.8226
89.1879 62.19
87.9259 79.1682
87.4506 10.5918
101.727 70.7466
112.572 121.929
89.2472 -2.74869
117.63 146.497
107.049 129.131
127.91 167.135
113.314 42.3915
113.703 91.9532
117.384 113.089
118.718 99.0968
117.608 129.432
102.314 40.339
108.285 67.3571
103.617 22.7869
101.602 46.1282
101.68 13.76
99.58 31.0287
101.918 3.34794
107.708 58.9512
107.667 47.6073
113.255 103.134
113.577 76.1335
112.839 23.7477
119.595 71.1791
109.595 -1.43777
120.856 80.3041
113.432 10.6259
118.65 27.2456
119.733 9.56051
120.535 16.1454
120.979 48.6688
118.292 39.9789
126.483 116.072
126.552 127.022
121.621 86.0603
113.546 30.4151
123.201 119.197
117.253 58.0647
127.454 162.276
128.129 113.566
128.84 72.0126
138.13 181.563
133.017 102.565
127.632 46.8706
157.109 221.82
120.674 -3.80991
160.791 243.812
156.556 191.435
150.143 116.895
143.994 63.3566
147.743 110.461
152.197 157.602
153.053 172.06
149.051 129.21
148.916 146.705
140.285 68.248
138.554 39.4499
140.151 86.3701
143.145 112.104
139.969 98.0885
132.252 29.0112
136.204 79.5045
132.122 37.363
130.178 8.20178
128.205 23.4971
130.137 1.12433
136.179 51.0958
137.668 29.7533
148.384 141.473
146.811 99.0823
139.16 19.3229
147.261 72.6818
149.073 20.3581
141.198 8.91221
150.202 1.14318
150.935 9.3289
150.488 41.6433
156.941 0.425199
157.645 33.6057
157.18 23.9864
153.091 51.9157
171.426 11.1308
161.009 11.2008
173.662 2.28728
141.971 -1.60314
179.327 -0.389571
157.861 42.6112
181.57 7.33864
176.186 20.2975
193.284 2.97014
200.621 -1.91308
196.336 19.9122
206.775 68.391
203.145 62.0209
200.875 52.7181
199.374 36.0264
189.245 18.279
229.79 158.636
200.311 30.8018
228.474 152.522
243.416 202.356
241.154 189.813
218.365 98.974
209.592 63.2936
221.021 107.929
200.681 7.34307
217.86 89.0859
229.657 137.133
251.585 210.204
227.959 102.655
216.202 62.1787
232.211 128.763
211.515 49.0968
209.083 23.3881
207.565 1.72729
210.675 28.1951
213.031 12.2287
221.741 2.62868
220.104 17.7441
222.497 32.335
220.834 46.0567
219.368 36.4284
219.983 6.97154
211.185 43.9478
220.566 77.0784
229.904 57.7248
230.281 81.6569
229.917 86.89
229.164 69.3739
222.92 73.2029
229.395 106.309
241.937 151.668
228.69 36.8201
239.794 131.798
227.61 7.90134
237.797 86.7444
231.968 30.2879
242.202 121.859
231.736 0.239112
236.442 51.3931
237.901 71.6566
236.73 8.29869
246.409 109.057
240.242 26.8638
241.255 16.1374
248.368 120.457
246.993 66.0598
243.978 3.70519
247.999 81.0558
250.16 141.678
248.824 43.7127
248.717 31.8202
248.825 2.34311
249.571 18.4709
249.807 89.0768
250.559 10.7565
251.762 156.584
252.327 98.5984
253.618 61.7271
253.645 128.776
257.679 13.7673
257.475 20.8947
259.64 -3.77591
256.254 80.653
259.19 38.6461
260.201 29.1868
257.112 109.158
260.048 68.4239
258.613 91.5879
262.333 50.3007
261.33 140.224
263.997 116.247
260.507 180.952
263.651 150.541
263.995 189.102
263.894 218.446
263.553 209.072
259.2 196.027
259.415 173.863
260.222 103.1
257.588 158.079
257.969 129.647
261.613 62.0335
251.6 168.01
250.775 53.3982
250.233 176.885
242.229 83.0474
246.007 147.296
241.573 97.2336
243.968 112.879
238.816 37.577
237.803 56.6613
243.779 143.812
232.219 49.5135
228.867 19.9241
242.784 159.174
261.409 230.887
251.481 197.578
232.059 116.012
243.591 172.435
262.479 249.389
256.566 258.557
250.694 242.202
259.316 241.026
241.342 179.998
246.452 193.5
223.781 117.629
250.838 229.903
233.391 183.093
248.173 221.415
206.566 79.5414
240.996 216.58
249.07 251.83
220.836 137.401
232.725 186.444
213.238 108.798
227.16 172.541
219.015 133.791
221.755 146.296
233.198 201.189
247.961 256.224
236.259 212.716
241.028 237.421
242.73 248.322
208.934 89.2234
187.811 13.2378
170.893 29.3031
166.537 49.2376
162.346 73.4342
176.334 27.1086
156.749 111.397
168.877 57.2216
160.934 86.179
160.383 80.8071
163.307 61.2534
168.762 37.1214
163.346 48.7958
173.024 22.0599
151.872 56.118
153.148 31.8529
146.5 81.4451
167.266 199.423
161.581 157.594
160.313 136.946
160.642 129.259
161.576 117.5
167.104 148.538
163.578 98.5331
169.74 176.213
178.635 53.9881
170.702 132.122
169.602 122.28
177.318 61.9994
168.408 106.868
168.263 90.4166
170.34 70.4691
171.174 81.2108
168.426 101.652
180.075 42.2735
177.285 81.8994
172.96 143.042
182.86 69.0768
186.339 26.1543
186.738 51.9253
180.928 110.468
191.114 37.1879
183.791 90.1812
189.65 57.7207
183.307 120.028
187.657 89.4004
190.981 68.6084
177.747 157.828
179.336 239.21
180.801 213.103
181.83 172.259
180.536 190.304
182.508 136.315
181.351 203.304
188.627 119.324
192.55 97.6795
189.966 157.426
198.694 73.4218
193.157 131.045
199.073 83.711
192.487 147.966
199.672 111.78
202.655 90.2005
202.827 120.91
199.947 139.163
202.614 99.9549
188.314 192.472
189.881 179.26
197.833 130.723
188.695 168.383
189.783 137.006
191.606 113.419
180.791 221.575
186.921 241.99
200.214 150.505
188.075 213.903
209.197 102.499
193.876 199.269
200.207 161.318
208.899 116.416
190.519 223.332
206.543 142.887
197.024 199.124
210.849 129.685
200.549 182.736
203.568 170.228
191.338 246.78
212.228 173.676
208.903 157.628
213.528 150.407
217.869 157.324
213.187 190.82
209.965 222.426
219.608 178.903
222.781 171.192
217.587 202.087
217.028 252.858
228.909 260.176
233.642 253.687
221.355 226.768
220.079 221.207
232.054 241.484
223.243 207.096
228.172 210.655
236.652 228.754
233.139 232.278
228.024 219.142
239.038 262.249
208.896 258.646
220.051 258.697
213.545 246.223
212.375 227.831
216.824 237.521
217.295 191.281
207.242 239.091
211.615 198.625
198.848 261.342
203.514 233.712
202.576 236.999
208.332 209.099
212.842 179.484
202.373 216.773
196.677 246.804
202.308 209.437
188.869 257.424
191.417 233.528
199.649 188.587
183.687 258.726
180.235 246.823
177.536 232.668
177.071 183.092
177.731 153.034
186.917 77.9387
176.778 133.632
180.123 102.644
172.076 160.975
169.1 191.186
167.008 173.379
168.414 213.187
157.643 151.924
172.245 243.995
169.979 230.187
172.428 248.254
163.007 202.148
160.698 209.257
157.004 171.242
158.923 177.725
167.301 218.634
147.753 88.9957
159.758 226.975
169.289 261.587
149.799 229.755
133.165 202.516
126.609 191.23
160.042 258
137.481 218.277
148.541 241.623
149.401 248.485
116.627 178.512
151.169 259.271
107.751 176.616
141.754 248.3
128.501 230.365
137.987 259.098
132.907 248.965
130.783 237.989
119.783 209.623
126.357 217.788
99.0846 159.306
117.187 193.221
138.103 233.052
83.3693 123.042
53.5052 39.908
116.635 221.445
106.093 196.446
56.0442 62.0059
90.356 161.511
83.4368 142.532
50.118 49.7297
68.558 109.197
117.336 226.268
111.02 211.853
128.685 258.261
119.363 236.705
99.6916 187
122.054 250.179
99.6798 197.096
71.2154 130.663
121.627 259.938
86.1053 170.406
52.4007 83.9683
87.3045 177.39
98.4731 209.918
109.143 241.958
112.727 253.277
87.858 192.319
70.2984 159.286
102.018 243.223
96.6761 227.176
88.3269 200.473
90.8505 206.581
106.899 256.22
78.9747 183.158
81.2641 190.336
71.4008 168.607
88.7824 217.614
103.974 262.734
90.1611 237.049
92.4514 251.369
90.2939 259.379
83.3292 241.443
80.7341 229.171
78.7737 219.123
81.3351 206.089
88.3475 231.894
97.9885 249.256
81.8959 202.065
56.9764 128.023
78.9421 171.825
63.4454 136.369
53.7407 111.019
66.6389 189.334
63.5691 160.725
81.8891 249.446
71.4651 199.158
80.4588 256.438
66.5276 180.22
69.7319 208.71
69.3586 223.373
71.2366 236.996
62.6004 178.362
59.7839 147.771
50.346 100.045
71.4791 150.442
60.7615 121.508
52.2864 91.6999
58.6241 113.616
76.2201 162.956
66.5209 142.211
102.373 222.201
46.0954 67.5543
60.1787 100.209
109.481 219.133
81.656 149.221
72.6785 122.293
76.6038 131.888
113.895 228.747
96.378 178.293
39.0377 36.8835
68.1969 230.607
41.2658 92.7905
66.9653 248.107
39.4196 83.6084
58.3247 201.395
39.1549 96.3024
49.3738 148.636
28.6756 19.8971
40.2466 122.577
47.5804 182.755
46.0609 139.01
57.5117 213.022
69.792 260.014
61.5952 228.679
62.7516 263.575
56.8526 222.607
61.8684 242.111
50.0643 167.017
53.106 216.527
50.3657 190.839
48.7395 197.519
40.6338 133.434
37.8774 110.784
30.4839 36.9262
30.7342 76.8872
40.5482 146.272
38.3878 141.009
29.7062 69.3476
28.7031 48.1931
27.9522 56.4628
29.7235 108.325
57.195 252.025
42.6606 176.876
51.5889 232.02
39.1124 158.227
33.7321 129.884
51.5516 236.054
42.3815 217.795
48.3104 248.967
47.5145 261.256
39.6155 198.548
43.817 209.296
32.601 151.759
43.0853 248.184
36.9227 191.706
39.9855 232.092
28.9851 117.969
36.6404 167.77
46.3461 209.662
