42.868 81.5261
61.6448 27.2732
55.6898 45.0797
69.768 3.48547
52.7847 52.7834
64.2675 18.6682
48.2894 65.3563
67.3561 8.17124
46.7878 69.7051
56.3139 16.3506
54.6359 26.7323
51.6961 45.1449
54.4879 29.7223
57.648 8.90004
56.5675 31.3014
54.4206 41.0279
55.7552 38.9559
64.4035 10.5591
67.092 3.77982
64.4988 12.7212
62.9456 20.3744
67.1235 5.68168
67.3222 2.47629
64.7149 9.46425
65.7558 5.31375
56.4215 36.4938
58.9422 18.7911
60.7503 18.4001
61.3575 7.4963
64.2253 3.23762
60.6137 4.6112
60.9778 8.16078
60.2684 12.5816
59.0012 13.7613
56.5649 33.0147
57.6559 16.8962
57.6718 8.05647
56.7823 12.5907
51.0542 44.8112
57.4025 3.83224
53.9723 24.7757
48.9724 56.0898
56.6257 6.8491
49.714 49.9748
55.9899 9.10803
49.128 52.9103
54.4233 18.1712
16.1211 54.8657
41.6506 30.4999
32.2828 39.6193
14.1362 57.4964
36.9767 40.5655
37.1684 42.4336
28.8962 48.0786
25.9465 50.7791
5.46796 62.9401
19.3938 51.4056
47.8854 21.9166
43.4311 24.3411
29.3097 38.758
49.9204 15.1814
48.7457 22.1003
52.4957 15.7243
53.5254 13.7085
53.6175 13.3953
55.0754 3.72524
52.4149 12.719
46.5706 18.3367
37.4252 28.7152
53.2588 8.57941
33.6382 33.4559
23.6579 39.3064
25.2282 36.974
31.0722 33.7491
33.3236 28.8054
35.1997 26.9441
38.4502 24.9928
35.1033 29.1425
43.7084 19.5913
38.2193 24.6925
33.6824 27.5162
31.9661 31.7735
31.1969 31.7443
30.9287 32.1564
24.7253 36.1864
27.6987 35.2368
18.4513 40.5766
29.2805 29.7614
24.0097 35.427
42.6285 15.9045
27.6473 30.5942
37.4816 19.166
52.4794 8.65239
41.5939 15.9367
39.6708 16.3391
50.5113 1.95986
50.3832 6.16476
50.6647 1.18974
39.6445 1.45565
40.5426 1.23973
37.7399 0.745268
31.2578 0.231515
24.0712 3.47831
37.1409 2.39212
46.3412 2.63707
36.722 4.49504
42.1914 3.79647
35.0955 5.85946
41.2524 5.53236
39.5819 13.1315
43.1653 7.57334
43.5857 4.56938
48.633 2.03881
40.7953 14.7169
22.7355 9.44635
18.5858 5.3217
27.5708 8.92933
19.7807 4.46893
37.2984 10.7866
24.4597 5.9467
25.6547 5.1081
35.4147 7.34982
28.3161 7.03395
39.5923 7.87228
13.8964 2.77273
20.7407 8.08332
8.92517 0.450403
16.4962 5.38996
6.99414 0.55045
7.72587 1.97563
11.0578 4.29034
6.77407 2.60337
0.467003 0.669976
9.652 4.58752
5.37342 3.54926
15.3437 6.67211
15.7703 6.78727
9.55042 2.09012
23.2092 9.90526
3.70721 4.52005
15.1042 8.28325
37.7969 13.9771
14.9177 9.42281
36.0552 13.6736
27.8394 12.3201
9.08234 9.24138
39.0323 14.2688
11.0317 10.5436
3.5201 9.82064
32.8783 15.6588
12.5485 14.9436
17.1522 14.328
4.49591 14.0179
12.6983 12.1341
9.76317 12.3774
7.187 10.9862
2.85671 14.6805
13.0959 14.9655
10.3754 15.2277
31.0088 15.6961
9.82666 15.8598
1.32999 16.1465
9.46583 16.1298
32.8463 18.2869
6.48984 17.2873
18.5988 17.2607
3.41967 17.2031
7.08974 20.5599
17.4714 31.8548
5.08947 41.847
3.76755 40.7525
8.7961 32.1005
10.5985 30.2674
10.5898 27.2794
7.96311 30.9289
8.9327 28.9758
4.90266 31.8708
7.50044 26.5996
7.92976 24.3954
3.3335 30.9076
4.40383 24.8878
3.62905 27.564
3.08424 24.8915
3.25794 34.7434
3.42865 35.1997
6.85379 30.8576
4.34858 37.4327
7.12116 33.1278
1.73084 44.5656
10.5126 37.5706
6.53984 41.9695
7.96719 41.078
12.8011 37.6044
11.8676 37.7018
16.6686 32.7319
16.7978 35.387
21.9485 27.7595
22.775 29.2447
26.0837 20.0094
25.5075 19.4543
19.8274 30.3305
18.2024 29.8655
22.5937 21.6534
22.7478 20.4557
14.5619 20.5939
20.4985 22.077
17.853 30.6054
17.7416 28.5863
15.1943 28.9863
4.23528 17.5747
11.2127 18.2713
34.2767 18.347
23.9851 16.6716
7.5637 15.9501
34.4549 15.6818
29.4057 14.5933
17.1798 12.1958
31.1214 14.5763
21.24 12.8827
26.3158 13.6097
11.8292 11.1932
39.869 14.5963
32.0079 23.1231
23.0586 32.9865
27.083 29.1772
31.712 24.6956
37.6705 18.2338
29.5114 28.3409
17.2566 41.7873
6.35687 46.5537
20.0437 40.8647
11.9511 44.8764
5.39298 47.5649
1.8187 49.1127
14.4814 43.8949
1.20919 52.0048
11.6671 45.9038
29.4071 36.2001
21.3195 42.2509
11.8741 49.4684
18.3333 45.6244
10.9023 51.7128
3.07087 59.5815
8.17978 54.575
30.696 35.6137
24.2518 43.2598
33.885 34.923
41.2737 28.1437
23.5275 47.0627
12.0398 55.0251
22.1538 46.4235
31.463 38.2972
0.377169 64.1852
22.902 47.5137
3.70012 62.4234
9.27671 58.505
2.24955 65.3028
21.3249 53.6478
30.7386 48.0311
43.5693 39.2701
44.4841 36.596
44.2534 36.1232
43.0143 37.2586
42.4625 38.1805
37.6252 41.0065
50.3252 28.3194
40.7253 37.7334
34.5958 42.1098
22.4373 50.9984
39.0645 37.3969
44.5922 31.5108
52.0169 22.5086
36.8233 38.0924
49.1143 23.9061
38.7787 34.237
34.5084 40.796
16.3093 55.4959
53.5138 19.0601
51.7035 35.1955
49.8515 47.5836
51.9663 31.9888
17.0634 76.0356
36.333 51.191
43.974 40.8863
3.85713 66.3406
23.4295 54.0808
36.3313 45.9646
5.43232 67.213
0.919359 70.4436
4.92106 68.1632
15.9129 60.7509
22.801 55.8822
0.692613 72.4352
27.5314 56.2206
10.7174 69.108
18.1448 62.646
9.36709 70.0738
12.6746 65.8464
9.14884 68.0763
0.413353 82.1436
9.02135 68.9961
6.06073 75.3927
9.00699 70.8083
24.8075 58.4456
8.44516 71.8917
19.0923 63.8331
14.3571 67.7994
8.40098 73.048
6.83338 82.9652
6.49239 81.4346
4.11651 83.8017
3.60528 84.532
4.13431 85.9756
6.98524 84.8181
8.03852 76.0653
10.5291 79.8628
11.5703 76.3597
10.0598 74.5184
13.2773 76.9544
15.3422 74.918
9.30529 73.7891
17.4242 67.5088
13.8883 70.8012
13.4607 71.3275
24.9056 62.5898
14.11 73.7606
22.502 66.1306
25.4958 62.0483
19.7712 65.4431
15.9089 68.0536
11.1349 72.0264
12.4422 70.099
30.2175 55.2829
8.80757 73.1019
26.3569 57.4936
16.5175 65.3464
21.2399 61.4193
32.5115 52.3269
14.7456 63.3336
27.1362 55.2048
20.5241 59.3586
8.91027 67.0927
17.168 60.1515
42.6444 41.8476
25.1724 64.1508
37.572 49.0824
12.1884 82.4169
37.0397 51.7508
31.1925 58.6081
51.8065 32.1916
49.784 40.765
47.3313 57.6864
49.6443 35.93
46.8825 61.9002
48.9719 50.3101
50.2676 42.5322
46.8938 69.0275
42.4862 81.1642
43.9262 75.367
35.3114 90.9
39.7765 80.2593
35.6809 88.2175
45.0929 64.856
37.4024 83.6508
46.0304 59.667
48.0056 45.6756
47.2446 40.1101
43.6054 47.4651
31.6326 62.976
16.1719 84.8937
40.3573 48.6765
37.9205 51.6592
27.8501 66.8789
35.5598 54.8001
24.0001 69.7951
33.3447 57.9054
21.0959 76.1603
15.2534 86.1517
21.6455 72.4221
16.9659 81.6882
17.0315 79.6398
1.33477 89.2734
16.2499 80.3205
15.0453 81.5593
6.9288 91.1048
0.871504 99.0008
5.03523 94.3981
7.74624 90.7519
15.5382 81.9688
15.6342 85.2842
10.1233 95.5637
23.586 77.3128
26.5414 74.1704
16.9806 87.6792
17.8681 87.0498
26.099 75.2748
29.5135 69.1261
29.5517 68.3291
25.2396 72.7861
24.9364 74.0108
19.1172 83.1214
11.5076 93.0322
14.5936 87.3053
28.8437 67.0081
39.7515 52.5877
17.7946 90.0902
17.9949 93.4078
20.9166 90.6766
30.2156 76.8589
24.0622 85.4351
19.321 90.7444
27.4 73.7608
33.3136 63.6845
26.5561 76.2323
35.8161 64.0994
30.1842 70.8109
39.8103 56.8942
32.6841 66.6014
28.9053 72.5914
38.8502 54.1352
45.6097 44.971
45.1653 48.345
47.763 47.344
45.896 59.429
47.3962 48.1371
46.0406 56.7462
44.0303 58.2614
41.1468 53.5778
41.4117 57.9934
45.191 60.2472
36.6469 78.548
42.7805 65.6565
40.8571 70.2748
45.8105 59.9916
33.6095 93.1636
41.3125 51.1379
34.6918 84.0777
37.8236 65.7915
23.1975 91.2277
29.4972 80.4969
27.1378 85.4059
32.4997 76.2204
35.6668 70.4244
26.1511 95.1779
30.937 90.0747
29.0061 95.5234
28.9426 98.7266
33.294 85.3983
28.8222 89.527
36.8976 67.9893
33.0255 92.6014
35.6114 79.687
33.4027 91.7641
37.2642 71.378
33.218 95.2408
36.2857 90.3301
38.5468 86.3543
41.8755 80.2611
37.2836 97.791
41.5104 85.1724
65.8273 20.2698
57.4356 48.1535
60.3113 37.8497
55.1921 52.0444
55.7577 48.8352
55.019 50.4348
51.1123 65.2203
55.1578 53.1953
44.5806 85.628
42.6641 88.8495
39.9549 94.3481
46.7831 83.4414
44.6899 85.7278
58.3376 43.9449
56.344 52.414
43.4285 97.3792
49.2933 77.3143
61.9881 33.4226
44.2102 96.9361
51.5672 74.7479
53.629 67.418
67.5467 22.7556
46.5314 92.482
63.228 37.4328
73.2713 29.3402
63.1762 41.3441
66.0689 40.7478
57.4613 59.1581
69.516 35.609
60.6647 67.3079
56.3567 83.3743
63.2344 56.4119
55.4064 85.919
60.7278 64.7537
62.7852 55.5717
57.3361 74.7394
55.752 70.6704
61.9443 53.3887
53.2232 74.4657
56.9189 74.9188
51.3405 88.2624
51.1387 83.9583
49.3616 88.7757
55.7835 64.5537
47.9323 93.6531
49.5927 91.2314
48.0541 97.6798
52.4824 87.4755
54.9448 81.3705
53.4748 90.5289
57.9671 74.5099
52.357 98.4765
61.4703 66.0572
55.5257 89.1674
67.6105 42.8231
57.7844 78.633
69.1637 36.9153
72.1551 32.121
73.8692 28.8267
69.3159 38.701
94.7511 25.8668
85.0985 32.0882
82.2264 37.2892
67.4654 51.5139
82.2682 32.9698
77.5377 36.8629
77.4551 36.1571
70.9392 41.4608
70.2532 40.4309
70.7661 44.5938
72.1753 42.2056
73.8206 39.3384
77.1966 37.4151
74.2875 42.8208
65.6199 53.548
78.7155 43.8269
77.681 44.5455
92.9701 30.3761
89.0608 33.1631
73.059 47.1922
84.6228 35.8741
94.4208 26.1705
96.6502 30.046
83.5916 56.6006
91.6334 38.381
81.6287 58.1463
70.9608 80.2094
77.6264 62.0662
79.18 58.4465
75.2029 70.5102
82.0256 56.4622
79.8067 60.4636
89.5726 37.4377
81.1778 57.1106
83.3988 51.2204
82.4553 52.9683
88.601 37.2593
75.9801 68.8675
85.7577 42.0352
78.9775 59.5523
80.5502 53.4742
73.1852 74.0141
83.8734 42.758
70.259 52.2559
73.3363 50.9168
74.155 51.7782
64.1797 60.5965
75.0163 52.0638
59.9729 75.0504
61.7602 72.3507
62.6538 71.5475
63.7211 70.0851
73.8659 54.2383
70.7265 60.3598
74.8815 52.9878
58.3108 84.2092
56.4339 88.129
69.8075 63.501
63.3915 77.2734
55.4216 92.4952
54.9202 94.8323
72.9247 57.5695
64.584 75.9685
59.9311 86.6408
75.5257 51.8058
75.0065 60.9863
56.2085 96.7691
68.591 70.012
69.6844 67.3122
55.9165 97.3375
64.5398 82.8009
59.0024 93.5389
67.26 79.8223
64.1821 84.6937
70.639 71.3812
57.9596 93.6627
67.1037 76.1453
75.784 59.6483
73.6343 66.9753
76.4191 60.1508
75.681 57.2583
80.3945 50.4642
81.806 46.6647
81.3628 46.6411
80.7708 49.0335
72.6501 50.5988
83.3008 43.1673
70.6615 81.0674
64.2742 90.5836
75.0673 76.1692
77.3913 73.9297
75.3127 78.0283
63.7041 99.0479
75.3157 78.1946
83.1162 64.6717
68.6762 94.9046
77.2571 77.5587
82.1285 67.682
73.6382 86.73
78.5081 76.6606
69.9304 98.5756
73.5317 89.9822
78.3348 77.7827
84.0059 62.8388
83.8354 60.2037
83.2113 63.8052
83.8054 58.2213
82.9609 64.6556
65.6149 88.7346
72.3334 78.6024
79.0876 63.5387
86.7983 48.0149
80.2676 63.5336
93.3715 36.7686
93.9708 37.8587
72.6663 96.0524
80.3028 75.6679
95.8202 32.9482
84.5088 72.1199
84.786 68.4674
79.4136 90.4507
96.1527 31.8139
95.7894 38.4241
93.1423 46.6914
89.8409 57.38
86.8581 68.6536
88.0409 64.4261
92.2464 50.3665
91.4115 52.3903
93.146 46.6801
97.757 33.19
80.2268 93.6891
93.2494 48.839
89.4286 63.356
93.3606 50.9582
88.9363 81.5771
86.5203 84.3988
87.7093 74.8838
86.4731 80.4312
85.6917 79.6206
82.0054 91.6408
85.3096 81.8647
86.6566 91.2109
83.8047 86.3907
86.3589 91.0879
81.5353 95.3101
81.8932 98.6637
85.9992 96.4476
87.1 90.9791
86.873 96.4191
91.011 67.3984
93.5462 52.0854
89.4887 80.9509
92.6495 59.3847
90.6772 80.8233
93.9185 49.1254
92.143 54.343
98.7034 29.9571
97.2495 62.5614
98.1114 47.085
97.4942 66.265
93.977 71.3021
96.5567 59.5841
93.3774 73.237
96.8921 44.6465
92.0781 83.2887
95.1333 49.2171
94.6161 54.9374
94.6054 52.9356
92.949 65.552
92.5424 71.5749
91.1215 86.3575
94.057 83.2653
90.1249 96.8875
91.4173 93.1472
94.7197 86.0802
95.156 82.713
95.2234 80.6349
92.121 83.7539
94.606 71.5059
96.4831 68.2788
96.7773 77.7404
95.9811 95.5812
98.0216 57.6449
98.0128 64.0292
97.6269 85.1109
98.4517 54.9206
99.0598 80.0324
98.9898 51.6347
99.6498 56.5994
99.9296 73.5349
99.618 38.5576
99.6313 36.875
99.4312 41.3156
99.0217 51.2793
98.3413 47.171
97.7753 61.0207
98.9604 25.2763
98.2683 23.5115
91.2055 27.6327
77.9542 34.2804
86.1368 27.2579
86.1708 26.5868
81.8475 30.2475
85.0052 26.0813
80.501 29.4256
80.2248 27.3081
79.3795 31.3094
78.5124 26.1496
78.4653 30.5575
76.0004 31.1391
79.4561 32.6955
71.4771 37.3191
75.6271 25.0971
99.9141 21.6707
93.3593 19.7195
94.2912 18.0251
99.9552 9.08114
93.8221 12.8689
96.301 4.18324
90.0922 11.5453
94.298 9.13066
88.5492 17.2778
97.0915 11.1045
92.3742 20.9027
80.8227 20.3577
97.7052 21.5846
80.9981 22.0876
90.1929 21.8968
94.5698 22.3988
77.0858 24.8759
74.7946 24.8601
88.3275 10.0933
77.7319 21.793
93.626 4.31051
71.3097 28.6101
70.4985 28.4697
74.8533 23.3747
81.611 13.3081
79.8164 17.4554
85.7212 8.14142
80.5234 12.3226
77.3697 10.0689
74.7968 7.43714
77.6142 8.3824
78.2521 7.11852
81.5816 7.29326
76.9458 6.58271
82.932 4.04315
77.1961 4.04126
73.6993 6.64706
78.243 11.0114
73.2062 12.7457
72.0266 10.9361
74.3766 4.21067
71.2772 12.5687
77.9083 13.4471
72.1452 17.2913
71.8703 18.1139
83.1322 12.0317
69.4092 21.4555
80.0217 14.2993
72.5446 19.8506
68.9261 23.0533
80.4399 14.1575
76.2665 21.2496
76.0027 19.5906
68.6026 27.4716
72.046 25.8936
64.1176 36.3675
70.7284 12.21
59.2779 48.2549
67.6063 21.3571
67.3075 21.6588
61.7542 39.3543
64.0148 31.6108
51.8271 72.3012
64.2889 32.6449
46.3493 90.0697
63.1652 32.5191
64.5612 28.0844
64.0697 29.2662
59.0783 45.6618
49.2261 79.4141
65.229 22.4029
73.7986 0.845002
95.9773 2.28441
85.6964 0.215582
96.3583 0.115153
83.7074 0.0905051
84.7141 1.38806
72.7349 0.758038
70.1683 9.36152
67.9097 10.9659
65.4943 17.7864
69.2944 10.9721
62.353 28.3409
62.445 26.9873
55.5754 47.1914
65.8602 20.1381
