293.823 193.94
199.047 138.595
241.939 162.782
278.01 183.078
161.92 117.128
226.562 148.275
276.687 173.248
258.31 168.709
291.099 179.593
188.445 129.178
267.163 167.037
172.928 118.173
251.296 157.207
156.337 107.444
267.106 162.552
70.4361 53.603
160.834 103.58
246.977 149.596
179.574 113.359
79.6901 57.9157
169.225 106.037
123.743 80.5033
277.164 163.274
187.89 113.395
91.7155 57.4111
202.659 117.802
137.687 83.2049
167.979 100.168
221.93 128.091
110.871 67.7661
147.482 86.8567
242.921 136.546
233.006 133.003
212.176 123.783
287.706 166.281
260.726 150.093
269.499 149.823
118.147 68.1798
63.5301 37.4468
198.561 108.789
101.829 57.9372
252.405 139.042
258.763 142.458
128.41 71.964
238.997 130.202
71.1804 40.5015
292.522 156.884
210.517 112.713
136.795 72.9387
113.538 59.0744
186.165 98.1421
250.469 131.95
183.518 96.4955
269.302 140.332
293.47 152.365
178.665 93.9824
53.5412 26.5997
117.839 59.9162
278.294 143.348
76.7834 36.9412
197.111 97.8629
260.83 127.224
230.933 117.192
293.604 140.593
278.919 132.509
227.982 110.66
273.651 128.243
216.3 106.146
131.666 62.7786
217.465 102.924
176.446 82.669
251.882 116.925
292.117 132.208
242.916 112.374
169.198 79.3221
212.389 97.4293
262.226 118.156
190.764 88.1972
279.351 123.621
90.5115 32.9408
147.115 60.871
122.854 49.4502
50.9369 17.2255
21.5535 3.34332
229.877 91.0301
220.937 87.3432
158.351 63.041
143.825 57.6232
206.533 81.8814
201.573 80.3372
193.269 77.1629
258.736 103.814
261.051 106.572
242.223 98.3724
233.398 98.3993
291.617 121.276
146.341 36.5721
241.09 90.703
107.826 13.7878
197.971 61.3532
172.659 49.0289
231.394 82.8267
222.674 77.0997
251.09 90.5469
182.283 52.5968
259.714 92.5914
288.469 111.965
246.905 78.5584
276.523 102.474
193.164 39.2337
156.414 11.5486
240.97 71.6409
153.586 8.56938
233.516 63.6855
268.065 89.5114
287.936 101.062
180.556 20.0782
268.007 82.3786
258.102 70.8784
277.133 83.0366
283.743 87.2236
241.872 59.9052
219.989 47.6281
170.715 12.0263
227.316 47.1768
290.094 87.7426
200.752 29.9527
247.703 58.7369
292.237 82.931
187.068 16.0494
238.74 43.002
207.257 28.0733
283.405 71.1234
290.12 69.2278
252.008 48.2485
272.045 58.1247
282.206 62.4871
261.037 43.2686
219.051 9.09567
266.905 38.1783
248.787 29.738
293.582 59.1093
278.357 48.5351
290.356 49.753
239.168 21.1945
258.831 27.445
286.694 41.9232
250.065 11.0597
259.585 19.4802
269.98 30.5954
237.641 2.75189
250.154 16.1411
230.241 1.23358
250.282 -1.39803
266.142 0.074051
259.78 1.55224
260.577 8.32609
273.729 21.4316
278.779 26.2502
286.687 28.9519
291.457 19.5128
283.28 23.5754
269.215 8.46052
277.614 7.86974
291.121 6.12471
289.86 3.49
278.013 -0.352646
222.582 -3.53387
233.182 9.63909
236.311 9.90371
276.263 36.0313
208.605 2.20181
227.649 26.5745
196.24 -0.948863
206.456 9.54515
191.92 -0.591516
216.178 19.1545
178.102 -3.6213
196.452 12.0049
170.431 -0.718143
206.521 17.7498
248.573 40.8435
242.923 32.5619
230.939 21.6263
271.142 53.4752
196.959 17.093
216.753 27.8411
188.645 13.4936
262.09 52.0567
231.222 37.6991
178.311 11.2409
266.454 66.5717
256.324 63.4091
216.625 39.1127
238.609 51.6391
157.458 3.77891
200.823 39.2417
190.417 28.5747
250.773 73.6817
207.167 42.074
263.611 83.0899
146.744 3.77049
180.998 37.5224
176.105 32.5094
168.314 22.6626
219.42 63.8591
163.479 33.4076
167.601 32.2441
128.869 10.317
151.306 18.0003
139.431 9.45614
141.917 -2.39861
127.541 3.07471
82.9721 -1.77837
112.157 1.4892
88.5578 -0.232856
121.062 2.46735
116.421 8.60356
199.035 53.3069
138.131 23.3545
127.609 16.6004
97.1546 1.59956
172.129 41.7288
188.761 49.6775
119.722 18.8716
146.814 33.4972
156.66 36.314
142.588 29.2371
212.223 60.611
221.536 69.6768
193.243 56.4258
211.118 66.5282
241.117 81.0984
209.078 53.326
230.372 69.9985
162.954 16.8246
270.225 97.7714
98.4093 8.89977
277.572 113.148
142.916 38.4349
193.998 67.0628
89.1232 10.1897
132.858 30.0334
68.9657 -0.595931
268.862 108.332
146.169 50.0246
196.112 70.9954
181.632 61.374
113.388 30.916
93.6583 19.1288
107.447 23.1824
82.7148 7.84573
60.8064 -3.22999
98.5407 18.4507
66.1937 7.51529
119.128 33.8747
128.314 37.8104
158.576 53.985
121.661 40.0141
61.2393 17.2608
58.1131 11.5606
80.0831 20.6813
47.3435 1.71474
41.1428 3.34263
49.2128 8.98953
27.2972 -0.409522
70.6031 22.5412
182.464 68.8427
172.528 63.8259
79.1726 26.0195
110.717 37.0144
98.0525 31.5852
138.087 46.3071
246.539 97.8567
101.735 36.7975
11.6527 -0.983553
42.7088 13.6618
127.893 52.1182
156.214 66.7614
168.822 71.9055
251.275 110.186
63.4534 26.0972
269.447 119.174
200.084 89.8819
209.948 93.1725
150.365 71.3321
113.327 51.3989
29.681 8.97044
88.6911 39.3163
98.5 46.0286
160.158 77.6966
69.0143 32.9728
152.538 77.4183
237.046 121.893
20.3395 9.2006
89.5892 47.6082
-0.273306 -0.185046
276.997 148.589
37.3708 22.5111
168.689 92.9618
10.023 9.18016
32.0724 21.2144
160.028 91.5686
217.166 121.913
76.7825 49.6267
131.883 82.3256
210.454 126.127
41.277 33.6641
18.3659 22.1258
191.71 116.365
-3.3968 11.9035
46.1646 41.7409
-0.263805 17.1553
61.4484 50.9162
7.71654 18.0555
23.6725 26.8407
102.625 69.853
27.4418 29.7931
231.717 142.985
39.5844 40.6315
111.317 80.0835
73.2553 59.5681
133.273 92.3525
53.4035 50.8149
121.063 86.6908
152.688 102.456
137.558 93.7476
89.2609 67.583
239.17 147.584
99.7717 79.2426
220.302 141.032
137.049 99.9998
258.432 162.521
199.889 133.648
180.083 123.2
150.305 107.791
212.228 140.495
141.894 106.807
13.0022 29.6573
130.896 100.277
113.853 90.3745
42.8367 49.8032
29.588 42.5379
216.666 149.764
77.2082 73.3801
119.022 97.1618
18.9664 40.4664
206.509 146.752
83.4652 81.1359
63.7465 70.6866
30.9698 53.6118
87.2297 81.2162
0.92377 29.8681
56.7176 63.46
53.1156 63.7682
70.7543 73.0448
39.0318 57.5099
9.48607 42.1549
193.549 147.961
250.904 181.542
51.6857 68.145
100.405 96.0061
259.254 186.485
160.215 132.183
88.1779 91.8469
-3.48031 40.5973
231.52 173.976
28.5052 63.01
166.601 137.703
146.896 126.898
127.749 116.488
121.023 112.109
9.16221 52.6611
112.95 109.511
59.7977 80.7156
38.9615 69.9457
142.195 127.269
76.8682 92.1735
-0.782179 51.6208
217.541 167.593
18.7042 63.5948
86.4128 127.903
40.171 87.0211
8.46934 59.499
30.964 79.2762
22.7209 73
52.5408 100.285
10.3222 69.4976
3.63877 63.9145
33.6679 89.6758
56.0194 106.329
20.1297 83.625
72.8316 118.464
100.636 137.889
57.2059 97.6377
129.683 162.254
80.1677 117.856
73.0066 109.708
97.6595 130.835
157.268 181.705
182.032 202.326
123.559 161.047
198.682 216.095
112.26 143.108
142.019 167.479
87.8743 122.061
216.849 229.199
121.156 149.67
171.502 189.368
38.9202 81.2219
141.108 158.144
197.146 206.824
149.12 167.459
278.363 276.672
148.281 181.144
106.607 149.842
132.713 168.953
238.155 246.755
-2.23989 69.2339
50.4562 108.532
92.2068 142.387
152.781 201.14
117.934 167.051
187.288 233.497
178.804 219.057
163.281 202.729
210.151 241.107
176.311 212.97
201.483 231.362
243.815 259.867
213.017 232.107
188.299 213.607
217.979 238.369
172.711 203.067
190.24 216.795
230.023 248.766
171.195 209.147
147.593 186.506
139.586 182.05
182.077 227.714
139.267 186.703
77.481 128.142
159.464 189.522
271.733 271.831
250.216 262.824
273.685 277.884
150.789 216.294
166.842 219.024
89.3638 148.498
126.417 178.584
97.8587 151.139
62.6719 122.066
107.877 163.21
38.8636 103.811
66.326 132.375
20.0624 91.7848
6.97458 80.7464
13.3859 86.3199
108.659 170.118
-2.47452 76.3046
97.5026 160.724
36.925 110.348
26.6244 101.892
76.0368 148.208
56.1766 128.727
122.414 188.02
30.3208 117.805
18.7349 102.542
48.2957 128.752
31.3983 113.611
66.8141 143.674
39.2475 117.864
12.7483 97.276
23.5368 109.727
2.65347 93.6856
56.1901 141.542
-0.414894 96.998
78.3635 160.251
8.25947 111.322
61.0398 148.666
16.3148 120.741
-1.40498 113.229
32.862 139.383
40.0225 146.633
51.9236 157.931
22.9035 133.605
57.6748 163.703
63.7308 166.156
49.6217 151.54
27.9379 133.757
77.4293 167.403
39.1786 140.495
102.201 181.93
71.7809 160.775
92.4247 173.914
9.52109 120.675
49.8749 142.194
106.045 180.065
70.7829 153.477
40.6455 127.016
139.257 201.125
119.77 182.49
102.77 168.443
92.355 160.852
46.5717 119.759
133.892 191.97
81.6599 142.555
159.47 212.61
101.293 187.326
38.5832 159.213
71.1054 173.871
90.6966 183.707
82.1557 179.06
127.813 198.889
110.553 193.044
120.203 197.322
151.122 209.504
129.439 206.639
219.808 251.345
143.598 213.97
21.7692 151.885
229.101 258.928
273.849 286.971
251.435 280.507
257.077 281.103
167.341 230.191
179.286 239.631
202.138 252.968
106.59 200.295
140.018 216.353
88.983 191.025
68.3128 180.11
13.9285 153.076
191.123 251.498
91.5293 198.354
210.51 262.483
101.076 210.711
149.711 233.099
38.0751 168.538
50.7272 178.714
16.8924 161.174
2.28607 128.692
11.2627 140.137
17.36 139.974
31.6655 148.608
6.91033 132.603
-2.84921 118.612
0.051436 136.624
11.3794 157.115
2.66744 153.743
60.3922 183.899
-2.49253 157.713
76.2069 190.893
132.119 223.376
71.6612 190.96
62.4877 187.019
26.8596 173.449
16.4076 169.962
83.4415 198.165
119.03 218.564
13.1174 169.53
157.674 238.579
139.348 229.781
202.143 259.415
106.968 213.971
221.437 267.657
157.099 230.374
173.83 240.865
33.6644 163.882
51.4846 171.793
99.1644 196.357
226.85 268.875
119.352 207.801
220.492 263.41
186.945 241.93
242.525 272.911
239.867 278.976
62.6911 237.483
47.5996 231.074
127.031 249.853
199.575 266.084
127.902 237.878
136.506 241.336
103.929 229.148
91.4966 217.496
79.6028 208.694
116.487 230.459
172.718 252.735
149.075 243.225
127.136 232.508
111.649 220.202
190.086 257.014
183.529 253.026
90.3162 209.085
100.86 219.668
49.2619 190.354
77.9054 221.399
53.5686 201.044
83.7051 226.823
56.0902 207.487
100.219 239.94
66.4898 208.471
57.9711 197.546
71.6874 203.502
106.15 231.029
93.6106 226.444
112.834 239.988
141.732 248.179
152.204 249.242
118.673 236.146
181.477 259.157
166.405 257.512
121.353 247.182
40.3948 228.962
159.87 253.315
-1.65095 220.387
100.929 247.805
20.2051 228.702
6.21918 227.271
52.838 239.549
-0.569896 227.681
41.0281 237.476
71.2506 243.443
30.9161 232.913
78.3322 242.989
183.472 268.166
136.35 259.571
21.621 236.577
131.135 258.59
26.4057 239.423
152.532 262.666
219.073 279.983
249.719 291.039
167.562 271.42
158.669 269.31
92.4731 253.643
136.997 266.072
110.1 259.138
100.033 256.685
80.4903 253.248
120.451 262.19
177.861 276.02
61.709 252.456
7.20296 238.232
31.2577 247.529
-1.16734 250.185
57.4702 258.934
20.417 252.807
12.0343 252.02
37.2453 247.153
89.0275 261.844
139.209 281.888
102.691 271.701
31.2897 257.677
20.9775 256.868
81.5099 272.434
57.4831 267.004
38.012 263.118
23.812 269.611
6.57805 267.099
8.71585 263.709
-0.990566 262.801
-1.80273 212.925
7.51268 186.769
9.14037 203.089
11.3065 210.805
21.4037 216.668
37.4234 200.732
38.8207 220.024
47.8624 216.712
57.2524 226.529
30.9801 221.96
8.00629 219.777
89.6171 236.743
70.3725 232.72
66.1649 222.19
56.3422 223.158
48.0835 212.521
40.2003 212.639
38.6956 188.871
33.4856 193.631
36.5726 183.873
26.8483 206.7
27.4773 196.077
27.2773 179.17
21.8061 209.062
20.7821 181.93
17.0066 186.173
19.8958 198.424
6.15826 181.484
0.354569 197.613
0.582444 171.401
-2.47997 192.552
-2.23064 181.035
-3.5718 242.672
-3.57234 271.582
33.3058 269.046
63.04 276.781
38.023 268.421
53.6021 266.266
103.548 279.171
107.614 281.814
9.37833 277.069
52.5399 279.854
18.9046 279.69
-0.467924 283.189
28.6895 286.857
38.4217 286.741
26.7171 282.861
93.5967 283.842
72.8647 281.743
82.74 283.043
40.145 280.769
117.118 282.088
69.3172 268.841
50.7171 263.804
88.6641 269.143
133.066 282.81
108.51 273.7
151.95 286.237
149.702 283.397
82.5229 259.51
129.04 273.94
198.845 293.217
192.708 283.192
172.544 279.235
191.226 288.112
163.21 280.681
181.195 287.637
71.2939 256.228
123.881 269.009
48.8922 250.082
210.65 286.303
232.502 293.762
129.334 292.206
56.9149 290.598
143.203 291.436
50.9661 290.477
118.511 290.341
156.706 289.617
76.3391 289.398
111.768 288.324
13.6663 289.745
72.7351 291.103
2.39663 291.403
99.6612 291.597
171.952 293.956
86.7626 293.794
17.7482 293.969
238.527 293.987
217.584 287.248
66.8081 253.573
197.51 279.999
152.367 268.181
258.163 293.166
210.282 276.615
186.65 270.672
233.999 278.824
208.028 273.229
159.45 261.877
106.604 248.378
283.948 289.509
253.495 271.389
207.362 247.573
257.233 272.177
157.188 220.973
196.619 240.425
290.49 286.253
180.022 193.265
232.703 236.128
210.948 218.112
187.259 196.086
289.04 282.754
253.462 249.492
276.762 269.778
279.654 261.401
260.654 246.697
270.202 263.117
222.536 223.704
240.961 240.162
228.333 229.262
263.444 260.458
159.912 172.755
116.077 138.536
252.851 243.297
168.723 177.618
290.173 267.891
211.441 209.183
80.1219 110.544
241.032 229.933
51.2115 87.7373
190.042 190.11
232.69 221.288
198.501 196.221
270.003 247.251
262.109 240.792
221.55 210.698
282.026 253.818
132.035 146.008
291.153 259.2
113.847 130.215
143.261 149.45
133.471 141.838
89.4951 110.875
218.518 197.216
158.968 161.905
208.863 191.905
280.945 238.975
199.889 188.644
207.562 197.053
241.8 217.585
259.006 231.889
272.304 239.836
251.011 222.828
230.798 209.767
292.156 246.994
251.122 210.409
261.053 217.093
276.358 227.239
239.616 198.067
217.824 181.666
292.178 233.797
266.682 213.28
279.368 219.863
263.925 206.288
257.106 201.469
248.18 199.672
271.782 218.427
202.562 170.428
222.669 189.337
231.525 193.068
287.97 243.413
118.847 128.201
182.316 170.176
228.198 199.472
193.57 176.776
198.052 179.077
147.896 146.786
102.927 116.238
189.862 172.799
113.595 122.865
116.005 123.055
156.134 148.042
207.61 178.463
181.487 160.912
171.122 156.649
126.608 128.769
140.761 138.32
62.9752 90.2145
236.208 208.669
271.131 232.317
69.4233 97.2778
182.524 181.189
167.754 169.583
252.665 231.435
148.03 157.381
28.7493 70.9074
102.769 110.891
150.427 138.656
88.6865 103.488
238.027 188.923
161.402 143.565
209.581 172.37
77.2662 96.0683
169.86 147.398
53.6295 82.8804
193.557 157.38
280.938 212.552
197.81 160.039
293.696 216.36
233.522 180.986
290.774 212.13
247.652 186.853
266.656 197.024
177.912 148.513
71.4256 91.7677
283.733 202.602
213.559 162.534
238.913 176.778
142.752 122.691
287.11 202.127
180.973 140.626
237.872 172.63
110.168 99.6838
189.237 143.926
132.984 111.609
71.8138 76.9938
202.63 149.894
276.102 190.74
16.8442 46.266
99.1127 90.6152
176.108 130.679
267.982 180.586
151.011 120.395
233.07 163.188
170.754 131.204
272.771 188.148
263.611 181.671
249.447 173.949
223.142 158.637
