12.7874 -22.6681
22.4012 -37.5541
4.45928 -10.54
10.4689 -22.1644
8.51576 -17.6161
16.3915 -31.0381
14.256 -30.3404
2.38258 -6.43976
6.63169 -12.9638
-15.3601 23.4585
0.363933 -5.74899
-10.585 15.0627
17.4714 -37.826
-7.69485 7.89614
0.430458 -7.09605
18.6817 -41.2164
0.582661 -8.63883
-17.3857 23.5094
-2.54041 -2.7197
-20.7625 31.2882
-1.47297 -4.64524
-5.9648 3.24687
15.4953 -35.4691
13.3102 -31.227
-19.1395 29.0445
-17.6504 26.5827
13.2487 -30.0772
-21.3634 34.6446
-27.6065 33.366
-23.5725 32.3275
-37.2658 16.7128
-29.3914 24.2841
-40.8738 10.6287
-42.5683 -14.476
-27.7123 -1.32436
-40.2805 -12.7312
-22.9939 -3.58133
-19.7456 -6.63823
-28.2221 -9.45241
-30.1639 -9.09129
-26.2009 -5.84381
-40.6491 -13.5044
-10.46 -5.48489
-32.9504 0.795574
-33.5626 -0.678956
-35.2188 0.307524
-36.6145 -6.48653
-36.323 -4.45307
-35.9963 2.44016
-12.7716 -4.66195
-8.3774 -2.55304
-28.3476 6.11392
-13.6187 -0.0923105
-16.3971 1.88973
-27.9333 7.37123
-14.5397 1.04653
-32.4253 10.3442
-33.7748 7.00306
-24.0338 2.95263
-24.0756 1.79433
-32.4462 4.2305
-35.719 6.28726
-37.2643 -3.56377
-37.95 0.139535
-37.429 4.15926
-36.284 7.85703
-36.7029 12.2856
-27.8784 8.39751
-22.4466 5.99462
-12.2841 -0.235663
-27.801 9.70513
-19.3528 6.45983
-20.1477 8.05918
-27.7909 12.2101
-26.0384 12.153
-19.4254 8.73873
-14.3535 4.15927
-24.3274 8.30448
-8.12434 -1.86071
-23.5894 17.8709
-20.2265 15.0016
-21.5547 17.3171
-23.3153 20.0385
-26.7125 20.3082
-30.2383 16.8839
-30.3861 20.1283
-24.3409 20.4427
-23.3706 20.2303
-18.1007 12.7328
-16.088 8.97248
-1.3655 -9.95575
-9.79174 4.72515
-15.4944 14.4133
-14.6402 12.9138
-9.96597 3.22515
-15.3203 12.4052
-20.2907 22.7453
-14.4745 16.4996
-19.4006 21.4726
-12.9242 12.053
-17.8777 18.5828
19.7891 -44.9432
3.18682 -17.3602
-6.77496 -3.4853
-29.1264 -16.1144
-8.62204 -10.1333
3.46355 -35.131
-8.05445 -7.51866
5.32292 -39.2998
-0.643073 -22.7796
16.2279 -42.9163
9.36363 -30.0605
7.43484 -27.689
-2.04223 -13.6338
8.40978 -27.5715
18.0831 -43.9352
11.5366 -46.126
4.79299 -47.1256
16.2837 -43.4605
0.361239 -24.0426
6.30481 -31.8736
2.30668 -27.6619
4.35194 -32.3206
8.92325 -36.0967
5.72626 -34.429
3.01266 -31.7044
7.83575 -45.6771
-4.05974 -20.916
5.96226 -43.4949
0.0226674 -30.9017
4.89183 -45.7421
2.8509 -44.2905
2.45393 -41.2983
-0.324648 -35.7243
4.47162 -45.1497
-6.23206 -16.1858
-2.04212 -33.6506
-4.49126 -27.5503
-7.98032 -12.4911
-1.75536 -46.3802
-6.47595 -21.3446
-8.25826 -23.2362
-8.16256 -19.6076
-7.42904 -18.2615
-10.2335 -16.4565
-11.2834 -24.0191
-10.305 -29.1385
-7.15298 -34.2789
-10.8397 -28.3527
-4.69995 -43.8725
-7.92967 -29.3671
-2.88639 -49.3241
-9.0902 -33.0892
-6.10656 -45.839
-7.21607 -42.7328
-8.38887 -37.6316
-6.8973 -47.254
-9.05968 -33.3077
-9.08335 -38.9676
-10.133 -30.674
-10.8225 -32.8359
-10.9508 -42.9688
-11.5153 -12.2984
-11.3249 -21.5255
-10.5814 -17.406
-8.75833 -10.4374
-15.0742 -12.5343
-14.4949 -19.5841
-14.0032 -15.7419
-11.823 -13.3966
-13.5229 -18.7959
-13.0253 -33.8303
-14.7098 -20.4878
-14.5853 -47.8062
-15.0713 -12.8552
-27.8823 -33.9406
-21.0611 -24.75
-24.1358 -30.7533
-16.3309 -22.4825
-15.3507 -39.9394
-16.4886 -24.2785
-22.2266 -33.7245
-19.2352 -32.7435
-21.6226 -39.3254
-18.9026 -41.6851
-23.0695 -42.3656
-20.5036 -33.5415
-24.4156 -35.4397
-20.5211 -29.6281
-29.2521 -36.1813
-24.2998 -24.3921
-30.6642 -32.063
-25.8048 -24.677
-28.9933 -26.7287
-30.0469 -26.0209
-28.4055 -22.0136
-31.7509 -22.2169
-32.3902 -19.5834
-29.1303 -19.4143
-29.0441 -18.8572
-25.6304 -19.8142
-29.1747 -21.1738
-23.957 -22.5695
-18.5276 -16.8345
-24.3675 -27.7263
-16.1513 -14.3381
-32.3721 -17.3528
-22.9724 -11.9583
-34.3436 -16.7638
-13.0142 -6.72863
-35.4237 -13.9993
-33.6358 -27.4222
-34.8448 -22.6525
-34.7382 -20.9626
-37.031 -15.8219
-34.7133 -12.9089
-19.0879 -7.99463
-27.2297 -10.3511
-41.3781 -14.1814
-32.3493 -33.2513
-37.5656 -23.9713
-41.2134 -17.1323
-37.0106 -28.4506
-34.6925 -33.5063
-47.3845 -7.17638
-39.5899 -27.9907
-38.4183 -27.0746
-37.7897 -28.0263
-35.352 -33.6422
-36.3318 -31.8275
-40.2157 -28.9713
-42.5386 -25.8544
-47.8142 -13.4985
-48.5227 -11.4485
-48.5895 -7.67258
-48.2087 -10.2538
-40.453 -25.7097
-49.8021 -1.55706
-37.6836 -27.0429
-48.3823 -0.790744
-43.7932 -9.0894
-45.2977 2.4973
-43.8773 5.47176
-42.7863 -13.9256
-40.8096 11.6655
-32.9218 20.5667
-48.4016 4.92738
-40.7325 13.0545
-40.2017 13.9376
-38.5618 15.6401
-32.4215 22.3791
-30.212 26.6903
-42.3643 16.6914
-34.2315 22.5035
-47.1463 12.905
-41.1766 20.9305
-43.1338 20.57
-41.4467 20.9678
-40.6191 23.9886
-38.1999 28.395
-36.5068 29.0245
-41.2493 19.884
-44.3718 15.4024
-25.5872 30.8653
-36.1004 32.8921
-7.1648 43.2415
-13.7632 41.5511
-22.1858 41.5749
-18.2414 44.9546
-14.3392 42.0007
-6.27756 44.3593
-5.46705 44.4734
3.98967 48.2911
-12.3267 43.4756
-10.403 44.6845
-10.8135 48.0069
-10.1569 44.1534
-0.315819 47.1046
-1.99027 49.1091
-0.647607 47.7832
7.58912 49.3611
-11.2101 41.4596
-30.0463 34.7568
-0.425933 44.4498
21.2983 42.8929
-0.843343 41.3174
11.2385 43.1699
0.25045 43.8195
-32.6462 33.8804
-8.93076 38.4671
-30.974 33.012
-0.889209 38.6314
24.4439 38.8863
-1.44857 39.7204
26.3009 38.877
1.62869 38.5601
-20.2337 34.8334
-11.4251 17.1364
2.85675 -6.18064
-10.4264 16.5145
8.13048 -11.6648
-0.321436 2.57218
-9.66634 18.5036
11.0507 -15.7715
-9.78872 21.1919
-4.30898 10.6037
-13.179 26.3855
-2.72466 36.4782
-6.92466 30.9476
3.00522 37.0135
1.39621 31.3308
6.49838 37.0267
9.50795 24.3549
10.2411 32.2379
11.0181 25.829
11.6091 34.0738
11.1938 27.0392
12.1998 32.146
11.8702 22.4597
17.1962 35.6176
16.8646 22.7237
17.9805 26.6418
16.7716 20.7613
28.1877 29.3409
26.2689 29.3898
23.4763 30.0399
24.0637 32.1985
25.6149 37.6019
25.8333 37.1
28.6566 30.5928
34.8589 33.6129
37.5595 20.2654
37.5982 26.4423
39.7293 15.1183
39.9792 20.3721
41.4148 26.7565
41.6301 26.5691
45.3128 15.8573
48.5028 7.6992
41.3361 25.688
40.2712 18.4683
41.9495 13.491
46.0795 13.0692
45.0068 4.89023
45.7336 12.7594
41.9083 10.7156
41.8901 9.7125
38.5349 14.09
36.1962 26.4971
32.6841 31.4675
21.5778 24.3328
20.6991 22.8449
34.598 27.3883
35.7521 13.5272
34.7487 24.8998
30.8492 15.2855
28.9451 13.1869
29.537 18.397
31.7014 22.489
23.603 17.2884
33.4463 25.5234
27.48 22.8509
20.0004 19.7611
31.4302 25.3122
15.3398 20.0955
16.663 22.1264
16.9833 31.509
16.2503 27.9261
14.9309 28.765
9.68355 17.1237
7.94464 18.8389
6.80155 30.7358
6.14104 22.3525
5.10172 20.7869
4.11927 22.2026
5.77112 34.4956
-4.33592 23.5122
8.18971 4.10071
-1.02803 18.8403
32.7519 5.20979
4.29742 16.8295
2.81086 17.5848
35.1537 4.79366
6.62327 17.6861
46.6748 -0.139124
25.072 13.2254
11.7928 21.4813
47.7931 -0.823849
15.1055 12.262
26.92 7.05354
34.3118 3.96083
49.7111 -3.27106
36.3338 -2.89108
43.9252 -2.18542
39.3214 -0.310387
30.7465 -5.1448
32.5539 -1.65481
21.7045 -3.72456
35.3712 -0.958704
24.0531 -1.95121
22.971 -1.66965
15.6544 5.64123
15.3875 8.57095
19.4032 4.18636
24.9797 0.897975
23.8722 -1.06539
36.7218 1.34053
28.1531 -0.667469
40.9773 -0.0372048
3.62543 15.477
45.9734 -2.05138
22.7474 8.78006
-0.346614 18.5602
19.9107 -4.87374
12.0755 4.77772
28.5977 -14.1523
33.9494 -19.2189
27.5918 -9.08881
30.9153 -10.5988
34.213 -9.25958
33.9768 -10.1465
39.3402 -8.972
33.4056 -6.14792
42.715 -9.28259
45.901 -10.8714
30.6384 -10.9072
36.7477 -17.602
36.5699 -16.1024
39.6173 -15.4696
42.7324 -15.1049
44.0551 -15.1593
45.7557 -20.1522
43.1308 -19.1357
38.1067 -17.0224
35.4946 -21.3111
32.8366 -19.8662
26.4413 -22.5145
22.6893 -13.4203
26.6201 -21.4521
29.3651 -21.2613
30.3496 -18.4894
19.9829 -11.0109
16.6177 -7.31093
26.1209 -14.4176
31.5912 -18.8249
22.1724 -8.19762
11.5654 2.7659
18.3729 -3.73244
0.574418 17.4763
14.7794 -2.84244
4.95215 11.1933
6.86368 6.25741
25.69 -23.4166
41.5416 -24.138
29.8549 -23.6956
29.7001 -24.9877
35.9677 -28.9411
37.0495 -30.6726
28.1679 -25.0678
37.2645 -32.0849
32.7961 -29.0614
24.7016 -22.7912
30.9782 -33.9387
26.9799 -29.6102
27.3436 -30.6601
28.9471 -38.6497
24.8003 -32.7519
22.222 -28.9113
23.9303 -28.2598
25.1606 -30.7455
25.0037 -29.9697
27.3938 -34.819
23.3152 -21.1333
12.2662 -12.2388
21.2974 -19.337
5.72817 -4.03012
9.86026 -4.63072
7.06037 -4.79064
25.1757 -22.6585
6.67135 5.1562
3.74589 6.5814
3.60494 3.80565
2.92515 11.6747
11.5198 -2.00991
19.4535 -13.9389
-2.7214 20.9602
-5.2448 17.7042
-7.66349 25.1836
-4.27736 30.6275
-3.26901 26.3767
-1.57111 30.8488
2.02575 35.3758
-10.7066 28.1451
-11.1585 24.4471
7.75969 -9.85677
-10.7094 25.5082
-1.16861 9.15773
-3.54443 12.6332
15.6319 -24.3671
-7.51736 11.8974
