43.0851 38.6673
316.785 33.4065
83.5508 37.3476
240.467 31.4292
178.34 32.3967
260.305 30.7385
201.586 32.9022
310.742 29.5712
29.7807 33.1309
253.574 29.5286
67.123 30.5453
190.505 30.2897
9.4419 30.7267
162.424 29.8624
0.223775 30.019
217.804 28.4992
231.63 28.1271
88.5041 28.8368
302.575 27.2249
50.6384 27.9845
16.7456 27.1042
42.209 27.7069
209.058 23.8969
340.119 21.7552
268.407 22.3195
98.4811 23.4981
248.119 21.1198
62.519 23.6391
280.576 18.3884
111.176 21.4444
38.1015 21.7715
179.243 19.6821
16.2386 21.154
72.6117 22.9435
48.2461 23.5051
3.11167 21.0802
147.364 17.3111
6.6334 19.7226
121.742 17.4345
173.631 16.54
32.8911 16.4858
256.396 16.4789
186.31 17.91
88.1651 19.7126
161.852 19.8122
296.262 17.4271
220.113 18.923
323.113 17.7494
132.057 7.20913
216.256 13.9871
36.0329 1.75971
58.8609 3.82811
92.6942 6.66632
172.044 13.9515
19.209 13.917
31.9371 13.8086
81.9048 13.5949
59.5231 13.3227
101.506 13.7733
51.8655 11.5428
110 12.4322
0.315315 8.85688
137.354 13.0686
11.5377 7.28537
6.53886 3.15191
27.2713 3.55909
68.8489 7.96989
37.8791 7.85891
149.331 13.4854
18.0793 0.469797
118.328 7.0683
67.1228 2.23947
208.213 10.531
196.049 9.48829
0.479604 -2.72465
176.364 8.21731
100.768 2.66314
90.3671 1.42363
238.773 10.1169
193.816 7.10047
52.9904 -3.24488
143.195 3.3122
256.708 10.4094
119.736 0.591419
203.487 3.90448
107.224 -1.69917
83.4997 -3.29449
146.274 0.39262
216.525 1.03226
166.596 -0.673428
276.433 1.99424
212.906 -1.54153
238.078 -3.14796
311.314 -2.35107
296.608 -0.101727
251.6 -1.77103
286.36 3.02084
260.68 1.94406
188.244 0.828735
268.47 3.90731
233.669 3.20052
178.526 1.41428
247.256 7.5701
160.628 2.25028
282.692 12.1956
330.236 -3.41476
321.802 1.51112
307.697 6.57224
347.568 -1.87254
300.857 9.1182
341.977 3.73206
358.565 3.82757
382.096 0.772389
406.714 -1.66442
389.071 1.89277
367.844 3.9208
398.854 -0.472327
332.95 6.72231
389.133 6.30241
346.213 7.80164
402.902 9.33211
337.023 7.82821
411.961 12.9423
367.461 11.2139
377.798 10.7565
321.453 6.86044
286.39 11.4893
360.23 13.153
271.712 12.067
129.517 3.95385
378.65 18.7182
328.885 16.0671
232.582 10.4703
161.314 6.28689
350.516 19.3694
286.507 19.1648
306.537 18.1947
141.132 22.0633
198.418 21.0768
83.2817 23.1882
373.276 19.4935
236.872 21.6507
129.1 23.0978
402.143 20.7978
226.643 23.6749
77.3016 26.9593
110.866 27.3478
388.926 22.3575
132.839 26.3064
410.91 21.9792
119.13 27.2064
359.101 23.7496
146.331 27.1658
97.7632 27.7569
378.395 26.735
348.321 27.1877
137.418 28.4927
360.094 27.4837
62.6846 29.626
269.028 29.395
173.148 31.2305
401.682 27.9478
287.937 30.4508
206.629 33.4912
373.195 30.5224
330.865 31.2947
110.305 36.6537
277.273 33.7044
408.22 32.0289
162.089 37.8652
343.963 33.4431
136.669 37.7215
391.411 32.4008
47.1396 38.7656
201.436 41.4584
148.844 39.3697
230.995 40.6979
168.812 38.2285
190.515 37.5735
250.9 37.8862
312.2 36.3684
287.84 37.2667
326.316 37.0079
393.472 37.7918
322.131 38.6359
341.461 37.6303
209.85 38.5274
242.886 41.7396
377.311 41.216
260.931 39.9411
411.925 39.34
361.297 39.7077
283.659 40.0198
401.193 41.4297
303.695 42.7936
349.193 43.0958
371.987 43.6662
272.151 42.7488
216.497 41.9918
66.7239 39.1793
406.975 46.6539
30.4315 38.4684
123.089 41.7682
307.162 48.3907
302.244 46.8701
328.499 46.8692
400.637 49.3549
362.17 48.7888
342.605 48.1642
380.132 51.3281
371.452 51.1284
178.502 43.7663
346.912 50.9105
269.28 47.803
393.745 53.5777
127.463 42.6741
320.972 51.1932
100.99 43.2558
318.549 61.9884
271.047 57.7464
220.62 50.7921
201.058 50.9207
151.68 46.0934
183.757 47.178
251.956 51.5035
367.731 59.6509
333.474 56.4574
360.444 58.8447
292.179 52.3942
376.479 60.287
387.34 58.8879
410.569 60.8947
403.015 63.3771
282.254 53.8957
241.116 51.8135
407.287 66.0336
339.268 60.8881
302.814 57.7988
353.161 62.5929
257.221 53.859
378.994 66.4562
210.893 49.1813
287.652 57.8862
263.548 56.5954
397.759 69.6943
167.265 49.3423
307.569 62.6326
392.358 70.7953
217.525 56.1094
102.546 47.8578
329.772 71.1483
241.289 61.5411
163.382 52.8384
228.449 58.2377
293.218 66.5239
249.253 62.1152
339.273 72.1395
213.615 59.4568
308.27 69.3261
140.625 52.654
387.308 79.8831
366.469 73.6606
353.668 69.0088
412.069 76.7396
362.34 72.0236
398.524 81.3593
352.359 81.5099
329.86 87.1988
287.476 91.5916
358.4 90.3986
371.486 87.1556
387.969 86.2325
411.833 88.628
401.849 91.6151
350.662 93.6305
323.529 92.5918
336.093 92.9545
382.129 90.3704
313.365 91.3716
232.622 93.5338
252.829 92.0373
186.692 92.6279
102.761 93.0544
36.1194 93.824
68.9682 93.2213
152.582 92.7609
-3.88344 93.0315
212.129 89.8105
22.3777 92.7609
169.029 91.3397
236.026 90.9803
178.969 91.4051
88.7755 92.52
276.209 91.9555
326.943 83.7855
296.47 89.9698
371.012 78.6669
70.3066 73.5944
320.467 78.9066
149.169 76.4074
223.943 77.6838
123.15 76.8281
300.36 80.2416
210.912 80.6272
231.432 79.381
166.469 77.9146
83.3771 77.6012
23.156 78.2198
312.838 83.0707
133.313 88.2262
159.207 88.6616
257.216 87.0382
272.785 87.3676
203.109 88.1306
221.635 87.6607
53.5919 90.8735
266.605 83.5522
12.1957 90.9837
276.051 83.2745
198.63 81.6072
286.096 82.6864
107.855 79.7513
71.6732 79.9209
188.381 83.6525
39.7259 79.2057
141.717 83.4291
58.6661 80.587
99.0467 83.4231
143.449 86.8119
26.5655 80.692
119.853 87.2569
29.1699 87.522
108.596 87.0458
50.7422 83.4638
81.7175 87.0981
61.0709 86.2795
-0.773801 77.6182
9.10822 77.7285
128.341 77.046
89.2999 76.105
161.528 76.6868
12.1429 73.6467
242.557 77.5553
0.954003 72.6402
177.377 76.1102
19.7859 72.5976
258.914 76.5905
37.0359 72.0698
27.7824 71.6333
106.429 61.3159
76.9843 63.2035
90.7361 58.6107
17.0867 58.4208
37.8645 61.7631
32.8877 62.5076
9.37941 62.9969
-1.74215 57.76
66.922 58.3339
46.7386 57.5808
62.2278 57.9031
10.6809 53.5726
121.935 59.4272
1.23732 50.7705
100.02 57.6402
20.3509 49.0111
47.7724 48.1471
36.0589 46.4758
10.6968 42.4296
66.4348 49.3358
76.9066 49.6333
28.5045 48.8428
57.5286 52.0167
132.354 60.2599
88.6549 66.0062
152.767 60.1456
122.475 68.0948
156.966 66.9452
161.073 63.3054
170.968 61.7771
177.1 66.7331
231.853 66.2577
173.651 67.3853
241.628 68.6199
257.095 69.72
207.105 68.4089
219.774 69.666
203.265 68.5124
152.233 67.3889
143.037 69.0076
250.37 72.6879
187.517 71.888
128.839 69.3668
109.652 67.8654
139.693 62.2221
78.4029 68.6186
98.6029 66.201
49.7097 69.9065
61.2668 72.2524
342.94 77.5936
252.096 76.0324
376.943 78.7696
270.655 67.3033
276.905 68.5416
358.009 77.4677
89.1974 49.5584
301.799 71.4202
197.6 59.4141
131.35 51.6499
193.762 57.8307
183.523 56.3845
317.426 69.9049
20.9487 39.5392
59.4138 41.0833
118.711 48.9087
187.461 53.874
110.663 47.4161
276.981 60.5906
88.5651 42.1447
227.026 47.5894
2.59726 37.2213
