2.12431 10.3314
24.7435 24.1293
19.0564 20.3863
15.5925 17.3594
18.1518 19.1739
12.7904 14.813
8.32604 13.1737
10.3566 12.4586
19.0691 14.4463
24.4129 15.8986
16.6804 14.0397
21.7471 15.62
56.3133 25.7867
22.1562 14.645
34.3988 18.5325
22.1345 14.2093
37.8444 19.4113
46.1458 22.2766
49.1824 23.3008
39.734 19.6337
73.0047 26.7036
73.7343 24.9976
70.2346 24.7695
68.5682 25.4018
70.18 25.842
66.8798 25.2814
65.8477 24.285
56.7257 22.7812
50.6078 21.4748
62.5082 23.7268
66.1354 24.1923
34.1301 17.1755
32.4057 16.6557
55.9171 21.6917
45.5942 19.1455
68.9958 24.831
57.5292 21.099
68.5559 24.6855
67.9224 23.8633
69.9342 24.29
53.7799 19.6137
39.4249 17.3191
46.208 18.3718
34.1615 16.1061
56.3282 20.0568
55.0102 19.4243
64.8426 21.64
64.4839 22.4186
58.7784 20.6592
55.953 20.1284
72.0581 24.8543
83.3941 24.8921
79.9375 24.453
72.2871 24.2142
81.7341 24.4967
71.9205 22.1562
88.86 26.0513
88.587 25.427
93.71 26.126
97.8738 26.7362
87.3634 26.1602
88.5271 26.0501
85.2637 25.2973
77.3543 25.2579
96.5387 27.9666
82.7052 27.2849
80.24 27.497
83.8283 27.7191
85.5511 28.0279
92.1503 28.7418
82.3594 28.0251
86.9774 28.8955
91.1375 29.7841
87.3951 29.4861
87.2484 28.9969
77.1926 27.2
77.9857 27.006
83.2838 27.1771
95.2978 27.904
90.7036 27.4124
85.2126 26.5389
95.2199 27.8013
75.4972 24.9961
72.9183 26.7796
84.1281 29.2758
56.2372 23.3443
66.7966 25.7959
82.7895 29.5125
46.1465 21.097
73.909 27.7091
62.7804 25.111
69.2471 27.139
63.6869 25.4159
51.5587 22.4907
48.7606 22.0435
70.0478 27.998
66.6196 27.0034
75.0632 29.4036
49.9886 22.4987
60.8628 26.0358
70.9171 29.1913
61.6853 26.3662
63.8584 27.3113
62.4735 26.871
60.9239 26.1081
41.2824 19.9635
60.3283 27.2516
69.5456 29.8936
66.1379 29.0699
42.1609 21.8523
47.1042 23.1627
27.455 17.4606
66.3183 29.4145
53.0773 25.4383
49.5082 24.3556
22.3099 16.1309
35.9564 20.3567
66.0811 29.6953
12.0411 12.9814
12.5853 14.556
23.8285 23.4034
30.8921 27.381
18.702 17.8439
27.8783 24.9192
17.2552 15.9824
25.884 21.9912
33.0736 25.2823
20.4554 16.4097
26.271 20.4701
21.0508 16.4775
22.5852 17.0117
30.8458 23.6776
30.2989 22.3814
25.4566 17.4957
29.9575 21.753
32.3555 20.6231
35.9966 20.859
43.4039 23.1927
36.3392 21.2374
34.1293 22.0949
30.8357 23.286
44.153 27.5576
50.7262 27.6554
46.562 27.3518
45.3525 26.8546
46.8988 27.1816
60.2145 28.5972
43.7143 25.9567
45.7489 25.221
45.5688 24.5816
43.2122 24.5191
35.3889 23.7112
47.6999 24.5819
44.1025 25.8169
53.4145 27.0152
47.9402 25.6268
56.5113 27.071
57.8788 27.6906
49.8668 26.7607
61.4277 28.7963
62.4967 29.2562
48.642 27.9572
57.6142 29.3462
49.3253 28.246
60.9737 29.954
42.4243 27.3397
35.0405 25.1025
40.2452 28.0881
56.1899 29.6333
49.7876 29.0711
52.9152 29.5438
40.6238 28.3467
42.0888 28.6828
37.9508 27.8449
37.2229 27.5964
26.9539 22.5669
32.5842 25.8004
29.2899 24.2382
26.4109 22.2412
27.336 23.7826
21.7961 19.5555
23.9433 21.5191
33.5841 29.1677
27.5669 26.095
19.9689 21.2222
10.2417 15.5807
30.7108 28.9429
22.6923 27.6355
28.128 27.6161
26.977 26.8874
25.5437 25.6311
15.2499 20.3402
23.5519 25.1701
18.0821 22.1872
24.4515 26.2188
14.3611 19.8721
22.4091 25.1948
25.4512 27.1665
18.0465 22.4136
21.9625 25.919
15.8883 21.9644
22.283 28.4364
18.328 25.4171
20.1669 27.3194
21.2092 28.1223
18.3837 26.3086
17.219 25.2375
7.35164 26.3535
5.47819 27.9405
4.38242 28.7181
14.4886 27.3444
11.1402 29.3006
10.7734 29.1215
10.0123 28.1631
2.21383 29.308
4.49136 27.7785
1.67335 26.219
2.39217 26.0765
3.1504 26.8163
10.3411 25.7758
1.95176 24.914
7.84371 25.5021
2.77469 24.5975
6.42571 21.9199
0.509528 23.7279
0.785944 29.872
0.344048 26.164
0.186529 18.5044
0.841907 17.1259
1.03322 20.1012
0.856914 23.5218
1.8866 23.292
0.93338 22.9607
3.60259 21.2892
2.35767 17.7419
4.47277 21.5897
2.79448 22.0301
8.20534 21.4431
8.83182 23.2352
8.12077 21.7677
2.96567 24.4982
4.89409 24.5576
3.34961 24.5967
9.91223 25.7143
16.1108 25.3408
6.88509 23.3604
15.1567 25.1188
12.5476 23.6294
0.351844 15.1601
7.13664 19.5212
3.34896 15.9136
6.35264 18.7577
10.564 21.5127
14.9396 22.967
10.0598 21.4309
13.9287 24.2889
14.2932 23.7549
18.6066 24.9983
12.7782 19.0194
17.4837 21.3432
8.44029 16.4862
22.2573 23.857
13.2724 18.5282
13.1707 18.7738
6.77808 14.4065
0.292755 11.8143
1.95498 12.1509
7.97076 14.9188
8.13514 14.6618
8.7052 15.6988
13.9181 18.3256
13.4518 18.3554
23.3955 24.3847
1.98049 10.3073
69.0806 21.3311
57.0884 19.222
70.9884 21.4792
29.3254 14.5432
48.1174 17.6585
14.0311 11.9439
38.4069 16.2209
17.0371 12.649
31.5913 15.056
7.0572 10.7665
74.4007 22.0409
32.8928 14.4424
6.02614 10.2785
25.8575 13.5236
3.48043 9.86203
31.5308 14.6623
49.3388 17.6104
49.741 17.703
19.4514 12.7339
8.40617 10.8278
4.28693 10.0333
1.96138 9.61175
7.49095 10.1508
6.50902 9.95971
16.0432 11.4646
1.82141 8.71574
22.9894 12.676
25.7054 12.2818
34.3715 11.9721
15.7315 10.7672
16.4158 10.417
30.2661 11.5
1.30877 8.30271
24.5745 10.7635
7.02785 8.63015
14.3652 9.54661
1.36591 7.93754
34.7679 12.0036
25.3171 12.5806
29.407 12.4121
32.3189 13.0562
38.4978 11.559
28.7261 10.637
23.9155 9.96374
33.9539 11.0122
9.00169 7.98488
4.71199 7.27839
19.8845 9.18195
32.2204 10.5491
15.1644 8.67677
38.6595 11.5323
25.0497 6.93017
33.5197 10.1194
26.6006 8.38821
17.3137 5.97238
19.1187 6.75687
25.4278 8.42545
17.4812 6.61582
23.5769 8.92218
13.9352 7.57752
13.0145 7.41706
14.8558 7.28225
22.431 8.653
14.0282 5.40505
17.3325 6.548
16.9456 5.59104
2.43374 3.30653
2.1213 6.12002
4.18991 4.27892
5.59198 4.36297
6.32421 5.45536
4.46168 4.55002
3.02688 6.57085
1.95568 6.27053
0.302374 4.69804
2.16769 5.3752
1.80967 2.91699
9.52913 2.03618
9.08049 2.50156
4.18849 3.58163
18.3279 5.75008
11.6417 3.85669
8.44291 2.92788
20.4175 6.1536
21.4569 6.58501
17.3605 5.86539
31.9049 9.69038
12.3311 1.91091
23.8271 6.45474
19.2737 4.40141
19.7685 4.42327
25.9032 6.87709
27.9205 7.73506
26.2928 7.24162
40.5708 12.1239
39.9329 12.7227
35.9993 13.005
44.2666 15.9954
36.1361 13.0684
27.5092 13.1022
26.3224 12.8807
27.3811 12.7012
21.952 12.7425
65.1504 19.3141
51.265 14.221
36.1607 9.25887
46.2868 13.0303
46.7396 13.3277
45.2266 13.3734
41.3579 11.6271
41.5564 11.638
21.492 4.31599
46.3497 14.1001
12.0745 0.88924
34.4262 9.4551
14.5547 1.60026
14.1686 1.0308
24.8694 5.26853
39.2502 9.95486
30.1623 7.09481
55.5667 15.6419
29.4996 5.92538
17.0966 1.58614
32.6514 6.95465
45.8738 8.60281
43.3128 8.06929
54.7598 8.25195
40.4089 6.6621
44.1818 7.53728
34.6228 5.88503
57.3431 8.49012
44.1129 8.08913
49.0758 8.58622
56.7188 9.57063
45.5798 8.37039
53.2983 9.68461
38.4771 8.31708
44.2653 8.64977
52.1128 9.54128
32.1738 6.89679
46.2465 12.1374
54.5578 15.0706
49.1764 12.8542
61.6324 17.2567
56.1123 14.6268
53.7065 13.3987
53.496 13.9633
46.5274 10.4535
41.5789 9.38993
42.7422 9.08641
51.6011 10.0618
43.8878 9.26929
50.981 12.262
48.863 10.1534
52.7707 13.3613
54.4294 10.4452
53.693 13.2991
61.7606 14.6056
63.8866 13.8837
56.6372 13.1402
56.6397 12.1968
57.0595 10.8146
60.6263 12.2364
58.3379 13.0152
65.6685 13.8102
61.3455 14.9484
66.4033 15.2211
65.2294 15.6627
62.4298 15.3876
64.9801 16.8703
70.8197 17.5892
66.9274 17.3021
66.3731 17.6643
64.3107 16.4975
65.661 17.9055
63.4738 16.4662
62.3939 15.6548
60.5695 14.6199
58.9308 15.6588
57.2766 14.5755
60.7266 14.4546
54.0285 13.3608
64.3623 18.6516
49.5795 13.3289
60.2827 17.34
64.6959 19.1369
76.3695 19.1731
75.9741 19.7539
80.5799 22.5827
75.7862 19.8506
75.7195 19.1886
68.8728 19.2609
68.3939 19.4904
77.1941 20.7915
63.4649 19.1276
74.5024 20.9066
75.2035 21.0486
65.5071 19.672
73.7348 21.2276
61.9796 19.1471
65.4821 19.4691
55.3373 17.8445
35.9347 14.9057
78.1716 22.4254
63.0617 19.745
53.686 18.1344
75.5166 22.2464
85.2659 23.373
88.272 24.1577
55.0957 7.13129
40.0592 1.65952
47.6838 4.81912
40.3941 5.16442
46.4857 4.73863
38.2992 1.50109
40.0841 3.79819
37.1614 2.24778
37.471 3.79307
41.2544 5.68185
44.493 5.68057
47.8628 5.77119
49.1358 6.45246
39.4952 5.87097
48.9113 7.15822
28.6614 4.83903
37.7192 5.5047
36.6623 4.35203
35.9 2.34194
27.5071 4.36171
33.4 2.70954
36.6818 1.9065
25.7813 3.73423
37.2573 1.67834
31.5884 2.28973
34.1502 1.96106
24.6302 2.23321
30.4148 1.84239
35.2528 1.76015
36.874 1.08161
29.9284 0.842183
29.5025 0.331161
33.4859 0.356589
37.4853 1.11907
40.2929 2.12212
36.1357 0.221216
43.8416 2.8576
49.7446 4.92019
48.5731 3.74211
53.4557 6.14199
68.744 14.0355
42.7431 0.548957
61.7869 9.69751
49.5994 2.8275
47.6462 2.50932
45.7277 1.51405
43.7897 0.682942
44.1601 0.58648
45.0233 1.12877
48.2997 2.508
46.027 0.77449
55.8685 6.19849
51.3283 3.60468
53.1751 4.5604
59.6042 8.11702
64.5533 11.2165
53.0925 5.61991
62.4548 10.7236
75.6234 17.1545
50.0179 1.99648
65.2184 10.9598
61.4526 8.32415
53.1765 3.4196
52.951 0.330983
55.5288 1.11781
87.368 3.12877
74.3235 1.92717
80.4896 2.63791
61.8363 0.71998
64.7164 0.385976
66.4385 0.701354
88.7107 1.32174
93.3718 0.805519
82.7373 0.827689
78.6684 0.817087
72.938 0.749313
86.9813 0.506534
81.5775 0.1587
92.9374 0.192801
91.1314 0.287882
95.271 0.702577
92.8062 0.882874
94.2231 1.22319
94.5223 1.70011
91.9995 1.158
87.0109 1.47399
92.8443 1.82155
80.5676 1.24452
80.1912 1.55042
79.5749 1.11494
64.1081 0.64245
76.6552 1.91225
92.7888 3.15424
69.4389 1.39175
90.5002 3.41068
60.006 1.44564
88.6895 3.3576
69.1194 2.16587
93.1104 3.82421
60.4838 2.00426
79.5857 2.95334
53.1741 0.99624
65.8397 7.31064
63.9341 6.01415
69.399 8.08697
69.9782 5.24742
68.5048 6.54495
63.5064 4.53375
65.1464 4.78057
67.9182 5.85465
66.047 3.64601
68.359 4.32596
67.4951 5.26058
71.7002 4.92609
72.5134 8.71579
71.4031 6.0966
70.7133 8.81367
76.6585 9.46231
76.8528 7.89598
75.8127 6.89801
78.9675 9.2293
74.542 4.7467
73.6715 7.2818
74.4095 4.33007
79.4007 8.08673
77.953 5.19485
77.7928 4.84979
78.8603 3.67987
63.4938 3.25675
80.1795 3.70684
80.3844 6.35403
82.3943 3.75623
84.4047 5.26579
91.7188 4.20167
62.3988 2.32132
92.6758 4.2037
94.9144 4.78662
90.8431 5.77085
91.4556 5.43167
90.7075 4.51537
85.6907 5.10875
83.2939 5.7248
82.0843 5.34354
79.4993 7.19852
89.3896 6.35777
87.5723 6.78185
84.7878 7.03216
81.1673 7.25135
84.3846 7.83368
86.4667 8.31695
79.773 7.25854
80.9354 9.14701
82.0427 9.43329
83.7338 9.54608
82.3847 9.53395
79.7259 8.88125
76.8338 6.66033
79.7457 10.0194
87.0749 10.1283
84.5253 11.7985
83.9387 11.9221
82.6222 12.0833
85.7466 10.6899
80.8852 11.1818
79.7596 12.6391
78.9687 12.6546
79.6872 11.5472
76.9536 11.4545
82.0817 10.9594
79.3348 10.9138
85.0709 10.5747
76.9234 10.0863
79.2556 10.05
74.2878 9.34823
69.0399 9.02125
56.7818 2.87003
68.727 10.1205
78.952 13.7167
72.2333 10.9329
78.0488 13.2191
70.4409 10.0028
80.0019 14.0322
77.2586 13.9742
75.8942 12.9214
69.8209 10.5484
74.3312 13.2532
72.5587 12.3507
75.9114 14.5751
59.6476 4.61966
55.4655 2.30532
68.2261 10.0832
74.8887 14.2922
55.6014 2.47026
67.0067 9.64279
61.8158 7.17384
73.092 14.3432
86.2877 22.296
73.6284 14.8077
62.9325 8.10712
61.477 6.9093
64.6295 8.16632
54.0421 1.69611
56.1817 5.05448
63.8364 9.78508
55.9298 4.60296
67.7351 12.3067
79.7563 19.5497
72.7528 16.0553
87.8204 23.923
94.7644 24.5788
91.0228 23.7577
94.1031 11.4324
91.5375 22.1355
96.9792 5.42489
95.5691 12.5286
98.033 4.43003
84.7878 15.9342
90.2053 11.2279
84.4592 15.9734
83.6296 17.3562
94.0666 9.02384
96.256 6.14414
91.4955 14.0335
91.6025 17.8583
91.2465 17.8388
91.0301 15.1251
88.4839 21.0613
87.7753 18.8392
89.0911 18.608
90.2059 16.0431
89.149 19.0405
93.1404 9.91404
88.119 14.6082
91.5943 12.8925
82.9396 19.8785
89.982 14.0727
86.5826 15.83
81.9332 18.8577
85.1695 16.7037
80.5946 18.7074
85.0967 15.3556
93.7082 8.13927
80.1169 15.7663
82.0426 15.3094
78.291 16.3583
92.4128 8.83013
98.8834 3.00073
94.8598 15.521
99.5489 2.34591
96.5075 11.018
97.6191 10.234
99.4596 9.49007
99.7251 10.9899
99.6603 12.1604
98.9941 10.8429
97.563 12.7078
99.313 18.7747
97.0687 12.7594
96.0676 15.4241
94.8578 20.5776
96.5615 18.3608
96.4222 20.7927
97.4894 20.3496
98.0143 21.3249
96.24 22.9669
99.0497 23.0789
95.7621 23.1685
95.534 22.8071
95.6625 22.0021
94.0126 22.1752
96.5823 12.7304
94.5289 16.4257
93.6827 21.3067
93.8118 16.9817
96.048 8.91959
91.0566 23.6271
98.7841 25.0968
89.695 24.1513
93.0947 24.6434
99.3883 25.848
96.8401 25.549
80.6644 23.066
78.1305 22.665
99.984 26.2579
5.86291 11.2793
65.5265 20.764
28.8799 14.7969
