71.9177 80.194
70.8153 26.635
66.4134 41.4054
62.3219 0.0422552
58.2051 7.53694
60.2755 91.6654
56.8118 27.8336
52.7994 27.1805
53.4614 -3.87737
50.7973 88.4923
48.5341 112.928
51.4468 18.404
48.2975 13.7274
50.7462 37.8552
46.2943 59.6926
42.8709 39.1987
42.4855 78.2132
40.3995 88.0485
39.8638 56.8922
42.1572 -0.50061
33.6611 26.2514
30.1339 56.0189
30.257 109.531
28.9539 81.118
30.6455 2.95088
26.101 17.2993
20.3171 97.0134
19.778 27.3405
20.9335 17.5018
21.1816 13.6958
17.7712 2.09755
17.9986 42.7541
12.7428 57.045
12.3159 98.3019
10.4075 82.062
9.28812 2.65851
3.61442 30.3123
0.0238074 51.4182
2.26092 -0.367063
-0.632553 12.4656
-0.86771 96.0665
-1.75793 21.4301
-2.72791 40.5521
-1.38118 57.1183
-1.21185 93.3654
-2.46686 143.964
-1.13439 111.578
-0.243948 79.1208
2.67787 120.237
3.36021 126.67
-0.0830424 66.5004
8.8987 11.2682
7.78046 33.4283
9.35685 23.1054
6.99735 108.32
9.0775 41.0475
8.62613 141.475
8.94909 90.0908
9.59139 51.0844
10.6084 121.431
12.9659 133.429
13.9535 69.3459
19.6274 47.9764
19.7236 128.015
17.8698 108.997
17.7989 67.3279
17.4088 116.302
19.819 136.45
20.8034 91.3867
22.3977 83.5553
23.2755 57.9132
28.8072 9.08048
28.8707 68.5998
29.0315 102.464
30.1829 127.661
31.858 52.2638
32.9761 90.3265
32.6919 123.655
33.7733 139.505
32.9324 39.4366
36.1963 20.5465
37.5362 117.157
37.7021 98.5767
37.925 26.0324
41.4029 13.5417
38.5568 72.083
41.3937 107.371
40.0377 143.842
43.532 53.0682
48.7822 72.7234
43.5527 126.359
47.2388 102.31
47.0151 140.651
52.5241 82.3168
50.5186 123.187
52.2617 133.208
53.1567 47.708
56.8824 72.8036
57.4984 127.864
56.274 123.796
58.4886 142.146
57.3575 83.5395
56.3227 41.4354
60.9203 108.665
67.5629 117
62.0093 101.242
59.5429 49.7919
62.1496 22.1805
63.5267 62.5169
69.8183 50.0281
70.4513 108.171
70.9723 103.758
72.5831 86.2516
72.8096 141.391
76.4256 76.6142
76.1485 133.771
76.7101 59.4087
77.7017 106.601
79.583 140.359
77.5962 87.1088
81.3343 119.798
81.6922 39.9229
86.3913 87.1022
87.3766 56.7725
87.4196 96.841
87.6731 41.8962
89.564 132.694
90.9329 141.879
90.3279 116.311
93.7816 73.6152
97.9649 123.715
100.288 136.341
98.7991 72.6424
103.048 129.99
100.965 97.7663
102.545 41.2434
103.908 91.3985
103.099 59.101
103.626 50.8048
106.172 102.855
107.133 10.6952
107.313 122.345
108.703 56.0731
110.306 50.7031
110.309 133.432
111.016 107.399
111.049 38.4691
113.468 141.598
118.356 28.0196
119.547 42.0752
119.425 60.9134
120.206 117.237
117.642 103.084
121.254 129.839
122.227 52.5897
123.118 91.5517
122.892 142.275
126.226 82.9332
128.165 71.2747
127.883 142.889
130.053 29.9467
131.384 130.585
133.397 102.211
136.066 48.6113
137.29 70.4032
136.862 142.935
137.634 60.3228
137.878 90.4868
139.056 130.971
142.308 27.1169
141.606 108.888
143.268 -3.24611
139.123 117.428
139.174 78.3033
141.49 18.2552
140.225 42.9269
138.353 98.438
136.821 11.5392
132.551 109.639
132.905 89.2314
131.868 122.902
131.094 51.0684
130.972 7.65448
130.874 62.4586
130.067 18.2584
126.935 -2.30255
129.734 43.7346
123.654 108.838
121.357 3.88376
121.577 72.9189
119.861 83.0057
119.704 23.5319
118.594 12.139
113.059 92.1639
110.822 20.8128
107.258 78.7091
107.918 27.5522
107.197 -1.15525
106.274 73.8399
101.943 20.9149
100.122 78.2976
98.2091 33.591
99.8518 -0.187218
98.2169 6.69888
97.9485 107.055
92.4557 12.4507
90.0541 17.7908
86.8064 -2.92232
93.9984 49.491
89.1675 108.623
87.453 27.592
86.5649 80.4336
82.7561 20.8739
80.2246 29.8646
81.2564 73.7667
79.274 98.3425
76.2478 47.8924
73.5605 126.831
72.758 67.521
73.8289 62.0452
73.2257 21.2467
80.8835 -3.33719
76.7125 6.14617
69.5932 -3.10065
72.7428 7.35129
