203.109 88.1306
201.058 50.9207
198.63 81.6072
193.762 57.8307
187.461 53.874
188.381 83.6525
183.757 47.178
186.692 92.6279
183.523 56.3845
179.243 19.6821
178.502 43.7663
178.969 91.4051
178.34 32.3967
177.377 76.1102
173.651 67.3853
169.029 91.3397
173.631 16.54
167.265 49.3423
162.424 29.8624
161.073 63.3054
163.382 52.8384
161.528 76.6868
166.469 77.9146
159.207 88.6616
162.089 37.8652
152.582 92.7609
148.844 39.3697
149.169 76.4074
147.364 17.3111
143.449 86.8119
141.717 83.4291
136.669 37.7215
133.313 88.2262
102.761 93.0544
119.853 87.2569
122.475 68.0948
118.711 48.9087
118.328 7.0683
110.866 27.3478
110.663 47.4161
109.652 67.8654
108.596 87.0458
100.99 43.2558
99.0467 83.4231
98.6029 66.201
97.7632 27.7569
89.2999 76.105
88.7755 92.52
88.6549 66.0062
89.1974 49.5584
83.5508 37.3476
83.3771 77.6012
81.7175 87.0981
76.9843 63.2035
68.9682 93.2213
70.3066 73.5944
66.7239 39.1793
66.922 58.3339
62.2278 57.9031
61.0709 86.2795
58.6661 80.587
53.5919 90.8735
61.2668 72.2524
62.6846 29.626
57.5286 52.0167
50.6384 27.9845
50.7422 83.4638
46.7386 57.5808
43.0851 38.6673
39.7259 79.2057
42.209 27.7069
38.1015 21.7715
37.8645 61.7631
36.1194 93.824
36.0589 46.4758
32.8911 16.4858
27.7824 71.6333
32.8877 62.5076
29.1699 87.522
22.3777 92.7609
17.0867 58.4208
19.7859 72.5976
23.156 78.2198
16.7456 27.1042
12.1957 90.9837
9.37941 62.9969
9.10822 77.7285
9.4419 30.7267
6.6334 19.7226
2.59726 37.2213
0.954003 72.6402
0.223775 30.019
-0.773801 77.6182
0.315315 8.85688
-1.74215 57.76
-3.88344 93.0315
0.479604 -2.72465
1.23732 50.7705
3.11167 21.0802
6.53886 3.15191
10.6968 42.4296
11.5377 7.28537
10.6809 53.5726
12.1429 73.6467
16.2386 21.154
20.3509 49.0111
18.0793 0.469797
19.209 13.917
20.9487 39.5392
26.5655 80.692
30.4315 38.4684
28.5045 48.8428
27.2713 3.55909
29.7807 33.1309
31.9371 13.8086
36.0329 1.75971
37.0359 72.0698
37.8791 7.85891
47.7724 48.1471
47.1396 38.7656
49.7097 69.9065
48.2461 23.5051
52.9904 -3.24488
51.8655 11.5428
59.4138 41.0833
58.8609 3.82811
59.5231 13.3227
62.519 23.6391
66.4348 49.3358
67.1228 2.23947
68.8489 7.96989
67.123 30.5453
71.6732 79.9209
76.9066 49.6333
77.3016 26.9593
78.4029 68.6186
83.2817 23.1882
72.6117 22.9435
81.9048 13.5949
88.5041 28.8368
83.4997 -3.29449
88.1651 19.7126
90.3671 1.42363
88.5651 42.1447
90.7361 58.6107
98.4811 23.4981
100.02 57.6402
100.768 2.66314
92.6942 6.66632
107.224 -1.69917
101.506 13.7733
102.546 47.8578
106.429 61.3159
107.855 79.7513
110.305 36.6537
110 12.4322
111.176 21.4444
119.736 0.591419
119.13 27.2064
121.935 59.4272
121.742 17.4345
123.089 41.7682
123.15 76.8281
128.341 77.046
129.1 23.0978
127.463 42.6741
129.517 3.95385
128.839 69.3668
131.35 51.6499
132.057 7.20913
132.839 26.3064
132.354 60.2599
137.418 28.4927
137.354 13.0686
139.693 62.2221
141.132 22.0633
143.195 3.3122
140.625 52.654
143.037 69.0076
146.331 27.1658
146.274 0.39262
152.233 67.3889
151.68 46.0934
149.331 13.4854
152.767 60.1456
156.966 66.9452
161.852 19.8122
160.628 2.25028
166.596 -0.673428
161.314 6.28689
168.812 38.2285
172.044 13.9515
176.364 8.21731
173.148 31.2305
170.968 61.7771
177.1 66.7331
178.526 1.41428
187.517 71.888
186.31 17.91
190.505 30.2897
193.816 7.10047
188.244 0.828735
203.487 3.90448
212.906 -1.54153
196.049 9.48829
190.515 37.5735
197.6 59.4141
201.436 41.4584
198.418 21.0768
201.586 32.9022
203.265 68.5124
208.213 10.531
210.893 49.1813
213.615 59.4568
216.525 1.03226
220.113 18.923
226.643 23.6749
217.804 28.4992
220.62 50.7921
219.774 69.666
223.943 77.6838
231.63 28.1271
227.026 47.5894
233.669 3.20052
238.078 -3.14796
241.116 51.8135
240.467 31.4292
249.253 62.1152
247.256 7.5701
250.9 37.8862
251.6 -1.77103
253.574 29.5286
251.956 51.5035
248.119 21.1198
250.37 72.6879
252.096 76.0324
256.708 10.4094
257.221 53.859
260.68 1.94406
260.305 30.7385
263.548 56.5954
268.47 3.90731
271.047 57.7464
271.712 12.067
276.051 83.2745
276.981 60.5906
276.433 1.99424
282.692 12.1956
286.36 3.02084
286.507 19.1648
292.179 52.3942
296.608 -0.101727
306.537 18.1947
300.857 9.1182
307.569 62.6326
307.162 48.3907
307.697 6.57224
308.27 69.3261
303.695 42.7936
302.814 57.7988
301.799 71.4202
312.838 83.0707
310.742 29.5712
318.549 61.9884
316.785 33.4065
311.314 -2.35107
320.972 51.1932
322.131 38.6359
321.453 6.86044
321.802 1.51112
323.113 17.7494
320.467 78.9066
330.236 -3.41476
330.865 31.2947
339.268 60.8881
340.119 21.7552
342.605 48.1642
346.213 7.80164
341.977 3.73206
337.023 7.82821
332.95 6.72231
347.568 -1.87254
350.516 19.3694
353.161 62.5929
358.009 77.4677
358.565 3.82757
360.23 13.153
361.297 39.7077
367.844 3.9208
371.452 51.1284
373.276 19.4935
376.479 60.287
377.798 10.7565
378.65 18.7182
382.096 0.772389
378.395 26.735
380.132 51.3281
387.34 58.8879
389.071 1.89277
397.759 69.6943
400.637 49.3549
398.854 -0.472327
402.902 9.33211
402.143 20.7978
406.975 46.6539
406.714 -1.66442
410.569 60.8947
411.925 39.34
410.91 21.9792
411.961 12.9423
412.069 76.7396
411.833 88.628
408.22 32.0289
407.287 66.0336
401.682 27.9478
403.015 63.3771
401.849 91.6151
401.193 41.4297
398.524 81.3593
393.472 37.7918
389.133 6.30241
393.745 53.5777
391.411 32.4008
388.926 22.3575
387.308 79.8831
392.358 70.7953
387.969 86.2325
377.311 41.216
382.129 90.3704
378.994 66.4562
376.943 78.7696
373.195 30.5224
371.987 43.6662
371.486 87.1556
366.469 73.6606
367.731 59.6509
371.012 78.6669
367.461 11.2139
362.17 48.7888
362.34 72.0236
360.094 27.4837
360.444 58.8447
359.101 23.7496
358.4 90.3986
353.668 69.0088
348.321 27.1877
352.359 81.5099
349.193 43.0958
346.912 50.9105
350.662 93.6305
343.963 33.4431
342.94 77.5936
341.461 37.6303
339.273 72.1395
333.474 56.4574
336.093 92.9545
328.885 16.0671
329.772 71.1483
329.86 87.1988
328.499 46.8692
326.943 83.7855
326.316 37.0079
323.529 92.5918
317.426 69.9049
312.2 36.3684
313.365 91.3716
300.36 80.2416
302.244 46.8701
302.575 27.2249
296.262 17.4271
293.218 66.5239
296.47 89.9698
287.84 37.2667
287.476 91.5916
287.652 57.8862
286.096 82.6864
287.937 30.4508
283.659 40.0198
282.254 53.8957
286.39 11.4893
280.576 18.3884
277.273 33.7044
276.905 68.5416
276.209 91.9555
272.151 42.7488
272.785 87.3676
269.028 29.395
270.655 67.3033
269.28 47.803
268.407 22.3195
266.605 83.5522
260.931 39.9411
257.095 69.72
258.914 76.5905
257.216 87.0382
256.396 16.4789
252.829 92.0373
242.886 41.7396
241.289 61.5411
242.557 77.5553
236.026 90.9803
241.628 68.6199
238.773 10.1169
236.872 21.6507
232.582 10.4703
231.853 66.2577
232.622 93.5338
231.432 79.381
230.995 40.6979
228.449 58.2377
221.635 87.6607
217.525 56.1094
216.497 41.9918
216.256 13.9871
212.129 89.8105
209.85 38.5274
210.912 80.6272
209.058 23.8969
207.105 68.4089
206.629 33.4912
