107.258 78.7091
93.9984 49.491
106.274 73.8399
103.099 59.101
98.2091 33.591
111.049 38.4691
102.545 41.2434
103.626 50.8048
119.547 42.0752
110.306 50.7031
129.734 43.7346
107.918 27.5522
87.453 27.592
80.2246 29.8646
70.8153 26.635
87.6731 41.8962
81.6922 39.9229
48.2975 13.7274
62.1496 22.1805
72.7428 7.35129
58.2051 7.53694
76.7125 6.14617
73.2257 21.2467
98.2169 6.69888
99.8518 -0.187218
62.3219 0.0422552
69.5932 -3.10065
80.8835 -3.33719
143.268 -3.24611
86.8064 -2.92232
107.197 -1.15525
92.4557 12.4507
90.0541 17.7908
121.357 3.88376
107.133 10.6952
82.7561 20.8739
110.822 20.8128
118.594 12.139
126.935 -2.30255
136.821 11.5392
130.972 7.65448
130.053 29.9467
130.067 18.2584
118.356 28.0196
119.704 23.5319
101.943 20.9149
136.066 48.6113
122.227 52.5897
131.094 51.0684
108.703 56.0731
130.874 62.4586
128.165 71.2747
121.577 72.9189
131.868 122.902
132.551 109.639
133.397 102.211
126.226 82.9332
132.905 89.2314
137.29 70.4032
137.634 60.3228
141.49 18.2552
139.174 78.3033
142.308 27.1169
138.353 98.438
139.123 117.428
141.606 108.888
139.056 130.971
137.878 90.4868
140.225 42.9269
131.384 130.585
119.425 60.9134
123.118 91.5517
123.654 108.838
120.206 117.237
121.254 129.839
117.642 103.084
100.288 136.341
97.9649 123.715
113.059 92.1639
103.048 129.99
111.016 107.399
107.313 122.345
119.861 83.0057
48.7822 72.7234
71.9177 80.194
42.4855 78.2132
77.5962 87.1088
72.5831 86.2516
57.3575 83.5395
70.9723 103.758
86.5649 80.4336
86.3913 87.1022
79.274 98.3425
103.908 91.3985
87.4196 96.841
70.4513 108.171
100.965 97.7663
77.7017 106.601
48.5341 112.928
60.9203 108.665
62.0093 101.242
60.2755 91.6654
52.5241 82.3168
47.2388 102.31
50.7973 88.4923
37.7021 98.5767
41.3937 107.371
32.9761 90.3265
37.5362 117.157
30.1829 127.661
106.172 102.855
76.1485 133.771
97.9485 107.055
89.1675 108.623
67.5629 117
50.5186 123.187
56.274 123.796
57.4984 127.864
90.3279 116.311
73.5605 126.831
81.3343 119.798
52.2617 133.208
43.5527 126.359
8.62613 141.475
33.7733 139.505
89.564 132.694
79.583 140.359
113.468 141.598
122.892 142.275
110.309 133.432
136.862 142.935
90.9329 141.879
127.883 142.889
72.8096 141.391
40.0377 143.842
58.4886 142.146
47.0151 140.651
-2.46686 143.964
12.9659 133.429
3.36021 126.67
-1.13439 111.578
-1.21185 93.3654
-0.86771 96.0665
-0.243948 79.1208
-0.0830424 66.5004
-1.38118 57.1183
-2.72791 40.5521
0.0238074 51.4182
-1.75793 21.4301
-0.632553 12.4656
2.67787 120.237
19.819 136.45
8.94909 90.0908
10.6084 121.431
6.99735 108.32
3.61442 30.3123
12.3159 98.3019
17.4088 116.302
13.9535 69.3459
9.59139 51.0844
10.4075 82.062
9.0775 41.0475
7.78046 33.4283
9.35685 23.1054
12.7428 57.045
17.8698 108.997
17.7989 67.3279
17.9986 42.7541
19.6274 47.9764
20.3171 97.0134
23.2755 57.9132
20.8034 91.3867
19.7236 128.015
32.6919 123.655
30.257 109.531
22.3977 83.5553
29.0315 102.464
28.8707 68.5998
28.9539 81.118
40.3995 88.0485
30.1339 56.0189
2.26092 -0.367063
17.7712 2.09755
30.6455 2.95088
9.28812 2.65851
8.8987 11.2682
28.8072 9.08048
42.1572 -0.50061
53.4614 -3.87737
21.1816 13.6958
26.101 17.2993
33.6611 26.2514
20.9335 17.5018
19.778 27.3405
38.5568 72.083
56.8824 72.8036
31.858 52.2638
39.8638 56.8922
32.9324 39.4366
43.532 53.0682
36.1963 20.5465
53.1567 47.708
63.5267 62.5169
37.925 26.0324
42.8709 39.1987
46.2943 59.6926
76.4256 76.6142
50.7462 37.8552
59.5429 49.7919
56.3227 41.4354
72.758 67.521
73.8289 62.0452
76.7101 59.4087
81.2564 73.7667
100.122 78.2976
93.7816 73.6152
98.7991 72.6424
66.4134 41.4054
52.7994 27.1805
69.8183 50.0281
41.4029 13.5417
51.4468 18.404
56.8118 27.8336
76.2478 47.8924
87.3766 56.7725
