321.983 46.1558
273.19 50.5027
207.48 68.5502
283.078 52.5167
308.905 53.5988
262.389 56.9955
282.341 70.0947
253.687 59.7043
241.49 61.8555
226.601 67.3926
271.707 73.0632
262.485 70.5675
288.737 76.9681
239.902 69.5256
309.001 81.5804
310.156 67.2247
287.742 73.7127
296.286 70.5426
300.055 63.1057
273.705 63.5099
276.704 60.2183
291.172 62.9509
322.318 57.0595
306.494 61.3702
323.244 70.1638
320.99 76.6704
316.45 86.3816
307.509 92.6861
303.459 93.8066
293.349 86.0316
267.835 88.5363
251.863 89.5984
231.67 90.6729
256.811 90.9121
242.53 92.0637
283.763 91.3173
188.492 93.9133
209.244 92.5503
302.882 83.8346
276.654 76.393
250.204 72.8857
220.74 70.4715
153.917 70.8159
186.343 71.3304
179.42 72.5419
257.94 79.6011
242.562 76.7437
273.73 79.6329
182.219 88.8065
252.482 81.6945
233.61 78.3242
162.477 89.4045
220.873 88.4868
202.657 89.6362
170.41 91.6053
150.307 92.1024
128.628 92.4161
82.9801 92.4169
117.11 90.3605
111.784 91.1752
139.873 91.8605
192.962 83.8332
213.185 80.7093
198.199 77.3904
221.366 76.4361
168.309 71.9326
147.745 77.6726
83.7537 83.9082
168.72 82.933
162.445 82.7607
180.313 83.1721
87.3847 86.6081
39.6734 87.4644
99.8557 89.3199
28.5191 87.6344
71.3729 89.2812
8.6379 93.7879
61.2752 89.941
50.5086 89.1716
-0.578148 93.5757
21.6285 87.5751
90.6468 82.2547
39.9014 83.6668
97.0787 79.8109
-0.518279 81.2682
48.7553 79.911
91.8306 72.5705
61.1538 77.8982
69.6642 79.8062
110.347 77.307
122.139 76.8878
112.633 71.5318
73.2763 72.0822
123.992 68.9119
130.137 76.7209
137.865 78.6062
163.033 71.8531
137.467 73.3699
133.19 72.2857
198.369 67.2156
231.161 61.3848
251.92 53.7944
287.192 46.1539
288.37 42.2835
300.017 48.0151
313.048 36.5963
196.769 53.8549
158.904 60.2608
263.103 49.8276
240.129 53.486
217.923 56.2987
196.008 57.2925
209.903 57.9353
190.066 57.436
29.6007 76.2877
96.3505 68.2867
178.001 56.6902
51.9942 72.8833
172.472 56.7501
137.629 61.1689
118.544 63.5191
227.992 41.9255
133.587 61.4084
216.755 50.7842
207.418 50.7156
247.768 41.8116
239.617 40.4424
262.591 41.2967
232.639 47.9569
270.761 42.6618
278.284 36.1869
279.9 33.3456
171.668 46.5218
212.522 42.0159
117.96 53.3112
110.217 53.4077
222.936 39.0923
241.403 31.9353
201.214 37.865
191.771 38.145
181.346 37.3272
218.771 33.4338
182.18 32.4447
198.701 23.4748
191.328 30.6455
213.291 29.699
229.72 30.5945
201.263 32.7684
258.593 30.8418
210.733 22.7329
178.744 16.2596
187.699 23.2567
168.478 18.6995
158.951 16.725
151.875 29.9829
172.753 30.0779
161.413 30.3615
168.932 36.1526
159.669 36.1015
133.055 46.3294
142.759 40.3497
149.82 36.2431
151.997 19.2874
128.107 38.4032
142.094 26.9236
96.2503 58.2628
149.103 50.9686
113.709 60.2891
182.455 46.8163
193.097 47.0585
149.619 56.3241
156.046 53.4284
81.013 66.1864
138.492 53.0443
92.0702 61.0536
60.611 66.0862
17.3121 78.3637
88.2547 53.2702
120.105 39.9116
82.5666 56.4175
72.8415 59.9832
37.7062 72.0656
103.167 53.0704
130.158 32.2693
160.891 10.977
107.038 38.0456
102.726 42.3246
82.471 46.2708
59.5988 56.6833
10.1972 78.4939
112.113 32.3711
26.9619 70.1884
117.33 29.8594
89.4142 37.3187
101.11 32.1756
140.521 18.528
146.447 13.1507
129.351 16.7669
123.272 17.0229
108.643 20.0356
77.5659 29.0069
33.3459 60.8345
92.2745 33.159
71.2802 43.6933
82.6911 41.5684
67.5863 50.1261
60.8698 48.5575
47.817 60.2438
20.0475 70.3159
39.3776 63.2559
23.6997 61.5999
11.6936 68.4896
41.9817 49.4343
-1.31226 67.1489
7.45853 62.0664
31.1061 50.114
21.1027 48.2344
46.7296 38.8604
37.6888 43.4579
51.5849 46.9845
57.6923 39.492
73.0507 31.406
62.5825 29.3812
47.3649 28.2971
-2.78184 60.2177
9.18113 50.5075
29.9203 38.137
39.4308 29.5766
21.5271 36.1216
7.18952 39.7443
28.1215 31.0979
18.7977 31.5062
88.9185 23.5746
129.971 10.6806
100.042 22.1409
170.705 -1.44401
113.132 10.7359
78.6629 18.4233
148.759 3.46737
72.9776 19.7074
98.7952 13.687
121.079 8.75235
58.6147 16.2793
43.3529 20.3692
48.6053 22.8186
13.8008 28.5776
0.140738 38.208
0.444628 50.4726
-1.16253 9.86812
18.459 9.7259
12.3306 6.10708
1.98842 -1.02974
40.0752 -2.59551
20.3628 -0.695587
120.529 -3.03643
140.714 -3.90618
108.268 -2.07534
82.4439 -0.631295
30.2748 -0.595929
68.5283 2.45683
49.0346 1.11984
11.9202 1.96593
30.4433 11.4747
58.4821 3.89464
53.165 8.06528
38.9757 11.6368
13.7892 17.0809
21.6569 19.2474
1.15092 17.5361
0.719836 32.8139
29.636 23.1402
70.7374 10.9709
59.1042 13.2405
86.0331 7.89426
101.053 -1.55408
92.9306 3.74296
82.7172 12.105
133.519 3.74734
177.981 -2.79209
162.845 1.71942
142.924 7.89508
182.148 13.082
170.548 13.4085
249.056 27.9309
221.019 20.2069
190.598 12.3537
268.695 29.4267
200.711 10.7985
233.913 19.7257
243.868 21.0693
212.174 8.43424
189.62 2.74777
210.473 3.99145
240.369 7.4586
198.7 3.83566
216.857 8.22211
252.147 18.7412
260.066 22.2493
226.834 12.0818
296.647 36.566
277.213 20.8597
220.814 -2.65498
272.34 17.9701
246.692 6.49257
230.495 -1.98486
241.602 2.62775
292.034 26.3416
263.441 10.08
248.363 -1.51931
272.55 12.7063
289.095 22.6328
259.727 -3.27193
303.636 -0.863034
318.995 -2.36972
289.996 1.55352
281.218 -1.02919
298.584 16.3568
288.389 8.26403
281.148 7.58771
271.483 2.51033
299.949 32.7908
303.372 10.2901
313.226 0.0377769
309.477 12.8492
316.736 16.7341
317.072 6.99683
323.452 28.5879
310.883 18.0347
310.545 32.6261
322.598 42.7303
