69.0236 23.3822
61.0246 13.7508
70.2025 24.2572
63.3965 22.4348
67.4019 27.1583
89.149 26.4451
77.004 28.7243
70.9616 29.19
22.8923 29.5725
15.0021 29.528
68.3802 28.8489
64.8501 24.8798
60.5374 22.8748
47.4022 25.8592
53.0624 26.0881
55.9546 28.1778
43.628 29.1533
47.4066 25.7476
63.1917 21.9125
49.2417 21.9386
40.9919 22.0103
12.7787 28.1152
30.6325 23.4206
44.5725 21.1002
17.5032 20.6671
28.2368 22.5222
13.0564 27.6294
26.1627 22.9344
21.592 22.8564
15.5414 21.4022
0.657183 29.3772
2.58144 27.8668
0.439585 7.33057
2.04822 15.2187
3.83307 26.9168
18.1758 19.3973
9.30417 20.1647
25.7979 17.7732
28.4196 17.4552
6.62695 15.2108
7.50375 16.814
3.56727 19.6109
7.04992 13.4814
2.7073 2.07835
3.88441 5.13591
9.51394 9.77954
9.71193 3.32494
9.7723 12.353
13.2621 4.67964
11.4274 9.55357
8.25089 15.1599
23.4706 7.82214
21.9225 9.37314
9.30351 15.1941
13.8171 15.086
30.6107 16.9261
26.8483 18.658
25.2558 20.0124
65.9547 21.8827
63.9518 20.5697
64.1705 20.5743
57.0991 17.4878
58.3363 17.4172
53.3363 9.32299
37.3686 3.14285
35.1089 12.28
20.3769 15.5827
34.2283 12.4533
33.4284 3.31012
29.354 9.60067
30.5269 9.31209
25.4677 13.1121
32.3857 3.2721
33.7199 1.79947
9.76887 1.0753
12.1317 0.951099
52.1277 2.22153
40.615 1.89033
53.9585 3.72552
67.4343 3.56251
63.6178 3.76042
70.2927 4.80421
85.2053 1.75942
30.0054 0.496296
72.4929 1.34173
69.7569 0.741997
69.9833 0.53072
84.2809 0.787135
85.657 1.78989
70.1067 6.29619
72.8467 7.02195
86.1743 10.7133
77.2591 6.20958
92.4214 12.9614
81.5433 6.96887
90.4433 11.1289
85.9872 5.64173
88.2271 7.7439
91.0691 11.2822
94.756 14.0922
81.1427 9.39236
72.968 7.31212
88.1544 12.9261
71.27 7.03285
91.46 15.1271
72.9682 9.3715
83.0574 14.9541
72.41 9.93227
67.5363 7.1599
65.8841 5.55571
48.0266 3.89371
75.8898 14.9028
86.9454 19.1895
98.6958 18.1015
97.4368 15.5068
86.9911 2.81172
85.5564 6.56123
86.0632 1.5836
92.712 9.03124
90.5115 1.10199
92.1411 5.69361
93.5337 1.45717
93.874 6.74226
96.7783 11.9204
96.0163 5.96135
99.5864 7.68977
98.0819 10.276
99.2633 19.5612
98.1622 21.8497
71.2068 18.3788
93.3112 22.1845
74.5168 19.4629
96.332 25.6201
67.4237 17.7491
79.7474 18.1315
92.1875 21.0511
55.1025 8.01255
56.6929 11.9631
57.3468 14.9805
60.4683 17.0355
