191.25 10.1351
131.323 23.1535
167.199 18.5655
148.066 23.4069
131.212 26.0464
143.288 28.452
119.191 26.5501
156.032 32.3675
171.179 31.489
180.478 29.0478
179.363 21.269
189.711 26.9422
190.17 18.6883
200.17 31.367
201.68 22.7542
211.809 29.6686
241.71 30.9916
26.5703 37.0434
229.87 31.2584
83.377 33.8576
153.866 32.5933
97.3267 32.3858
9.71327 37.6824
111.62 31.2307
90.2655 27.1179
90.6732 23.0307
108.511 19.178
122.455 21.5516
137.014 18.1398
158.255 16.6853
170.681 11.4279
160.696 10.6155
147.728 10.8159
142.072 9.84263
107.13 13.71
61.1038 31.9916
73.5496 26.6391
100.739 16.1651
53.3211 33.9313
18.197 31.9634
42.3905 32.6273
-1.00323 29.6131
31.6944 31.2624
67.5635 18.1621
12.2885 26.3158
0.745876 18.0587
10.2804 10.5267
12.5472 21.8408
23.2325 13.2749
29.393 19.4224
61.1643 11.7763
40.8594 10.4137
52.35 8.56533
70.5065 10.1952
48.7874 16.1443
20.9167 23.2985
36.8456 22.3548
63.6528 17.3533
76.3595 12.4461
90.1001 9.34483
79.4343 18.6929
130.26 8.19262
121.282 6.74366
30.7217 6.77782
-0.774701 7.0624
100.822 6.08021
69.0111 -0.460777
28.2896 3.21596
22.1949 3.62566
0.796685 -0.309631
13.7227 1.77576
36.4831 1.08962
46.2959 -2.69139
111.79 0.409388
97.7766 -2.62787
122.57 -0.806628
148.875 1.64261
89.9982 0.0294634
78.7391 -0.709095
62.1861 -1.13459
231.772 12.766
240.062 12.6544
176.221 6.26954
251.033 12.8688
203.379 6.81288
257.532 10.1986
128.573 -2.00382
180.536 0.883041
193.11 0.357678
231.678 -1.45478
196.123 2.19058
170.301 1.81372
323.869 16.4567
266.328 7.61514
246.516 1.71219
261.092 -2.90283
236.497 -3.67622
206.363 -3.29374
157.818 -3.29365
139.25 -3.74731
223.853 -3.78172
288.997 -3.46832
282.75 0.831561
303.949 -3.09334
269.588 3.31994
292.117 10.7898
313.916 3.03697
321.678 -1.48037
327.561 -1.72534
302.1 8.99431
310.432 11.8078
323.039 9.40684
330.153 10.5078
337.219 7.65144
340.567 0.74619
350.1 -1.84163
331.324 21.0536
353.855 9.82359
353.92 19.5965
343.158 31.7384
346.238 27.7081
339.704 18.3127
328.546 26.4753
311.091 36.5988
316.027 31.6
306.752 28.7319
307.826 16.458
300.604 19.2151
289.308 22.2735
279.298 16.1033
282.128 30.9919
269.849 16.1304
276.607 12.2001
218.402 13.8836
262.271 21.8587
247.236 21.0377
269.809 28.5467
227.219 23.3597
258.104 27.8531
247.611 36.1555
266.842 36.218
289.647 33.0769
211.446 43.8527
226.398 40.5103
237.846 38.1946
189.024 40.5341
127.859 57.2574
302.483 32.7595
207.029 46.216
166.577 52.6074
223.752 46.1514
258.471 41.4791
291.264 38.2996
183.33 50.9246
280.773 41.041
323.605 36.2313
188.581 51.7002
238.334 49.3909
300.921 46.8879
299.089 41.7863
317.004 46.4747
226.378 52.5308
158.767 56.4596
253.905 50.4323
292.653 47.7515
197.147 52.2419
162.138 53.1221
136.72 57.4909
193.34 56.672
262.203 53.1329
277.515 51.3757
306.849 49.9248
267.508 53.036
167.239 58.0296
196.237 57.4263
233.904 57.5505
268.12 57.6916
178.878 58.5864
338.782 58.2765
333.589 50.3874
342.927 43.4442
333.006 38.2416
346.834 41.1884
337.186 49.6836
347.471 53.8227
350.494 58.877
276.327 58.9673
151.826 59.0322
212.999 60.7698
253.797 60.6135
320.051 60.9256
306.331 61.0829
330.957 63.6347
301.804 67.1083
351.235 67.55
350.355 79.148
337.292 80.7144
342.985 73.6509
331.215 77.7537
322.471 80.6855
340.884 86.6055
309.127 80.4589
327.959 72.9055
296.248 77.4417
322.31 72.7626
312.439 71.4463
291.811 67.9961
286.6 79.0846
268.339 82.173
257.84 86.7399
241.73 90.559
277.547 89.0221
273.402 90.181
223.688 91.501
319.434 90.6626
289.129 86.4647
346.192 93.2752
332.425 91.8591
306.894 91.8102
296.519 91.3584
183.893 92.2406
172.705 93.5518
131.06 93.7486
72.8568 93.7892
6.94301 93.5878
110.707 93.4854
157.796 93.5668
208.255 87.9465
199.729 90.6464
233.753 91.014
248.114 88.61
260.882 83.4947
282.413 77.4487
297.438 62.0838
252.597 67.5256
198.073 69.2917
210.201 68.8469
220.827 67.8081
233.482 66.6636
292.136 62.3545
223.479 61.9515
256.575 62.6376
239.102 62.4552
120.208 59.7897
192.089 68.0803
157.346 71.8701
108.35 80.9774
278.24 67.5177
266.106 69.281
260.409 69.8089
163.254 76.6786
240.576 76.889
236.23 73.9186
249.814 76.1841
187.624 87.8341
228.864 79.9182
153.828 89.332
221.448 79.776
201.198 81.345
176.652 81.1935
193.887 81.804
168.664 80.9261
206.217 77.3851
147.871 80.3059
140.283 83.095
118.894 86.5547
130.907 82.3248
123.573 80.3915
96.5482 90.3772
141.975 91.3253
47.2801 90.2314
60.0541 90.1457
78.0941 90.2348
92.3278 89.2725
99.6469 81.8629
176.865 67.5173
111.479 72.3639
93.4917 76.2751
67.8971 81.252
63.7198 81.3636
79.914 77.3438
52.7324 80.9002
39.9502 89.1695
21.2765 87.8559
2.86869 91.53
29.1944 83.9397
31.1926 86.582
80.7452 72.7652
43.2354 72.8121
21.1545 79.199
38.5574 79.2636
6.98933 81.646
1.86459 81.586
30.3932 73.094
122.607 68.8691
-2.5095 70.7229
20.2492 70.0774
68.2177 69.5881
91.5006 68.6219
53.606 68.251
11.4573 68.8697
101.535 67.3144
48.6909 62.178
62.2724 67.3376
42.4852 62.3155
0.326403 59.7421
17.9852 60.6132
92.5862 63.074
83.7962 63.3549
73.4725 63.4287
140.081 69.4933
131.057 67.3314
151.173 69.0566
167.1 67.6073
98.4233 61.5905
11.9474 58.3385
28.4531 58.9474
58.5427 60.0746
110.711 61.3909
147.561 50.2538
170.119 43.4748
109.322 43.7836
136.952 49.1058
129.297 48.2195
122.703 52.8917
112.091 47.0015
100.779 50.3996
93.7282 50.1726
83.8046 46.5438
67.2354 50.4726
57.508 51.9156
97.517 42.3739
50.3607 47.1278
40.42 51.5738
31.1343 53.8697
23.9622 49.6248
91.8861 42.4725
2.51512 48.8134
2.35677 38.9757
6.3597 46.7725
68.1467 42.4064
17.1854 42.0978
147.56 42.4769
163.735 41.1796
116.604 39.5225
182.264 41.1364
197.052 38.7806
136.273 37.4773
51.6475 41.2059
39.0075 37.558
56.9261 39.9696
83.8766 36.8958
129.391 36.5379
219.417 37.7573
223.315 33.2657
248.646 31.2888
218.588 20.7813
206.743 18.2331
242.406 23.3276
209.399 11.1559
