99.7214 12.366
97.9296 28.9226
97.443 29.7022
96.3491 29.8308
96.755 24.6259
93.6123 27.618
88.1475 27.9834
87.3299 27.1222
88.9907 26.4911
92.0764 25.8829
93.159 26.3586
93.2844 23.0173
94.2457 26.5554
96.2745 19.826
86.8287 24.1256
80.4263 27.9726
86.4517 23.7962
89.7762 21.7795
78.8305 24.7445
79.8255 25.599
80.183 26.2848
78.9749 26.7686
73.7775 25.3538
73.8746 24.1597
80.6324 21.9312
79.8275 23.7267
93.6265 20.7038
96.9733 19.162
72.59 20.0181
69.4036 19.8323
62.3111 22.5423
74.4744 21.0585
71.244 23.1621
59.7138 23.7662
70.7067 26.4311
83.7751 29.3529
65.14 25.2316
54.1428 24.6634
52.6099 25.8848
59.9052 28.6505
68.4063 28.1814
60.2619 28.9755
55.6941 27.3566
55.6732 28.4713
52.5806 26.5561
51.1405 28.6708
50.6606 29.8374
53.2196 23.4128
45.5874 28.6852
55.5306 21.6527
55.534 20.9275
60.2162 23.7335
63.6376 19.2067
57.8885 17.9238
49.6597 22.5348
55.7609 18.9716
40.8859 24.569
43.5404 23.2333
50.3141 20.9011
36.3009 23.6828
29.2014 25.0065
48.0424 20.8979
44.8377 20.9195
24.4335 25.3808
58.7447 17.6608
66.3917 18.7006
69.9156 19.5559
79.4243 18.8914
70.8702 17.781
65.2508 17.643
67.4534 16.6042
64.0989 16.5294
68.0993 16.3293
72.4371 16.563
81.5842 15.9565
76.7454 16.5334
74.1543 16.7438
80.6068 18.0739
84.1675 18.8181
94.8643 19.171
90.2848 18.0883
82.9224 12.916
80.0246 11.4602
68.4329 14.204
30.7511 23.5037
21.0106 24.9181
28.4262 23.5682
33.6948 21.892
40.8114 20.5958
45.3012 18.7222
41.4049 20.4938
55.9716 16.6723
54.0036 17.2076
32.3889 23.0041
56.7211 17.0808
75.5794 12.1444
77.9358 10.7558
33.8827 20.597
29.272 21.4093
11.3165 26.0491
22.1767 28.6575
44.547 25.309
49.6242 24.3642
35.1852 27.7079
24.7833 28.2845
23.2415 29.9153
20.7627 29.323
13.1561 26.6679
12.4463 28.3345
5.61866 28.3241
2.02045 29.7648
4.57679 26.6764
41.8254 18.5363
13.503 22.3407
24.5784 21.4295
25.7796 21.4018
17.3365 22.8944
4.15416 24.6766
11.0092 24.9916
6.20485 26.0561
0.502462 23.1409
10.0482 23.2234
10.6587 20.9267
20.2698 20.4484
22.5606 21.085
39.5803 18.298
10.2545 19.6199
45.2609 17.9852
76.3858 10.8875
66.5718 10.1654
66.8575 10.4915
50.4633 12.7635
42.8079 14.1555
35.8934 15.2529
44.9459 14.6053
42.1023 15.4046
15.4257 15.6126
17.4264 16.8503
31.3167 15.9878
12.1467 17.449
32.5002 17.69
44.3612 16.0014
67.8545 12.209
37.0507 17.3914
50.8853 15.0497
28.0778 18.7739
25.1561 18.6304
7.35563 17.0367
4.7653 10.5416
4.48497 10.8794
4.7046 12.8845
0.879045 9.46422
4.10356 10.2809
3.16241 2.87932
3.52703 5.21816
3.20685 2.98808
4.13218 3.33853
3.49719 3.9878
5.68908 11.5163
8.95124 11.2229
6.95147 12.4125
8.81035 16.1055
13.6255 10.936
9.31939 12.9399
16.3116 9.10925
16.5032 9.47154
13.1287 12.5055
10.1099 15.6879
13.7983 13.7049
17.9434 10.5346
26.58 7.58526
17.7985 10.7544
19.7812 11.7205
15.3175 13.0829
11.5808 15.9928
30.1803 10.5973
36.6918 8.80048
51.7161 4.24313
53.9716 2.9676
43.5698 5.54083
31.0304 8.61982
37.3022 8.43457
24.5032 9.02675
40.0431 6.39469
28.6821 7.88688
43.4395 5.56979
57.09 2.19655
11.9772 6.2566
7.49756 7.54637
6.84178 7.46031
9.30801 6.54033
22.7666 5.0448
25.207 3.61597
30.2862 3.15989
37.0182 3.96115
51.3964 1.42338
10.4304 3.50696
7.43619 4.35653
6.17368 1.76941
9.8843 2.96811
39.2649 1.00377
26.4027 1.38301
27.9713 1.08773
35.6258 0.678772
9.07983 1.07707
23.2782 0.83123
29.1962 0.182676
27.2337 0.472283
55.5706 0.0392917
12.7024 2.80637
11.6044 3.40058
29.8248 2.28044
46.9719 1.27487
31.7714 1.91019
63.2693 0.337387
65.2928 0.64788
30.6171 10.699
49.9852 5.68205
50.9774 5.71448
38.1796 9.2921
64.1047 3.4898
45.2159 7.6089
70.4985 2.07653
58.9344 5.17774
50.3462 6.60932
24.317 12.3948
21.6239 13.6064
62.49 4.96449
13.2972 15.6386
35.6825 14.9914
34.5793 11.7197
36.049 12.6295
35.6525 14.0502
37.7318 14.5867
62.1566 10.9705
66.8344 10.0493
40.642 12.9076
58.8308 10.5497
40.229 11.9778
70.4701 9.0032
62.4777 9.14392
54.5414 9.74338
67.3441 8.57528
54.3528 8.50145
54.8086 8.49776
61.0782 7.33064
60.4525 7.03979
72.1532 9.09063
66.9964 6.51384
70.8117 8.16905
70.0417 4.65513
36.6425 10.8081
40.1646 9.96802
60.6287 6.2508
70.9267 4.48112
70.6856 3.65349
74.4309 5.99262
72.592 6.04869
70.3122 4.96301
73.3212 7.21639
87.1439 14.4442
79.1534 5.92428
70.1823 1.40045
72.3986 0.074446
72.7973 1.03332
70.3463 1.41172
81.2607 2.47413
86.5722 2.80004
96.6924 2.80354
75.0551 3.63247
78.188 4.54611
83.1634 7.37435
80.5225 6.80696
88.6375 15.2105
94.6398 19.0752
98.7173 16.5524
92.0687 13.005
89.7799 11.4357
82.1685 4.49257
84.4367 5.7412
95.4078 7.43166
87.7221 6.3229
87.48 7.90603
83.3673 5.30035
93.6875 13.1555
93.7203 9.28771
96.7962 6.20353
96.6914 6.66506
94.0494 10.7467
96.7855 13.9724
