68.2319 78.3129
147.596 80.9527
170.157 83.5149
97.9787 88.6181
36.9645 91.3642
53.3675 88.8443
12.8383 93.6342
156.901 92.7126
151.618 89.5118
116.382 92.7367
80.1116 91.7786
58.8012 91.5385
192.685 87.002
132.209 88.2317
172.731 87.5345
113.735 89.1977
93.2969 89.6969
138.343 87.6477
69.0155 90.7974
198.317 82.4895
142.535 79.9467
113.184 76.0107
28.788 80.2153
102.565 72.2738
210.644 80.5058
162.941 77.7616
220.641 81.876
183.82 76.6888
193.018 78.8762
130.498 73.1534
113.557 71.7165
176.787 73.8554
146.902 72.4338
208.072 71.7082
118.639 71.3012
258.709 67.1787
236.324 68.2284
197.608 69.8765
226.112 69.0976
268.682 67.9182
278.661 67.0023
217.116 67.1389
282.907 63.7823
306.846 61.9457
226.026 83.2168
183.9 90.6637
203.538 89.2062
331.972 56.4927
293.555 67.1233
247.733 79.0197
239.567 82.3085
277.696 79.4158
290.792 76.8588
311.969 71.4031
258.884 78.0463
296.594 66.478
347.41 52.3174
323.894 70.2619
283.488 87.2505
259.489 89.2147
253.725 86.0531
270.037 83.5913
216.568 91.5108
242.629 88.0961
266.315 89.8901
206.404 92.0887
302.201 93.3629
226.362 91.9618
310.15 87.8421
320.062 92.0341
366.208 93.3486
350.157 91.9919
333.346 92.4064
341.882 89.6045
291.967 86.2025
307.209 83.6828
321.894 82.3613
303.722 83.3107
340.17 59.9597
343.561 76.6423
330.278 72.487
332.036 80.1834
358.288 89.9734
343.545 68.9066
353.322 69.8004
362.479 67.9603
353.155 76.4362
363.459 82.1869
368.526 79.2112
372.719 66.1196
360.045 59.6878
370.604 58.0329
368.488 50.8961
360.06 51.9043
346.459 63.5655
371.411 16.1116
376.785 18.7707
367.468 36.2429
376.836 29.3806
380.366 80.2419
378.593 68.0972
376.884 59.0962
371.505 33.4765
381.761 93.5784
378.345 36.8963
380.652 47.2047
378.939 7.2092
377.288 2.78275
361.423 3.306
369.41 3.12138
373.725 7.35697
361.556 31.487
356.855 11.5554
331.564 2.61207
288.746 1.52928
349.724 -0.223835
298.987 -2.57178
322.566 0.399644
187.78 -1.8731
263.556 -0.578775
239.069 0.592879
209.194 0.643701
126.933 -0.540974
112.77 -3.10303
169.97 -1.87898
158.274 -3.25386
336.786 -3.00407
270.949 -3.69574
151.492 -3.58185
86.5685 -3.0301
82.9185 -1.6264
97.4602 1.04205
231.662 0.89986
121.843 3.12621
137.682 3.23177
221.334 2.85667
196.382 2.08013
176.078 2.18425
280.862 0.20863
247.242 3.61125
308.391 3.27649
343.175 10.3758
329.523 11.4707
311.186 19.5212
297.031 17.0769
319.48 9.64391
257.569 20.4657
313.746 10.9563
277.309 22.8803
246.758 23.2864
239.716 23.3571
206.699 22.8416
229.78 19.1206
219.516 19.2062
203.447 23.0151
190.185 16.7431
268.947 17.5392
172.616 16.505
209.545 11.1262
201.37 9.84332
158.814 18.2231
181.505 23.43
148.691 21.0235
226.005 27.4404
222.863 26.7703
291.623 22.4205
250.584 27.4164
268.037 31.4901
259.605 28.8838
303.534 30.544
279.842 29.6165
286.515 29.2288
323.847 18.3556
347.72 9.82747
307.491 32.7154
332.941 20.3105
322.443 31.6551
353.905 28.0791
337.137 29.5975
327.45 28.8784
340.289 18.416
351.803 19.8085
359.473 22.986
358.791 38.0043
340.992 39.2847
329.716 39.5142
299.26 36.7411
126.308 21.3478
189.757 27.2122
161.793 30.0203
122.794 26.6284
108.142 29.5385
148.431 28.9996
140.002 30.3328
166.802 31.6544
96.6587 32.5625
48.5936 30.7066
93.7232 26.119
136.637 23.9089
119.653 23.4444
71.9403 26.9798
76.5053 26.0412
100.156 19.2593
167.724 8.11612
246.978 8.98593
238.962 9.60242
273.365 8.7181
300.946 10.2747
293.791 7.61579
279.815 6.32622
233.255 8.61927
179.291 7.97482
191.623 7.51893
260.396 6.1488
223.319 6.76946
147.654 6.5114
69.3338 0.498915
22.4286 -2.90378
63.987 2.71412
9.78652 -1.88766
0.0831298 -2.13668
36.7571 3.15936
93.91 7.23821
26.7949 1.52265
126.279 6.5673
49.1015 2.56464
140.659 6.54225
120.678 8.53484
62.6615 10.4349
67.4778 7.41588
39.2773 10.1256
49.9544 10.1396
76.0326 13.9964
17.0563 16.5442
28.138 6.68593
19.6762 11.8698
13.4003 17.4059
13.5598 9.99113
1.40196 23.9451
36.5262 16.5122
76.8748 18.0276
52.5466 16.8454
103.887 11.6035
106.737 9.30298
163.637 6.57801
72.8284 22.9212
93.8104 19.5256
113.086 16.2743
41.8924 30.1564
20.7697 28.5857
61.2274 21.5216
11.6412 29.5393
27.6447 21.0071
0.546752 33.0538
58.0909 31.7766
158.746 36.7173
148.311 38.1283
121.933 37.8471
86.8952 38.9452
183.61 38.3055
126.507 42.2483
171.727 40.3816
203.763 37.8572
211.678 43.1188
188.432 42.3271
216.458 46.2061
216.494 36.3842
283.798 40.0254
236.6 36.9862
128.748 33.6376
198.161 32.7255
183.953 27.9071
236.208 32.933
207.928 29.9029
349.008 41.5739
343.315 51.4147
326.194 50.6233
317.35 43.6087
318.123 49.5308
292.791 42.8558
310.871 51.111
290.512 49.4342
278.192 52.1943
246.021 42.4796
261.213 42.7893
309.856 38.8639
270.647 41.8836
231.66 37.4443
270.749 51.8325
179.07 46.0876
249.645 48.4555
142.772 42.4445
230.666 47.7506
112.863 42.2876
262.48 51.6313
242.599 51.7228
301.404 53.4274
318.424 57.2995
272.128 60.1126
242.87 62.2601
286.179 60.1334
299.677 60.925
193.682 67.5997
246.882 67.299
158.768 69.9427
141.99 70.4972
170.221 66.5045
219.492 62.3389
258.318 58.5788
210.667 48.9562
251.657 58.4111
197.586 59.6382
166.372 57.3656
136.076 60.24
153.569 60.8165
192.66 60.5774
57.5905 72.1435
91.5422 63.8742
69.2127 68.9447
41.2967 73.8452
81.9262 71.494
156.829 63.6587
228.92 60.164
93.8771 72.9514
178.112 63.6127
20.2208 80.9975
9.36502 70.81
98.8707 59.9362
48.3038 67.5633
81.0525 63.2023
128.54 56.279
159.263 52.5807
209.639 56.5793
197.585 49.923
193.268 53.2321
103.766 42.1137
28.2172 32.6982
42.855 37.7628
32.8879 37.8998
61.4711 37.5521
81.022 39.564
173.64 50.8432
142.044 51.812
108.598 57.9005
121.7 57.1624
31.9462 66.7347
58.8647 61.7301
127.932 48.8679
17.1763 68.8514
123.102 48.5211
47.9623 62.5465
67.1446 56.3867
89.7089 53.7783
96.1084 50.8283
82.7643 53.1836
108.154 46.1485
36.8984 59.9664
18.5034 49.5948
33.0869 46.3713
48.4899 47.9067
38.9824 52.5835
58.4008 50.4054
22.4394 40.9201
68.8317 47.5006
51.3827 43.0179
68.747 42.0158
150.215 48.7597
8.06455 36.9874
6.45378 46.2392
29.6951 60.1364
11.8067 57.0099
22.8493 62.1714
1.09549 72.818
-2.49768 8.89952
-1.59734 47.3905
-3.05667 37.7869
-0.0961337 58.5542
-2.75509 90.255
3.68547 82.2387
22.7802 91.99
7.58959 83.4036
37.7048 82.8041
92.8307 83.3653
32.0988 88.2843
101.369 82.7538
121.751 83.5764
131.054 81.9714
78.69 83.1707
50.9854 82.4872
57.0911 81.4702
