-2.7214 20.9602
-4.33592 23.5122
5.10172 20.7869
4.11927 22.2026
15.3398 20.0955
41.8901 9.7125
7.94464 18.8389
28.9451 13.1869
48.5028 7.6992
11.7928 21.4813
41.9083 10.7156
35.7521 13.5272
30.8492 15.2855
41.9495 13.491
38.5349 14.09
23.603 17.2884
20.0004 19.7611
39.7293 15.1183
16.7716 20.7613
29.537 18.397
11.8702 22.4597
16.663 22.1264
31.7014 22.489
21.5778 24.3328
27.48 22.8509
20.6991 22.8449
17.9805 26.6418
16.8646 22.7237
6.14104 22.3525
-7.66349 25.1836
-3.26901 26.3767
14.9309 28.765
11.1938 27.0392
16.2503 27.9261
11.0181 25.829
9.50795 24.3549
23.4763 30.0399
37.5595 20.2654
45.7336 12.7594
46.0795 13.0692
40.2712 18.4683
31.4302 25.3122
28.1877 29.3409
33.4463 25.5234
39.9792 20.3721
45.3128 15.8573
34.7487 24.8998
37.5982 26.4423
41.3361 25.688
41.6301 26.5691
41.4148 26.7565
36.1962 26.4971
32.6841 31.4675
34.598 27.3883
28.6566 30.5928
26.2689 29.3898
24.0637 32.1985
-1.57111 30.8488
12.1998 32.146
10.2411 32.2379
1.39621 31.3308
11.6091 34.0738
-4.27736 30.6275
6.80155 30.7358
16.9833 31.509
-11.1585 24.4471
-5.46705 44.4734
-0.647607 47.7832
-0.425933 44.4498
-0.843343 41.3174
-6.92466 30.9476
-10.7094 25.5082
-2.72466 36.4782
5.77112 34.4956
2.02575 35.3758
34.8589 33.6129
6.49838 37.0267
17.1962 35.6176
3.00522 37.0135
-0.889209 38.6314
-1.44857 39.7204
0.25045 43.8195
1.62869 38.5601
-0.315819 47.1046
25.8333 37.1
26.3009 38.877
21.2983 42.8929
24.4439 38.8863
7.58912 49.3611
25.6149 37.6019
11.2385 43.1699
3.98967 48.2911
-1.99027 49.1091
-6.27756 44.3593
-10.1569 44.1534
-7.1648 43.2415
-8.93076 38.4671
-10.7066 28.1451
-14.4745 16.4996
-10.403 44.6845
-12.3267 43.4756
-10.8135 48.0069
-14.3392 42.0007
-13.7632 41.5511
-11.2101 41.4596
-13.179 26.3855
-15.3601 23.4585
-14.6402 12.9138
-17.3857 23.5094
-17.6504 26.5827
-19.1395 29.0445
-18.2414 44.9546
-20.2337 34.8334
-22.1858 41.5749
-21.3634 34.6446
-20.7625 31.2882
-15.4944 14.4133
-17.8777 18.5828
-23.5725 32.3275
-19.4006 21.4726
-25.5872 30.8653
-27.6065 33.366
-20.2907 22.7453
-15.3203 12.4052
-23.3706 20.2303
-24.3409 20.4427
-26.7125 20.3082
-27.7909 12.2101
-27.801 9.70513
-26.0384 12.153
-23.5894 17.8709
-23.3153 20.0385
-21.5547 17.3171
-12.2841 -0.235663
-14.5397 1.04653
-16.3971 1.88973
-24.3274 8.30448
-20.1477 8.05918
-19.3528 6.45983
-19.4254 8.73873
-27.8784 8.39751
-36.284 7.85703
-32.4215 22.3791
-32.4253 10.3442
-30.2383 16.8839
-29.3914 24.2841
-30.3861 20.1283
-30.212 26.6903
-30.0463 34.7568
-36.1004 32.8921
-40.6191 23.9886
-38.1999 28.395
-36.5068 29.0245
-41.4467 20.9678
-37.95 0.139535
-40.2017 13.9376
-41.2493 19.884
-41.1766 20.9305
-32.6462 33.8804
-30.974 33.012
-32.9218 20.5667
-36.7029 12.2856
-37.2658 16.7128
-34.2315 22.5035
-38.5618 15.6401
-37.2643 -3.56377
-40.7325 13.0545
-43.1338 20.57
-42.3643 16.6914
-40.8096 11.6655
-36.6145 -6.48653
-41.3781 -14.1814
-43.7932 -9.0894
-47.3845 -7.17638
-45.2977 2.4973
-40.8738 10.6287
-43.8773 5.47176
-48.3823 -0.790744
-44.3718 15.4024
-48.4016 4.92738
-47.1463 12.905
-49.8021 -1.55706
-48.2087 -10.2538
-48.5895 -7.67258
-42.7863 -13.9256
-48.5227 -11.4485
-47.8142 -13.4985
-42.5683 -14.476
-42.5386 -25.8544
-41.2134 -17.1323
-40.2157 -28.9713
-40.453 -25.7097
-40.6491 -13.5044
-37.5656 -23.9713
-37.0106 -28.4506
-37.6836 -27.0429
-38.4183 -27.0746
-37.7897 -28.0263
-36.3318 -31.8275
-39.5899 -27.9907
-35.352 -33.6422
-32.3493 -33.2513
-34.6925 -33.5063
-40.2805 -12.7312
-30.0469 -26.0209
-34.7382 -20.9626
-34.8448 -22.6525
-24.4156 -35.4397
-30.6642 -32.063
-33.6358 -27.4222
-29.2521 -36.1813
-23.0695 -42.3656
-27.8823 -33.9406
-18.9026 -41.6851
-21.6226 -39.3254
-28.9933 -26.7287
-31.7509 -22.2169
-22.2266 -33.7245
-20.5036 -33.5415
-24.1358 -30.7533
-32.3902 -19.5834
-34.3436 -16.7638
-29.1747 -21.1738
-24.3675 -27.7263
-19.2352 -32.7435
-20.5211 -29.6281
-24.2998 -24.3921
-25.8048 -24.677
-28.4055 -22.0136
-32.3721 -17.3528
-35.4237 -13.9993
-29.1303 -19.4143
-29.0441 -18.8572
-21.0611 -24.75
-25.6304 -19.8142
-29.1264 -16.1144
-23.957 -22.5695
-34.7133 -12.9089
-37.031 -15.8219
-36.323 -4.45307
-35.9963 2.44016
-35.2188 0.307524
-30.1639 -9.09129
-27.2297 -10.3511
-28.2221 -9.45241
-22.9724 -11.9583
-18.5276 -16.8345
-16.4886 -24.2785
-15.3507 -39.9394
-14.5853 -47.8062
-16.3309 -22.4825
-10.133 -30.674
-13.0253 -33.8303
-10.8225 -32.8359
-9.08335 -38.9676
-7.21607 -42.7328
-8.38887 -37.6316
-9.05968 -33.3077
-4.69995 -43.8725
-9.0902 -33.0892
-7.15298 -34.2789
-10.305 -29.1385
2.8509 -44.2905
-6.10656 -45.839
-10.9508 -42.9688
-6.8973 -47.254
-2.88639 -49.3241
-1.75536 -46.3802
11.5366 -46.126
4.79299 -47.1256
19.7891 -44.9432
18.0831 -43.9352
7.83575 -45.6771
16.2837 -43.4605
16.2279 -42.9163
28.9471 -38.6497
30.9782 -33.9387
24.8003 -32.7519
27.3938 -34.819
17.4714 -37.826
22.4012 -37.5541
18.6817 -41.2164
5.96226 -43.4949
5.32292 -39.2998
4.89183 -45.7421
0.0226674 -30.9017
-0.324648 -35.7243
4.47162 -45.1497
-10.8397 -28.3527
-14.7098 -20.4878
-7.92967 -29.3671
2.45393 -41.2983
-11.2834 -24.0191
-2.04212 -33.6506
-33.5626 -0.678956
-26.2009 -5.84381
-10.2335 -16.4565
-7.42904 -18.2615
-15.0742 -12.5343
-15.0713 -12.8552
-32.9504 0.795574
-11.823 -13.3966
-6.23206 -16.1858
13.2487 -30.0772
-16.1513 -14.3381
-13.5229 -18.7959
-14.0032 -15.7419
-8.16256 -19.6076
-10.5814 -17.406
-4.05974 -20.916
-11.3249 -21.5255
-6.47595 -21.3446
-8.25826 -23.2362
-0.643073 -22.7796
0.361239 -24.0426
8.40978 -27.5715
2.30668 -27.6619
7.43484 -27.689
9.36363 -30.0605
4.35194 -32.3206
-14.4949 -19.5841
-4.49126 -27.5503
3.01266 -31.7044
3.46355 -35.131
5.72626 -34.429
6.30481 -31.8736
16.3915 -31.0381
13.3102 -31.227
25.0037 -29.9697
25.1606 -30.7455
27.3436 -30.6601
8.92325 -36.0967
15.4953 -35.4691
32.7961 -29.0614
26.9799 -29.6102
22.222 -28.9113
25.1757 -22.6585
23.9303 -28.2598
25.69 -23.4166
37.2645 -32.0849
28.1679 -25.0678
37.0495 -30.6726
23.3152 -21.1333
35.9677 -28.9411
29.7001 -24.9877
29.8549 -23.6956
29.3651 -21.2613
26.6201 -21.4521
26.4413 -22.5145
21.2974 -19.337
24.7016 -22.7912
14.256 -30.3404
-11.5153 -12.2984
-19.7456 -6.63823
10.4689 -22.1644
-2.04223 -13.6338
-24.0756 1.79433
-8.75833 -10.4374
-8.62204 -10.1333
-13.0142 -6.72863
3.18682 -17.3602
-7.98032 -12.4911
-22.9939 -3.58133
-27.7123 -1.32436
-19.0879 -7.99463
-37.429 4.15926
-32.4462 4.2305
-35.719 6.28726
-33.7748 7.00306
-28.3476 6.11392
-24.0338 2.95263
12.7874 -22.6681
-12.7716 -4.66195
-8.05445 -7.51866
-10.46 -5.48489
-27.9333 7.37123
-22.4466 5.99462
8.51576 -17.6161
0.582661 -8.63883
0.363933 -5.74899
15.6319 -24.3671
6.63169 -12.9638
11.0507 -15.7715
8.13048 -11.6648
30.3496 -18.4894
32.8366 -19.8662
31.5912 -18.8249
35.4946 -21.3111
41.5416 -24.138
33.9494 -19.2189
4.45928 -10.54
2.85675 -6.18064
-2.54041 -2.7197
2.38258 -6.43976
-1.47297 -4.64524
0.430458 -7.09605
-1.3655 -9.95575
-13.6187 -0.0923105
-6.77496 -3.4853
-8.12434 -1.86071
-8.3774 -2.55304
-14.3535 4.15927
22.6893 -13.4203
7.75969 -9.85677
36.7477 -17.602
12.2662 -12.2388
19.4535 -13.9389
45.7557 -20.1522
43.1308 -19.1357
28.5977 -14.1523
16.6177 -7.31093
26.1209 -14.4176
9.86026 -4.63072
19.9829 -11.0109
5.72817 -4.03012
7.06037 -4.79064
-9.96597 3.22515
-0.321436 2.57218
3.60494 3.80565
-5.9648 3.24687
-9.79174 4.72515
-16.088 8.97248
-20.2265 15.0016
-18.1007 12.7328
-12.9242 12.053
-7.51736 11.8974
-7.69485 7.89614
-4.30898 10.6037
14.7794 -2.84244
-1.16861 9.15773
36.5699 -16.1024
11.5198 -2.00991
22.1724 -8.19762
38.1067 -17.0224
30.6384 -10.9072
21.7045 -3.72456
11.5654 2.7659
27.5918 -9.08881
19.9107 -4.87374
8.18971 4.10071
6.67135 5.1562
18.3729 -3.73244
3.74589 6.5814
6.86368 6.25741
33.9768 -10.1465
30.9153 -10.5988
42.715 -9.28259
39.3402 -8.972
34.213 -9.25958
22.971 -1.66965
30.7465 -5.1448
23.8722 -1.06539
12.0755 4.77772
24.0531 -1.95121
-10.585 15.0627
-3.54443 12.6332
24.9797 0.897975
28.1531 -0.667469
15.6544 5.64123
19.4032 4.18636
32.5539 -1.65481
2.92515 11.6747
4.95215 11.1933
-10.4264 16.5145
40.9773 -0.0372048
35.3712 -0.958704
36.3338 -2.89108
39.3214 -0.310387
43.9252 -2.18542
33.4056 -6.14792
45.9734 -2.05138
45.901 -10.8714
42.7324 -15.1049
39.6173 -15.4696
44.0551 -15.1593
49.7111 -3.27106
45.0068 4.89023
47.7931 -0.823849
25.072 13.2254
46.6748 -0.139124
36.7218 1.34053
15.3875 8.57095
-11.4251 17.1364
-9.66634 18.5036
-5.2448 17.7042
3.62543 15.477
0.574418 17.4763
26.92 7.05354
34.3118 3.96083
35.1537 4.79366
32.7519 5.20979
22.7474 8.78006
-1.02803 18.8403
-0.346614 18.5602
4.29742 16.8295
15.1055 12.262
2.81086 17.5848
9.68355 17.1237
6.62327 17.6861
-9.78872 21.1919
