7.02151 23.1009
5.70648 -19.2185
5.22112 1.70353
4.62654 19.0969
4.15035 23.9497
3.82208 7.94796
3.13546 30.7341
0.678729 -23.4212
0.0271134 25.9979
-0.650108 -12.2912
-1.72394 2.81626
-2.10418 43.0428
-15.7559 21.4023
-17.8512 41.7859
-20.6929 38.617
-18.6419 -2.79086
-30.3115 36.2359
-30.9411 9.51192
-37.462 23.5594
-41.7741 -9.50414
-47.8964 1.38531
-42.7538 -11.9781
-41.6644 -22.5077
-35.1141 -22.8806
-34.365 6.78533
-30.546 -21.8231
-28.1985 6.03774
-21.1709 -37.137
-24.0167 2.67908
-16.0866 -20.6852
-15.4767 -19.8922
-15.1833 13.4775
-13.6155 -19.4542
-10.3728 -37.7456
-8.09578 26.7616
-12.4071 -24.9904
-14.1753 22.6762
-3.08469 41.4111
-3.96166 -16.2249
-5.10634 -23.4873
-5.32575 -38.2507
-3.10956 -36.775
-2.65041 -0.135425
-2.85848 38.1482
-1.99823 -10.5187
-0.345434 -15.7228
1.00963 -49.4775
5.00799 -44.8438
6.68164 8.29053
6.59048 -42.6628
7.92262 12.2552
8.51495 -15.4224
7.92704 -17.0039
8.8354 -28.6791
10.2175 -20.5513
13.5576 -24.9782
13.7256 -0.137123
13.9283 -21.7245
22.5229 -29.8495
24.4964 10.9408
25.0713 -32.7503
27.9889 -16.3911
28.5476 -24.8832
28.6621 -13.6233
30.8739 -25.5624
31.3856 15.0871
33.1665 -27.5373
34.5566 -17.3678
34.7539 -3.17907
37.5422 -24.2293
46.6736 -6.35848
46.0602 16.8855
36.7241 -9.95098
35.8474 33.076
34.7065 -0.792099
34.6415 20.6408
32.8847 25.4231
29.1354 18.469
28.621 -12.0367
26.4701 -19.3285
26.9394 -8.0343
26.581 31.021
25.5594 -1.46898
25.0428 26.3921
24.5032 38.5311
22.2888 -17.8539
22.2792 -5.14508
17.2943 9.58963
22.1794 -24.4519
16.215 -8.36956
16.2274 38.6372
15.8519 1.22427
15.4221 31.6678
14.6201 22.0033
14.8795 -18.9954
13.9248 -1.88982
11.9556 22.5981
11.2346 29.2857
10.7471 -16.6842
9.01 11.9609
