-2.95785 7.07379
-5.63173 -23.8731
-6.67713 -31.3675
-7.40302 36.3031
-8.5551 -8.18902
-9.52763 -18.8212
-9.48819 39.2973
-12.8568 34.2996
-15.2501 -22.9969
-16.5062 45.372
-18.5754 40.8183
-19.0802 43.0518
-20.4079 9.66106
-20.7423 -14.9042
-22.2687 33.7279
-25.1311 31.0171
-26.7253 11.9767
-26.9441 41.7706
-30.1167 -16.6831
-33.7869 34.7644
-34.0985 23.9383
-33.9614 3.68581
-36.3317 -25.3494
-36.2975 26.9422
-37.0569 10.7376
-38.0191 -24.8506
-38.3153 -18.1558
-41.1975 4.4223
-40.2812 29.1294
-42.1451 5.24636
-42.1264 9.76537
-46.1987 -8.51979
-43.6632 2.03949
-43.4336 -8.76869
-41.3428 10.0338
-40.552 -28.607
-37.4138 -26.0964
-32.7515 -29.0609
-29.9372 -26.5903
-27.8069 14.183
-28.0745 -20.52
-25.3869 9.5861
-23.9933 -37.0773
-24.6179 4.00503
-22.4607 29.6603
-23.1228 5.2016
-23.4126 -39.7759
-22.055 13.814
-20.5001 -24.8722
-19.0813 14.2336
-18.1021 -45.8042
-18.9903 39.3625
-18.8308 34.1799
-17.647 40.4819
-17.8084 25.4839
-18.0271 -6.3843
-18.0962 -27.8182
-16.0712 -43.2371
-14.7736 -38.8521
-13.6771 -21.5146
-13.5914 4.70273
-11.2041 15.2957
-11.1666 -27.8442
-10.9545 24.9147
-9.77517 26.8938
-9.91441 -11.7828
-8.87476 -48.1994
-7.85464 13.9396
-7.88199 -47.059
-6.52451 -47.3709
-6.01423 -40.3999
-5.33882 -26.3548
-3.25633 -43.6522
-1.3291 -27.2671
-0.979255 -4.52348
1.31942 -37.1468
1.94993 31.4536
1.87141 -47.9747
2.18511 27.2348
4.31154 -10.0347
6.29058 -37.2551
7.3776 -23.0561
7.25658 -31.1274
10.1257 -48.7822
16.4148 -39.8299
17.3721 -22.1674
19.3992 -10.6776
19.2135 28.3847
19.4552 8.14179
19.7751 14.3065
20.5717 -45.3211
22.5615 -8.50096
23.6966 -35.6813
24.5645 -8.32561
26.0745 -21.4631
27.0299 -4.12613
28.1993 -24.6831
28.8252 -19.9404
30.3231 5.23595
31.9413 3.65545
32.1182 -19.2277
37.789 13.3958
45.7857 -20.07
49.4396 7.11469
46.8441 0.101097
44.8521 18.0896
40.8225 3.00758
37.0618 27.1485
33.6367 8.7938
31.9304 18.1077
31.1401 31.6582
29.1129 -14.2049
29.3966 4.83736
29.3031 36.3374
28.4012 -22.1921
27.8002 38.8058
28.049 -3.48304
26.9752 33.8339
25.5975 -14.8119
25.209 10.0781
23.4509 -17.6756
22.4232 4.17832
21.7955 -18.4785
20.1776 -1.46049
19.4869 35.071
18.5991 13.5811
17.8205 -9.06836
15.5262 -21.8358
15.5125 26.3203
15.511 -41.1031
11.6026 -32.5404
12.1375 -12.5068
13.5487 -22.1228
12.2691 -28.0902
14.2471 -25.9018
12.3449 -12.8293
11.9746 16.3222
10.4285 -37.1517
9.55515 7.24428
7.84671 -16.6159
4.95531 -18.1504
5.06616 44.04
4.32735 14.9829
2.65401 41.7478
1.67332 46.6413
1.1161 -26.4944
-0.0407722 43.107
0.305071 13.5333
0.748 -14.4911
-0.255485 13.7393
