99.6547 166.968
98.5432 96.7182
98.3374 138.204
98.0267 197.59
97.4556 32.4547
96.6557 187.942
93.9897 198.852
92.4037 193.274
90.7023 180.373
89.9523 166.936
89.4457 90.4095
88.8694 163.672
88.5207 82.2903
88.0569 121.157
87.6857 136.923
87.3734 133.337
86.8065 32.3726
83.5548 201.916
83.8126 162.692
79.6615 190.326
70.7735 196.99
69.7598 120.476
67.553 136.911
67.4467 50.724
66.4792 39.7785
66.5202 146.997
62.9428 159.135
60.9258 93.2071
60.6167 130.524
60.7647 191.722
59.2439 98.0957
59.2503 177.762
59.0169 119.227
57.5596 168.214
56.6316 41.6834
57.113 202.897
56.1021 47.4737
53.6106 32.0804
52.9794 130.289
52.1285 186.94
52.0049 171.654
50.0061 197.246
49.0706 80.0489
48.7309 60.4379
47.7015 91.2183
46.7665 161.505
43.1923 176.25
42.1325 127.326
40.545 149.866
39.3699 122.943
38.8303 160.345
38.2406 61.8666
36.784 202.62
36.5799 100.069
36.0745 193.59
36.649 27.0901
32.8962 11.3001
33.3091 101.552
33.6097 177.932
32.5933 32.8926
32.2994 118.92
31.4286 152.049
31.0447 136.556
30.1613 71.258
29.4786 133.82
28.4755 162.573
28.1834 108.1
26.0068 201.694
23.357 200.404
22.6921 132.799
21.4034 162.419
19.8543 181.861
19.4991 19.3522
19.264 49.3735
18.8008 62.3346
18.7191 108.762
18.1647 171.46
17.0495 122.039
12.5262 26.8187
13.5209 163.916
13.5023 187.306
12.6407 81.0335
11.7361 141.736
12.2702 59.9086
10.8586 19.9645
10.8884 118.167
10.8172 147.841
10.5289 41.0727
10.3051 90.7054
8.13611 179.41
7.92448 98.8868
6.34522 203.14
3.57845 143.881
3.50091 76.8484
2.94158 200.918
2.49307 182.565
2.40208 110.699
2.79359 47.7118
0.583973 103.108
0.50233 61.9297
0.0562923 191.157
-0.815654 130.375
-1.85366 26.5553
-1.91857 122.295
-3.32742 172.288
-3.07652 90.4736
-1.79484 11.9336
-1.64952 22.5311
-0.0603694 148.98
0.137072 71.0058
-0.0256837 161.019
0.807142 3.00275
3.9337 37.2605
6.01973 170.66
6.72865 67.2586
7.66921 49.0162
8.47623 131.416
9.39082 108.558
10.2674 12.0196
12.0359 2.62071
16.2081 83.5737
16.1004 27.2851
17.8216 87.8309
18.6294 66.5455
19.1866 11.7592
20.2248 -0.189794
20.4505 142.454
22.2889 39.5808
23.2117 100.966
23.6933 151.55
23.8906 186.86
26.0404 93.9626
26.1401 192.586
26.5581 168.569
27.1436 41.7668
28.2909 48.3991
28.3871 76.9297
30.2509 23.0946
31.2161 58.7949
32.337 0.228078
37.0436 8.51975
37.5722 76.0165
37.0601 169.102
38.3234 39.566
39.0536 70.3336
39.2826 21.7944
40.2584 137.988
40.9963 50.1227
41.594 -0.754688
41.3714 112.947
41.8266 86.3174
46.384 66.9585
46.7437 151.64
47.0433 100.006
49.2717 40.5014
49.8822 137.188
50.3896 176.363
50.2976 -1.33054
51.9581 117.427
52.1038 49.682
52.5608 106.305
53.5382 11.4439
53.7397 23.7403
57.8758 29.2988
58.1074 60.6531
58.1545 141.426
59.8305 -0.279059
61.5127 67.1165
62.6754 112.165
63.0067 81.0674
63.1701 16.95
62.9646 152.845
63.4722 8.54358
66.1656 12.5589
67.5634 22.9349
68.1925 128.666
68.839 30.1374
68.8308 92.9158
73.0096 57.9234
73.2825 111.645
73.2008 160.006
72.3827 69.1165
72.7668 167.952
71.6444 76.9426
71.0938 101.528
71.3264 190.106
79.5961 182.885
79.4815 50.2904
77.9824 151.523
76.8629 102.335
76.0791 130.906
73.9672 181.446
73.6044 0.517496
76.114 73.846
76.501 2.71868
76.8172 29.5242
76.6169 106.146
77.496 90.0754
77.3819 12.9623
77.6823 121.102
77.8599 63.5108
78.3242 20.2147
80.5607 38.3833
82.4761 138.995
83.3377 78.0062
82.4244 168.933
86.169 40.3673
87.5446 20.5695
87.5791 110.487
87.7068 8.41291
88.5985 63.7068
88.7444 46.432
90.9323 102.647
92.3963 153.732
93.0804 -2.96411
93.5295 68.8973
97.4795 8.83998
97.8431 19.2088
98.3603 71.2438
99.4212 131.239
98.9753 36.2809
100.206 151.899
100.412 112.539
102.379 2.43826
103.137 79.6176
103.287 47.9711
106.668 47.7595
107.809 156.751
107.619 19.3369
108.345 109.864
109.628 7.87645
109.901 101.053
111.894 78.4268
112.67 -0.180899
112.927 37.521
113.282 28.9833
116.065 92.6028
117.23 6.06906
120.34 69.2719
121.448 2.57704
121.726 100.232
122.658 161.882
123.059 136.286
122.977 52.3776
123.289 16.4089
126.977 21.631
127.213 120.671
127.462 37.8816
127.573 108.534
128.481 59.7115
127.959 172.06
127.892 182.051
129.181 100.481
130.51 3.49004
130.903 9.45541
133.315 87.9598
132.931 48.5134
136.835 13.4807
137.071 48.6613
138.097 96.0076
138.322 56.2028
138.81 23.0897
139.912 121.001
140.244 146.095
140.037 -1.47014
140.868 139.914
141.216 89.2505
140.986 131.204
141.5 157.42
142.554 29.5401
143.461 37.0027
146.366 32.8535
147.341 8.66482
148.616 66.1459
149.368 -2.60236
150.519 60.4675
150.731 123.381
152.201 36.9476
153.108 136.663
152.333 19.1175
153.606 127.613
158.073 91.8428
158.616 0.652148
158.995 47.1055
159.009 141.874
159.948 70.049
160.428 38.5782
161.236 18.3856
162.093 27.372
163.031 57.4147
163.491 117.368
163.461 132.068
163.834 177.738
166.303 61.6561
166.2 188.294
168.416 158.905
168.228 50.7856
168.209 97.9174
167.192 92.4591
168.238 13.0971
168.398 140.408
169.308 73.8375
171.545 33.5553
172.077 128.103
173.151 -1.18485
177.048 56.2616
177.912 78.1362
178.801 36.5708
179.416 27.3608
179.99 90.7019
180.459 7.62776
181.539 17.0893
183.366 0.0546162
183.502 117.264
186.973 47.5617
187.929 28.5517
188.739 92.2627
188.923 16.6566
190.51 57.6974
192.074 6.70713
192.491 169.891
193.446 1.63515
193.574 157.246
193.94 146.169
193.904 109.897
198.103 39.4415
198.204 111.151
198.442 17.5353
198.744 70.5796
199.007 2.23307
200.139 10.3158
202.142 142.719
201.906 48.7478
203.904 187.724
202.393 116.914
202.444 86.5745
202.242 148.277
200.762 79.7661
200.959 131.469
199.522 30.1352
199.68 176.28
198.478 61.4105
198.122 172.657
196.876 201.048
197.038 158.342
196.066 96.8258
192.453 187.444
191.505 140.363
190.18 73.5839
190.152 199.597
189.142 76.5748
187.594 180.136
187.57 37.7946
187.419 103.846
187.158 118.282
186.689 126.476
183.861 139.473
181.48 179.59
181.199 128.134
181.17 49.1942
180.661 191.722
180.955 106.279
180.16 159.492
179.268 96.6554
179.163 203.925
178.311 147.328
176.241 69.9053
176.979 169.826
173.958 77.8509
173.95 17.2405
173.221 39.9188
173.324 169.582
172.597 183.319
171.612 111.599
171.044 151.877
169.949 118.018
169.082 199.432
163.033 187.077
162.842 83.8294
161.453 102.572
160.558 199.106
160.334 108.595
159.273 169.649
158.865 148.6
158.627 13.0959
158.139 162.738
153.555 192.983
151.627 111.177
152.095 198.001
151.199 160.101
150.386 103.351
149.28 149.126
148.945 87.6147
147.647 52.5955
148.347 181.51
146.928 78.072
146.849 166.491
143.323 106.609
143.923 193.233
143.091 77.4431
142.292 176.321
142.092 198.22
140.542 167.185
137.167 72.9253
133.543 76.3224
133.086 149.72
132.576 71.0391
131.553 139.076
129.043 193.536
128.78 131.451
127.689 197.497
127.032 156.906
126.226 27.0516
122.145 193.086
121.663 130.761
121.507 203.149
121.242 57.4094
121.059 32.9257
121.171 169.994
120.496 123.821
119.364 147.519
117.804 111.901
117.539 40.9919
116.776 183.304
116.614 82.0263
113.593 143.573
113.119 152.476
112.993 62.985
111.868 93.693
111.553 200.161
109.363 122.818
108.369 126.843
108.189 172.336
107.346 191.856
106.671 178.828
106.51 69.5848
103.907 121.537
103.128 91.5035
102.688 158.645
102.732 60.3024
100.247 180.5
