1.53137 34.8558
1.33461 -17.6643
1.0945 -15.7497
1.26309 9.60398
-1.55696 -41.432
-2.24198 12.9515
-2.97158 -44.8127
-3.78708 24.1228
-4.01303 -10.3574
-3.94205 15.6508
-4.66179 -31.8158
-6.26407 -0.80471
-6.36943 -26.2326
-9.74117 -0.667259
-9.63072 -42.9804
-9.91782 20.6769
-10.4596 32.3274
-10.1277 -29.1686
-11.2 46.772
-11.8055 4.35404
-13.023 -21.9093
-13.743 -12.0835
-14.9214 4.80131
-15.2596 30.573
-16.4735 -38.3559
-16.9825 6.8043
-18.3817 3.43181
-18.8854 -17.3083
-21.0271 -36.4309
-21.4008 -38.5324
-20.7273 28.3182
-20.9431 -34.6195
-18.8172 28.6326
-21.5629 30.7324
-22.1714 -15.6175
-23.1608 -34.1877
-23.3041 -1.43914
-25.4455 -13.483
-26.4861 24.6572
-26.4114 -41.6146
-26.4945 25.619
-28.1721 -26.6563
-29.1108 -8.62854
-29.7714 26.7717
-30.2574 -23.2438
-30.3446 -20.4779
-31.1069 30.4894
-31.8272 3.01299
-32.2619 24.4271
-32.4315 29.0749
-34.4531 -0.494904
-34.6434 24.8309
-36.0034 -1.97571
-36.4382 -14.6113
-37.8845 -14.6378
-39.8852 0.331233
-41.2147 -22.3551
-41.7607 -8.98172
-44.725 -1.56325
-45.262 -3.0506
-45.736 -4.07668
-47.251 5.6858
-45.7591 17.9463
-45.0401 1.99546
-44.4673 10.917
-44.1612 14.5588
-42.6967 23.5749
-43.3307 8.39437
-42.0253 -5.64707
-42.3291 7.531
-40.5105 14.5949
-39.418 8.22714
-37.589 -5.59634
-35.2482 29.3003
-31.924 31.457
-30.0778 34.1755
-28.6075 5.67288
-27.7072 24.8107
-26.6156 37.571
-24.3446 22.2848
-22.8385 4.97987
-22.8334 -22.0553
-22.5377 39.0728
-18.765 31.2297
-18.38 37.2271
-16.4192 20.5154
-15.7237 37.8949
-13.9879 41.5469
-13.2163 -3.56395
-12.3646 46.6041
-10.9949 47.8298
-8.64349 -5.55344
-6.50191 -14.4952
-6.11782 24.8927
-4.90277 30.6918
-2.3083 39.9768
-1.60413 3.60359
-0.142902 47.7727
1.37501 22.1699
1.66459 46.1125
1.80206 21.8019
2.77626 45.3349
3.58716 -31.2678
3.47031 -0.535012
4.74314 9.4884
4.84222 -29.3539
5.74801 46.7013
8.30941 22.2005
9.56758 35.3911
14.3134 41.3216
15.1642 -11.5751
15.9672 23.3845
16.5585 13.7803
17.5022 38.688
21.3725 41.3019
21.6541 2.13099
22.3956 30.5754
23.5626 35.3681
23.7161 35.1594
24.6152 31.449
25.2409 33.8346
27.16 9.3084
27.5603 27.8753
28.5387 27.9327
28.9365 37.58
30.7574 2.6705
30.7926 13.2163
31.262 30.2317
32.2339 36.5769
33.3918 -30.2892
33.8531 -4.60805
33.7104 -32.6098
35.035 18.9608
35.1364 20.0255
36.5084 -12.1473
37.4048 16.9654
38.4511 29.8268
39.5137 14.2758
40.5704 -11.952
45.7966 -16.5699
40.724 2.54311
45.6695 13.958
48.4038 2.25017
48.8572 -2.18401
46.8846 -15.7272
40.3523 -26.6482
39.1089 16.1177
39.1922 -28.4436
37.4662 -10.5852
36.4998 -18.1562
33.5195 -36.3276
32.6798 -2.58932
32.7035 -35.7368
30.5779 -15.6479
29.0849 -33.4345
29.4145 15.9325
28.098 4.89871
27.9533 -30.6279
27.3643 14.1886
26.6567 -11.5316
26.4369 -11.3075
25.7176 24.297
24.0908 32.7993
24.3651 7.14156
24.3763 -23.77
22.8338 -12.8281
23.6053 32.9582
22.1257 -39.9364
21.043 6.5801
20.5749 -31.6774
19.6196 -16.4672
17.8703 -32.8956
17.8555 -10.1409
19.4203 33.2179
20.0405 -10.0467
20.8439 37.5942
17.8388 32.0522
16.7503 11.8327
16.5238 -7.56208
15.5539 -5.23721
15.3436 -38.8182
14.5574 5.03186
14.4699 -34.4374
10.5408 36.3559
9.84806 -2.54168
8.67571 6.96627
8.09335 -41.5413
8.13809 19.2345
7.35976 5.33566
7.20656 -39.7572
6.99091 -6.40829
6.67634 16.4981
6.3897 -48.4384
5.72974 8.71761
4.90709 -35.5523
3.13959 -40.9724
2.74848 -36.8337
2.60962 16.5818
1.96538 8.69301
2.41107 -27.8451
