128.658 146.87
128.501 230.365
128.266 181.085
128.205 23.4971
127.454 162.276
127.632 46.8706
126.609 191.23
126.552 127.022
126.483 116.072
123.201 119.197
122.003 171.278
121.621 86.0603
120.674 -3.80991
119.733 9.56051
118.65 27.2456
118.292 39.9789
117.608 129.432
117.253 58.0647
116.315 140.132
113.703 91.9532
113.546 30.4151
113.432 10.6259
112.839 23.7477
113.314 42.3915
113.255 103.134
112.827 171.445
112.572 121.929
111.49 162.53
109.595 -1.43777
111.02 211.853
109.481 219.133
108.285 67.3571
107.667 47.6073
106.093 196.446
103.049 139.676
103.617 22.7869
102.314 40.339
102.373 222.201
101.918 3.34794
101.68 13.76
101.602 46.1282
101.514 93.8918
100.564 119.962
100.026 150.241
99.6916 187
99.58 31.0287
99.4477 173.931
99.0846 159.306
98.4731 209.918
97.9918 62.9432
96.437 79.7233
92.9359 50.1618
96.1646 97.5999
96.378 178.293
90.4297 69.3708
90.356 161.511
89.2472 -2.74869
88.7873 19.8545
88.3269 200.473
87.9259 79.1682
87.7535 42.7199
87.3045 177.39
87.4506 10.5918
86.3804 108.674
83.8125 77.955
83.3693 123.042
81.8959 202.065
81.656 149.221
81.3351 206.089
81.0283 39.9586
81.2641 190.336
80.7341 229.171
80.8563 46.6466
79.7201 18.0803
78.8294 8.57064
78.9421 171.825
78.2829 70.4592
78.1805 63.5075
77.2059 -0.260073
76.7622 92.4687
76.162 29.2883
73.7106 16.3255
72.5721 46.236
71.4791 150.442
71.4313 8.39702
71.287 99.3746
70.4552 31.7845
70.3355 43.7211
69.7319 208.71
69.3586 223.373
68.558 109.197
68.1969 230.607
67.4794 87.8416
66.6389 189.334
66.5209 142.211
66.4209 -0.262518
66.5276 180.22
63.7096 70.6044
63.4454 136.369
62.7427 48.2078
62.6004 178.362
61.4934 37.6739
62.0781 190.538
60.8618 18.5156
60.1787 100.209
59.7839 147.771
58.6241 113.616
58.3247 201.395
57.5117 213.022
57.4043 -0.878429
56.9764 128.023
56.326 12.2829
56.2064 29.5306
53.5052 39.908
53.1569 131.437
52.4007 83.9683
52.2864 91.6999
51.5889 232.02
51.1823 13.2016
50.0643 167.017
50.346 100.045
50.2186 61.4462
50.118 49.7297
49.6093 20.7706
48.7395 197.519
47.5804 182.755
47.1516 32.9702
46.1434 -1.50748
46.0954 67.5543
42.6606 176.876
41.2658 92.7905
40.2466 122.577
39.6263 1.17765
39.6155 198.548
39.4196 83.6084
39.0377 36.8835
38.2066 23.4624
37.9525 73.5635
37.3074 32.509
37.262 47.9697
36.9227 191.706
36.3077 9.15098
32.601 151.759
32.2324 203.629
30.4839 36.9262
29.7062 69.3476
29.4035 0.490259
28.9851 117.969
28.6756 19.8971
27.9522 56.4628
27.0838 10.2831
26.3387 142.513
23.8415 208.002
23.724 86.9739
23.3402 -0.407987
18.4871 73.4429
18.2295 47.1985
17.6296 31.2889
16.9497 98.1089
16.48 191.327
16.3072 17.154
16.4332 182.576
13.7716 13.8082
12.6425 39.4421
10.4045 219.043
11.4934 -2.36106
9.50744 109.725
8.54122 27.1167
6.86302 71.1342
6.76141 156.902
3.60313 136.95
3.2668 76.1092
3.34606 172.165
3.03346 88.8967
1.75227 -2.52154
1.19477 209.978
1.08408 98.516
-0.784205 229.684
-1.04168 51.566
-1.38002 62.1181
-1.51744 201.76
-2.50295 8.02236
-2.96858 19.2191
-3.22033 27.9999
-3.45365 132.895
-3.3297 177.895
-2.70693 73.716
-1.98965 111.06
-1.53348 241.4
0.212088 260.349
0.983048 248.241
1.83159 121.509
2.23365 42.7407
2.93254 148.784
1.91919 191.685
3.11075 161.685
3.69693 223.344
6.67629 173.874
7.71229 259.044
7.79586 59.6543
7.92222 79.7965
8.67596 123.346
9.13913 90.8065
8.75846 236.685
9.03732 183.991
9.71349 203.775
9.60487 150.973
10.7652 53.2276
10.2453 247.707
11.178 189.959
11.7511 128.121
11.854 207.888
12.3448 230.686
12.8116 99.922
13.6576 17.2691
13.7677 138.523
16.095 232.764
16.6463 202.511
18.0835 63.9761
18.6247 126.437
19.2092 137.374
19.9842 117.355
20.0622 238.598
20.2357 79.8351
21.8227 40.6802
21.5865 168.165
21.9102 246.418
22.0831 222.968
22.783 110.62
21.8722 146.871
23.184 6.88968
23.444 162.73
23.6375 256.968
26.7658 220.176
26.8926 212.656
27.1547 156.247
27.1449 32.623
28.3262 100.196
28.0846 250.97
28.7031 48.1931
28.8017 177.087
29.1937 93.2224
29.2746 242.073
29.7235 108.325
30.7231 233.41
30.7342 76.8872
31.3218 166.309
33.0145 258.142
33.3163 189.266
33.7321 129.884
36.6404 167.77
37.2651 242.645
37.8774 110.784
38.3878 141.009
39.1124 158.227
39.1549 96.3024
39.2184 59.0426
39.7565 260.685
39.9855 232.092
40.5482 146.272
40.6338 133.434
42.3815 217.795
43.0853 248.184
43.817 209.296
46.0609 139.01
46.3461 209.662
47.5145 261.256
48.3104 248.967
49.3738 148.636
50.3657 190.839
50.9091 121.408
51.5516 236.054
52.2753 159.973
53.106 216.527
53.7407 111.019
56.0442 62.0059
56.5022 169.796
56.8526 222.607
57.332 80.6484
57.195 252.025
60.7615 121.508
61.5952 228.679
61.8684 242.111
62.7516 263.575
63.0383 91.871
63.5691 160.725
66.9653 248.107
69.792 260.014
70.2984 159.286
71.2154 130.663
71.2366 236.996
71.4008 168.607
71.4406 62.7027
71.4651 199.158
72.3937 83.9874
72.6785 122.293
73.3429 66.5418
76.2201 162.956
76.6038 131.888
78.7737 219.123
78.9747 183.158
80.2969 101.16
80.4588 256.438
81.8891 249.446
83.3292 241.443
83.4368 142.532
83.8183 112.896
86.1053 170.406
87.858 192.319
87.8558 116.096
88.3475 231.894
88.7824 217.614
88.6165 130.102
88.9236 146.947
89.0247 32.0817
89.1879 62.19
90.1611 237.049
90.2939 259.379
90.4441 87.8226
90.8505 206.581
91.5828 139.185
92.4514 251.369
91.7242 102.244
96.6761 227.176
97.1334 113.27
97.9885 249.256
99.6798 197.096
101.43 131.56
101.727 70.7466
102.018 243.223
103.974 262.734
106.899 256.22
106.142 191.938
107.049 129.131
107.54 143.533
107.708 58.9512
107.751 176.616
107.873 106.876
109.143 241.958
112.727 253.277
113.577 76.1335
113.71 148.828
113.895 228.747
116.627 178.512
116.635 221.445
117.187 193.221
117.384 113.089
117.336 226.268
117.63 146.497
118.718 99.0968
119.363 236.705
119.595 71.1791
120.535 16.1454
119.783 209.623
120.856 80.3041
120.979 48.6688
121.627 259.938
121.928 196.38
122.054 250.179
122.6 157.49
126.357 217.788
127.91 167.135
128.129 113.566
128.306 207.295
128.685 258.261
129.281 80.2361
129.242 58.0344
130.783 237.989
130.178 8.20178
132.122 37.363
132.907 248.965
136.204 79.5045
136.314 198.152
136.421 212.183
137.481 218.277
137.753 118.189
137.987 259.098
140.151 86.3701
141.671 138.251
141.754 248.3
141.87 159.656
143.725 243.49
146.5 81.4451
146.811 99.0823
146.616 189.622
147.743 110.461
148.026 182.321
148.512 196.008
148.916 146.705
148.541 241.623
149.051 129.21
149.401 248.485
149.799 229.755
150.488 41.6433
150.935 9.3289
151.169 259.271
153.053 172.06
152.197 157.602
151.977 216.693
151.872 56.118
153.091 51.9157
153.236 213.136
156.556 191.435
157.109 221.82
157.18 23.9864
157.643 151.924
157.645 33.6057
158.923 177.725
160.042 258
160.313 136.946
160.698 209.257
160.934 86.179
160.791 243.812
161.591 248.783
163.007 202.148
161.581 157.594
163.307 61.2534
163.578 98.5331
167.008 173.379
167.301 218.634
168.408 106.868
168.414 213.187
168.426 101.652
169.1 191.186
168.877 57.2216
169.289 261.587
169.74 176.213
170.34 70.4691
170.702 132.122
169.979 230.187
171.174 81.2108
172.245 243.995
172.428 248.254
172.96 143.042
176.778 133.632
177.071 183.092
177.285 81.8994
177.536 232.668
179.336 239.21
180.123 102.644
180.235 246.823
180.791 221.575
181.351 203.304
182.508 136.315
183.307 120.028
183.687 258.726
186.738 51.9253
186.921 241.99
186.917 77.9387
187.657 89.4004
188.075 213.903
188.869 257.424
189.881 179.26
190.519 223.332
190.981 68.6084
191.338 246.78
192.487 147.966
192.55 97.6795
193.876 199.269
196.677 246.804
198.848 261.342
199.073 83.711
199.649 188.587
199.947 139.163
200.207 161.318
200.549 182.736
200.681 7.34307
200.875 52.7181
202.373 216.773
202.576 236.999
202.827 120.91
203.514 233.712
206.566 79.5414
206.543 142.887
207.242 239.091
208.896 258.646
208.903 157.628
208.899 116.416
209.197 102.499
209.592 63.2936
209.965 222.426
211.185 43.9478
210.849 129.685
211.615 198.625
212.375 227.831
213.545 246.223
217.028 252.858
217.587 202.087
218.365 98.974
219.015 133.791
220.051 258.697
220.079 221.207
220.104 17.7441
221.355 226.768
222.781 171.192
222.92 73.2029
223.243 207.096
228.024 219.142
228.172 210.655
227.959 102.655
228.909 260.176
229.164 69.3739
229.395 106.309
229.79 158.636
230.281 81.6569
232.054 241.484
232.059 116.012
233.139 232.278
233.642 253.687
236.259 212.716
236.652 228.754
237.797 86.7444
239.038 262.249
239.794 131.798
241.028 237.421
241.154 189.813
241.937 151.668
242.202 121.859
242.73 248.322
242.784 159.174
243.416 202.356
243.779 143.812
243.968 112.879
246.452 193.5
247.999 81.0558
248.368 120.457
247.961 256.224
248.173 221.415
248.824 43.7127
249.07 251.83
249.807 89.0768
250.233 176.885
250.694 242.202
251.585 210.204
251.762 156.584
257.112 109.158
256.566 258.557
257.969 129.647
259.316 241.026
260.222 103.1
260.201 29.1868
261.613 62.0335
260.507 180.952
261.409 230.887
261.33 140.224
262.479 249.389
263.894 218.446
263.995 189.102
263.997 116.247
263.651 150.541
263.553 209.072
262.333 50.3007
259.64 -3.77591
260.048 68.4239
259.415 173.863
259.19 38.6461
259.2 196.027
258.613 91.5879
257.679 13.7673
257.588 158.079
257.475 20.8947
256.254 80.653
253.645 128.776
253.618 61.7271
252.327 98.5984
251.6 168.01
251.481 197.578
250.775 53.3982
250.838 229.903
250.559 10.7565
250.16 141.678
249.571 18.4709
248.825 2.34311
248.717 31.8202
246.993 66.0598
246.409 109.057
246.007 147.296
243.978 3.70519
243.591 172.435
242.229 83.0474
241.573 97.2336
241.342 179.998
241.255 16.1374
240.996 216.58
240.242 26.8638
238.816 37.577
237.803 56.6613
237.901 71.6566
236.73 8.29869
236.442 51.3931
233.391 183.093
233.198 201.189
232.725 186.444
232.219 49.5135
232.211 128.763
231.968 30.2879
231.736 0.239112
229.917 86.89
229.904 57.7248
229.657 137.133
228.867 19.9241
228.69 36.8201
228.474 152.522
227.61 7.90134
227.16 172.541
223.781 117.629
222.497 32.335
221.755 146.296
221.741 2.62868
221.021 107.929
220.836 137.401
220.566 77.0784
220.834 46.0567
219.983 6.97154
219.608 178.903
219.368 36.4284
217.86 89.0859
217.869 157.324
217.295 191.281
216.824 237.521
216.202 62.1787
213.187 190.82
213.528 150.407
213.031 12.2287
213.238 108.798
212.842 179.484
212.228 173.676
211.515 49.0968
210.675 28.1951
209.083 23.3881
208.934 89.2234
208.332 209.099
207.565 1.72729
206.775 68.391
203.568 170.228
203.145 62.0209
202.655 90.2005
202.614 99.9549
202.308 209.437
200.621 -1.91308
200.311 30.8018
200.214 150.505
199.672 111.78
199.374 36.0264
198.694 73.4218
197.833 130.723
197.024 199.124
196.336 19.9122
193.157 131.045
193.284 2.97014
191.417 233.528
191.606 113.419
191.114 37.1879
189.966 157.426
189.65 57.7207
189.783 137.006
188.695 168.383
189.245 18.279
188.627 119.324
188.314 192.472
187.811 13.2378
186.339 26.1543
183.791 90.1812
182.86 69.0768
181.83 172.259
181.57 7.33864
180.928 110.468
180.801 213.103
180.536 190.304
180.075 42.2735
177.747 157.828
179.327 -0.389571
178.635 53.9881
177.731 153.034
177.318 61.9994
176.334 27.1086
176.186 20.2975
173.662 2.28728
173.024 22.0599
172.076 160.975
171.426 11.1308
170.893 29.3031
169.602 122.28
168.762 37.1214
168.263 90.4166
167.266 199.423
167.104 148.538
166.537 49.2376
163.346 48.7958
162.346 73.4342
161.576 117.5
161.009 11.2008
160.642 129.259
160.383 80.8071
159.758 226.975
157.861 42.6112
156.941 0.425199
157.004 171.242
156.749 111.397
153.148 31.8529
150.202 1.14318
150.143 116.895
149.073 20.3581
148.384 141.473
147.753 88.9957
147.261 72.6818
143.994 63.3566
143.145 112.104
141.971 -1.60314
142.79 166.109
141.198 8.91221
140.285 68.248
139.969 98.0885
139.16 19.3229
138.392 131.748
138.554 39.4499
138.13 181.563
138.841 189.886
138.103 233.052
137.668 29.7533
136.413 149.188
136.179 51.0958
133.165 202.516
133.017 102.565
132.684 137.379
132.318 87.1201
132.252 29.0112
130.137 1.12433
128.84 72.0126
