142.588 29.2371
142.195 127.269
141.917 -2.39861
141.894 106.807
140.761 138.32
140.018 216.353
139.431 9.45614
139.586 182.05
139.267 186.703
138.131 23.3545
136.795 72.9387
136.506 241.336
133.471 141.838
133.273 92.3525
132.858 30.0334
131.883 82.3256
131.666 62.7786
130.896 100.277
129.683 162.254
128.869 10.317
128.314 37.8104
127.541 3.07471
127.813 198.889
127.749 116.488
127.609 16.6004
127.893 52.1182
127.902 237.878
128.41 71.964
129.04 273.94
127.136 232.508
126.608 128.769
121.062 2.46735
121.063 86.6908
119.77 182.49
119.722 18.8716
119.128 33.8747
118.847 128.201
118.673 236.146
118.147 68.1798
117.839 59.9162
116.487 230.459
116.077 138.536
116.421 8.60356
116.005 123.055
113.538 59.0744
113.388 30.916
112.26 143.108
112.157 1.4892
111.649 220.202
111.317 80.0835
110.717 37.0144
108.659 170.118
107.826 13.7878
107.447 23.1824
106.968 213.971
106.607 149.842
103.929 229.148
102.927 116.238
102.625 69.853
101.735 36.7975
100.86 219.668
100.636 137.889
100.405 96.0061
100.219 239.94
99.7717 79.2426
100.033 256.685
99.1127 90.6152
98.5407 18.4507
98.4093 8.89977
98.0525 31.5852
97.6595 130.835
97.1546 1.59956
93.6106 226.444
93.6583 19.1288
92.355 160.852
92.2068 142.387
91.5293 198.354
91.7155 57.4111
90.6966 183.707
90.3162 209.085
90.5115 32.9408
89.4951 110.875
89.5892 47.6082
89.1232 10.1897
88.983 191.025
88.6911 39.3163
88.5578 -0.232856
88.1779 91.8469
87.2297 81.2162
83.4652 81.1359
83.4415 198.165
82.9721 -1.77837
82.1557 179.06
82.7148 7.84573
81.6599 142.555
82.5229 259.51
80.1677 117.856
80.0831 20.6813
79.1726 26.0195
78.3635 160.251
76.7834 36.9412
73.2553 59.5681
72.8316 118.464
71.8138 76.9938
71.6612 190.96
71.4256 91.7677
71.2506 243.443
71.1804 40.5015
71.1054 173.871
70.6031 22.5412
68.9657 -0.595931
66.8141 143.674
66.1937 7.51529
66.326 132.375
66.4898 208.471
66.1649 222.19
63.4534 26.0972
62.6719 122.066
62.4877 187.019
61.2393 17.2608
60.8064 -3.22999
57.9711 197.546
58.1131 11.5606
57.6748 163.703
57.4702 258.934
57.2059 97.6377
57.2524 226.529
56.7176 63.46
56.1766 128.727
56.0194 106.329
53.5412 26.5997
51.6857 68.145
51.9236 157.931
50.9369 17.2255
50.7272 178.714
50.4562 108.532
49.6217 151.54
49.2619 190.354
49.2128 8.98953
48.2957 128.752
47.8624 216.712
47.3435 1.71474
46.1646 41.7409
42.7088 13.6618
42.8367 49.8032
41.1428 3.34263
40.6455 127.016
40.171 87.0211
40.2003 212.639
40.0225 146.633
39.5844 40.6315
39.2475 117.864
39.0318 57.5099
38.9615 69.9457
38.5832 159.213
38.0751 168.538
38.012 263.118
37.4234 200.732
37.3708 22.5111
36.925 110.348
36.5726 183.873
37.2453 247.153
33.6679 89.6758
33.4856 193.631
32.862 139.383
32.0724 21.2144
31.3983 113.611
31.2577 247.529
30.9698 53.6118
30.3208 117.805
29.681 8.97044
28.5052 63.01
27.2972 -0.409522
27.2773 179.17
26.6244 101.892
23.5368 109.727
23.6725 26.8407
22.7209 73
21.8061 209.062
21.7692 151.885
21.4037 216.668
21.5535 3.34332
20.7821 181.93
20.3395 9.2006
20.2051 228.702
20.1297 83.625
18.9664 40.4664
18.3659 22.1258
17.36 139.974
16.8924 161.174
16.8442 46.266
16.3148 120.741
13.3859 86.3199
13.1174 169.53
13.0022 29.6573
11.6527 -0.983553
11.2627 140.137
10.023 9.18016
9.16221 52.6611
9.14037 203.089
8.46934 59.499
7.71654 18.0555
7.51268 186.769
6.97458 80.7464
6.15826 181.484
6.21918 227.271
3.63877 63.9145
2.65347 93.6856
0.582444 171.401
0.92377 29.8681
-0.273306 -0.185046
-0.414894 96.998
-0.782179 51.6208
-0.569896 227.681
-1.40498 113.229
-1.16734 250.185
-1.65095 220.387
-2.23989 69.2339
-2.23064 181.035
-2.47452 76.3046
-2.49253 157.713
-3.3968 11.9035
-3.48031 40.5973
-3.5718 242.672
-3.57234 271.582
-2.84921 118.612
-2.47997 192.552
-1.80273 212.925
-0.990566 262.801
-0.467924 283.189
-0.263805 17.1553
0.051436 136.624
0.354569 197.613
2.28607 128.692
2.39663 291.403
2.66744 153.743
6.57805 267.099
6.91033 132.603
7.20296 238.232
8.00629 219.777
8.25947 111.322
8.71585 263.709
9.37833 277.069
9.52109 120.675
9.48607 42.1549
10.3222 69.4976
11.3794 157.115
11.3065 210.805
12.0343 252.02
12.7483 97.276
13.6663 289.745
13.9285 153.076
16.4076 169.962
17.0066 186.173
17.7482 293.969
18.7349 102.542
18.9046 279.69
18.7042 63.5948
20.0624 91.7848
19.8958 198.424
20.417 252.807
20.9775 256.868
21.621 236.577
22.9035 133.605
23.812 269.611
26.4057 239.423
26.8596 173.449
26.7171 282.861
26.8483 206.7
27.4773 196.077
27.4418 29.7931
27.9379 133.757
28.6895 286.857
28.7493 70.9074
29.588 42.5379
30.9161 232.913
30.964 79.2762
30.9801 221.96
31.2897 257.677
31.6655 148.608
33.3058 269.046
33.6644 163.882
38.023 268.421
38.4217 286.741
38.6956 188.871
38.8636 103.811
38.8207 220.024
38.9202 81.2219
39.1786 140.495
40.145 280.769
40.3948 228.962
41.0281 237.476
41.277 33.6641
46.5717 119.759
47.5996 231.074
48.0835 212.521
48.8922 250.082
49.8749 142.194
50.7171 263.804
50.9661 290.477
51.4846 171.793
51.2115 87.7373
52.5399 279.854
52.5408 100.285
53.1156 63.7682
52.838 239.549
53.4035 50.8149
53.5686 201.044
53.6021 266.266
53.6295 82.8804
56.0902 207.487
56.1901 141.542
56.3422 223.158
56.9149 290.598
57.4831 267.004
59.7977 80.7156
60.3922 183.899
61.0398 148.666
61.709 252.456
61.4484 50.9162
62.6911 237.483
62.9752 90.2145
63.04 276.781
63.5301 37.4468
63.7465 70.6866
63.7308 166.156
66.8081 253.573
68.3128 180.11
69.0143 32.9728
69.3172 268.841
69.4233 97.2778
70.3725 232.72
70.4361 53.603
70.7543 73.0448
70.7829 153.477
71.2939 256.228
71.6874 203.502
71.7809 160.775
72.7351 291.103
73.0066 109.708
72.8647 281.743
76.0368 148.208
76.3391 289.398
76.2069 190.893
76.7825 49.6267
76.8682 92.1735
77.2082 73.3801
77.2662 96.0683
77.4293 167.403
77.9054 221.399
77.481 128.142
78.3322 242.989
79.6901 57.9157
79.6028 208.694
80.1219 110.544
80.4903 253.248
81.5099 272.434
82.74 283.043
83.7051 226.823
86.7626 293.794
86.4128 127.903
87.8743 122.061
88.6641 269.143
88.6865 103.488
89.0275 261.844
89.2609 67.583
89.3638 148.498
89.6171 236.743
91.4966 217.496
92.4247 173.914
92.4731 253.643
93.5967 283.842
97.5026 160.724
97.8587 151.139
98.5 46.0286
99.1644 196.357
99.6612 291.597
100.929 247.805
101.293 187.326
101.076 210.711
101.829 57.9372
102.201 181.93
102.769 110.891
102.691 271.701
102.77 168.443
103.548 279.171
106.045 180.065
106.59 200.295
106.15 231.029
106.604 248.378
107.614 281.814
107.877 163.21
108.51 273.7
110.1 259.138
110.553 193.044
110.168 99.6838
110.871 67.7661
111.768 288.324
112.95 109.511
113.327 51.3989
112.834 239.988
113.595 122.865
113.847 130.215
113.853 90.3745
117.118 282.088
117.934 167.051
118.511 290.341
119.03 218.564
119.022 97.1618
119.352 207.801
120.203 197.322
120.451 262.19
121.023 112.109
121.156 149.67
121.353 247.182
121.661 40.0141
122.414 188.02
122.854 49.4502
123.743 80.5033
123.559 161.047
123.881 269.009
126.417 178.584
127.031 249.853
129.334 292.206
129.439 206.639
131.135 258.59
132.035 146.008
132.119 223.376
132.713 168.953
132.984 111.609
133.066 282.81
133.892 191.97
136.35 259.571
136.997 266.072
137.049 99.9998
137.558 93.7476
137.687 83.2049
138.087 46.3071
139.257 201.125
139.209 281.888
139.348 229.781
141.732 248.179
141.108 158.144
142.019 167.479
142.752 122.691
143.203 291.436
142.916 38.4349
143.261 149.45
143.598 213.97
143.825 57.6232
147.115 60.871
146.896 126.898
147.593 186.506
148.281 181.144
149.075 243.225
148.03 157.381
149.702 283.397
150.305 107.791
150.427 138.656
150.789 216.294
152.367 268.181
151.95 286.237
152.532 262.666
152.781 201.14
152.688 102.456
156.134 148.042
156.337 107.444
156.706 289.617
159.45 261.877
159.47 212.61
159.87 253.315
160.215 132.183
161.402 143.565
163.21 280.681
166.405 257.512
167.562 271.42
167.979 100.168
168.723 177.618
168.689 92.9618
169.225 106.037
169.86 147.398
169.198 79.3221
170.754 131.204
171.195 209.147
171.952 293.956
172.544 279.235
172.528 63.8259
172.718 252.735
173.83 240.865
176.108 130.679
176.311 212.97
177.861 276.02
179.286 239.631
180.973 140.626
181.195 287.637
182.077 227.714
182.316 170.176
183.472 268.166
186.165 98.1421
186.65 270.672
187.288 233.497
187.89 113.395
188.299 213.607
189.237 143.926
190.042 190.11
190.086 257.014
191.226 288.112
191.71 116.365
192.708 283.192
193.269 77.1629
193.57 176.776
196.112 70.9954
196.452 12.0049
196.619 240.425
197.111 97.8629
197.146 206.824
197.51 279.999
198.052 179.077
198.682 216.095
198.845 293.217
199.047 138.595
199.575 266.084
199.889 188.644
200.823 39.2417
201.483 231.362
202.143 259.415
202.562 170.428
206.509 146.752
207.167 42.074
207.362 247.573
207.562 197.053
208.028 273.229
209.581 172.37
210.282 276.615
210.65 286.303
212.228 140.495
212.389 97.4293
213.017 232.107
216.625 39.1127
216.3 106.146
216.849 229.199
217.541 167.593
217.584 287.248
217.979 238.369
217.824 181.666
219.073 279.983
219.42 63.8591
219.808 251.345
220.302 141.032
220.937 87.3432
220.492 263.41
221.437 267.657
221.55 210.698
222.536 223.704
222.669 189.337
227.316 47.1768
226.562 148.275
226.85 268.875
228.198 199.472
228.333 229.262
229.101 258.928
229.877 91.0301
230.023 248.766
230.372 69.9985
230.798 209.767
231.52 173.976
231.394 82.8267
231.717 142.985
231.525 193.068
232.502 293.762
233.999 278.824
237.872 172.63
238.155 246.755
238.527 293.987
238.913 176.778
238.997 130.202
239.867 278.976
240.961 240.162
241.032 229.933
241.09 90.703
241.8 217.585
241.939 162.782
242.525 272.911
242.223 98.3724
242.921 136.546
243.815 259.867
246.539 97.8567
246.977 149.596
247.703 58.7369
247.652 186.853
248.18 199.672
248.573 40.8435
249.719 291.039
249.447 173.949
250.065 11.0597
250.216 262.824
250.154 16.1411
250.469 131.95
250.904 181.542
250.773 73.6817
251.09 90.5469
251.011 222.828
251.122 210.409
251.296 157.207
251.435 280.507
251.882 116.925
252.665 231.435
252.851 243.297
252.405 139.042
253.495 271.389
257.106 201.469
257.077 281.103
258.163 293.166
258.432 162.521
258.763 142.458
259.006 231.889
259.254 186.485
259.714 92.5914
259.585 19.4802
260.654 246.697
262.109 240.792
262.226 118.156
263.444 260.458
263.925 206.288
266.682 213.28
267.163 167.037
267.982 180.586
268.065 89.5114
269.499 149.823
270.003 247.251
270.225 97.7714
270.202 263.117
273.849 286.971
276.358 227.239
276.997 148.589
276.762 269.778
277.572 113.148
278.01 183.078
278.294 143.348
278.363 276.672
278.919 132.509
279.368 219.863
279.654 261.401
280.945 238.975
283.948 289.509
286.694 41.9232
287.11 202.127
287.706 166.281
287.97 243.413
288.469 111.965
289.04 282.754
290.094 87.7426
290.173 267.891
290.49 286.253
291.153 259.2
291.617 121.276
292.156 246.994
292.522 156.884
293.47 152.365
293.696 216.36
293.823 193.94
293.604 140.593
293.582 59.1093
292.237 82.931
292.178 233.797
292.117 132.208
291.457 19.5128
291.121 6.12471
291.099 179.593
290.774 212.13
290.356 49.753
290.12 69.2278
289.86 3.49
287.936 101.062
286.687 28.9519
283.733 202.602
283.405 71.1234
283.743 87.2236
283.28 23.5754
282.026 253.818
282.206 62.4871
280.938 212.552
279.351 123.621
278.779 26.2502
278.357 48.5351
278.013 -0.352646
277.614 7.86974
277.164 163.274
277.133 83.0366
276.687 173.248
276.523 102.474
276.263 36.0313
276.102 190.74
273.729 21.4316
273.685 277.884
272.304 239.836
273.651 128.243
272.771 188.148
272.045 58.1247
271.782 218.427
271.142 53.4752
271.733 271.831
271.131 232.317
269.98 30.5954
269.447 119.174
269.302 140.332
269.215 8.46052
268.862 108.332
268.007 82.3786
267.106 162.552
266.905 38.1783
266.656 197.024
266.454 66.5717
266.142 0.074051
263.611 181.671
263.611 83.0899
262.09 52.0567
261.053 217.093
260.83 127.224
261.051 106.572
261.037 43.2686
260.726 150.093
260.577 8.32609
259.78 1.55224
258.831 27.445
258.736 103.814
258.31 168.709
257.233 272.177
258.102 70.8784
256.324 63.4091
253.462 249.492
252.008 48.2485
251.275 110.186
250.282 -1.39803
248.787 29.738
246.905 78.5584
242.923 32.5619
242.916 112.374
241.872 59.9052
241.117 81.0984
240.97 71.6409
239.168 21.1945
239.616 198.067
239.17 147.584
238.74 43.002
238.609 51.6391
238.027 188.923
237.641 2.75189
237.046 121.893
236.208 208.669
236.311 9.90371
233.522 180.986
233.398 98.3993
233.516 63.6855
233.182 9.63909
233.07 163.188
233.006 133.003
232.69 221.288
232.703 236.128
231.222 37.6991
230.939 21.6263
230.933 117.192
230.241 1.23358
227.982 110.66
227.649 26.5745
223.142 158.637
222.674 77.0997
222.582 -3.53387
221.93 128.091
221.536 69.6768
219.989 47.6281
219.051 9.09567
218.518 197.216
217.465 102.924
217.166 121.913
216.666 149.764
216.753 27.8411
216.178 19.1545
213.559 162.534
212.223 60.611
212.176 123.783
211.441 209.183
211.118 66.5282
210.948 218.112
210.517 112.713
210.454 126.127
210.51 262.483
209.948 93.1725
210.151 241.107
209.078 53.326
208.605 2.20181
208.863 191.905
207.61 178.463
207.257 28.0733
206.533 81.8814
206.521 17.7498
206.456 9.54515
202.63 149.894
202.659 117.802
202.138 252.968
201.573 80.3372
200.752 29.9527
200.084 89.8819
199.889 133.648
199.035 53.3069
198.561 108.789
198.501 196.221
197.971 61.3532
197.81 160.039
196.959 17.093
196.24 -0.948863
193.998 67.0628
193.557 157.38
193.549 147.961
193.243 56.4258
193.164 39.2337
191.92 -0.591516
191.123 251.498
190.764 88.1972
190.24 216.795
190.417 28.5747
189.862 172.799
188.761 49.6775
188.445 129.178
188.645 13.4936
187.259 196.086
186.945 241.93
187.068 16.0494
183.529 253.026
183.518 96.4955
182.524 181.189
182.464 68.8427
182.283 52.5968
182.032 202.326
181.632 61.374
181.477 259.157
181.487 160.912
180.998 37.5224
180.556 20.0782
180.083 123.2
180.022 193.265
179.574 113.359
178.804 219.057
178.665 93.9824
178.311 11.2409
178.102 -3.6213
177.912 148.513
176.446 82.669
176.105 32.5094
172.928 118.173
172.711 203.067
172.659 49.0289
172.129 41.7288
171.502 189.368
171.122 156.649
170.715 12.0263
170.431 -0.718143
168.822 71.9055
168.314 22.6626
167.601 32.2441
167.754 169.583
167.341 230.191
166.601 137.703
166.842 219.024
163.479 33.4076
163.281 202.729
161.92 117.128
162.954 16.8246
160.834 103.58
160.158 77.6966
160.028 91.5686
159.912 172.755
159.464 189.522
158.968 161.905
158.669 269.31
157.674 238.579
158.576 53.985
158.351 63.041
157.188 220.973
157.268 181.705
157.458 3.77891
157.099 230.374
156.66 36.314
156.414 11.5486
156.214 66.7614
153.586 8.56938
152.538 77.4183
152.204 249.242
151.122 209.504
151.306 18.0003
151.011 120.395
150.365 71.3321
149.711 233.099
149.12 167.459
147.896 146.786
147.482 86.8567
146.814 33.4972
146.341 36.5721
146.744 3.77049
146.169 50.0246
