59.1335 6.92252
35.0188 1.84003
24.2657 4.19661
22.7965 11.0832
21.5493 19.4895
16.5281 6.30886
10.2852 3.3932
0.914629 3.06375
1.14396 18.904
1.13313 10.4316
2.31202 29.7142
5.13095 5.15142
5.98971 6.96039
13.2492 5.97387
12.503 19.2948
12.7941 24.6786
14.1155 6.72733
17.5282 9.58429
21.2853 25.5849
24.928 7.06169
30.5952 23.7711
40.4196 25.4536
41.3291 8.8532
41.6211 3.92363
53.3818 6.21245
61.1932 12.1476
61.5453 22.7455
63.5886 21.4901
64.6012 7.13842
67.8418 21.0169
70.2106 28.1479
72.1394 16.9689
78.2774 10.2492
73.6581 11.453
71.3186 3.11137
88.1966 14.9256
84.0044 28.1765
91.0112 13.6562
93.0809 28.797
97.713 14.8681
98.3646 25.4695
97.573 5.61936
97.4496 11.8336
93.3141 7.4851
94.7401 19.5228
93.2611 21.7069
90.0906 9.05694
70.0659 1.93419
69.4479 16.2551
66.075 0.209302
