-3.30686 34.4599
-3.66046 26.041
-4.81877 38.5406
-5.12588 -5.76123
-5.38663 30.5141
-5.85393 44.8033
-6.69631 48.1542
-6.74747 -10.6779
-7.19892 32.1508
-8.26205 49.0539
-9.51801 4.73109
-9.39193 41.5535
-9.76934 -19.9664
-9.99103 -3.70926
-10.0775 -5.36255
-10.0853 -34.5228
-10.4078 8.74313
-11.2224 -19.7003
-10.9456 13.0947
-11.1125 11.429
-11.515 -3.04822
-11.7131 38.353
-12.1292 48.199
-12.1155 29.3458
-12.0059 4.75393
-12.5297 17.7619
-12.5422 45.0554
-12.9183 41.0202
-12.8538 2.57902
-14.4017 21.803
-15.1776 11.5268
-15.2701 -7.64608
-15.3485 29.385
-16.311 22.0832
-16.3139 -27.7811
-17.56 -39.7373
-17.1698 19.4651
-17.0782 -17.6614
-17.018 12.0268
-16.896 -13.4479
-17.008 32.1892
-17.2801 45.9313
-17.9617 -17.6865
-20.1635 29.2339
-20.5165 18.2199
-20.5734 39.4839
-21.4037 -39.2624
-21.055 40.5819
-22.1768 42.6659
-22.1994 -5.06542
-22.6437 25.7724
-23.052 42.5573
-23.9883 13.9149
-24.2068 31.4797
-24.3873 33.8447
-23.9144 -28.9876
-24.6325 -34.1209
-24.5174 26.2045
-24.7306 -33.5875
-25.2455 -13.7415
-25.3958 -35.6425
-26.5882 33.8386
-26.7698 0.929375
-27.5677 31.6039
-28.8189 -14.1762
-28.9859 21.2384
-29.4556 20.09
-29.7828 -10.3676
-29.7654 30.261
-30.5122 27.2295
-30.5388 17.4095
-31.4004 31.0724
-32.4103 25.6384
-33.8649 5.80226
-34.8176 11.8538
-35.3364 33.6746
-35.9685 -13.2791
-36.2172 -9.47359
-36.3673 18.1227
-37.3454 21.2301
-37.7778 -2.25726
-38.4036 9.21959
-39.4459 12.5562
-39.8289 4.78887
-40.4085 15.9183
-41.2484 -20.2852
-43.1756 13.5325
-43.0533 -6.67604
-43.9647 -16.4637
-45.1291 0.843316
-45.6079 -8.7588
-46.7473 -0.671672
-45.6419 -9.56639
-45.0953 -21.4273
-43.3442 -24.4205
-42.9881 -6.90995
-42.9275 -10.3501
-41.8384 -15.0851
-41.6866 -25.1521
-41.2083 -27.3649
-40.0418 5.44007
-39.446 -27.4842
-38.8555 -14.4667
-38.6066 9.74628
-38.5022 -31.5302
-38.3567 -4.4582
-37.9145 -3.78332
-38.0658 -19.198
-37.5338 7.04357
-36.8065 -3.21316
-34.9834 -28.2642
-34.8329 -27.2663
-34.0188 1.19379
-33.5325 -23.1766
-32.5934 -37.5238
-33.5837 -7.16389
-32.1018 12.0285
-30.6331 -0.995045
-30.5303 16.6228
-29.937 20.5865
-30.1591 6.30181
-29.9795 -29.6258
-29.5806 -3.28367
-29.0213 9.90855
-29.0012 -21.5455
-28.7189 -26.0277
-27.6584 23.3389
-27.2812 -19.639
-27.0879 -25.5638
-26.6359 -21.5728
-26.6269 -1.58603
-25.9756 -38.7523
-24.7363 -41.5018
-23.479 -36.8172
-23.1673 32.2353
-23.0881 3.12784
-23.0576 -1.58149
-22.9483 34.5169
-22.1438 -27.2617
-21.4572 -44.8276
-20.7309 16.3062
-19.8941 22.1778
-19.3018 6.75638
-19.6172 -12.6948
-18.164 -44.4145
-15.9796 -28.3413
-15.7243 25.115
-15.3131 -3.14905
-15.2857 -12.0748
-14.0363 -44.6739
-13.9689 11.6441
-13.7932 -47.8278
-13.6881 5.71322
-12.6595 -25.6542
-12.579 -18.4827
-12.3654 8.02925
-12.1855 0.448886
-11.7308 -7.03553
-11.2504 -12.7882
-11.1833 -37.5398
-10.5125 -38.9151
-9.85763 -39.3264
-9.59305 -22.1488
-9.27212 10.5792
-8.57684 -4.93254
-7.92861 -48.058
-7.64226 -1.90061
-5.68727 -36.5143
-5.46679 4.92233
-4.90676 -43.2268
-4.74359 19.5408
-4.21467 -12.1878
-4.00135 12.9259
-3.49071 -26.8928
-3.42666 -19.21
-2.75389 28.6103
-2.33735 4.89692
-1.39585 -37.8441
-0.289843 -37.2484
-0.158918 17.4082
0.217842 11.6117
0.225524 -7.59224
0.406822 -1.03715
0.867418 16.2617
1.12433 26.3394
1.28457 36.405
2.03935 5.91068
1.76591 -29.846
2.53724 33.0555
2.50831 18.5366
3.41263 10.4049
2.76779 -0.101783
4.13431 -40.2346
4.81649 -29.2468
4.8502 2.86718
5.40138 5.35125
5.59357 -4.53507
6.33059 36.4964
7.0051 -7.69213
7.96332 -19.053
7.4119 9.35093
8.1537 47.0787
8.52691 26.0716
8.78166 -26.1257
10.0515 -35.456
10.0354 -21.3184
10.793 -24.3166
10.2263 36.1466
10.8994 8.07794
12.0546 -39.6571
11.0198 35.3254
12.4886 6.95692
13.2155 -41.6861
12.9457 -19.601
12.6343 4.02861
13.5262 37.0436
13.4895 27.4587
13.932 -17.2195
15.0071 -17.1827
15.3184 -37.7364
15.9054 -43.4276
15.9778 -15.3294
16.2285 -20.2746
17.6087 -26.3837
17.7837 -45.4307
17.9328 -43.9296
18.2324 -21.7011
18.376 28.404
19.1073 -45.6466
19.3367 -17.9874
20.0385 12.215
20.172 -7.58233
20.6559 -39.9847
22.2826 -41.7622
24.0916 -24.6968
25.135 -25.9351
25.5185 -42.5319
25.8947 -41.1414
25.8934 27.3284
26.6898 -5.73329
27.056 13.0479
27.7241 10.794
27.1435 -6.92788
27.8866 -38.5932
27.9742 -3.93913
28.0146 -38.0854
28.0749 -9.35294
28.4991 -7.81585
29.2734 -39.7485
30.3704 -15.5555
31.2946 -25.7293
31.8166 12.3482
31.9518 -31.133
32.7592 19.1351
33.4 -24.4055
34.8947 -24.1348
35.2705 23.1729
35.7083 -12.4566
35.8531 -20.8877
37.0369 4.39954
37.0139 -28.5608
37.4363 -11.2978
37.5714 16.0388
35.86 2.62472
35.4851 26.4806
37.7149 30.0893
38.1123 -21.42
38.065 23.8684
38.4629 -20.2266
39.4194 -5.05474
39.8042 19.9081
41.0366 17.7282
41.2809 -7.49868
41.5441 -12.6888
42.2609 -9.01487
42.6082 -1.16557
45.846 -3.12789
49.49 -2.62717
44.598 20.3471
45.8383 3.37875
42.1762 1.66842
40.541 25.9724
39.9242 24.2598
39.2266 11.4996
38.9599 -8.22732
38.9539 29.7787
35.0505 35.5004
35.1681 21.1909
34.6534 33.5088
32.7454 20.8364
32.0239 -25.3437
31.8451 13.5355
30.0813 -18.2132
30.2657 24.1823
29.4736 -24.3917
26.8032 32.6139
26.5951 16.0914
25.9027 34.7386
25.1259 -17.3081
25.0522 -0.235601
24.7855 -25.2984
24.3162 0.494222
23.8762 12.8335
23.9173 -24.0823
22.6513 -30.0203
22.7053 -14.3675
23.5355 -12.1972
22.7369 -6.50226
22.296 21.1763
20.9852 -31.0888
21.2196 -5.44165
20.6336 31.5736
19.5362 -0.67237
19.0898 -8.94764
19.0409 28.4156
18.0503 38.1703
17.7067 -24.893
16.2527 18.6716
15.9557 -5.34263
15.8086 36.6544
15.537 -27.0105
14.8348 22.6389
14.15 35.3216
13.6788 43.314
13.103 25.0845
10.053 45.7291
9.99635 12.3463
9.9718 -19.7235
9.78534 -7.31271
8.82386 -18.7988
8.95219 31.1993
8.30065 48.659
6.34813 44.1758
5.53674 42.104
5.45653 17.9598
5.02895 23.1513
4.83198 38.1381
4.32107 34.0798
4.02126 -30.7994
3.5516 10.3999
2.74273 45.3796
2.16857 12.9529
1.80067 46.8235
0.543642 21.9335
-1.55735 34.0996
-0.545396 4.79393
-1.76929 -19.8846
-1.86157 5.14776
-2.62768 28.7444
-2.42744 41.9224
