-0.90012 -18.5681
-0.848271 29.6289
-1.2074 20.6377
-1.44159 0.442037
-1.96074 -20.2222
-2.05418 27.0756
-2.03745 8.65596
-2.79326 -1.21718
-2.88127 22.7219
-3.03519 -31.4914
-3.2338 -8.3086
-4.01439 28.5981
-4.59413 5.92908
-4.39753 38.9586
-5.14313 49.4929
-5.80524 10.8472
-5.79021 -21.545
-6.16437 36.6417
-6.29232 43.1894
-6.35785 10.2229
-6.5941 32.9151
-7.29038 19.0345
-7.22964 42.9886
-8.19229 26.3755
-8.04646 -11.966
-9.49621 41.9195
-9.53673 41.0922
-9.67398 24.1101
-10.8424 39.6559
-11.0416 5.93845
-11.8437 24.8526
-12.0729 5.16205
-12.6429 23.3045
-13.4272 -3.48723
-13.6611 29.0064
-13.8689 -3.74101
-14.0872 23.5898
-14.4628 -13.5526
-15.1206 38.0187
-15.2006 42.1317
-15.8879 -20.6384
-16.716 41.4773
-17.1013 35.2895
-17.6401 31.5325
-17.7975 7.61259
-17.7964 -6.97645
-18.0116 44.2576
-18.3248 25.1287
-18.5117 45.9955
-18.8322 9.3413
-19.0177 45.4165
-19.4229 -3.72034
-19.604 -7.21763
-20.2063 5.26501
-19.659 44.4602
-20.4067 31.7391
-21.3528 29.9883
-21.7328 -2.77238
-23.1813 24.7732
-23.4138 14.5685
-23.8741 7.87993
-24.3905 28.98
-24.7287 35.8075
-24.951 35.5071
-26.4638 -22.48
-27.4112 14.2148
-28.2641 33.2179
-28.9418 -13.7324
-29.018 22.2401
-29.2184 -12.1393
-29.7532 32.6899
-29.9472 -12.4165
-30.147 27.2241
-30.3677 18.843
-30.5165 -22.7728
-30.7409 -32.3929
-30.8687 -31.853
-31.4891 -19.3953
-32.0977 21.8278
-32.4418 -4.55394
-32.6771 17.8536
-33.7876 30.6515
-34.7203 23.2715
-35.0042 27.2079
-35.7671 30.8274
-36.2692 -4.8106
-36.5516 -24.5008
-36.4712 27.6534
-36.8263 -4.79607
-37.1309 28.6586
-37.5195 20.0132
-37.848 2.05528
-38.1921 7.72558
-39.5308 21.2271
-39.952 -0.737809
-40.4447 3.04492
-40.6333 19.1776
-40.6076 -5.27178
-40.6715 -6.89215
-40.9495 12.8307
-42.7287 14.6131
-42.9905 0.390581
-42.9493 21.8345
-43.2169 16.3338
-43.506 -1.07878
-44.2897 -10.3883
-44.7365 6.61287
-45.3614 -3.98142
-46.7999 -13.1232
-49.1118 8.17736
-49.2762 -6.94419
-46.7493 -17.1896
-45.9651 -16.3184
-45.0399 -1.05228
-43.6254 -18.8522
-43.3286 -15.3861
-42.9436 -8.05745
-42.3483 -21.3789
-42.1486 -24.0841
-41.9923 3.53928
-41.7209 -13.4866
-41.8987 8.24567
-41.0848 0.630792
-40.8439 -10.6453
-40.4855 -3.50285
-39.9318 -6.37855
-39.4682 14.6798
-37.9572 -9.36571
-37.5927 -3.51712
-37.5064 7.38302
-36.7293 -28.089
-36.5801 -30.3223
-36.1861 -9.14933
-36.1583 -26.5319
-35.9049 -4.04779
-35.4963 -28.1713
-35.5189 16.559
-34.3093 25.7108
-32.9234 20.6392
-33.2 15.2601
-32.7012 -11.5177
-31.9558 0.259279
-31.9099 -13.555
-31.3412 -27.8505
-30.5172 -35.3244
-30.4732 -26.1289
-30.3808 5.30222
-29.7379 -25.2963
-29.2655 -32.0282
-28.9861 -27.7351
-28.2814 30.5759
-27.7113 20.6971
-28.0689 21.3999
-27.6919 -11.1676
-27.2603 -40.7772
-26.2083 -39.9616
-25.3717 -24.5842
-25.033 23.4422
-24.9784 -6.99944
-24.4929 -14.8707
-24.5633 30.6962
-23.8009 -14.1139
-23.3555 15.05
-23.1893 -34.7871
-22.2214 -3.58341
-22.6904 -35.489
-21.8369 -19.111
-21.1576 -35.0417
-20.5897 18.3508
-20.3241 -2.9614
-19.3658 -12.8124
-19.3653 -43.0113
-18.9211 -4.41324
-18.7495 -17.0416
-18.439 -34.9203
-18.3913 7.1617
-17.8422 -26.9821
-17.5138 25.0905
-17.6376 -44.0445
-16.7539 -11.5664
-16.0544 -30.4855
-15.3455 6.03096
-15.5221 -44.4703
-15.1011 8.93245
-15.0669 -37.733
-15.0249 -4.86449
-14.9906 24.9748
-14.6674 -23.1788
-14.5602 -36.1308
-14.1015 18.8741
-13.8581 -25.8494
-13.7169 -37.3956
-13.3342 -39.1001
-12.1805 -15.145
-11.6127 -34.1733
-11.3257 -29.7784
-10.8449 13.5814
-10.6896 32.6878
-10.1324 -20.2266
-10.1524 6.15188
-10.3717 26.5538
-9.72969 23.4947
-9.76501 -16.3708
-9.64211 -21.6001
-9.16747 0.936235
-7.81466 -31.2512
-7.68269 26.6473
-6.60722 -21.9389
-6.36545 -25.196
-6.28751 23.266
-5.83311 -29.1933
-5.1955 36.9906
-4.97139 -14.6276
-4.32991 14.5027
-4.33916 5.15783
-3.82848 3.12159
-3.90363 -22.1531
-3.83101 -46.7143
-2.96255 -37.5512
-2.48182 -21.6263
-2.66508 -7.03583
-2.10924 -26.0039
-1.34552 -46.5286
-1.24108 -33.4489
-1.26406 -9.74025
-0.546973 -44.5846
-0.517171 -19.5828
-0.487157 16.2224
0.0892287 -12.1589
-0.245773 -2.44815
-0.117882 -12.3357
0.449469 -29.3544
0.711645 -12.8277
1.17845 19.2695
1.38228 -44.7893
1.63093 -11.0592
1.61482 3.16534
2.96142 -40.1658
3.66992 -3.63647
3.49499 20.0655
3.88499 16.2578
3.90934 3.98585
4.08741 -17.9765
5.02508 -3.30895
5.84905 -31.2831
6.36969 -46.4877
6.47254 -10.4481
6.74277 -47.3695
6.67028 -2.84323
7.26711 -39.4619
7.68828 -40.6327
8.1042 -14.2207
9.21214 -33.9662
9.905 22.0281
11.474 29.4257
10.4992 -9.35623
10.4398 -48.0823
10.8724 -45.4078
10.7054 -6.12975
11.0578 -9.15711
11.2528 -5.69117
11.535 18.3593
11.4893 -23.3371
11.6895 -16.9384
11.5866 14.0344
12.0357 -39.4213
13.086 3.86218
13.1274 28.9679
13.3462 -8.40804
14.3591 -18.644
14.5235 -44.0569
14.5535 30.2906
14.725 -19.9037
15.1072 -39.2117
16.0655 4.79965
16.2974 -29.7993
16.5783 -38.1453
15.9671 29.8707
16.6618 36.5933
16.5911 -27.3448
16.8713 3.50759
16.978 9.03421
17.9851 -21.8173
18.971 -3.80616
19.0364 13.9142
19.4898 -34.931
20.3904 -43.6415
20.7456 -5.55133
20.8767 -12.099
21.2793 -21.6248
23.2163 24.8406
22.884 0.081015
22.9619 -37.1017
23.2329 -9.20053
23.6106 25.9181
24.064 -31.7201
24.1889 19.8308
24.1921 -9.78705
25.0907 -39.4968
24.2006 23.0409
27.1032 -39.6474
27.049 9.14851
27.366 -23.9273
28.1683 -35.7874
30.5958 -5.94054
30.3127 25.1575
31.0162 1.32847
31.1844 -37.2967
31.4773 18.4705
31.5849 0.626504
31.9212 -8.7902
31.9363 22.6342
32.1259 14.5958
32.6261 21.8592
32.6524 10.2707
33.1706 -23.7133
32.9817 -3.51224
33.8603 27.405
34.6101 -4.48684
34.1422 -34.0558
35.7382 -3.30036
36.1052 -21.6155
36.2936 -26.3339
37.506 -14.5125
37.5021 -23.5476
37.7058 -25.9243
39.4698 -22.3915
40.195 -12.19
41.9519 -15.8669
44.0804 -1.42598
43.5929 12.5668
44.4136 -0.327407
44.9169 -7.27982
45.195 2.00241
45.0938 11.3103
46.1404 6.35501
45.3604 -10.2204
47.7231 7.19166
48.0851 4.27843
49.7662 1.9749
46.5845 11.9217
45.4852 14.6003
44.4342 7.69287
44.1682 21.5167
44.2758 2.62493
43.0511 24.6053
40.8493 11.1455
41.5332 -5.66333
41.824 -15.2216
40.4748 -10.1676
40.4638 3.56931
40.2019 26.9974
40.1767 -4.1392
39.9721 -14.5315
37.3285 30.7168
36.2206 19.9545
37.1524 21.3992
36.2026 1.85147
35.2619 -6.14777
34.0257 26.4174
33.4786 34.902
33.1967 15.15
32.6613 15.5639
32.6319 35.99
31.7681 21.5337
30.6105 29.7538
29.9331 30.5768
28.6624 -27.2465
29.0432 19.9802
28.5231 -8.23212
28.5206 40.4791
27.5362 -10.5745
26.9517 33.1038
26.9306 6.17617
26.3241 26.5122
26.7145 -21.9999
26.9383 -35.9948
24.1727 28.3378
23.9284 -10.4009
23.8743 5.72298
23.7938 41.2381
21.4866 -8.34572
21.5537 5.49335
21.0518 40.6156
20.8863 -6.85884
20.8241 33.4229
20.6816 29.3252
20.5916 -19.869
20.5639 -19.0843
20.2456 16.3294
20.2669 -37.9406
20.0098 -23.0544
19.7406 36.0912
19.7719 -23.463
19.4909 -17.3182
19.3471 40.0199
19.1175 39.2844
18.9084 18.3917
18.6037 1.78253
18.4253 29.1351
18.2306 30.7895
18.1478 -15.0724
17.211 10.8116
16.7808 44.9663
15.133 14.8489
15.0965 -20.5125
15.0654 -32.037
14.8163 23.3834
14.6837 41.87
14.4509 24.6835
14.3866 -16.5934
13.8157 -11.4162
13.5371 0.684323
13.6937 10.8704
13.3833 44.1642
13.2762 12.18
13.17 47.1268
12.9195 42.2198
12.7244 25.5764
12.5101 -14.4048
12.1889 -27.2156
11.8327 48.4337
9.54595 21.2133
8.81935 -15.6687
8.53752 33.1576
8.23732 25.1821
7.81903 -30.8831
7.75869 -17.136
7.35164 -38.5929
7.04757 10.8058
6.74405 21.5434
6.66627 -1.18756
6.40478 2.82284
6.30453 -43.2671
5.29144 -10.0714
5.0227 30.6205
4.46627 33.3806
4.0844 -8.84507
3.92178 22.9333
3.26207 19.1866
3.49515 0.0486975
2.85971 -24.8836
2.1821 13.5636
1.54663 5.63066
0.870718 34.7524
1.0966 20.9593
0.702388 4.77073
0.537131 25.7488
0.573851 -6.61521
-0.685894 27.9168
