181.505 23.43
183.82 76.6888
183.61 38.3055
183.9 90.6637
179.07 46.0876
178.112 63.6127
176.787 73.8554
173.64 50.8432
172.731 87.5345
171.727 40.3816
170.157 83.5149
166.802 31.6544
166.372 57.3656
162.941 77.7616
161.793 30.0203
159.263 52.5807
158.746 36.7173
158.768 69.9427
156.901 92.7126
151.618 89.5118
148.311 38.1283
147.596 80.9527
142.535 79.9467
141.99 70.4972
140.002 30.3328
138.343 87.6477
132.209 88.2317
131.054 81.9714
128.54 56.279
126.507 42.2483
126.308 21.3478
123.102 48.5211
126.279 6.5673
121.933 37.8471
121.751 83.5764
119.653 23.4444
118.639 71.3012
116.382 92.7367
113.735 89.1977
113.184 76.0107
112.863 42.2876
108.598 57.9005
108.154 46.1485
101.369 82.7538
100.156 19.2593
98.8707 59.9362
97.9787 88.6181
96.1084 50.8283
93.8771 72.9514
93.8104 19.5256
93.2969 89.6969
86.8952 38.9452
81.9262 71.494
80.1116 91.7786
78.69 83.1707
72.8284 22.9212
69.0155 90.7974
68.8317 47.5006
68.2319 78.3129
61.4711 37.5521
58.8647 61.7301
58.8012 91.5385
57.0911 81.4702
53.3675 88.8443
50.9854 82.4872
51.3827 43.0179
49.9544 10.1396
48.5936 30.7066
48.4899 47.9067
48.3038 67.5633
42.855 37.7628
41.8924 30.1564
41.2967 73.8452
38.9824 52.5835
37.7048 82.8041
36.9645 91.3642
36.5262 16.5122
33.0869 46.3713
32.0988 88.2843
28.788 80.2153
27.6447 21.0071
22.7802 91.99
22.4394 40.9201
20.7697 28.5857
20.2208 80.9975
18.5034 49.5948
17.0563 16.5442
17.1763 68.8514
13.4003 17.4059
12.8383 93.6342
11.8067 57.0099
7.58959 83.4036
6.45378 46.2392
3.68547 82.2387
1.09549 72.818
0.546752 33.0538
-0.0961337 58.5542
-2.75509 90.255
-3.05667 37.7869
-2.49768 8.89952
-1.59734 47.3905
0.0831298 -2.13668
1.40196 23.9451
8.06455 36.9874
9.36502 70.81
9.78652 -1.88766
11.6412 29.5393
13.5598 9.99113
19.6762 11.8698
22.4286 -2.90378
22.8493 62.1714
26.7949 1.52265
28.138 6.68593
28.2172 32.6982
29.6951 60.1364
31.9462 66.7347
32.8879 37.8998
36.7571 3.15936
36.8984 59.9664
39.2773 10.1256
47.9623 62.5465
49.1015 2.56464
52.5466 16.8454
57.5905 72.1435
58.0909 31.7766
58.4008 50.4054
61.2274 21.5216
62.6615 10.4349
63.987 2.71412
67.1446 56.3867
67.4778 7.41588
68.747 42.0158
69.2127 68.9447
71.9403 26.9798
69.3338 0.498915
76.0326 13.9964
76.8748 18.0276
76.5053 26.0412
81.022 39.564
81.0525 63.2023
82.7643 53.1836
82.9185 -1.6264
86.5685 -3.0301
89.7089 53.7783
91.5422 63.8742
92.8307 83.3653
93.7232 26.119
93.91 7.23821
96.6587 32.5625
97.4602 1.04205
103.766 42.1137
103.887 11.6035
106.737 9.30298
102.565 72.2738
108.142 29.5385
112.77 -3.10303
113.086 16.2743
113.557 71.7165
120.678 8.53484
121.7 57.1624
121.843 3.12621
122.794 26.6284
126.933 -0.540974
127.932 48.8679
128.748 33.6376
130.498 73.1534
136.076 60.24
136.637 23.9089
137.682 3.23177
140.659 6.54225
142.044 51.812
142.772 42.4445
146.902 72.4338
147.654 6.5114
148.431 28.9996
148.691 21.0235
150.215 48.7597
151.492 -3.58185
153.569 60.8165
156.829 63.6587
158.274 -3.25386
158.814 18.2231
163.637 6.57801
167.724 8.11612
169.97 -1.87898
170.221 66.5045
172.616 16.505
176.078 2.18425
179.291 7.97482
183.953 27.9071
187.78 -1.8731
189.757 27.2122
190.185 16.7431
191.623 7.51893
188.432 42.3271
193.268 53.2321
193.018 78.8762
196.382 2.08013
197.585 49.923
198.161 32.7255
201.37 9.84332
206.699 22.8416
207.928 29.9029
208.072 71.7082
209.194 0.643701
211.678 43.1188
216.494 36.3842
217.116 67.1389
219.516 19.2062
221.334 2.85667
223.319 6.76946
226.005 27.4404
226.112 69.0976
228.92 60.164
229.78 19.1206
231.66 37.4443
231.662 0.89986
233.255 8.61927
236.208 32.933
239.069 0.592879
242.599 51.7228
246.758 23.2864
246.978 8.98593
247.242 3.61125
251.657 58.4111
250.584 27.4164
258.318 58.5788
257.569 20.4657
258.709 67.1787
259.605 28.8838
260.396 6.1488
262.48 51.6313
263.556 -0.578775
268.947 17.5392
270.647 41.8836
270.949 -3.69574
279.842 29.6165
279.815 6.32622
280.862 0.20863
278.661 67.0023
288.746 1.52928
291.623 22.4205
292.791 42.8558
293.791 7.61579
293.555 67.1233
297.031 17.0769
298.987 -2.57178
300.946 10.2747
301.404 53.4274
303.534 30.544
303.722 83.3107
308.391 3.27649
311.186 19.5212
310.871 51.111
311.969 71.4031
313.746 10.9563
318.123 49.5308
319.48 9.64391
318.424 57.2995
322.566 0.399644
327.45 28.8784
329.523 11.4707
331.564 2.61207
331.972 56.4927
332.941 20.3105
336.786 -3.00407
340.17 59.9597
340.289 18.416
340.992 39.2847
343.175 10.3758
343.545 68.9066
347.41 52.3174
347.72 9.82747
349.724 -0.223835
353.905 28.0791
353.322 69.8004
356.855 11.5554
359.473 22.986
360.06 51.9043
362.479 67.9603
361.556 31.487
361.423 3.306
367.468 36.2429
369.41 3.12138
371.411 16.1116
373.725 7.35697
376.785 18.7707
377.288 2.78275
378.593 68.0972
378.345 36.8963
378.939 7.2092
380.366 80.2419
380.652 47.2047
381.761 93.5784
376.884 59.0962
376.836 29.3806
372.719 66.1196
371.505 33.4765
370.604 58.0329
368.526 79.2112
368.488 50.8961
366.208 93.3486
363.459 82.1869
360.045 59.6878
358.791 38.0043
358.288 89.9734
353.155 76.4362
351.803 19.8085
350.157 91.9919
349.008 41.5739
346.459 63.5655
343.561 76.6423
343.315 51.4147
341.882 89.6045
337.137 29.5975
333.346 92.4064
332.036 80.1834
330.278 72.487
329.716 39.5142
326.194 50.6233
323.847 18.3556
323.894 70.2619
322.443 31.6551
321.894 82.3613
320.062 92.0341
317.35 43.6087
310.15 87.8421
309.856 38.8639
307.491 32.7154
306.846 61.9457
307.209 83.6828
302.201 93.3629
299.677 60.925
299.26 36.7411
296.594 66.478
291.967 86.2025
290.792 76.8588
290.512 49.4342
286.179 60.1334
286.515 29.2288
283.488 87.2505
282.907 63.7823
283.798 40.0254
277.696 79.4158
278.192 52.1943
277.309 22.8803
272.128 60.1126
273.365 8.7181
270.749 51.8325
270.037 83.5913
268.682 67.9182
268.037 31.4901
266.315 89.8901
261.213 42.7893
259.489 89.2147
258.884 78.0463
253.725 86.0531
249.645 48.4555
247.733 79.0197
246.882 67.299
246.021 42.4796
242.629 88.0961
242.87 62.2601
239.716 23.3571
239.567 82.3085
238.962 9.60242
236.324 68.2284
236.6 36.9862
230.666 47.7506
226.362 91.9618
226.026 83.2168
222.863 26.7703
220.641 81.876
219.492 62.3389
216.568 91.5108
216.458 46.2061
210.644 80.5058
210.667 48.9562
209.545 11.1262
209.639 56.5793
206.404 92.0887
203.538 89.2062
203.763 37.8572
203.447 23.0151
198.317 82.4895
197.608 69.8765
197.586 59.6382
193.682 67.5997
192.685 87.002
192.66 60.5774
