8.20988 48.2262
6.90212 48.2524
-10.873 43.0406
-44.7144 17.2221
-29.3325 23.7581
-39.8706 -6.35255
-36.8859 -13.9001
-26.2216 -30.2923
-22.7089 -9.94058
-19.4058 10.1632
-26.0132 -15.6073
-24.3709 7.49282
-25.9778 -14.8572
-33.7775 -17.7488
-34.0854 10.1548
-22.8202 33.4766
18.9623 -14.711
-19.2434 18.8847
-5.93196 0.492838
-9.38467 -23.5043
-5.62902 -7.23051
4.82391 -33.5801
-6.94534 -37.1474
-0.415154 -40.7375
8.19774 -37.2169
13.0086 -43.8696
3.46516 -26.5108
-7.25686 5.43856
22.6173 -18.2123
-18.0313 28.2024
-3.13344 37.1755
7.23302 46.2339
0.530444 30.3844
11.0037 32.2596
5.09434 17.7679
4.23069 10.2007
11.8845 21.993
31.1558 -22.0413
34.7645 -6.23625
39.627 -8.05345
44.3556 -5.57642
44.3278 -3.1616
31.9536 0.278878
34.1823 9.82872
32.4962 20.7962
29.0317 -6.91921
30.0605 -17.1386
15.8679 15.0058
13.7627 37.7381
7.09124 37.0018
