62.0093 101.242
19.7236 128.015
108.703 56.0731
129.734 43.7346
103.099 59.101
12.9659 133.429
41.3937 107.371
110.306 50.7031
142.308 27.1169
103.626 50.8048
119.547 42.0752
81.2564 73.7667
29.0315 102.464
50.7973 88.4923
130.053 29.9467
57.3575 83.5395
17.8698 108.997
87.3766 56.7725
141.49 18.2552
73.8289 62.0452
102.545 41.2434
130.067 18.2584
136.821 11.5392
48.7822 72.7234
20.8034 91.3867
69.8183 50.0281
76.2478 47.8924
101.943 20.9149
87.6731 41.8962
107.918 27.5522
110.822 20.8128
130.972 7.65448
118.594 12.139
126.935 -2.30255
143.268 -3.24611
62.3219 0.0422552
86.8064 -2.92232
80.8835 -3.33719
53.4614 -3.87737
42.1572 -0.50061
9.28812 2.65851
28.8072 9.08048
17.7712 2.09755
69.5932 -3.10065
30.6455 2.95088
99.8518 -0.187218
21.1816 13.6958
8.8987 11.2682
2.26092 -0.367063
-0.632553 12.4656
20.9335 17.5018
-1.75793 21.4301
26.101 17.2993
9.35685 23.1054
48.2975 13.7274
36.1963 20.5465
3.61442 30.3123
33.6611 26.2514
19.778 27.3405
72.7428 7.35129
51.4468 18.404
37.925 26.0324
9.0775 41.0475
76.7125 6.14617
41.4029 13.5417
58.2051 7.53694
107.197 -1.15525
121.357 3.88376
98.2091 33.591
107.133 10.6952
87.453 27.592
98.2169 6.69888
28.8707 68.5998
56.3227 41.4354
70.8153 26.635
43.532 53.0682
73.2257 21.2467
39.8638 56.8922
10.4075 82.062
56.8118 27.8336
50.7462 37.8552
62.1496 22.1805
42.8709 39.1987
52.7994 27.1805
31.858 52.2638
23.2755 57.9132
32.9324 39.4366
13.9535 69.3459
-0.0830424 66.5004
9.59139 51.0844
12.7428 57.045
19.6274 47.9764
17.9986 42.7541
-1.38118 57.1183
7.78046 33.4283
0.0238074 51.4182
-2.72791 40.5521
-1.21185 93.3654
-0.243948 79.1208
17.7989 67.3279
30.1339 56.0189
-0.86771 96.0665
53.1567 47.708
82.7561 20.8739
8.94909 90.0908
92.4557 12.4507
22.3977 83.5553
46.2943 59.6926
66.4134 41.4054
28.9539 81.118
38.5568 72.083
80.2246 29.8646
59.5429 49.7919
90.0541 17.7908
81.6922 39.9229
12.3159 98.3019
42.4855 78.2132
63.5267 62.5169
119.704 23.5319
118.356 28.0196
76.7101 59.4087
20.3171 97.0134
-1.13439 111.578
56.8824 72.8036
93.9984 49.491
32.9761 90.3265
111.049 38.4691
72.758 67.521
6.99735 108.32
40.3995 88.0485
52.5241 82.3168
2.67787 120.237
37.7021 98.5767
76.4256 76.6142
17.4088 116.302
3.36021 126.67
30.257 109.531
10.6084 121.431
71.9177 80.194
60.2755 91.6654
47.2388 102.31
-2.46686 143.964
37.5362 117.157
86.3913 87.1022
32.6919 123.655
30.1829 127.661
48.5341 112.928
100.122 78.2976
60.9203 108.665
123.654 108.838
132.551 109.639
67.5629 117
97.9649 123.715
131.384 130.585
73.5605 126.831
56.274 123.796
121.254 129.839
50.5186 123.187
19.819 136.45
8.62613 141.475
43.5527 126.359
89.564 132.694
52.2617 133.208
113.468 141.598
79.583 140.359
90.9329 141.879
47.0151 140.651
33.7733 139.505
58.4886 142.146
40.0377 143.842
72.8096 141.391
127.883 142.889
136.862 142.935
100.288 136.341
122.892 142.275
76.1485 133.771
110.309 133.432
57.4984 127.864
103.048 129.99
139.056 130.971
107.313 122.345
131.868 122.902
81.3343 119.798
120.206 117.237
139.123 117.428
90.3279 116.311
141.606 108.888
111.016 107.399
117.642 103.084
133.397 102.211
138.353 98.438
97.9485 107.055
106.172 102.855
89.1675 108.623
77.7017 106.601
137.878 90.4868
70.4513 108.171
87.4196 96.841
123.118 91.5517
100.965 97.7663
132.905 89.2314
113.059 92.1639
103.908 91.3985
139.174 78.3033
137.29 70.4032
126.226 82.9332
79.274 98.3425
107.258 78.7091
70.9723 103.758
136.066 48.6113
121.577 72.9189
130.874 62.4586
119.861 83.0057
137.634 60.3228
128.165 71.2747
140.225 42.9269
131.094 51.0684
86.5649 80.4336
122.227 52.5897
93.7816 73.6152
72.5831 86.2516
77.5962 87.1088
98.7991 72.6424
119.425 60.9134
106.274 73.8399
