4.376 41.2789
10.7987 66.7009
14.7666 77.0494
9.78453 57.7206
18.5438 89.832
1.01506 22.3687
8.35296 48.3126
2.98786 24.0631
13.2336 59.9401
18.1131 66.6459
12.1314 52.6084
23.9026 79.8052
35.9609 87.9776
29.2744 81.0181
25.9296 75.6908
32.9008 79.86
74.2632 71.0137
79.1636 69.3558
50.0341 74.8462
36.3716 77.538
36.9253 75.5617
37.1099 77.3267
69.2326 71.0702
38.8014 72.0902
41.7358 69.9535
64.8146 60.928
49.0734 67.5113
48.323 68.7806
70.1982 62.9644
89.4333 55.7098
93.6137 50.7639
77.3386 59.2521
72.8387 56.2562
44.5417 65.9218
52.4834 63.1704
32.4251 68.1028
37.3454 66.4727
50.7447 63.137
69.1565 57.375
64.4193 56.9677
34.8719 62.2955
27.8111 64.2808
39.3675 62.7559
26.195 64.7915
48.8963 54.7893
35.1796 61.343
31.7921 62.8819
65.8283 54.0482
49.7093 58.6389
66.9955 54.8581
45.0069 59.8571
57.7952 56.1754
32.3983 62.7363
43.6478 60.54
47.8074 59.939
72.5443 55.4021
76.337 56.8039
80.4211 54.9237
55.1514 50.9971
33.2779 46.6993
26.7585 45.3274
37.4949 52.5851
60.433 54.856
43.3723 53.2857
41.1295 55.7282
28.3065 51.4435
27.385 58.2858
27.1634 59.2015
25.3622 52.3165
21.3037 63.0089
25.4918 50.9254
27.6106 50.7656
38.8339 54.3872
28.7128 47.6964
18.1961 43.1347
17.449 50.3018
19.6535 47.0496
22.5223 54.3776
20.6204 58.6277
20.908 54.8848
21.723 52.8254
18.921 49.1092
16.6168 54.363
18.5207 37.8141
19.8857 42.9015
44.0442 48.523
49.2663 49.18
26.7176 43.4704
45.7916 47.9002
33.7057 42.4876
32.2236 39.5678
33.5455 42.126
43.266 45.6405
45.6351 47.8182
58.0261 43.8688
47.6142 47.266
49.173 47.6139
53.9434 50.5744
58.5857 49.9159
54.8797 46.7589
68.5448 50.4693
64.2515 45.4304
70.1657 49.0001
73.6908 52.4992
72.9438 52.3878
57.3265 47.5927
62.6855 51.4602
82.8732 55.3501
76.8776 57.3638
78.1438 58.7603
85.4165 54.7951
86.9813 48.3452
74.8669 45.6175
80.4173 52.5943
76.2629 47.4418
79.6954 51.8358
74.6202 45.3432
13.2099 33.8898
13.5431 46.9319
13.4691 50.2726
12.8805 36.1896
5.92306 29.1864
15.128 33.0863
42.4036 38.2066
36.477 35.3043
31.6243 31.2505
27.4254 30.2
35.9896 35.8294
26.5636 32.8886
19.568 29.7024
26.8061 32.7762
4.58018 21.7011
11.6449 24.8018
23.4684 30.9437
21.7071 28.6575
19.9872 27.2885
2.79565 18.3071
9.52166 21.3467
8.87601 21.4261
25.0975 29.2744
2.4082 14.6914
28.4847 31.1239
8.45171 16.3677
20.092 24.4596
9.08523 15.3994
26.1104 29.2047
22.5066 23.9111
23.628 24.1994
24.5801 26.6025
36.0689 33.6124
12.7477 14.9821
41.2746 37.5805
48.7485 39.4097
75.6653 41.76
60.1638 39.0492
86.4608 43.0484
70.5871 25.9136
59.4381 14.0365
52.9682 8.51293
62.629 21.084
60.9617 16.8348
65.6135 26.1437
73.9848 35.8542
54.8463 37.983
72.0853 35.8097
50.3878 4.95616
55.1972 12.33
64.5914 26.9762
53.7758 13.0819
62.975 26.4353
48.5188 6.14195
53.2835 14.4155
67.2002 35.2841
61.9949 32.1087
60.9449 30.4381
61.7982 28.2628
53.2788 15.208
62.6187 36.5282
45.9696 35.8037
57.9972 36.2223
50.3053 25.2296
47.6875 20.4367
41.0721 22.5709
47.1247 18.8996
56.0842 33.2291
58.3134 29.1815
54.2287 17.7409
47.5075 7.36008
53.9054 23.5331
56.3674 28.1296
42.9123 3.77509
40.6164 16.9827
38.5531 24.311
49.1535 32.4364
12.6199 5.32313
28.7573 22.2074
30.0759 18.5599
31.0934 22.1977
35.7667 27.6033
46.5625 32.2739
40.2157 30.0387
29.7491 28.1517
34.2137 28.4703
17.5836 11.0194
12.5927 6.59965
23.3 20.0101
5.26302 9.50582
21.4712 18.5371
19.886 16.0663
8.46474 2.15516
28.6326 16.7737
8.77159 0.820135
3.30552 1.71613
8.2079 0.138022
29.1062 15.7468
21.2021 6.43309
17.3732 1.67163
38.1367 23.9966
36.1556 11.7834
32.5162 3.36869
26.1403 6.51668
34.6807 14.3769
28.5802 8.92652
29.093 11.7806
20.2158 2.67738
24.3163 5.43536
24.8299 6.67657
31.8554 2.87818
34.6216 4.5643
40.0557 18.6311
42.9342 3.3071
53.3825 22.3511
44.4028 0.340401
45.6442 1.63963
56.0691 15.4493
46.7399 0.210341
88.2629 44.9595
81.6378 9.61141
87.5299 28.8483
88.4411 25.4156
86.8484 18.3789
88.6643 19.1829
82.5236 4.41161
78.9073 15.2914
80.8775 14.8972
84.5633 35.1598
79.6925 30.263
82.6032 37.3081
69.2158 21.765
79.6629 34.6658
65.742 18.2373
59.5648 11.6611
74.8391 18.1467
63.5051 13.4122
67.6707 16.6502
63.6454 15.4642
81.4102 34.9134
78.76 29.5169
82.1318 24.8979
78.8336 18.0101
75.3366 27.1123
82.4514 2.67809
69.0422 9.10976
72.0663 10.5949
76.2296 7.5091
77.4447 8.36102
77.8613 10.5339
72.4232 10.8407
68.8881 10.4575
74.5877 13.8068
67.4633 10.7657
61.1158 9.19648
60.2772 5.69479
61.7912 8.75648
67.169 9.49451
75.7172 4.70197
76.3681 1.49773
61.3543 2.43981
74.0833 1.23725
69.345 0.0612702
77.9386 1.64652
92.2884 0.322497
83.2638 5.97826
92.9653 14.4029
93.1237 41.6127
92.7294 21.0378
92.7088 14.6285
87.5049 11.0803
89.1282 15.336
89.0607 31.0577
89.6645 19.6876
89.55 31.8526
90.6368 29.6977
88.4194 35.2784
84.5355 22.8934
88.0707 42.3574
92.178 33.8012
87.847 46.9689
87.9386 46.4764
85.3275 43.2705
70.3772 41.794
41.2468 38.5902
90.9429 48.3415
88.9768 48.0712
85.9494 54.1865
94.4139 50.2655
98.3305 0.250805
95.8457 34.3113
94.1561 54.9978
95.5613 61.3716
98.7142 56.5746
97.081 61.6938
94.3857 64.6175
93.9113 51.8588
88.4466 57.4907
84.9118 66.7485
88.7352 56.3601
68.6112 63.639
45.9845 69.5241
42.6891 71.0485
49.6305 71.5748
57.8505 69.8804
56.0634 71.4536
69.1774 70.2098
79.2962 68.5816
55.8331 67.7758
74.8336 68.3284
72.1839 65.0324
79.5571 64.3229
84.8023 68.7647
99.1126 65.9244
52.4938 75.7798
91.3657 68.8964
72.7034 74.1547
88.1237 71.2498
82.5962 71.6941
97.5406 69.6581
64.3427 77.6236
40.6433 83.8155
54.0827 80.1244
93.6811 70.2288
66.2778 75.7511
45.3605 81.4033
90.2172 69.2196
81.9214 70.8075
32.0248 80.0262
31.8812 79.2623
27.798 76.8102
35.9556 83.023
37.7669 81.0809
54.0503 76.304
38.0168 81.0636
70.6283 74.028
34.0474 83.6455
46.122 88.5843
57.9853 84.9203
52.3636 88.6098
74.7069 79.117
63.7305 79.829
76.0163 78.9176
78.3702 76.2211
69.6067 76.972
82.8294 75.3305
86.3239 84.3785
90.1041 88.578
89.7299 81.2659
91.2224 85.3383
92.8246 74.4285
93.0781 78.9976
93.3623 87.384
99.5667 85.9939
93.6059 87.8939
94.811 92.9132
93.7248 89.1216
92.649 89.453
90.1439 90.1007
87.7285 87.0235
88.1868 89.8029
93.3091 96.993
87.8094 89.2758
84.6403 81.0273
83.6524 78.3394
86.7136 97.4067
83.0779 76.2353
55.9685 87.1006
62.889 85.2249
47.6248 90.7033
68.0174 96.7897
58.1744 89.0748
78.6601 81.9984
73.7787 87.6421
80.1453 86.8927
75.4674 89.4589
72.8918 87.8817
73.4853 84.9132
59.7399 89.3387
64.5165 93.184
66.1691 88.2059
84.7869 94.5162
76.2753 91.65
82.8873 98.8812
77.55 96.251
79.0649 95.035
72.6562 91.3371
68.7403 90.6907
67.9479 97.9036
42.7039 89.3326
38.7105 87.5446
27.9767 78.8907
43.4926 94.076
48.0619 97.1123
24.7063 89.3224
42.084 98.2768
65.1474 98.1586
41.1885 98.8407
36.8857 95.7046
23.4517 91.5363
20.319 85.8577
38.8425 92.7046
34.3636 89.7237
46.2096 96.251
19.3703 76.5527
21.0279 79.9045
19.9386 83.5718
20.409 80.7971
17.3002 68.2146
14.8775 64.9773
11.7991 57.5806
7.75216 42.6609
13.3322 69.2229
3.15985 30.5566
20.322 96.6156
16.96 84.7493
13.0587 73.7848
16.6097 86.4651
16.6065 89.8686
15.728 90.0075
15.271 83.8966
9.87724 67.8266
15.9465 85.5681
7.78002 55.8018
8.9621 64.2776
13.2164 85.6863
7.07659 56.1977
12.8569 88.9408
4.95003 51.978
10.4137 87.2762
8.32303 81.4576
7.63658 89.1994
0.897011 64.0107
0.443866 69.8751
1.99604 83.5624
5.6238 89.6266
3.94673 87.431
3.45321 92.6204
0.0765304 75.1523
0.0933272 52.849
1.50042 66.2248
6.27005 83.1149
1.65726 56.3406
6.25992 81.593
2.23803 55.3688
3.8375 61.7732
7.26135 86.9014
8.32018 78.5775
7.26534 68.0111
3.73709 44.4005
0.304639 29.1524
3.54434 41.8203
12.7656 88.5075
