-5.68727 -36.5143
-9.59305 -22.1488
-7.92861 -48.058
-9.76934 -19.9664
-17.018 12.0268
-16.896 -13.4479
-15.9796 -28.3413
-11.1833 -37.5398
-15.2701 -7.64608
-15.2857 -12.0748
-15.3131 -3.14905
-12.579 -18.4827
-11.2224 -19.7003
-12.6595 -25.6542
-10.0853 -34.5228
-9.85763 -39.3264
-13.7932 -47.8278
-17.56 -39.7373
-14.0363 -44.6739
-10.5125 -38.9151
-34.0188 1.19379
-38.4036 9.21959
-22.1438 -27.2617
-29.7828 -10.3676
-37.5338 7.04357
-27.2812 -19.639
-28.8189 -14.1762
-23.9144 -28.9876
-24.7306 -33.5875
-18.164 -44.4145
-21.4037 -39.2624
-34.8329 -27.2663
-34.9834 -28.2642
-25.9756 -38.7523
-21.4572 -44.8276
-39.446 -27.4842
-41.2083 -27.3649
-32.5934 -37.5238
-38.5022 -31.5302
-43.3442 -24.4205
-45.0953 -21.4273
-41.6866 -25.1521
-24.7363 -41.5018
-41.2484 -20.2852
-25.3958 -35.6425
-38.0658 -19.198
-43.9647 -16.4637
-41.8384 -15.0851
-45.6419 -9.56639
-45.6079 -8.7588
-29.9795 -29.6258
-33.5325 -23.1766
-42.9275 -10.3501
-23.479 -36.8172
-28.7189 -26.0277
-36.2172 -9.47359
-35.9685 -13.2791
-38.3567 -4.4582
-42.9881 -6.90995
-38.8555 -14.4667
-46.7473 -0.671672
-43.0533 -6.67604
-37.9145 -3.78332
-24.6325 -34.1209
-29.0012 -21.5455
-36.8065 -3.21316
-45.1291 0.843316
-37.7778 -2.25726
-43.1756 13.5325
-37.3454 21.2301
-30.5388 17.4095
-32.4103 25.6384
-26.7698 0.929375
-29.0213 9.90855
-30.5303 16.6228
-36.3673 18.1227
-40.4085 15.9183
-32.1018 12.0285
-26.6269 -1.58603
-29.5806 -3.28367
-33.8649 5.80226
-30.6331 -0.995045
-30.1591 6.30181
-34.8176 11.8538
-39.4459 12.5562
-40.0418 5.44007
-33.5837 -7.16389
-39.8289 4.78887
-27.0879 -25.5638
-26.6359 -21.5728
-38.6066 9.74628
-25.2455 -13.7415
-16.3139 -27.7811
-17.9617 -17.6865
-22.1994 -5.06542
-23.0576 -1.58149
-29.937 20.5865
-30.5122 27.2295
-27.6584 23.3389
-24.5174 26.2045
-35.3364 33.6746
-31.4004 31.0724
-27.5677 31.6039
-26.5882 33.8386
-22.9483 34.5169
-24.3873 33.8447
-20.1635 29.2339
-23.1673 32.2353
-19.8941 22.1778
-20.7309 16.3062
-20.5165 18.2199
-24.2068 31.4797
-29.7654 30.261
-22.6437 25.7724
-28.9859 21.2384
-23.9883 13.9149
-19.3018 6.75638
-29.4556 20.09
-19.6172 -12.6948
-23.0881 3.12784
-17.0782 -17.6614
-17.1698 19.4651
-23.052 42.5573
-17.2801 45.9313
-21.055 40.5819
-12.1292 48.199
-11.7131 38.353
-12.5422 45.0554
-20.5734 39.4839
-22.1768 42.6659
-13.6881 5.71322
-12.0059 4.75393
-13.9689 11.6441
-12.3654 8.02925
-15.7243 25.115
-16.311 22.0832
-17.008 32.1892
-11.1125 11.429
-15.3485 29.385
-12.5297 17.7619
-10.9456 13.0947
-12.1155 29.3458
-12.9183 41.0202
-10.4078 8.74313
-14.4017 21.803
-9.99103 -3.70926
-9.39193 41.5535
-9.51801 4.73109
-8.26205 49.0539
-9.27212 10.5792
-6.69631 48.1542
-7.64226 -1.90061
1.12433 26.3394
-4.00135 12.9259
2.53724 33.0555
-4.74359 19.5408
5.53674 42.104
-3.66046 26.041
-2.75389 28.6103
1.28457 36.405
-5.38663 30.5141
-5.85393 44.8033
-2.42744 41.9224
1.80067 46.8235
2.74273 45.3796
-4.81877 38.5406
-3.30686 34.4599
-1.55735 34.0996
8.30065 48.659
-2.62768 28.7444
6.34813 44.1758
4.83198 38.1381
-5.46679 4.92233
4.32107 34.0798
8.1537 47.0787
-0.158918 17.4082
0.867418 16.2617
6.33059 36.4964
0.217842 11.6117
10.053 45.7291
2.50831 18.5366
11.0198 35.3254
10.2263 36.1466
13.5262 37.0436
13.6788 43.314
14.15 35.3216
15.8086 36.6544
18.0503 38.1703
8.95219 31.1993
8.52691 26.0716
25.9027 34.7386
26.8032 32.6139
34.6534 33.5088
20.6336 31.5736
18.376 28.404
37.7149 30.0893
35.0505 35.5004
38.9539 29.7787
19.0409 28.4156
35.4851 26.4806
40.541 25.9724
25.8934 27.3284
13.4895 27.4587
16.2527 18.6716
14.8348 22.6389
13.103 25.0845
5.02895 23.1513
2.16857 12.9529
5.45653 17.9598
-1.86157 5.14776
38.065 23.8684
9.99635 12.3463
3.5516 10.3999
3.41263 10.4049
35.2705 23.1729
22.296 21.1763
30.2657 24.1823
39.9242 24.2598
35.1681 21.1909
39.8042 19.9081
32.7454 20.8364
7.4119 9.35093
2.03935 5.91068
32.7592 19.1351
20.0385 12.215
37.5714 16.0388
31.8451 13.5355
27.056 13.0479
39.2266 11.4996
31.8166 12.3482
12.6343 4.02861
27.7241 10.794
23.8762 12.8335
10.8994 8.07794
12.4886 6.95692
5.40138 5.35125
26.5951 16.0914
-0.545396 4.79393
-5.12588 -5.76123
-4.21467 -12.1878
10.0354 -21.3184
7.96332 -19.053
0.225524 -7.59224
8.82386 -18.7988
23.9173 -24.0823
12.9457 -19.601
13.932 -17.2195
0.406822 -1.03715
7.0051 -7.69213
2.76779 -0.101783
9.78534 -7.31271
19.3367 -17.9874
15.9778 -15.3294
5.59357 -4.53507
16.2285 -20.2746
29.4736 -24.3917
15.0071 -17.1827
32.0239 -25.3437
35.8531 -20.8877
41.5441 -12.6888
38.9599 -8.22732
37.4363 -11.2978
30.0813 -18.2132
19.0898 -8.94764
25.1259 -17.3081
22.7053 -14.3675
15.9557 -5.34263
20.172 -7.58233
23.5355 -12.1972
30.3704 -15.5555
35.7083 -12.4566
39.4194 -5.05474
35.86 2.62472
28.0749 -9.35294
4.8502 2.86718
21.2196 -5.44165
19.5362 -0.67237
22.7369 -6.50226
27.1435 -6.92788
24.3162 0.494222
25.0522 -0.235601
26.6898 -5.73329
27.9742 -3.93913
28.4991 -7.81585
37.0369 4.39954
41.2809 -7.49868
42.1762 1.66842
41.0366 17.7282
42.6082 -1.16557
44.598 20.3471
42.2609 -9.01487
45.8383 3.37875
45.846 -3.12789
49.49 -2.62717
33.4 -24.4055
38.4629 -20.2266
38.1123 -21.42
34.8947 -24.1348
31.2946 -25.7293
18.2324 -21.7011
37.0139 -28.5608
24.0916 -24.6968
31.9518 -31.133
25.135 -25.9351
29.2734 -39.7485
25.5185 -42.5319
17.9328 -43.9296
19.1073 -45.6466
-4.90676 -43.2268
17.7837 -45.4307
13.2155 -41.6861
4.02126 -30.7994
4.13431 -40.2346
1.76591 -29.846
8.78166 -26.1257
4.81649 -29.2468
12.0546 -39.6571
15.9054 -43.4276
22.2826 -41.7622
15.3184 -37.7364
10.0515 -35.456
20.6559 -39.9847
25.8947 -41.1414
27.8866 -38.5932
20.9852 -31.0888
28.0146 -38.0854
24.7855 -25.2984
9.9718 -19.7235
17.7067 -24.893
22.6513 -30.0203
-3.42666 -19.21
10.793 -24.3166
-1.76929 -19.8846
15.537 -27.0105
17.6087 -26.3837
-6.74747 -10.6779
-2.33735 4.89692
0.543642 21.9335
-8.57684 -4.93254
-7.19892 32.1508
-10.0775 -5.36255
-0.289843 -37.2484
-3.49071 -26.8928
-12.1855 0.448886
-1.39585 -37.8441
-12.8538 2.57902
-11.515 -3.04822
-15.1776 11.5268
-11.7308 -7.03553
-11.2504 -12.7882
