72.41 9.93227
85.657 1.78989
86.1743 10.7133
85.5564 6.56123
86.9454 19.1895
85.9872 5.64173
88.1544 12.9261
86.9911 2.81172
94.756 14.0922
88.2271 7.7439
91.46 15.1271
89.149 26.4451
92.1875 21.0511
96.332 25.6201
93.3112 22.1845
90.4433 11.1289
91.0691 11.2822
98.1622 21.8497
92.4214 12.9614
99.2633 19.5612
96.0163 5.96135
98.0819 10.276
99.5864 7.68977
93.5337 1.45717
96.7783 11.9204
93.874 6.74226
97.4368 15.5068
90.5115 1.10199
92.712 9.03124
92.1411 5.69361
98.6958 18.1015
86.0632 1.5836
84.2809 0.787135
85.2053 1.75942
77.2591 6.20958
72.9682 9.3715
72.968 7.31212
72.4929 1.34173
71.27 7.03285
69.9833 0.53072
63.6178 3.76042
69.7569 0.741997
70.2927 4.80421
67.4343 3.56251
70.1067 6.29619
52.1277 2.22153
53.9585 3.72552
40.615 1.89033
30.0054 0.496296
33.4284 3.31012
12.1317 0.951099
9.76887 1.0753
32.3857 3.2721
3.88441 5.13591
9.71193 3.32494
2.7073 2.07835
0.439585 7.33057
13.2621 4.67964
37.3686 3.14285
33.7199 1.79947
65.8841 5.55571
67.5363 7.1599
55.1025 8.01255
21.9225 9.37314
11.4274 9.55357
23.4706 7.82214
48.0266 3.89371
9.51394 9.77954
30.5269 9.31209
9.7723 12.353
2.04822 15.2187
7.04992 13.4814
29.354 9.60067
72.8467 7.02195
69.0236 23.3822
67.4237 17.7491
67.4019 27.1583
60.4683 17.0355
63.9518 20.5697
65.9547 21.8827
61.0246 13.7508
64.1705 20.5743
56.6929 11.9631
57.0991 17.4878
25.2558 20.0124
9.30417 20.1647
26.8483 18.658
30.6107 16.9261
20.3769 15.5827
13.8171 15.086
8.25089 15.1599
34.2283 12.4533
53.3363 9.32299
35.1089 12.28
25.4677 13.1121
6.62695 15.2108
7.50375 16.814
9.30351 15.1941
28.4196 17.4552
25.7979 17.7732
18.1758 19.3973
3.56727 19.6109
21.592 22.8564
28.2368 22.5222
3.83307 26.9168
2.58144 27.8668
13.0564 27.6294
0.657183 29.3772
15.0021 29.528
22.8923 29.5725
12.7787 28.1152
26.1627 22.9344
55.9546 28.1778
30.6325 23.4206
40.9919 22.0103
15.5414 21.4022
17.5032 20.6671
58.3363 17.4172
57.3468 14.9805
63.1917 21.9125
49.2417 21.9386
60.5374 22.8748
47.4066 25.7476
44.5725 21.1002
47.4022 25.8592
53.0624 26.0881
63.3965 22.4348
64.8501 24.8798
68.3802 28.8489
43.628 29.1533
70.9616 29.19
70.2025 24.2572
74.5168 19.4629
81.1427 9.39236
77.004 28.7243
83.0574 14.9541
79.7474 18.1315
81.5433 6.96887
75.8898 14.9028
71.2068 18.3788
