-0.0830424 66.5004
13.9535 69.3459
38.5568 72.083
23.2755 57.9132
73.8289 62.0452
63.5267 62.5169
72.758 67.521
76.7101 59.4087
103.099 59.101
130.874 62.4586
128.165 71.2747
137.29 70.4032
137.634 60.3228
122.227 52.5897
108.703 56.0731
119.425 60.9134
87.3766 56.7725
46.2943 59.6926
39.8638 56.8922
43.532 53.0682
69.8183 50.0281
103.626 50.8048
131.094 51.0684
136.066 48.6113
110.306 50.7031
76.2478 47.8924
140.225 42.9269
102.545 41.2434
111.049 38.4691
142.308 27.1169
110.822 20.8128
51.4468 18.404
141.49 18.2552
90.0541 17.7908
130.067 18.2584
26.101 17.2993
48.2975 13.7274
118.594 12.139
136.821 11.5392
107.133 10.6952
130.972 7.65448
98.2169 6.69888
30.6455 2.95088
62.3219 0.0422552
17.7712 2.09755
69.5932 -3.10065
80.8835 -3.33719
121.357 3.88376
107.197 -1.15525
99.8518 -0.187218
86.8064 -2.92232
126.935 -2.30255
143.268 -3.24611
53.4614 -3.87737
2.26092 -0.367063
42.1572 -0.50061
9.28812 2.65851
76.7125 6.14617
28.8072 9.08048
58.2051 7.53694
72.7428 7.35129
92.4557 12.4507
8.8987 11.2682
-0.632553 12.4656
21.1816 13.6958
41.4029 13.5417
20.9335 17.5018
82.7561 20.8739
36.1963 20.5465
-1.75793 21.4301
62.1496 22.1805
73.2257 21.2467
101.943 20.9149
119.704 23.5319
107.918 27.5522
70.8153 26.635
52.7994 27.1805
9.35685 23.1054
33.6611 26.2514
19.778 27.3405
37.925 26.0324
56.8118 27.8336
87.453 27.592
80.2246 29.8646
118.356 28.0196
130.053 29.9467
98.2091 33.591
81.6922 39.9229
56.3227 41.4354
42.8709 39.1987
50.7462 37.8552
3.61442 30.3123
7.78046 33.4283
32.9324 39.4366
-2.72791 40.5521
9.0775 41.0475
87.6731 41.8962
66.4134 41.4054
119.547 42.0752
17.9986 42.7541
129.734 43.7346
53.1567 47.708
19.6274 47.9764
93.9984 49.491
59.5429 49.7919
31.858 52.2638
9.59139 51.0844
0.0238074 51.4182
30.1339 56.0189
12.7428 57.045
28.8707 68.5998
17.7989 67.3279
-1.38118 57.1183
-1.13439 111.578
17.4088 116.302
17.8698 108.997
50.5186 123.187
32.6919 123.655
2.67787 120.237
3.36021 126.67
10.6084 121.431
43.5527 126.359
56.274 123.796
37.5362 117.157
48.5341 112.928
30.257 109.531
60.9203 108.665
123.654 108.838
132.551 109.639
67.5629 117
97.9649 123.715
19.7236 128.015
103.048 129.99
131.384 130.585
89.564 132.694
12.9659 133.429
76.1485 133.771
52.2617 133.208
110.309 133.432
72.8096 141.391
47.0151 140.651
19.819 136.45
33.7733 139.505
8.62613 141.475
90.9329 141.879
58.4886 142.146
127.883 142.889
-2.46686 143.964
40.0377 143.842
136.862 142.935
122.892 142.275
113.468 141.598
79.583 140.359
100.288 136.341
139.056 130.971
121.254 129.839
57.4984 127.864
73.5605 126.831
30.1829 127.661
131.868 122.902
107.313 122.345
81.3343 119.798
139.123 117.428
120.206 117.237
90.3279 116.311
141.606 108.888
70.4513 108.171
89.1675 108.623
6.99735 108.32
-0.86771 96.0665
41.3937 107.371
47.2388 102.31
70.9723 103.758
77.7017 106.601
111.016 107.399
117.642 103.084
133.397 102.211
138.353 98.438
106.172 102.855
123.118 91.5517
137.878 90.4868
103.908 91.3985
79.274 98.3425
100.965 97.7663
87.4196 96.841
113.059 92.1639
97.9485 107.055
62.0093 101.242
37.7021 98.5767
29.0315 102.464
12.3159 98.3019
20.3171 97.0134
20.8034 91.3867
60.2755 91.6654
32.9761 90.3265
50.7973 88.4923
22.3977 83.5553
77.5962 87.1088
132.905 89.2314
86.3913 87.1022
126.226 82.9332
86.5649 80.4336
139.174 78.3033
76.4256 76.6142
121.577 72.9189
98.7991 72.6424
93.7816 73.6152
56.8824 72.8036
48.7822 72.7234
81.2564 73.7667
106.274 73.8399
42.4855 78.2132
100.122 78.2976
107.258 78.7091
-0.243948 79.1208
71.9177 80.194
119.861 83.0057
72.5831 86.2516
57.3575 83.5395
52.5241 82.3168
28.9539 81.118
10.4075 82.062
40.3995 88.0485
8.94909 90.0908
-1.21185 93.3654
