10.0122 81.6814
32.6629 80.5867
143.987 79.857
156.27 79.8257
63.4381 79.8334
42.5168 79.0827
109.369 79.8144
148.568 79.6123
119.036 77.8708
0.545693 77.0546
81.7743 76.1301
47.7847 72.5216
96.6889 70.6406
79.6367 67.245
40.1153 71.4333
16.2166 67.5394
-3.86551 71.9872
12.081 66.81
33.8936 70.4131
66.0053 68.0473
87.5768 66.7146
89.6653 62.8346
110.477 70.0345
110.304 60.9368
59.2535 60.6178
98.9815 59.4344
18.2819 59.7596
149.726 58.7586
132.925 58.7979
-0.132668 58.5963
40.207 57.8781
47.3437 57.1314
6.2434 56.2225
87.3634 53.6823
71.1364 53.1473
37.9555 52.6369
60.8513 52.195
22.4872 51.6785
-1.29356 49.7503
33.9112 51.0081
6.51578 48.2992
47.1798 51.0087
111.652 51.5783
137.671 47.8228
78.0939 46.7824
153.441 46.6775
37.4096 43.4578
102.009 46.5157
23.9435 43.3483
3.17141 43.1241
117.878 43.0784
26.6719 42.2658
89.5868 42.064
102.914 29.4939
102.296 41.5693
153.436 38.0343
139.724 33.509
161.885 29.2442
129.698 29.0543
106.486 27.468
139.344 19.4589
88.849 21.5499
121.155 19.9561
77.5224 19.8594
63.0586 26.7148
86.4257 29.9549
82.0612 39.216
81.5375 30.7505
52.3912 38.4252
70.918 28.8892
48.2165 26.4448
67.7851 21.6871
41.7721 20.5705
39.4663 30.9699
16.8116 31.0658
10.0586 41.6341
11.3068 28.3491
-0.418126 29.1006
3.00029 22.1562
32.1603 28.6823
2.72167 12.2584
11.7404 13.4133
21.9337 11.1556
28.8479 7.35386
11.1539 1.63781
-0.276757 0.994772
29.4915 -1.40154
16.1747 1.79937
36.3402 2.06229
37.8034 7.03237
66.8359 -2.23632
77.3367 1.08377
61.4053 2.10779
87.3914 10.4792
93.6617 -1.52966
107.748 -0.619194
131.446 -2.99254
116.354 8.35358
133.552 11.1693
142.506 -0.664099
163.66 13.9714
160.928 3.1551
166.836 10.2722
173.279 3.92772
166.254 18.4645
146.156 1.96146
139.677 7.38812
149.302 6.67237
130.826 17.2217
110.875 9.78257
121.85 0.529913
99.3798 2.56007
99.427 18.1566
96.0993 10.7848
79.0261 11.4414
58.7687 16.0329
52.0634 7.42099
61.9271 12.578
71.5125 6.18771
51.543 2.67648
12.8526 17.0877
21.7583 20.4766
29.8581 20.2949
49.008 19.9455
109.844 18.634
162.659 20.1003
148.135 23.3151
123.899 27.4278
173.792 29.4594
151.714 32.1838
163.054 40.2441
139.427 39.2287
129.153 42.0578
63.214 42.1898
107.988 42.7911
170.906 43.0723
73.0332 43.3527
172.418 47.4457
119.736 51.726
162.278 51.8281
127.035 53.1845
26.097 56.5603
80.73 57.3267
68.0544 57.4474
157.844 58.8163
116.007 59.8117
137.799 63.2718
131.881 70.3002
152.056 69.1443
168.087 61.0891
159.229 70.0897
166.764 71.1367
139.048 71.039
119.168 70.2514
58.4779 72.9426
167.709 80.6217
71.4122 80.7572
91.2811 81.6636
127.157 83.5062
102.659 83.7463
20.4488 81.9309
50.9447 83.5778
50.4306 90.0582
76.6138 91.1275
139.873 88.1446
173.732 91.2135
157.126 90.6547
148.435 89.4606
167.383 96.1531
127.389 90.0142
109.572 91.3821
122.965 93.8613
116.266 96.0838
97.5623 91.2034
88.0761 93.3634
68.548 92.4763
58.3187 91.6557
30.1974 86.8406
16.6769 89.012
10.0158 96.8089
32.9063 99.4465
42.5918 101.408
63.0069 98.9249
93.253 102.969
98.3102 97.8754
107.663 103.81
139.674 103.212
148.808 98.7575
157.473 102.082
168.146 106.371
141.104 111.538
100.274 112.333
161.989 113.463
87.6617 117.507
117.383 118.241
72.6994 118.208
59.7186 117.638
19.5682 119.403
42.1196 119.665
112.407 121.425
173.705 121.483
151.548 122.887
156.462 123.542
80.8477 126.123
169.802 131.811
149.558 133.297
166.443 138.819
147.574 142.566
166.725 147.347
109.043 152.159
126.681 152.338
149.263 153.185
48.9471 156.614
121.446 157.225
77.2111 158.949
170.586 161.075
133.811 162.149
146.34 163.589
166.289 167.573
116.544 169.102
81.9774 169.905
162.78 171.42
63.2939 172.221
137.626 173.379
91.4076 173.751
37.6119 172.945
22.1921 172.377
68.3511 171.91
-3.47021 170.858
131.688 171.527
9.10936 169.597
30.6126 168.273
113.073 166.402
48.9601 169.264
100.08 168.951
148.428 167.538
136.708 163.111
107.992 162.781
73.3081 161.013
61.0565 162.977
-3.14638 162.774
30.7276 162.561
88.4305 160.048
96.3393 161.418
159.556 161.123
17.9906 158.217
13.9417 157.966
36.6944 156.954
88.914 153.161
22.3273 152.859
101.178 151.76
141.221 148.639
120.205 148.407
72.7706 150.088
-0.0295921 152.244
29.6423 150.067
56.9426 149.01
7.37862 148.415
41.6014 147.407
67.4551 141.184
28.8904 140.974
1.5165 139.545
22.7993 137.464
33.7597 132.536
61.442 131.718
37.3457 133.8
51.789 136.102
62.4388 136.226
43.2792 137.247
7.56726 139.143
79.3845 141.48
90.2783 143.928
52.4437 148.129
76.0331 149.739
157.655 146.907
143.408 142.11
113.616 142.221
162.368 139.109
143.981 132.648
132.834 133
131.59 136.948
119.871 138.018
97.1536 136.259
116.164 133.1
159.999 131.402
90.5671 126.911
113.404 129.648
49.6708 130.809
11.1977 129.686
-0.0139956 129.232
98.5946 128.189
66.8941 126.26
18.7047 127.577
141.443 123.174
130.133 123.492
102.565 121.199
31.3303 120.478
3.56264 121.891
10.2901 119.274
48.0874 117.629
42.7015 113.986
83.6072 117.449
130.744 113.965
67.5337 112.368
-1.42453 111.462
27.124 110.374
108.904 110.031
78.2923 110.366
22.9165 110.671
13.1399 111.539
92.2906 112.172
150.001 109.639
129.119 103.508
121.931 109.141
81.2638 101.744
63.7327 109.238
71.8664 101.715
50.372 103.015
22.0827 101.939
47.8098 108.165
-1.45359 97.878
-3.30166 93.9381
13.0729 86.0757
43.6025 87.0923
