60.4683 17.0355
58.3363 17.4172
47.4066 25.7476
53.0624 26.0881
55.9546 28.1778
43.628 29.1533
47.4022 25.8592
44.5725 21.1002
49.2417 21.9386
57.0991 17.4878
57.3468 14.9805
55.1025 8.01255
53.3363 9.32299
48.0266 3.89371
33.4284 3.31012
30.5269 9.31209
35.1089 12.28
30.6107 16.9261
26.8483 18.658
28.2368 22.5222
40.9919 22.0103
30.6325 23.4206
21.592 22.8564
22.8923 29.5725
18.1758 19.3973
15.0021 29.528
12.7787 28.1152
11.4274 9.55357
9.30351 15.1941
2.58144 27.8668
9.30417 20.1647
3.83307 26.9168
0.657183 29.3772
7.50375 16.814
3.56727 19.6109
6.62695 15.2108
2.04822 15.2187
8.25089 15.1599
7.04992 13.4814
9.51394 9.77954
9.71193 3.32494
0.439585 7.33057
2.7073 2.07835
3.88441 5.13591
9.76887 1.0753
9.7723 12.353
12.1317 0.951099
13.2621 4.67964
13.0564 27.6294
15.5414 21.4022
13.8171 15.086
17.5032 20.6671
21.9225 9.37314
23.4706 7.82214
25.4677 13.1121
20.3769 15.5827
25.2558 20.0124
26.1627 22.9344
25.7979 17.7732
28.4196 17.4552
34.2283 12.4533
29.354 9.60067
32.3857 3.2721
30.0054 0.496296
40.615 1.89033
33.7199 1.79947
37.3686 3.14285
52.1277 2.22153
53.9585 3.72552
56.6929 11.9631
63.9518 20.5697
67.4237 17.7491
61.0246 13.7508
71.2068 18.3788
75.8898 14.9028
83.0574 14.9541
90.4433 11.1289
72.41 9.93227
67.5363 7.1599
63.6178 3.76042
69.7569 0.741997
69.9833 0.53072
84.2809 0.787135
86.0632 1.5836
90.5115 1.10199
93.5337 1.45717
85.657 1.78989
96.0163 5.96135
85.9872 5.64173
92.1411 5.69361
86.9911 2.81172
85.2053 1.75942
72.4929 1.34173
67.4343 3.56251
70.2927 4.80421
77.2591 6.20958
65.8841 5.55571
71.27 7.03285
70.1067 6.29619
72.8467 7.02195
85.5564 6.56123
93.874 6.74226
99.5864 7.68977
81.5433 6.96887
72.968 7.31212
72.9682 9.3715
81.1427 9.39236
86.1743 10.7133
88.2271 7.7439
98.0819 10.276
92.712 9.03124
91.0691 11.2822
97.4368 15.5068
96.7783 11.9204
99.2633 19.5612
86.9454 19.1895
98.1622 21.8497
96.332 25.6201
89.149 26.4451
93.3112 22.1845
92.1875 21.0511
79.7474 18.1315
98.6958 18.1015
94.756 14.0922
92.4214 12.9614
91.46 15.1271
88.1544 12.9261
74.5168 19.4629
64.1705 20.5743
65.9547 21.8827
63.3965 22.4348
67.4019 27.1583
69.0236 23.3822
77.004 28.7243
70.2025 24.2572
70.9616 29.19
68.3802 28.8489
64.8501 24.8798
60.5374 22.8748
63.1917 21.9125
