94.6466 13.1332
93.3462 10.8337
91.8557 11.8962
89.9834 13.9025
83.9145 11.8219
89.0002 13.5333
81.2614 9.37387
79.072 11.7743
67.2991 13.9959
71.0598 14.0635
67.1963 14.2075
62.3634 14.4215
62.2398 13.224
54.612 12.8603
50.3241 13.8974
54.4782 12.8475
53.4469 12.6854
58.1059 12.1552
63.4516 13.2833
65.9494 14.1759
67.6494 9.95943
57.1374 10.5211
53.9176 10.6864
51.7783 8.76498
54.1982 10.6361
63.3752 10.1623
64.3501 7.58241
58.1828 8.0343
55.3674 8.05908
48.9367 8.2892
47.0821 9.55502
40.9184 9.34808
37.9664 10.8789
34.5791 11.2883
46.1319 12.5805
39.0535 13.2767
19.4723 13.6264
17.2455 14.0693
26.039 14.0821
46.1886 13.8541
22.0226 14.1409
0.0285573 14.0756
8.26586 13.7446
30.2777 13.3429
12.8584 13.1963
5.95481 13.3082
6.40726 13.1568
23.8569 13.1772
34.6073 12.8157
41.1337 12.8942
39.2034 12.2537
32.7603 11.4742
28.1901 11.9718
31.0516 12.0581
29.4544 12.3731
15.9616 12.6303
16.8842 12.8085
8.45816 12.75
14.1153 12.4277
18.6819 12.4237
2.91406 12.0936
8.42365 12.0647
22.4641 12.4162
27.478 12.0137
34.0995 11.061
39.9216 9.32021
46.8245 8.49908
48.5694 7.05607
44.9744 8.27697
44.1798 7.69465
33.4423 7.58096
15.0191 8.63598
9.82902 8.73481
22.1827 8.08197
1.59173 8.17795
5.23639 9.97767
7.32921 9.17907
7.72935 10.4894
26.4461 9.1088
19.7479 10.4429
19.8568 10.1295
12.1657 10.9976
6.99704 11.2014
0.319082 8.73969
1.93139 7.97351
4.65817 8.12183
25.0833 7.94545
33.5204 7.51534
37.9505 6.7486
45.9464 7.89611
48.6537 6.96767
47.5719 8.41519
51.7643 7.69714
60.5358 7.74636
62.7745 7.28743
66.855 7.02408
65.3679 7.36993
63.6755 9.45512
69.116 9.8056
67.2266 11.2776
68.7305 13.2005
72.2723 12.9704
77.4626 11.7348
76.5187 11.2449
74.2154 7.80062
76.1294 9.89145
78.7106 10.6432
79.1256 7.12125
86.2019 11.9781
90.4663 12.4676
90.6887 7.71391
93.3196 10.623
96.4945 10.6213
95.9156 10.3437
91.4288 6.64756
80.8455 6.05
74.8561 5.36736
78.3583 4.40196
80.3876 5.50276
84.6175 5.51776
83.8046 3.90784
86.2404 3.76798
85.3038 6.04926
89.6485 6.29534
89.4661 1.90273
76.388 3.53731
79.7593 1.44116
75.279 0.350038
72.576 0.681043
72.9849 1.56418
72.0431 2.42381
73.676 4.70229
72.7663 6.57789
70.7076 3.88037
70.3116 4.95395
68.9829 1.90303
58.0863 5.30932
60.8089 1.9287
51.7875 3.16415
56.8773 4.88852
57.0825 5.76363
53.761 6.70036
55.7195 6.02954
56.6533 5.18838
53.1433 4.25936
51.222 3.03333
55.4336 2.63216
51.0483 2.46101
49.1321 2.12421
48.9911 4.96097
47.0174 6.17299
43.0999 4.40598
33.1472 6.56587
22.5808 5.84123
21.8211 6.09269
11.8709 5.57278
8.2737 6.32943
8.98889 6.58705
5.88749 6.51376
1.99069 6.08289
11.2353 5.29033
1.14365 4.69672
8.28174 5.00648
6.43624 4.52691
4.95894 4.04345
21.6744 4.52738
9.69659 4.29738
7.5173 4.59334
13.8312 5.36288
25.7195 5.99023
34.479 6.0073
37.6379 4.50646
26.4425 4.57646
26.0733 4.00159
36.5206 4.18241
39.7805 5.03363
41.9603 3.78056
45.1859 4.78491
47.9753 5.10715
48.7601 3.73423
48.9598 1.43029
35.7429 1.41853
25.2493 0.92404
18.3064 0.888675
17.7934 1.52728
35.7554 2.51152
38.8772 3.11715
31.2285 3.71765
19.9794 3.07948
14.4641 3.44738
7.16502 3.23156
1.87937 2.74799
23.1559 2.73407
33.965 2.8476
35.0671 2.62521
21.5708 2.35889
18.0458 1.88466
11.6444 1.84659
19.3092 1.75206
27.5798 2.42706
32.0551 2.36105
14.3779 1.33944
16.7986 1.00659
11.7432 1.59021
2.24498 0.831
1.67487 0.0447868
10.8174 1.41862
21.9626 0.532387
39.6964 1.38081
46.1278 0.50047
47.1638 0.188
49.0006 0.379595
50.0502 1.83899
55.1816 0.279741
52.8076 1.52871
51.5373 2.19004
57.8333 2.3155
63.108 1.35596
65.1324 2.57199
68.7589 1.17867
71.7195 4.68575
71.5467 0.206503
80.5686 0.311862
89.2515 0.90318
80.8783 0.742749
77.8783 3.28349
82.2889 2.68256
92.4301 1.36646
93.0545 0.297166
93.2317 0.245424
97.4766 1.17835
90.8921 1.87805
99.5096 2.41121
91.4654 2.33098
90.3861 4.49724
93.6986 4.41719
98.2322 4.9707
99.7865 5.78607
90.4849 5.84737
94.1519 8.82973
96.2702 8.77004
99.6693 7.8611
96.3061 9.12635
96.945 10.797
93.604 10.8534
95.8893 12.2774
99.713 12.4094
97.9596 13.7628
94.0728 11.2538
94.9415 13.7404
93.7338 15.9545
95.2154 17.1338
97.6366 15.968
95.3692 17.4184
86.6821 16.1865
83.9549 17.3884
78.4346 18.4574
87.0624 18.7845
81.8465 18.3631
98.1907 18.0124
96.2741 18.1779
85.3153 18.4159
91.0698 19.5617
95.8041 20.6286
96.5284 20.076
97.4598 21.8672
93.936 22.3829
72.6441 22.8004
84.4809 22.8179
92.9387 22.9656
81.5727 22.9035
64.1095 23.2849
90.7631 24.2414
82.6627 24.6656
26.4239 24.9964
30.1638 25.0772
58.8163 25.0631
96.6705 25.1721
73.0672 25.6614
89.2247 26.0032
98.158 26.5625
99.3102 26.7946
94.4948 27.6506
93.9946 28.3915
88.0218 28.2581
56.8424 28.1577
68.4026 28.1291
51.6527 26.6112
42.1319 28.6207
27.7301 28.5691
26.9331 29.1714
11.3624 29.1151
15.6879 29.5021
22.1954 29.3623
24.688 29.8728
53.2153 29.2473
54.5848 29.0849
68.8764 28.6091
79.3458 28.5163
91.2679 28.6156
81.474 28.5446
92.8289 29.1091
83.2649 29.9101
86.7 29.1239
79.0425 28.5416
64.7243 28.927
56.2156 29.3663
55.9877 29.5921
66.3001 29.9007
53.5801 29.6019
48.806 29.3958
34.4351 29.6916
52.4077 29.8053
22.626 29.8883
12.6059 29.6145
3.36208 28.9585
22.021 28.8726
28.8006 28.4082
42.3651 28.4922
48.7782 27.1482
33.4131 27.5831
33.4016 26.5614
28.676 26.6244
27.572 27.7547
17.5159 27.3136
4.08914 28.3582
4.95671 27.8461
10.2884 26.7946
26.0323 27.3743
28.0468 26.3068
35.0094 25.9967
34.36 27.4002
46.9105 26.7984
46.6222 25.9003
66.2426 27.6782
78.4422 28.1745
94.0294 28.1154
93.8427 26.3829
80.8457 26.2093
89.5352 27.2208
79.0993 26.0884
63.8788 25.7043
16.2973 25.8738
65.2517 25.6208
64.444 25.293
1.89221 25.3922
90.8241 25.2404
50.5471 25.1946
14.8319 24.9968
69.0543 24.6986
81.644 24.4436
65.4555 23.9995
42.4288 24.2761
43.6196 24.6647
35.9335 24.0935
13.3913 24.6045
7.94406 24.4509
21.0966 24.4276
13.087 24.0675
26.6375 24.0378
1.80976 23.8138
33.9073 24.024
40.2123 24.2317
65.152 23.9508
84.0132 24.0228
57.5509 23.1734
30.1422 21.9457
24.0664 22.0674
27.5932 22.9456
32.1061 22.7254
29.9413 23.1691
21.4556 22.426
21.27 23.3277
19.7997 22.9655
18.8185 22.6334
12.5959 23.4574
1.40019 22.7176
11.059 23.3087
16.3791 22.623
17.1487 21.9692
25.4904 21.7462
36.8888 22.1701
55.1808 22.8545
61.0741 23.1048
86.3097 22.4118
44.8828 22.2598
81.4183 22.3713
95.522 22.0685
65.099 22.1338
91.8173 22.0605
96.6176 21.1249
88.9413 21.458
83.0701 21.715
95.0511 21.1853
91.6685 19.8325
86.0942 19.1344
77.1209 18.7595
72.0485 19.2004
62.9554 21.1088
68.7305 21.3283
76.4665 21.6667
65.4801 21.5757
62.2815 21.2973
60.5006 20.6906
63.9483 20.1453
64.4273 20.6698
67.3268 20.0713
59.9164 18.8897
65.6646 19.5904
63.8107 18.5172
68.5241 19.3511
73.7683 18.4752
81.0938 17.676
83.7726 16.6196
80.3889 15.9167
77.7761 17.0417
76.0426 17.6978
71.9127 16.1286
65.4905 17.4307
65.0438 17.9359
62.6792 16.0621
43.9218 16.1059
52.4638 17.2056
36.7208 17.8253
22.6404 18.0685
11.0932 18.591
23.078 18.4991
7.94545 18.675
47.6654 18.7822
45.8787 19.2644
39.2525 20.594
48.3153 20.9652
53.4068 19.1871
58.136 20.5921
59.7624 20.1903
58.4954 21.2018
58.2824 20.8118
54.6164 21.6099
57.0989 20.5298
55.8357 20.1299
52.568 20.1665
50.0746 21.0404
29.4706 20.7232
30.224 20.7917
25.6315 21.0872
14.4621 21.5215
20.8637 20.9602
23.0182 20.7827
8.70035 20.722
19.3268 20.7025
19.6331 20.564
13.4184 20.1676
11.1146 20.4441
5.22799 20.3382
10.3967 19.8736
26.2185 20.5637
25.1799 19.3226
26.3525 20.6383
38.1269 20.6626
38.1859 19.5087
45.099 19.0868
0.342539 18.8889
2.4464 18.6754
27.019 17.9169
25.929 17.5654
14.5015 17.494
9.23038 17.8269
13.9429 17.4217
38.6952 17.7171
47.6285 17.1772
38.9227 16.7203
45.5871 16.8038
36.8005 15.5563
18.7427 15.4048
18.9412 15.9233
20.4916 16.2815
32.3773 15.729
22.194 16.3544
19.122 16.8008
18.8723 16.0042
6.6848 14.9422
46.6771 15.6717
40.6623 15.6574
54.6985 16.0636
62.2435 16.0106
60.5005 15.0964
59.8737 14.6975
64.5026 16.8997
65.1892 16.1787
67.0303 16.833
72.1461 15.7444
73.5159 14.7713
77.7952 14.8699
78.0628 16.1944
80.6634 14.4497
85.1114 15.278
81.281 15.8737
93.5592 16.4391
90.5808 14.4953
93.8516 14.5547
