22.971 -1.66965
11.5198 -2.00991
14.7794 -2.84244
-1.47297 -4.64524
0.430458 -7.09605
2.38258 -6.43976
2.85675 -6.18064
22.1724 -8.19762
33.4056 -6.14792
39.3402 -8.972
27.5918 -9.08881
0.582661 -8.63883
34.213 -9.25958
-1.3655 -9.95575
8.13048 -11.6648
6.63169 -12.9638
19.4535 -13.9389
3.18682 -17.3602
21.2974 -19.337
23.3152 -21.1333
26.6201 -21.4521
25.1757 -22.6585
10.4689 -22.1644
12.7874 -22.6681
-0.643073 -22.7796
24.7016 -22.7912
25.69 -23.4166
0.361239 -24.0426
28.1679 -25.0678
7.43484 -27.689
-4.49126 -27.5503
-10.8397 -28.3527
-30.0469 -26.0209
-33.6358 -27.4222
-37.6836 -27.0429
-40.453 -25.7097
-37.5656 -23.9713
-31.7509 -22.2169
-28.4055 -22.0136
-25.8048 -24.677
-21.0611 -24.75
-11.2834 -24.0191
-8.25826 -23.2362
-4.05974 -20.916
-7.42904 -18.2615
-2.04223 -13.6338
-8.62204 -10.1333
-6.77496 -3.4853
-8.05445 -7.51866
-8.3774 -2.55304
-2.54041 -2.7197
-8.12434 -1.86071
-10.46 -5.48489
-8.75833 -10.4374
-7.98032 -12.4911
-6.23206 -16.1858
-10.2335 -16.4565
-12.7716 -4.66195
-11.5153 -12.2984
-14.0032 -15.7419
-13.0142 -6.72863
-14.4949 -19.5841
-15.0742 -12.5343
-19.7456 -6.63823
-29.0441 -18.8572
-27.2297 -10.3511
-22.9939 -3.58133
-26.2009 -5.84381
-30.1639 -9.09129
-34.7133 -12.9089
-35.4237 -13.9993
-28.2221 -9.45241
-29.1264 -16.1144
-29.1303 -19.4143
-32.3721 -17.3528
-40.6491 -13.5044
-36.6145 -6.48653
-36.323 -4.45307
-37.2643 -3.56377
-40.2805 -12.7312
-41.3781 -14.1814
-43.7932 -9.0894
-42.7863 -13.9256
-47.3845 -7.17638
-48.5895 -7.67258
-48.5227 -11.4485
-47.8142 -13.4985
-48.2087 -10.2538
-42.5683 -14.476
-41.2134 -17.1323
-37.031 -15.8219
-34.3436 -16.7638
-34.7382 -20.9626
-32.3902 -19.5834
-25.6304 -19.8142
-22.9724 -11.9583
-19.0879 -7.99463
-15.0713 -12.8552
-18.5276 -16.8345
-16.1513 -14.3381
-14.7098 -20.4878
-13.5229 -18.7959
-11.823 -13.3966
-10.5814 -17.406
-8.16256 -19.6076
-6.47595 -21.3446
-16.4886 -24.2785
-11.3249 -21.5255
-16.3309 -22.4825
-24.2998 -24.3921
-23.957 -22.5695
-29.1747 -21.1738
-34.8448 -22.6525
-42.5386 -25.8544
-38.4183 -27.0746
-37.7897 -28.0263
-39.5899 -27.9907
-40.2157 -28.9713
-37.0106 -28.4506
-28.9933 -26.7287
-24.3675 -27.7263
-10.305 -29.1385
-10.8225 -32.8359
-19.2352 -32.7435
-20.5211 -29.6281
-30.6642 -32.063
-36.3318 -31.8275
-35.352 -33.6422
-29.2521 -36.1813
-24.4156 -35.4397
-27.8823 -33.9406
-34.6925 -33.5063
-32.3493 -33.2513
-24.1358 -30.7533
-22.2266 -33.7245
-23.0695 -42.3656
-18.9026 -41.6851
-21.6226 -39.3254
-20.5036 -33.5415
-13.0253 -33.8303
-9.05968 -33.3077
-9.08335 -38.9676
-7.21607 -42.7328
-15.3507 -39.9394
-10.9508 -42.9688
-6.10656 -45.839
-14.5853 -47.8062
-6.8973 -47.254
-2.88639 -49.3241
-4.69995 -43.8725
-8.38887 -37.6316
-7.15298 -34.2789
-9.0902 -33.0892
-10.133 -30.674
-7.92967 -29.3671
2.30668 -27.6619
22.222 -28.9113
9.36363 -30.0605
14.256 -30.3404
25.1606 -30.7455
0.0226674 -30.9017
13.3102 -31.227
30.9782 -33.9387
27.3938 -34.819
15.4953 -35.4691
8.92325 -36.0967
17.4714 -37.826
16.2279 -42.9163
11.5366 -46.126
7.83575 -45.6771
5.32292 -39.2998
6.30481 -31.8736
3.01266 -31.7044
-2.04212 -33.6506
4.35194 -32.3206
5.72626 -34.429
-0.324648 -35.7243
3.46355 -35.131
5.96226 -43.4949
4.89183 -45.7421
2.45393 -41.2983
2.8509 -44.2905
-1.75536 -46.3802
4.47162 -45.1497
4.79299 -47.1256
19.7891 -44.9432
18.0831 -43.9352
16.2837 -43.4605
28.9471 -38.6497
18.6817 -41.2164
22.4012 -37.5541
37.2645 -32.0849
24.8003 -32.7519
16.3915 -31.0381
37.0495 -30.6726
27.3436 -30.6601
13.2487 -30.0772
25.0037 -29.9697
35.9677 -28.9411
32.7961 -29.0614
26.9799 -29.6102
23.9303 -28.2598
8.40978 -27.5715
29.7001 -24.9877
15.6319 -24.3671
29.8549 -23.6956
41.5416 -24.138
26.4413 -22.5145
29.3651 -21.2613
31.5912 -18.8249
32.8366 -19.8662
35.4946 -21.3111
33.9494 -19.2189
36.7477 -17.602
43.1308 -19.1357
38.1067 -17.0224
45.7557 -20.1522
36.5699 -16.1024
30.3496 -18.4894
8.51576 -17.6161
11.0507 -15.7715
26.1209 -14.4176
28.5977 -14.1523
42.7324 -15.1049
39.6173 -15.4696
44.0551 -15.1593
22.6893 -13.4203
12.2662 -12.2388
19.9829 -11.0109
45.901 -10.8714
30.9153 -10.5988
30.6384 -10.9072
4.45928 -10.54
33.9768 -10.1465
7.75969 -9.85677
42.715 -9.28259
30.7465 -5.1448
16.6177 -7.31093
0.363933 -5.74899
7.06037 -4.79064
19.9107 -4.87374
9.86026 -4.63072
21.7045 -3.72456
49.7111 -3.27106
18.3729 -3.73244
5.72817 -4.03012
24.0531 -1.95121
43.9252 -2.18542
36.3338 -2.89108
45.9734 -2.05138
32.5539 -1.65481
39.3214 -0.310387
47.7931 -0.823849
46.6748 -0.139124
40.9773 -0.0372048
35.3712 -0.958704
28.1531 -0.667469
23.8722 -1.06539
-13.6187 -0.0923105
-33.5626 -0.678956
-35.2188 0.307524
-37.95 0.139535
-32.9504 0.795574
24.9797 0.897975
36.7218 1.34053
-14.5397 1.04653
-16.3971 1.88973
-35.9963 2.44016
-0.321436 2.57218
11.5654 2.7659
-5.9648 3.24687
3.60494 3.80565
34.3118 3.96083
19.4032 4.18636
45.0068 4.89023
6.86368 6.25741
-28.3476 6.11392
3.74589 6.5814
26.92 7.05354
48.5028 7.6992
-19.3528 6.45983
-27.9333 7.37123
-20.1477 8.05918
15.3875 8.57095
-7.69485 7.89614
22.7474 8.78006
-24.3274 8.30448
-16.088 8.97248
-32.4253 10.3442
-7.51736 11.8974
-4.30898 10.6037
-1.16861 9.15773
4.95215 11.1933
28.9451 13.1869
41.9495 13.491
41.9083 10.7156
41.8901 9.7125
45.7336 12.7594
46.0795 13.0692
38.5349 14.09
35.7521 13.5272
25.072 13.2254
15.1055 12.262
2.92515 11.6747
-3.54443 12.6332
-12.9242 12.053
-27.7909 12.2101
-15.3203 12.4052
-10.585 15.0627
39.7293 15.1183
-14.4745 16.4996
45.3128 15.8573
-10.4264 16.5145
-37.2658 16.7128
4.29742 16.8295
23.603 17.2884
0.574418 17.4763
40.2712 18.4683
-0.346614 18.5602
7.94464 18.8389
39.9792 20.3721
15.3398 20.0955
11.7928 21.4813
16.7716 20.7613
16.663 22.1264
31.7014 22.489
21.5778 24.3328
27.48 22.8509
20.6991 22.8449
16.8646 22.7237
6.14104 22.3525
16.2503 27.9261
17.9805 26.6418
31.4302 25.3122
34.7487 24.8998
37.5982 26.4423
41.3361 25.688
41.6301 26.5691
41.4148 26.7565
34.598 27.3883
28.1877 29.3409
32.6841 31.4675
28.6566 30.5928
23.4763 30.0399
16.9833 31.509
24.0637 32.1985
10.2411 32.2379
1.39621 31.3308
-1.57111 30.8488
-30.974 33.012
-27.6065 33.366
-32.6462 33.8804
-21.3634 34.6446
34.8589 33.6129
2.02575 35.3758
17.1962 35.6176
6.49838 37.0267
25.8333 37.1
26.3009 38.877
21.2983 42.8929
11.2385 43.1699
24.4439 38.8863
25.6149 37.6019
1.62869 38.5601
-0.315819 47.1046
3.98967 48.2911
7.58912 49.3611
-1.99027 49.1091
-5.46705 44.4734
-10.8135 48.0069
-10.403 44.6845
-18.2414 44.9546
-6.27756 44.3593
-10.1569 44.1534
-12.3267 43.4756
-7.1648 43.2415
-0.647607 47.7832
-0.425933 44.4498
0.25045 43.8195
-0.843343 41.3174
-14.3392 42.0007
-13.7632 41.5511
-22.1858 41.5749
-11.2101 41.4596
-1.44857 39.7204
-8.93076 38.4671
-0.889209 38.6314
3.00522 37.0135
-2.72466 36.4782
5.77112 34.4956
11.6091 34.0738
-20.2337 34.8334
-30.0463 34.7568
-36.1004 32.8921
-23.5725 32.3275
-6.92466 30.9476
-20.7625 31.2882
-25.5872 30.8653
-4.27736 30.6275
6.80155 30.7358
12.1998 32.146
26.2689 29.3898
36.1962 26.4971
33.4463 25.5234
14.9309 28.765
11.0181 25.829
11.1938 27.0392
9.50795 24.3549
4.11927 22.2026
-3.26901 26.3767
-4.33592 23.5122
-10.7066 28.1451
-13.179 26.3855
-19.1395 29.0445
-17.3857 23.5094
-20.2907 22.7453
-23.3706 20.2303
-30.212 26.6903
-32.4215 22.3791
-34.2315 22.5035
-36.5068 29.0245
-38.1999 28.395
-43.1338 20.57
-41.2493 19.884
-41.1766 20.9305
-41.4467 20.9678
-40.6191 23.9886
-32.9218 20.5667
-29.3914 24.2841
-24.3409 20.4427
-30.3861 20.1283
-26.7125 20.3082
-23.3153 20.0385
-19.4006 21.4726
-15.3601 23.4585
-17.6504 26.5827
-11.1585 24.4471
-10.7094 25.5082
-9.78872 21.1919
-7.66349 25.1836
-2.7214 20.9602
11.8702 22.4597
5.10172 20.7869
20.0004 19.7611
37.5595 20.2654
-1.02803 18.8403
-17.8777 18.5828
-9.66634 18.5036
29.537 18.397
6.62327 17.6861
-5.2448 17.7042
-23.5894 17.8709
2.81086 17.5848
-21.5547 17.3171
-11.4251 17.1364
9.68355 17.1237
-30.2383 16.8839
-42.3643 16.6914
30.8492 15.2855
3.62543 15.477
-20.2265 15.0016
-38.5618 15.6401
-44.3718 15.4024
-15.4944 14.4133
-14.6402 12.9138
-40.7325 13.0545
-40.2017 13.9376
-47.1463 12.905
-18.1007 12.7328
-36.7029 12.2856
-26.0384 12.153
-40.8096 11.6655
-40.8738 10.6287
-27.801 9.70513
-19.4254 8.73873
-27.8784 8.39751
-33.7748 7.00306
-36.284 7.85703
-35.719 6.28726
-43.8773 5.47176
-48.4016 4.92738
-22.4466 5.99462
6.67135 5.1562
15.6544 5.64123
32.7519 5.20979
-9.79174 4.72515
-37.429 4.15926
-14.3535 4.15927
-32.4462 4.2305
12.0755 4.77772
35.1537 4.79366
8.18971 4.10071
-9.96597 3.22515
-24.0338 2.95263
-45.2977 2.4973
-24.0756 1.79433
-48.3823 -0.790744
-49.8021 -1.55706
-27.7123 -1.32436
-12.2841 -0.235663
