7.23302 46.2339 8.20988 48.2262 6.90212 48.2524
-10.873 43.0406 7.23302 46.2339 6.90212 48.2524
-3.13344 37.1755 -10.873 43.0406 7.23302 46.2339
-22.8202 33.4766 -3.13344 37.1755 -10.873 43.0406
-10.873 43.0406 -22.8202 33.4766 -44.7144 17.2221
-22.8202 33.4766 -29.3325 23.7581 -44.7144 17.2221
7.09124 37.0018 7.23302 46.2339 8.20988 48.2262
7.23302 46.2339 7.09124 37.0018 0.530444 30.3844
7.09124 37.0018 11.0037 32.2596 0.530444 30.3844
-34.0854 10.1548 -29.3325 23.7581 -22.8202 33.4766
-39.8706 -6.35255 -34.0854 10.1548 -29.3325 23.7581
-36.8859 -13.9001 -39.8706 -6.35255 -34.0854 10.1548
-33.7775 -17.7488 -36.8859 -13.9001 -34.0854 10.1548
-36.8859 -13.9001 -33.7775 -17.7488 -26.2216 -30.2923
-22.7089 -9.94058 -24.3709 7.49282 -19.4058 10.1632
-25.9778 -14.8572 -22.7089 -9.94058 -24.3709 7.49282
-26.0132 -15.6073 -25.9778 -14.8572 -22.7089 -9.94058
-22.7089 -9.94058 -26.0132 -15.6073 -26.2216 -30.2923
-26.0132 -15.6073 -33.7775 -17.7488 -26.2216 -30.2923
-18.0313 28.2024 -22.8202 33.4766 -3.13344 37.1755
18.9623 -14.711 -18.0313 28.2024 -22.8202 33.4766
-18.0313 28.2024 18.9623 -14.711 22.6173 -18.2123
18.9623 -14.711 -7.25686 5.43856 -19.2434 18.8847
-7.25686 5.43856 18.9623 -14.711 22.6173 -18.2123
-5.93196 0.492838 -7.25686 5.43856 -19.2434 18.8847
3.46516 -26.5108 -5.62902 -7.23051 -5.93196 0.492838
3.46516 -26.5108 -5.93196 0.492838 -7.25686 5.43856
4.82391 -33.5801 3.46516 -26.5108 -5.62902 -7.23051
8.19774 -37.2169 -6.94534 -37.1474 4.82391 -33.5801
8.19774 -37.2169 4.82391 -33.5801 3.46516 -26.5108
-0.415154 -40.7375 8.19774 -37.2169 -6.94534 -37.1474
8.19774 -37.2169 -0.415154 -40.7375 13.0086 -43.8696
-9.38467 -23.5043 4.82391 -33.5801 -6.94534 -37.1474
5.09434 17.7679 11.8845 21.993 11.0037 32.2596
11.8845 21.993 5.09434 17.7679 4.23069 10.2007
11.0037 32.2596 7.09124 37.0018 13.7627 37.7381
11.8845 21.993 11.0037 32.2596 13.7627 37.7381
15.8679 15.0058 11.8845 21.993 13.7627 37.7381
30.0605 -17.1386 15.8679 15.0058 11.8845 21.993
11.8845 21.993 30.0605 -17.1386 31.1558 -22.0413
29.0317 -6.91921 31.9536 0.278878 34.1823 9.82872
30.0605 -17.1386 29.0317 -6.91921 31.9536 0.278878
31.9536 0.278878 30.0605 -17.1386 31.1558 -22.0413
44.3278 -3.1616 31.9536 0.278878 34.1823 9.82872
44.3278 -3.1616 34.1823 9.82872 32.4962 20.7962
44.3556 -5.57642 44.3278 -3.1616 31.9536 0.278878
34.7645 -6.23625 44.3556 -5.57642 31.9536 0.278878
44.3556 -5.57642 34.7645 -6.23625 39.627 -8.05345
