37.5362 117.157 19.7236 128.015 12.9659 133.429
37.5362 117.157 12.9659 133.429 -2.46686 143.964
62.0093 101.242 37.5362 117.157 19.7236 128.015
86.3913 87.1022 62.0093 101.242 37.5362 117.157
100.122 78.2976 86.3913 87.1022 62.0093 101.242
62.0093 101.242 100.122 78.2976 106.274 73.8399
48.5341 112.928 32.6919 123.655 30.1829 127.661
48.5341 112.928 30.1829 127.661 19.819 136.45
86.3913 87.1022 48.5341 112.928 32.6919 123.655
48.5341 112.928 86.3913 87.1022 100.122 78.2976
8.62613 141.475 30.1829 127.661 32.6919 123.655
81.3343 119.798 107.313 122.345 97.9649 123.715
81.3343 119.798 97.9649 123.715 121.254 129.839
120.206 117.237 139.123 117.428 81.3343 119.798
67.5629 117 120.206 117.237 81.3343 119.798
67.5629 117 81.3343 119.798 121.254 129.839
90.3279 116.311 67.5629 117 120.206 117.237
132.551 109.639 90.3279 116.311 67.5629 117
141.606 108.888 132.551 109.639 90.3279 116.311
123.654 108.838 141.606 108.888 132.551 109.639
60.9203 108.665 123.654 108.838 132.551 109.639
89.1675 108.623 60.9203 108.665 123.654 108.838
70.4513 108.171 89.1675 108.623 60.9203 108.665
70.9723 103.758 70.4513 108.171 60.9203 108.665
100.122 78.2976 70.9723 103.758 60.9203 108.665
106.274 73.8399 100.122 78.2976 70.9723 103.758
131.094 51.0684 119.425 60.9134 106.274 73.8399
70.9723 103.758 106.274 73.8399 136.066 48.6113
106.274 73.8399 131.094 51.0684 136.066 48.6113
97.9649 123.715 131.384 130.585 139.056 130.971
139.056 130.971 97.9649 123.715 107.313 122.345
131.868 122.902 107.313 122.345 81.3343 119.798
121.577 72.9189 130.874 62.4586 136.066 48.6113
136.066 48.6113 131.094 51.0684 122.227 52.5897
122.227 52.5897 136.066 48.6113 140.225 42.9269
136.066 48.6113 130.874 62.4586 128.165 71.2747
128.165 71.2747 136.066 48.6113 140.225 42.9269
98.7991 72.6424 86.5649 80.4336 77.5962 87.1088
86.5649 80.4336 98.7991 72.6424 131.094 51.0684
98.7991 72.6424 119.425 60.9134 131.094 51.0684
103.099 59.101 72.5831 86.2516 19.7236 128.015
103.099 59.101 19.7236 128.015 12.9659 133.429
72.5831 86.2516 103.099 59.101 108.703 56.0731
93.7816 73.6152 86.5649 80.4336 77.5962 87.1088
77.5962 87.1088 93.7816 73.6152 142.308 27.1169
86.5649 80.4336 93.7816 73.6152 129.734 43.7346
70.9723 103.758 79.274 98.3425 107.258 78.7091
79.274 98.3425 70.9723 103.758 70.4513 108.171
87.4196 96.841 79.274 98.3425 70.4513 108.171
103.908 91.3985 87.4196 96.841 70.4513 108.171
87.4196 96.841 103.908 91.3985 126.226 82.9332
103.908 91.3985 113.059 92.1639 100.965 97.7663
126.226 82.9332 103.908 91.3985 113.059 92.1639
139.174 78.3033 126.226 82.9332 113.059 92.1639
137.29 70.4032 139.174 78.3033 126.226 82.9332
139.174 78.3033 137.29 70.4032 137.634 60.3228
79.274 98.3425 87.4196 96.841 119.861 83.0057
123.118 91.5517 113.059 92.1639 100.965 97.7663
100.965 97.7663 123.118 91.5517 132.905 89.2314
111.016 107.399 70.4513 108.171 89.1675 108.623
97.9485 107.055 111.016 107.399 70.4513 108.171
77.7017 106.601 97.9485 107.055 70.4513 108.171
70.4513 108.171 77.7017 106.601 137.878 90.4868
117.642 103.084 97.9485 107.055 111.016 107.399
106.172 102.855 117.642 103.084 97.9485 107.055
133.397 102.211 106.172 102.855 117.642 103.084
106.172 102.855 133.397 102.211 138.353 98.438
103.048 129.99 131.384 130.585 139.056 130.971
57.4984 127.864 103.048 129.99 131.384 130.585
131.384 130.585 57.4984 127.864 73.5605 126.831
127.883 142.889 136.862 142.935 40.0377 143.842
122.892 142.275 127.883 142.889 136.862 142.935
100.288 136.341 122.892 142.275 136.862 142.935
76.1485 133.771 100.288 136.341 122.892 142.275
52.2617 133.208 110.309 133.432 76.1485 133.771
52.2617 133.208 76.1485 133.771 122.892 142.275
89.564 132.694 52.2617 133.208 110.309 133.432
57.4984 127.864 89.564 132.694 110.309 133.432
43.5527 126.359 73.5605 126.831 57.4984 127.864
43.5527 126.359 57.4984 127.864 89.564 132.694
56.274 123.796 43.5527 126.359 73.5605 126.831
43.5527 126.359 56.274 123.796 50.5186 123.187
90.9329 141.879 122.892 142.275 127.883 142.889
72.8096 141.391 90.9329 141.879 127.883 142.889
90.9329 141.879 72.8096 141.391 47.0151 140.651
47.0151 140.651 72.8096 141.391 58.4886 142.146
58.4886 142.146 47.0151 140.651 33.7733 139.505
113.468 141.598 90.9329 141.879 122.892 142.275
90.9329 141.879 113.468 141.598 79.583 140.359
41.3937 107.371 12.9659 133.429 -2.46686 143.964
47.2388 102.31 41.3937 107.371 -2.46686 143.964
71.9177 80.194 47.2388 102.31 -2.46686 143.964
76.4256 76.6142 71.9177 80.194 47.2388 102.31
47.2388 102.31 76.4256 76.6142 81.2564 73.7667
30.257 109.531 10.6084 121.431 3.36021 126.67
71.9177 80.194 30.257 109.531 10.6084 121.431
10.6084 121.431 71.9177 80.194 76.4256 76.6142
29.0315 102.464 17.8698 108.997 2.67787 120.237
37.7021 98.5767 29.0315 102.464 2.67787 120.237
76.4256 76.6142 37.7021 98.5767 29.0315 102.464
29.0315 102.464 76.4256 76.6142 81.2564 73.7667
3.36021 126.67 10.6084 121.431 17.4088 116.302
72.758 67.521 17.8698 108.997 2.67787 120.237
17.8698 108.997 72.758 67.521 87.3766 56.7725
72.758 67.521 52.5241 82.3168 40.3995 88.0485
87.3766 56.7725 72.758 67.521 40.3995 88.0485
111.049 38.4691 87.3766 56.7725 40.3995 88.0485
87.3766 56.7725 111.049 38.4691 141.49 18.2552
93.9984 49.491 73.8289 62.0452 56.8824 72.8036
111.049 38.4691 93.9984 49.491 73.8289 62.0452
73.8289 62.0452 111.049 38.4691 141.49 18.2552
-1.13439 111.578 32.9761 90.3265 93.9984 49.491
93.9984 49.491 32.9761 90.3265 6.99735 108.32
6.99735 108.32 93.9984 49.491 111.049 38.4691
76.7101 59.4087 73.8289 62.0452 56.8824 72.8036
76.7101 59.4087 56.8824 72.8036 20.3171 97.0134
118.356 28.0196 76.7101 59.4087 73.8289 62.0452
76.7101 59.4087 118.356 28.0196 119.704 23.5319
102.545 41.2434 118.356 28.0196 130.067 18.2584
118.356 28.0196 119.704 23.5319 130.067 18.2584
42.4855 78.2132 20.8034 91.3867 12.3159 98.3019
48.7822 72.7234 42.4855 78.2132 20.8034 91.3867
63.5267 62.5169 48.7822 72.7234 42.4855 78.2132
119.704 23.5319 63.5267 62.5169 48.7822 72.7234
48.7822 72.7234 119.704 23.5319 136.821 11.5392
119.704 23.5319 130.067 18.2584 136.821 11.5392
69.8183 50.0281 20.8034 91.3867 12.3159 98.3019
81.6922 39.9229 76.2478 47.8924 69.8183 50.0281
81.6922 39.9229 69.8183 50.0281 12.3159 98.3019
101.943 20.9149 87.453 27.592 81.6922 39.9229
101.943 20.9149 81.6922 39.9229 76.2478 47.8924
87.453 27.592 101.943 20.9149 107.133 10.6952
101.943 20.9149 98.2091 33.591 87.6731 41.8962
98.2091 33.591 101.943 20.9149 107.133 10.6952
90.0541 17.7908 87.453 27.592 81.6922 39.9229
92.4557 12.4507 90.0541 17.7908 87.453 27.592
87.453 27.592 92.4557 12.4507 98.2169 6.69888
66.4134 41.4054 59.5429 49.7919 46.2943 59.6926
90.0541 17.7908 80.2246 29.8646 66.4134 41.4054
90.0541 17.7908 66.4134 41.4054 46.2943 59.6926
22.3977 83.5553 46.2943 59.6926 92.4557 12.4507
46.2943 59.6926 90.0541 17.7908 92.4557 12.4507
10.4075 82.062 -1.21185 93.3654 -0.86771 96.0665
28.8707 68.5998 10.4075 82.062 -0.86771 96.0665
53.1567 47.708 28.8707 68.5998 -0.86771 96.0665
82.7561 20.8739 53.1567 47.708 28.8707 68.5998
28.8707 68.5998 82.7561 20.8739 98.2169 6.69888
82.7561 20.8739 92.4557 12.4507 98.2169 6.69888
8.94909 90.0908 82.7561 20.8739 92.4557 12.4507
46.2943 59.6926 38.5568 72.083 28.9539 81.118
38.5568 72.083 46.2943 59.6926 59.5429 49.7919
50.7462 37.8552 10.4075 82.062 -1.21185 93.3654
56.8118 27.8336 50.7462 37.8552 -1.21185 93.3654
50.7462 37.8552 56.8118 27.8336 62.1496 22.1805
56.8118 27.8336 31.858 52.2638 30.1339 56.0189
31.858 52.2638 56.8118 27.8336 62.1496 22.1805
30.1339 56.0189 23.2755 57.9132 17.7989 67.3279
31.858 52.2638 30.1339 56.0189 23.2755 57.9132
42.8709 39.1987 31.858 52.2638 23.2755 57.9132
23.2755 57.9132 42.8709 39.1987 52.7994 27.1805
17.7989 67.3279 13.9535 69.3459 -0.243948 79.1208
23.2755 57.9132 17.7989 67.3279 13.9535 69.3459
13.9535 69.3459 23.2755 57.9132 32.9324 39.4366
-0.0830424 66.5004 13.9535 69.3459 -0.243948 79.1208
-1.38118 57.1183 -0.0830424 66.5004 -0.243948 79.1208
0.0238074 51.4182 -1.38118 57.1183 -0.0830424 66.5004
9.59139 51.0844 0.0238074 51.4182 -0.0830424 66.5004
19.6274 47.9764 9.59139 51.0844 0.0238074 51.4182
0.0238074 51.4182 19.6274 47.9764 17.9986 42.7541
12.7428 57.045 9.59139 51.0844 19.6274 47.9764
39.8638 56.8922 28.8707 68.5998 10.4075 82.062
43.532 53.0682 39.8638 56.8922 28.8707 68.5998
56.3227 41.4354 43.532 53.0682 28.8707 68.5998
43.532 53.0682 56.3227 41.4354 70.8153 26.635
39.8638 56.8922 43.532 53.0682 73.2257 21.2467
107.918 27.5522 98.2091 33.591 87.6731 41.8962
110.822 20.8128 107.918 27.5522 98.2091 33.591
118.594 12.139 110.822 20.8128 98.2091 33.591
121.357 3.88376 118.594 12.139 98.2091 33.591
118.594 12.139 121.357 3.88376 126.935 -2.30255
121.357 3.88376 107.197 -1.15525 126.935 -2.30255
99.8518 -0.187218 62.3219 0.0422552 30.6455 2.95088
107.197 -1.15525 99.8518 -0.187218 62.3219 0.0422552
62.3219 0.0422552 107.197 -1.15525 126.935 -2.30255
41.4029 13.5417 21.1816 13.6958 48.2975 13.7274
58.2051 7.53694 41.4029 13.5417 21.1816 13.6958
99.8518 -0.187218 58.2051 7.53694 21.1816 13.6958
58.2051 7.53694 99.8518 -0.187218 107.197 -1.15525
72.7428 7.35129 58.2051 7.53694 41.4029 13.5417
58.2051 7.53694 72.7428 7.35129 76.7125 6.14617
72.7428 7.35129 51.4468 18.404 37.925 26.0324
9.0775 41.0475 37.925 26.0324 76.7125 6.14617
37.925 26.0324 72.7428 7.35129 76.7125 6.14617
3.61442 30.3123 36.1963 20.5465 72.7428 7.35129
36.1963 20.5465 51.4468 18.404 72.7428 7.35129
36.1963 20.5465 19.778 27.3405 7.78046 33.4283
7.78046 33.4283 36.1963 20.5465 51.4468 18.404
-2.72791 40.5521 33.6611 26.2514 51.4468 18.404
33.6611 26.2514 37.925 26.0324 51.4468 18.404
9.35685 23.1054 26.101 17.2993 48.2975 13.7274
26.101 17.2993 20.9335 17.5018 -1.75793 21.4301
48.2975 13.7274 26.101 17.2993 20.9335 17.5018
21.1816 13.6958 48.2975 13.7274 20.9335 17.5018
-0.632553 12.4656 21.1816 13.6958 20.9335 17.5018
8.8987 11.2682 -0.632553 12.4656 21.1816 13.6958
-0.632553 12.4656 8.8987 11.2682 2.26092 -0.367063
86.8064 -2.92232 62.3219 0.0422552 30.6455 2.95088
69.5932 -3.10065 86.8064 -2.92232 30.6455 2.95088
86.8064 -2.92232 69.5932 -3.10065 80.8835 -3.33719
17.7712 2.09755 9.28812 2.65851 28.8072 9.08048
42.1572 -0.50061 17.7712 2.09755 9.28812 2.65851
69.5932 -3.10065 42.1572 -0.50061 17.7712 2.09755
42.1572 -0.50061 69.5932 -3.10065 53.4614 -3.87737
69.5932 -3.10065 80.8835 -3.33719 53.4614 -3.87737
130.972 7.65448 118.594 12.139 110.822 20.8128
118.594 12.139 130.972 7.65448 143.268 -3.24611
50.7973 88.4923 29.0315 102.464 17.8698 108.997
57.3575 83.5395 50.7973 88.4923 17.8698 108.997
103.626 50.8048 57.3575 83.5395 50.7973 88.4923
57.3575 83.5395 103.626 50.8048 130.053 29.9467
47.2388 102.31 60.2755 91.6654 119.547 42.0752
60.2755 91.6654 47.2388 102.31 41.3937 107.371
41.3937 107.371 60.2755 91.6654 110.306 50.7031
