34.7065 -0.792099 28.6621 -13.6233 27.9889 -16.3911
27.9889 -16.3911 34.7539 -3.17907 46.0602 16.8855
46.0602 16.8855 27.9889 -16.3911 26.4701 -19.3285
27.9889 -16.3911 22.2888 -17.8539 26.4701 -19.3285
28.621 -12.0367 26.9394 -8.0343 25.5594 -1.46898
28.6621 -13.6233 28.621 -12.0367 26.9394 -8.0343
27.9889 -16.3911 28.6621 -13.6233 26.9394 -8.0343
26.9394 -8.0343 27.9889 -16.3911 22.2888 -17.8539
25.0428 26.3921 26.581 31.021 24.5032 38.5311
24.4964 10.9408 25.0428 26.3921 26.581 31.021
22.2792 -5.14508 24.4964 10.9408 25.0428 26.3921
22.2888 -17.8539 22.2792 -5.14508 24.4964 10.9408
22.1794 -24.4519 26.4701 -19.3285 22.2888 -17.8539
22.1794 -24.4519 22.2888 -17.8539 22.2792 -5.14508
28.5476 -24.8832 22.1794 -24.4519 26.4701 -19.3285
30.8739 -25.5624 28.5476 -24.8832 26.4701 -19.3285
28.5476 -24.8832 30.8739 -25.5624 33.1665 -27.5373
34.5566 -17.3678 36.7241 -9.95098 46.6736 -6.35848
30.8739 -25.5624 37.5422 -24.2293 34.5566 -17.3678
30.8739 -25.5624 34.5566 -17.3678 36.7241 -9.95098
37.5422 -24.2293 30.8739 -25.5624 33.1665 -27.5373
29.1354 18.469 28.621 -12.0367 28.6621 -13.6233
32.8847 25.4231 26.581 31.021 24.5032 38.5311
34.6415 20.6408 32.8847 25.4231 26.581 31.021
26.581 31.021 34.6415 20.6408 31.3856 15.0871
35.8474 33.076 32.8847 25.4231 34.6415 20.6408
17.2943 9.58963 15.4221 31.6678 16.2274 38.6372
22.1794 -24.4519 17.2943 9.58963 16.2274 38.6372
22.5229 -29.8495 28.5476 -24.8832 22.1794 -24.4519
22.5229 -29.8495 22.1794 -24.4519 17.2943 9.58963
28.5476 -24.8832 22.5229 -29.8495 25.0713 -32.7503
10.7471 -16.6842 -2.65041 -0.135425 -15.1833 13.4775
10.2175 -20.5513 7.92704 -17.0039 10.7471 -16.6842
13.9283 -21.7245 10.2175 -20.5513 10.7471 -16.6842
22.5229 -29.8495 13.9283 -21.7245 10.7471 -16.6842
22.5229 -29.8495 10.7471 -16.6842 -2.65041 -0.135425
13.9283 -21.7245 22.5229 -29.8495 25.0713 -32.7503
11.9556 22.5981 15.4221 31.6678 16.2274 38.6372
15.4221 31.6678 11.9556 22.5981 6.68164 8.29053
11.9556 22.5981 7.92262 12.2552 6.68164 8.29053
6.68164 8.29053 9.01 11.9609 14.6201 22.0033
9.01 11.9609 6.68164 8.29053 5.22112 1.70353
6.68164 8.29053 3.82208 7.94796 5.22112 1.70353
-3.08469 41.4111 -17.8512 41.7859 -2.10418 43.0428
-2.85848 38.1482 -3.08469 41.4111 -2.10418 43.0428
3.13546 30.7341 -2.85848 38.1482 -2.10418 43.0428
4.15035 23.9497 11.2346 29.2857 3.13546 30.7341
4.15035 23.9497 3.13546 30.7341 -2.85848 38.1482
7.02151 23.1009 4.15035 23.9497 11.2346 29.2857
-15.7559 21.4023 -14.1753 22.6762 7.02151 23.1009
4.62654 19.0969 -15.7559 21.4023 7.02151 23.1009
4.62654 19.0969 7.02151 23.1009 11.2346 29.2857
7.92262 12.2552 4.62654 19.0969 11.2346 29.2857
6.68164 8.29053 7.92262 12.2552 4.62654 19.0969
4.62654 19.0969 6.68164 8.29053 3.82208 7.94796
0.0271134 25.9979 -8.09578 26.7616 -30.3115 36.2359
4.15035 23.9497 0.0271134 25.9979 -8.09578 26.7616
-8.09578 26.7616 4.15035 23.9497 7.02151 23.1009
-20.6929 38.617 0.0271134 25.9979 4.15035 23.9497
15.8519 1.22427 17.2943 9.58963 15.4221 31.6678
13.9248 -1.88982 13.7256 -0.137123 15.8519 1.22427
17.2943 9.58963 15.8519 1.22427 16.215 -8.36956
15.8519 1.22427 13.9248 -1.88982 16.215 -8.36956
-1.72394 2.81626 13.7256 -0.137123 13.9248 -1.88982
-15.1833 13.4775 -2.65041 -0.135425 14.8795 -18.9954
-1.99823 -10.5187 -24.0167 2.67908 -28.1985 6.03774
8.51495 -15.4224 -0.650108 -12.2912 -1.99823 -10.5187
8.51495 -15.4224 -1.99823 -10.5187 -28.1985 6.03774
10.7471 -16.6842 8.51495 -15.4224 -28.1985 6.03774
7.92704 -17.0039 10.7471 -16.6842 8.51495 -15.4224
5.70648 -19.2185 7.92704 -17.0039 8.51495 -15.4224
0.678729 -23.4212 5.70648 -19.2185 8.51495 -15.4224
8.51495 -15.4224 0.678729 -23.4212 -21.1709 -37.137
-28.1985 6.03774 -34.365 6.78533 -30.9411 9.51192
-28.1985 6.03774 -30.9411 9.51192 -37.462 23.5594
-24.0167 2.67908 -28.1985 6.03774 -34.365 6.78533
-18.6419 -2.79086 -24.0167 2.67908 -34.365 6.78533
-3.96166 -16.2249 -18.6419 -2.79086 -24.0167 2.67908
-13.6155 -19.4542 -3.96166 -16.2249 -18.6419 -2.79086
-3.96166 -16.2249 -13.6155 -19.4542 -16.0866 -20.6852
-13.6155 -19.4542 -15.4767 -19.8922 -16.0866 -20.6852
-30.9411 9.51192 -34.365 6.78533 -47.8964 1.38531
-30.546 -21.8231 -15.4767 -19.8922 -13.6155 -19.4542
-35.1141 -22.8806 -41.6644 -22.5077 -30.546 -21.8231
-35.1141 -22.8806 -30.546 -21.8231 -15.4767 -19.8922
-41.6644 -22.5077 -35.1141 -22.8806 -12.4071 -24.9904
-30.546 -21.8231 -42.7538 -11.9781 -41.7741 -9.50414
-42.7538 -11.9781 -30.546 -21.8231 -41.6644 -22.5077
-0.345434 -15.7228 -0.650108 -12.2912 -1.99823 -10.5187
-1.99823 -10.5187 -0.345434 -15.7228 -5.10634 -23.4873
-3.10956 -36.775 5.70648 -19.2185 7.92704 -17.0039
-10.3728 -37.7456 -3.10956 -36.775 5.70648 -19.2185
-3.10956 -36.775 -10.3728 -37.7456 -5.32575 -38.2507
8.8354 -28.6791 10.2175 -20.5513 7.92704 -17.0039
6.59048 -42.6628 8.8354 -28.6791 10.2175 -20.5513
5.00799 -44.8438 6.59048 -42.6628 8.8354 -28.6791
8.8354 -28.6791 5.00799 -44.8438 1.00963 -49.4775
10.2175 -20.5513 13.9283 -21.7245 13.5576 -24.9782
