3.00029 22.1562 11.3068 28.3491 -0.418126 29.1006
2.72167 12.2584 3.00029 22.1562 -0.418126 29.1006
3.00029 22.1562 2.72167 12.2584 11.1539 1.63781
63.0586 26.7148 11.3068 28.3491 -0.418126 29.1006
48.2165 26.4448 63.0586 26.7148 11.3068 28.3491
162.659 20.1003 48.2165 26.4448 11.3068 28.3491
11.3068 28.3491 162.659 20.1003 166.254 18.4645
81.5375 30.7505 39.4663 30.9699 16.8116 31.0658
86.4257 29.9549 81.5375 30.7505 16.8116 31.0658
102.914 29.4939 86.4257 29.9549 16.8116 31.0658
173.792 29.4594 102.914 29.4939 86.4257 29.9549
161.885 29.2442 173.792 29.4594 102.914 29.4939
129.698 29.0543 161.885 29.2442 102.914 29.4939
70.918 28.8892 129.698 29.0543 102.914 29.4939
32.1603 28.6823 70.918 28.8892 102.914 29.4939
106.486 27.468 32.1603 28.6823 70.918 28.8892
123.899 27.4278 106.486 27.468 70.918 28.8892
63.0586 26.7148 123.899 27.4278 106.486 27.468
123.899 27.4278 63.0586 26.7148 48.2165 26.4448
23.9435 43.3483 6.51578 48.2992 -1.29356 49.7503
3.17141 43.1241 23.9435 43.3483 -1.29356 49.7503
26.6719 42.2658 3.17141 43.1241 23.9435 43.3483
81.5375 30.7505 26.6719 42.2658 23.9435 43.3483
23.9435 43.3483 81.5375 30.7505 86.4257 29.9549
12.8526 17.0877 3.00029 22.1562 11.3068 28.3491
21.9337 11.1556 12.8526 17.0877 3.00029 22.1562
12.8526 17.0877 21.9337 11.1556 28.8479 7.35386
28.8479 7.35386 21.9337 11.1556 11.7404 13.4133
51.543 2.67648 37.8034 7.03237 28.8479 7.35386
36.3402 2.06229 61.4053 2.10779 51.543 2.67648
36.3402 2.06229 51.543 2.67648 28.8479 7.35386
36.3402 2.06229 28.8479 7.35386 11.7404 13.4133
16.1747 1.79937 36.3402 2.06229 61.4053 2.10779
61.4053 2.10779 16.1747 1.79937 -0.276757 0.994772
93.6617 -1.52966 107.748 -0.619194 77.3367 1.08377
93.6617 -1.52966 77.3367 1.08377 61.4053 2.10779
107.748 -0.619194 93.6617 -1.52966 131.446 -2.99254
93.6617 -1.52966 66.8359 -2.23632 131.446 -2.99254
29.4915 -1.40154 93.6617 -1.52966 66.8359 -2.23632
121.85 0.529913 77.3367 1.08377 61.4053 2.10779
121.85 0.529913 61.4053 2.10779 51.543 2.67648
77.3367 1.08377 121.85 0.529913 142.506 -0.664099
121.85 0.529913 146.156 1.96146 99.3798 2.56007
146.156 1.96146 121.85 0.529913 142.506 -0.664099
37.8034 7.03237 71.5125 6.18771 160.928 3.1551
28.8479 7.35386 52.0634 7.42099 116.354 8.35358
37.8034 7.03237 28.8479 7.35386 52.0634 7.42099
71.5125 6.18771 37.8034 7.03237 52.0634 7.42099
52.0634 7.42099 71.5125 6.18771 173.279 3.92772
87.3914 10.4792 79.0261 11.4414 61.9271 12.578
116.354 8.35358 87.3914 10.4792 79.0261 11.4414
139.677 7.38812 52.0634 7.42099 116.354 8.35358
139.677 7.38812 116.354 8.35358 79.0261 11.4414
52.0634 7.42099 139.677 7.38812 149.302 6.67237
163.66 13.9714 130.826 17.2217 109.844 18.634
133.552 11.1693 163.66 13.9714 109.844 18.634
166.836 10.2722 133.552 11.1693 163.66 13.9714
139.677 7.38812 166.836 10.2722 133.552 11.1693
166.836 10.2722 139.677 7.38812 149.302 6.67237
96.0993 10.7848 79.0261 11.4414 61.9271 12.578
79.0261 11.4414 96.0993 10.7848 110.875 9.78257
58.7687 16.0329 29.8581 20.2949 21.7583 20.4766
96.0993 10.7848 58.7687 16.0329 29.8581 20.2949
29.8581 20.2949 96.0993 10.7848 110.875 9.78257
29.8581 20.2949 49.008 19.9455 99.427 18.1566
41.7721 20.5705 88.849 21.5499 67.7851 21.6871
21.7583 20.4766 41.7721 20.5705 67.7851 21.6871
29.8581 20.2949 21.7583 20.4766 41.7721 20.5705
49.008 19.9455 29.8581 20.2949 41.7721 20.5705
77.5224 19.8594 49.008 19.9455 41.7721 20.5705
49.008 19.9455 77.5224 19.8594 139.344 19.4589
121.155 19.9561 77.5224 19.8594 139.344 19.4589
173.792 29.4594 161.885 29.2442 148.135 23.3151
6.51578 48.2992 23.9435 43.3483 52.3912 38.4252
37.4096 43.4578 6.51578 48.2992 -1.29356 49.7503
73.0332 43.3527 37.4096 43.4578 -1.29356 49.7503
89.5868 42.064 73.0332 43.3527 -1.29356 49.7503
102.296 41.5693 89.5868 42.064 -1.29356 49.7503
139.427 39.2287 102.296 41.5693 89.5868 42.064
89.5868 42.064 139.427 39.2287 153.436 38.0343
107.988 42.7911 33.9112 51.0081 22.4872 51.6785
22.4872 51.6785 107.988 42.7911 139.427 39.2287
78.0939 46.7824 47.1798 51.0087 6.2434 56.2225
107.988 42.7911 117.878 43.0784 78.0939 46.7824
107.988 42.7911 78.0939 46.7824 6.2434 56.2225
139.427 39.2287 107.988 42.7911 117.878 43.0784
117.878 43.0784 139.427 39.2287 153.436 38.0343
63.214 42.1898 73.0332 43.3527 37.4096 43.4578
139.724 33.509 63.214 42.1898 73.0332 43.3527
73.0332 43.3527 139.724 33.509 151.714 32.1838
82.0612 39.216 139.724 33.509 151.714 32.1838
129.153 42.0578 117.878 43.0784 78.0939 46.7824
78.0939 46.7824 129.153 42.0578 163.054 40.2441
37.9555 52.6369 26.097 56.5603 -0.132668 58.5963
47.1798 51.0087 37.9555 52.6369 -0.132668 58.5963
78.0939 46.7824 47.1798 51.0087 37.9555 52.6369
102.009 46.5157 78.0939 46.7824 37.9555 52.6369
78.0939 46.7824 102.009 46.5157 170.906 43.0723
87.3634 53.6823 26.097 56.5603 -0.132668 58.5963
71.1364 53.1473 87.3634 53.6823 26.097 56.5603
137.671 47.8228 71.1364 53.1473 26.097 56.5603
71.1364 53.1473 137.671 47.8228 153.441 46.6775
60.8513 52.195 137.671 47.8228 153.441 46.6775
47.3437 57.1314 40.207 57.8781 18.2819 59.7596
87.3634 53.6823 47.3437 57.1314 40.207 57.8781
40.207 57.8781 87.3634 53.6823 111.652 51.5783
87.3634 53.6823 71.1364 53.1473 111.652 51.5783
119.736 51.726 40.207 57.8781 18.2819 59.7596
40.207 57.8781 119.736 51.726 172.418 47.4457
68.0544 57.4474 149.726 58.7586 132.925 58.7979
80.73 57.3267 68.0544 57.4474 149.726 58.7586
119.736 51.726 80.73 57.3267 68.0544 57.4474
80.73 57.3267 119.736 51.726 172.418 47.4457
159.229 70.0897 131.881 70.3002 166.764 71.1367
110.304 60.9368 159.229 70.0897 166.764 71.1367
98.9815 59.4344 116.007 59.8117 110.304 60.9368
98.9815 59.4344 110.304 60.9368 159.229 70.0897
157.844 58.8163 98.9815 59.4344 116.007 59.8117
132.925 58.7979 157.844 58.8163 98.9815 59.4344
149.726 58.7586 132.925 58.7979 157.844 58.8163
127.035 53.1845 149.726 58.7586 157.844 58.8163
157.844 58.8163 127.035 53.1845 162.278 51.8281
110.304 60.9368 168.087 61.0891 137.799 63.2718
168.087 61.0891 110.304 60.9368 116.007 59.8117
119.168 70.2514 131.881 70.3002 166.764 71.1367
110.477 70.0345 119.168 70.2514 131.881 70.3002
66.0053 68.0473 110.477 70.0345 131.881 70.3002
16.2166 67.5394 66.0053 68.0473 110.477 70.0345
79.6367 67.245 16.2166 67.5394 66.0053 68.0473
12.081 66.81 79.6367 67.245 16.2166 67.5394
79.6367 67.245 12.081 66.81 87.5768 66.7146
96.6889 70.6406 47.7847 72.5216 58.4779 72.9426
96.6889 70.6406 58.4779 72.9426 0.545693 77.0546
47.7847 72.5216 96.6889 70.6406 110.477 70.0345
96.6889 70.6406 119.168 70.2514 110.477 70.0345
50.9447 83.5778 148.435 89.4606 157.126 90.6547
20.4488 81.9309 50.9447 83.5778 157.126 90.6547
10.0122 81.6814 20.4488 81.9309 157.126 90.6547
32.6629 80.5867 10.0122 81.6814 20.4488 81.9309
81.7743 76.1301 32.6629 80.5867 20.4488 81.9309
139.048 71.039 81.7743 76.1301 20.4488 81.9309
96.6889 70.6406 139.048 71.039 81.7743 76.1301
139.048 71.039 96.6889 70.6406 119.168 70.2514
139.873 88.1446 50.9447 83.5778 20.4488 81.9309
148.435 89.4606 157.126 90.6547 173.732 91.2135
127.157 83.5062 148.435 89.4606 173.732 91.2135
143.987 79.857 167.709 80.6217 127.157 83.5062
109.369 79.8144 143.987 79.857 127.157 83.5062
109.369 79.8144 127.157 83.5062 148.435 89.4606
143.987 79.857 109.369 79.8144 119.036 77.8708
109.369 79.8144 91.2811 81.6636 102.659 83.7463
91.2811 81.6636 109.369 79.8144 119.036 77.8708
71.4122 80.7572 91.2811 81.6636 102.659 83.7463
91.2811 81.6636 71.4122 80.7572 63.4381 79.8334
156.27 79.8257 143.987 79.857 167.709 80.6217
143.987 79.857 156.27 79.8257 148.568 79.6123
43.6025 87.0923 157.126 90.6547 173.732 91.2135
157.126 90.6547 43.6025 87.0923 13.0729 86.0757
43.6025 87.0923 30.1974 86.8406 13.0729 86.0757
127.389 90.0142 43.6025 87.0923 30.1974 86.8406
30.1974 86.8406 97.5623 91.2034 109.572 91.3821
97.5623 91.2034 30.1974 86.8406 13.0729 86.0757
88.0761 93.3634 122.965 93.8613 167.383 96.1531
68.548 92.4763 88.0761 93.3634 122.965 93.8613
58.3187 91.6557 68.548 92.4763 122.965 93.8613
109.572 91.3821 58.3187 91.6557 122.965 93.8613
97.5623 91.2034 109.572 91.3821 58.3187 91.6557
76.6138 91.1275 97.5623 91.2034 58.3187 91.6557
50.4306 90.0582 76.6138 91.1275 97.5623 91.2034
76.6138 91.1275 50.4306 90.0582 16.6769 89.012
129.119 103.508 47.8098 108.165 63.7327 109.238
139.674 103.212 129.119 103.508 63.7327 109.238
98.3102 97.8754 139.674 103.212 129.119 103.508
68.548 92.4763 98.3102 97.8754 129.119 103.508
129.119 103.508 68.548 92.4763 58.3187 91.6557
108.904 110.031 141.104 111.538 161.989 113.463
150.001 109.639 108.904 110.031 141.104 111.538
168.146 106.371 150.001 109.639 141.104 111.538
139.674 103.212 168.146 106.371 150.001 109.639
168.146 106.371 139.674 103.212 98.3102 97.8754
157.473 102.082 98.3102 97.8754 68.548 92.4763
148.808 98.7575 116.266 96.0838 68.548 92.4763
116.266 96.0838 88.0761 93.3634 68.548 92.4763
108.904 110.031 150.001 109.639 121.931 109.141
87.6617 117.507 48.0874 117.629 59.7186 117.638
87.6617 117.507 59.7186 117.638 117.383 118.241
83.6072 117.449 87.6617 117.507 48.0874 117.629
42.7015 113.986 83.6072 117.449 87.6617 117.507
130.744 113.965 42.7015 113.986 87.6617 117.507
67.5337 112.368 130.744 113.965 42.7015 113.986
100.274 112.333 67.5337 112.368 130.744 113.965
78.2923 110.366 100.274 112.333 130.744 113.965
130.744 113.965 78.2923 110.366 63.7327 109.238
63.7327 109.238 78.2923 110.366 27.124 110.374
47.8098 108.165 63.7327 109.238 27.124 110.374
47.8098 108.165 27.124 110.374 -1.42453 111.462
107.663 103.81 47.8098 108.165 -1.42453 111.462
93.253 102.969 107.663 103.81 -1.42453 111.462
81.2638 101.744 93.253 102.969 107.663 103.81
71.8664 101.715 81.2638 101.744 93.253 102.969
42.5918 101.408 71.8664 101.715 93.253 102.969
32.9063 99.4465 42.5918 101.408 71.8664 101.715
10.0158 96.8089 32.9063 99.4465 71.8664 101.715
71.8664 101.715 10.0158 96.8089 -3.30166 93.9381
27.124 110.374 22.9165 110.671 13.1399 111.539
13.1399 111.539 27.124 110.374 78.2923 110.366
18.7047 127.577 11.1977 129.686 7.56726 139.143
31.3303 120.478 18.7047 127.577 11.1977 129.686
42.1196 119.665 31.3303 120.478 18.7047 127.577
59.7186 117.638 72.6994 118.208 42.1196 119.665
59.7186 117.638 42.1196 119.665 31.3303 120.478
31.3303 120.478 59.7186 117.638 48.0874 117.629
173.705 121.483 72.6994 118.208 59.7186 117.638
37.3457 133.8 22.7993 137.464 7.56726 139.143
33.7597 132.536 37.3457 133.8 7.56726 139.143
37.3457 133.8 33.7597 132.536 49.6708 130.809
-0.0295921 152.244 -3.14638 162.774 -3.47021 170.858
1.5165 139.545 7.37862 148.415 -0.0295921 152.244
1.5165 139.545 -0.0295921 152.244 -3.14638 162.774
11.1977 129.686 7.56726 139.143 1.5165 139.545
-0.0139956 129.232 11.1977 129.686 1.5165 139.545
-0.0139956 129.232 1.5165 139.545 -3.14638 162.774
3.56264 121.891 -0.0139956 129.232 11.1977 129.686
19.5682 119.403 3.56264 121.891 11.1977 129.686
3.56264 121.891 19.5682 119.403 10.2901 119.274
13.9417 157.966 17.9906 158.217 22.1921 172.377
7.37862 148.415 13.9417 157.966 22.1921 172.377
13.9417 157.966 7.37862 148.415 1.5165 139.545
9.10936 169.597 -0.0295921 152.244 7.37862 148.415
30.7276 162.561 61.0565 162.977 113.073 166.402
73.3081 161.013 30.7276 162.561 61.0565 162.977
30.7276 162.561 73.3081 161.013 17.9906 158.217
73.3081 161.013 107.992 162.781 148.428 167.538
107.992 162.781 73.3081 161.013 13.9417 157.966
73.3081 161.013 17.9906 158.217 13.9417 157.966
43.2792 137.247 22.7993 137.464 7.56726 139.143
43.2792 137.247 7.56726 139.143 1.5165 139.545
62.4388 136.226 43.2792 137.247 22.7993 137.464
51.789 136.102 62.4388 136.226 22.7993 137.464
62.4388 136.226 51.789 136.102 116.164 133.1
22.7993 137.464 37.3457 133.8 61.442 131.718
132.834 133 62.4388 136.226 43.2792 137.247
169.802 131.811 143.981 132.648 132.834 133
159.999 131.402 169.802 131.811 132.834 133
159.999 131.402 132.834 133 62.4388 136.226
98.5946 128.189 159.999 131.402 169.802 131.811
169.802 131.811 98.5946 128.189 90.5671 126.911
90.2783 143.928 76.0331 149.739 72.7706 150.088
131.59 136.948 90.2783 143.928 76.0331 149.739
149.558 133.297 97.1536 136.259 131.59 136.948
149.558 133.297 131.59 136.948 76.0331 149.739
132.834 133 149.558 133.297 97.1536 136.259
149.558 133.297 132.834 133 143.981 132.648
131.59 136.948 119.871 138.018 28.8904 140.974
28.8904 140.974 131.59 136.948 97.1536 136.259
119.871 138.018 67.4551 141.184 79.3845 141.48
119.871 138.018 79.3845 141.48 41.6014 147.407
41.6014 147.407 119.871 138.018 131.59 136.948
90.2783 143.928 52.4437 148.129 56.9426 149.01
52.4437 148.129 90.2783 143.928 131.59 136.948
66.8941 126.26 90.5671 126.911 98.5946 128.189
66.8941 126.26 98.5946 128.189 113.404 129.648
80.8477 126.123 66.8941 126.26 90.5671 126.911
156.462 123.542 80.8477 126.123 66.8941 126.26
141.443 123.174 156.462 123.542 66.8941 126.26
156.462 123.542 141.443 123.174 151.548 122.887
151.548 122.887 141.443 123.174 130.133 123.492
112.407 121.425 151.548 122.887 130.133 123.492
130.133 123.492 112.407 121.425 102.565 121.199
147.574 142.566 76.0331 149.739 72.7706 150.088
76.0331 149.739 147.574 142.566 143.408 142.11
120.205 148.407 141.221 148.639 109.043 152.159
147.574 142.566 120.205 148.407 141.221 148.639
162.368 139.109 143.408 142.11 147.574 142.566
162.368 139.109 147.574 142.566 141.221 148.639
141.221 148.639 162.368 139.109 166.443 138.819
121.446 157.225 170.586 161.075 159.556 161.123
88.914 153.161 121.446 157.225 170.586 161.075
101.178 151.76 88.914 153.161 170.586 161.075
120.205 148.407 101.178 151.76 88.914 153.161
88.914 153.161 120.205 148.407 147.574 142.566
113.616 142.221 162.368 139.109 166.443 138.819
109.043 152.159 126.681 152.338 149.263 153.185
141.221 148.639 109.043 152.159 126.681 152.338
166.725 147.347 141.221 148.639 126.681 152.338
141.221 148.639 166.725 147.347 157.655 146.907
37.6119 172.945 137.626 173.379 91.4076 173.751
63.2939 172.221 37.6119 172.945 137.626 173.379
68.3511 171.91 63.2939 172.221 37.6119 172.945
131.688 171.527 68.3511 171.91 63.2939 172.221
162.78 171.42 131.688 171.527 63.2939 172.221
81.9774 169.905 162.78 171.42 131.688 171.527
48.9601 169.264 81.9774 169.905 131.688 171.527
116.544 169.102 48.9601 169.264 81.9774 169.905
100.08 168.951 116.544 169.102 48.9601 169.264
30.6126 168.273 100.08 168.951 116.544 169.102
166.289 167.573 30.6126 168.273 116.544 169.102
148.428 167.538 166.289 167.573 30.6126 168.273
107.992 162.781 148.428 167.538 166.289 167.573
96.3393 161.418 107.992 162.781 166.289 167.573
77.2111 158.949 88.4305 160.048 96.3393 161.418
48.9471 156.614 77.2111 158.949 96.3393 161.418
48.9471 156.614 96.3393 161.418 107.992 162.781
77.2111 158.949 48.9471 156.614 22.3273 152.859
36.6944 156.954 48.9471 156.614 22.3273 152.859
88.4305 160.048 133.811 162.149 136.708 163.111
133.811 162.149 88.4305 160.048 77.2111 158.949
133.811 162.149 136.708 163.111 146.34 163.589
146.34 163.589 133.811 162.149 29.6423 150.067
67.5337 112.368 100.274 112.333 92.2906 112.172
42.5918 101.408 22.0827 101.939 50.372 103.015
32.9063 99.4465 42.5918 101.408 22.0827 101.939
22.0827 101.939 32.9063 99.4465 -1.45359 97.878
81.2638 101.744 71.8664 101.715 63.0069 98.9249
10.0122 81.6814 32.6629 80.5867 42.5168 79.0827
-3.86551 71.9872 47.7847 72.5216 58.4779 72.9426
40.1153 71.4333 -3.86551 71.9872 47.7847 72.5216
47.7847 72.5216 40.1153 71.4333 33.8936 70.4131
152.056 69.1443 159.229 70.0897 131.881 70.3002
89.6653 62.8346 152.056 69.1443 131.881 70.3002
131.881 70.3002 89.6653 62.8346 59.2535 60.6178
3.17141 43.1241 26.6719 42.2658 10.0586 41.6341
