9.55515 7.24428 11.9746 16.3222 15.5125 26.3203
4.31154 -10.0347 9.55515 7.24428 15.5125 26.3203
-1.3291 -27.2671 4.31154 -10.0347 9.55515 7.24428
-6.01423 -40.3999 -1.3291 -27.2671 9.55515 7.24428
9.55515 7.24428 -6.01423 -40.3999 -8.87476 -48.1994
-6.01423 -40.3999 -7.88199 -47.059 -8.87476 -48.1994
-7.88199 -47.059 -6.52451 -47.3709 -8.87476 -48.1994
-6.52451 -47.3709 15.511 -41.1031 16.4148 -39.8299
15.511 -41.1031 -6.52451 -47.3709 -8.87476 -48.1994
19.4869 35.071 4.31154 -10.0347 -1.3291 -27.2671
19.2135 28.3847 -6.01423 -40.3999 -7.88199 -47.059
1.31942 -37.1468 13.5487 -22.1228 15.5262 -21.8358
13.5487 -22.1228 1.31942 -37.1468 -7.88199 -47.059
1.31942 -37.1468 -3.25633 -43.6522 -7.88199 -47.059
6.29058 -37.2551 28.4012 -22.1921 32.1182 -19.2277
-7.88199 -47.059 -3.25633 -43.6522 6.29058 -37.2551
-7.88199 -47.059 6.29058 -37.2551 28.4012 -22.1921
28.4012 -22.1921 -7.88199 -47.059 -6.52451 -47.3709
1.31942 -37.1468 7.25658 -31.1274 40.8225 3.00758
7.25658 -31.1274 1.31942 -37.1468 -3.25633 -43.6522
11.6026 -32.5404 26.0745 -21.4631 28.8252 -19.9404
26.0745 -21.4631 11.6026 -32.5404 -3.25633 -43.6522
11.6026 -32.5404 6.29058 -37.2551 -3.25633 -43.6522
15.511 -41.1031 16.4148 -39.8299 23.6966 -35.6813
20.5717 -45.3211 15.511 -41.1031 23.6966 -35.6813
20.5717 -45.3211 23.6966 -35.6813 45.7857 -20.07
1.87141 -47.9747 20.5717 -45.3211 15.511 -41.1031
20.5717 -45.3211 1.87141 -47.9747 10.1257 -48.7822
23.6966 -35.6813 28.1993 -24.6831 46.8441 0.101097
28.1993 -24.6831 23.6966 -35.6813 16.4148 -39.8299
32.1182 -19.2277 28.4012 -22.1921 10.4285 -37.1517
14.2471 -25.9018 26.0745 -21.4631 28.8252 -19.9404
26.0745 -21.4631 14.2471 -25.9018 12.2691 -28.0902
23.4509 -17.6756 25.5975 -14.8119 29.1129 -14.2049
21.7955 -18.4785 23.4509 -17.6756 25.5975 -14.8119
17.3721 -22.1674 21.7955 -18.4785 23.4509 -17.6756
14.2471 -25.9018 17.3721 -22.1674 23.4509 -17.6756
17.3721 -22.1674 14.2471 -25.9018 12.2691 -28.0902
31.9413 3.65545 30.3231 5.23595 33.6367 8.7938
12.1375 -12.5068 31.9413 3.65545 30.3231 5.23595
7.84671 -16.6159 12.3449 -12.8293 12.1375 -12.5068
7.84671 -16.6159 12.1375 -12.5068 30.3231 5.23595
4.95531 -18.1504 7.84671 -16.6159 30.3231 5.23595
15.5262 -21.8358 4.95531 -18.1504 7.84671 -16.6159
13.5487 -22.1228 15.5262 -21.8358 4.95531 -18.1504
7.3776 -23.0561 13.5487 -22.1228 4.95531 -18.1504
13.5487 -22.1228 7.3776 -23.0561 1.1161 -26.4944
24.5645 -8.32561 19.3992 -10.6776 7.84671 -16.6159
19.3992 -10.6776 12.3449 -12.8293 7.84671 -16.6159
17.8205 -9.06836 27.0299 -4.12613 28.049 -3.48304
12.1375 -12.5068 17.8205 -9.06836 27.0299 -4.12613
27.0299 -4.12613 12.1375 -12.5068 12.3449 -12.8293
22.5615 -8.50096 19.3992 -10.6776 12.3449 -12.8293
30.3231 5.23595 33.6367 8.7938 37.789 13.3958
29.3966 4.83736 30.3231 5.23595 37.789 13.3958
30.3231 5.23595 29.3966 4.83736 20.1776 -1.46049
29.3966 4.83736 22.4232 4.17832 20.1776 -1.46049
19.4552 8.14179 18.5991 13.5811 19.7751 14.3065
18.5991 13.5811 19.4552 8.14179 20.1776 -1.46049
19.4552 8.14179 22.4232 4.17832 20.1776 -1.46049
31.9304 18.1077 25.209 10.0781 22.4232 4.17832
25.209 10.0781 19.4552 8.14179 22.4232 4.17832
0.748 -14.4911 11.9746 16.3222 15.5125 26.3203
-5.33882 -26.3548 0.748 -14.4911 15.5125 26.3203
0.748 -14.4911 -5.33882 -26.3548 -6.67713 -31.3675
2.65401 41.7478 -0.0407722 43.107 5.06616 44.04
1.94993 31.4536 2.65401 41.7478 -0.0407722 43.107
2.18511 27.2348 1.94993 31.4536 2.65401 41.7478
-0.255485 13.7393 2.18511 27.2348 1.94993 31.4536
-5.63173 -23.8731 -0.255485 13.7393 1.94993 31.4536
1.94993 31.4536 -5.63173 -23.8731 -6.67713 -31.3675
-5.63173 -23.8731 -5.33882 -26.3548 -6.67713 -31.3675
4.32735 14.9829 -5.63173 -23.8731 -5.33882 -26.3548
0.305071 13.5333 -0.255485 13.7393 2.18511 27.2348
2.18511 27.2348 0.305071 13.5333 -0.979255 -4.52348
26.9752 33.8339 5.06616 44.04 1.67332 46.6413
5.06616 44.04 26.9752 33.8339 31.1401 31.6582
26.9752 33.8339 29.3031 36.3374 27.8002 38.8058
31.1401 31.6582 26.9752 33.8339 29.3031 36.3374
29.3031 36.3374 31.1401 31.6582 49.4396 7.11469
-0.0407722 43.107 5.06616 44.04 1.67332 46.6413
-9.77517 26.8938 -0.0407722 43.107 1.67332 46.6413
-10.9545 24.9147 -9.77517 26.8938 1.67332 46.6413
-20.4079 9.66106 -10.9545 24.9147 1.67332 46.6413
-23.1228 5.2016 -25.3869 9.5861 -20.4079 9.66106
-23.1228 5.2016 -20.4079 9.66106 -10.9545 24.9147
-24.6179 4.00503 -23.1228 5.2016 -25.3869 9.5861
-23.1228 5.2016 -24.6179 4.00503 -38.3153 -18.1558
37.0618 27.1485 29.3031 36.3374 27.8002 38.8058
27.8002 38.8058 37.0618 27.1485 44.8521 18.0896
-12.8568 34.2996 -7.40302 36.3031 -9.48819 39.2973
-17.8084 25.4839 -12.8568 34.2996 -7.40302 36.3031
-19.0813 14.2336 -17.8084 25.4839 -7.40302 36.3031
-22.055 13.814 -27.8069 14.183 -19.0813 14.2336
-20.4079 9.66106 -22.055 13.814 -19.0813 14.2336
-20.4079 9.66106 -19.0813 14.2336 -7.40302 36.3031
-25.3869 9.5861 -20.4079 9.66106 -22.055 13.814
-22.055 13.814 -25.3869 9.5861 -43.4336 -8.76869
-18.5754 40.8183 -19.0802 43.0518 -16.5062 45.372
-17.647 40.4819 -18.5754 40.8183 -16.5062 45.372
-17.8084 25.4839 -17.647 40.4819 -16.5062 45.372
-17.647 40.4819 -17.8084 25.4839 -19.0813 14.2336
-16.5062 45.372 -19.0802 43.0518 -26.9441 41.7706
-22.2687 33.7279 -18.5754 40.8183 -19.0802 43.0518
-19.0802 43.0518 -22.2687 33.7279 -25.1311 31.0171
-18.9903 39.3625 -17.647 40.4819 -18.5754 40.8183
-18.5754 40.8183 -18.9903 39.3625 -22.4607 29.6603
-17.647 40.4819 -18.9903 39.3625 -18.8308 34.1799
-34.0985 23.9383 -36.2975 26.9422 -33.7869 34.7644
-27.8069 14.183 -34.0985 23.9383 -36.2975 26.9422
-26.7253 11.9767 -22.055 13.814 -27.8069 14.183
-26.7253 11.9767 -27.8069 14.183 -36.2975 26.9422
-42.1451 5.24636 -26.7253 11.9767 -22.055 13.814
-22.055 13.814 -42.1451 5.24636 -41.1975 4.4223
-42.1264 9.76537 -41.3428 10.0338 -37.0569 10.7376
-42.1451 5.24636 -42.1264 9.76537 -37.0569 10.7376
-43.6632 2.03949 -33.9614 3.68581 -41.1975 4.4223
-43.6632 2.03949 -41.1975 4.4223 -42.1451 5.24636
-43.6632 2.03949 -42.1451 5.24636 -42.1264 9.76537
-42.1264 9.76537 -43.6632 2.03949 -46.1987 -8.51979
-40.2812 29.1294 -41.3428 10.0338 -42.1264 9.76537
-38.0191 -24.8506 -10.9545 24.9147 -9.77517 26.8938
-10.9545 24.9147 -38.0191 -24.8506 -40.552 -28.607
-38.0191 -24.8506 -37.4138 -26.0964 -40.552 -28.607
-28.0745 -20.52 -9.91441 -11.7828 -8.5551 -8.18902
-36.3317 -25.3494 -28.0745 -20.52 -9.91441 -11.7828
-37.4138 -26.0964 -36.3317 -25.3494 -9.91441 -11.7828
-9.91441 -11.7828 -37.4138 -26.0964 -40.552 -28.607
-18.0271 -6.3843 -13.5914 4.70273 -2.95785 7.07379
-36.3317 -25.3494 -18.0271 -6.3843 -2.95785 7.07379
-18.0271 -6.3843 -36.3317 -25.3494 -37.4138 -26.0964
-13.5914 4.70273 -7.85464 13.9396 -11.2041 15.2957
-11.2041 15.2957 -13.5914 4.70273 -18.0271 -6.3843
-20.7423 -14.9042 -28.0745 -20.52 -36.3317 -25.3494
-9.52763 -18.8212 -9.91441 -11.7828 -8.5551 -8.18902
-11.1666 -27.8442 -9.52763 -18.8212 -9.91441 -11.7828
-14.7736 -38.8521 -11.1666 -27.8442 -9.91441 -11.7828
-11.1666 -27.8442 -14.7736 -38.8521 -16.0712 -43.2371
-14.7736 -38.8521 -15.2501 -22.9969 -13.6771 -21.5146
-16.0712 -43.2371 -14.7736 -38.8521 -15.2501 -22.9969
-15.2501 -22.9969 -16.0712 -43.2371 -18.1021 -45.8042
-20.5001 -24.8722 -15.2501 -22.9969 -13.6771 -21.5146
-29.9372 -26.5903 -20.5001 -24.8722 -13.6771 -21.5146
-20.5001 -24.8722 -29.9372 -26.5903 -32.7515 -29.0609
-18.0962 -27.8182 -20.5001 -24.8722 -15.2501 -22.9969
-15.2501 -22.9969 -18.0962 -27.8182 -23.4126 -39.7759
-18.0962 -27.8182 -23.9933 -37.0773 -23.4126 -39.7759
-0.0407722 43.107 -9.77517 26.8938 -30.1167 -16.6831
