18.8008 62.3346 18.6294 66.5455 6.72865 67.2586
58.1074 60.6531 38.2406 61.8666 18.8008 62.3346
48.7309 60.4379 58.1074 60.6531 18.8008 62.3346
12.2702 59.9086 48.7309 60.4379 18.8008 62.3346
12.2702 59.9086 18.8008 62.3346 6.72865 67.2586
31.2161 58.7949 12.2702 59.9086 48.7309 60.4379
163.031 57.4147 31.2161 58.7949 48.7309 60.4379
31.2161 58.7949 163.031 57.4147 121.242 57.4094
88.5985 63.7068 46.384 66.9585 0.137072 71.0058
163.031 57.4147 112.993 62.985 88.5985 63.7068
163.031 57.4147 88.5985 63.7068 46.384 66.9585
177.048 56.2616 121.242 57.4094 163.031 57.4147
177.048 56.2616 163.031 57.4147 112.993 62.985
121.242 57.4094 177.048 56.2616 138.322 56.2028
122.977 52.3776 31.2161 58.7949 12.2702 59.9086
168.228 50.7856 122.977 52.3776 31.2161 58.7949
122.977 52.3776 168.228 50.7856 181.17 49.1942
73.0096 57.9234 147.647 52.5955 201.906 48.7478
147.647 52.5955 168.228 50.7856 201.906 48.7478
168.228 50.7856 181.17 49.1942 201.906 48.7478
181.17 49.1942 79.4815 50.2904 67.4467 50.724
79.4815 50.2904 181.17 49.1942 201.906 48.7478
112.993 62.985 88.5985 63.7068 61.5127 67.1165
150.519 60.4675 112.993 62.985 61.5127 67.1165
112.993 62.985 150.519 60.4675 190.51 57.6974
150.519 60.4675 72.3827 69.1165 39.0536 70.3336
72.3827 69.1165 150.519 60.4675 190.51 57.6974
72.3827 69.1165 39.0536 70.3336 30.1613 71.258
93.5295 68.8973 72.3827 69.1165 30.1613 71.258
72.3827 69.1165 93.5295 68.8973 148.616 66.1459
137.167 72.9253 169.308 73.8375 189.142 76.5748
98.3603 71.2438 137.167 72.9253 169.308 73.8375
132.576 71.0391 98.3603 71.2438 169.308 73.8375
106.51 69.5848 132.576 71.0391 98.3603 71.2438
93.5295 68.8973 120.34 69.2719 106.51 69.5848
93.5295 68.8973 106.51 69.5848 98.3603 71.2438
148.616 66.1459 93.5295 68.8973 120.34 69.2719
120.34 69.2719 148.616 66.1459 198.478 61.4105
148.616 66.1459 166.303 61.6561 198.478 61.4105
173.958 77.8509 177.912 78.1362 200.762 79.7661
137.167 72.9253 173.958 77.8509 200.762 79.7661
173.958 77.8509 137.167 72.9253 98.3603 71.2438
190.18 73.5839 132.576 71.0391 106.51 69.5848
176.241 69.9053 159.948 70.049 198.744 70.5796
106.51 69.5848 176.241 69.9053 159.948 70.049
176.241 69.9053 106.51 69.5848 120.34 69.2719
143.091 77.4431 173.958 77.8509 177.912 78.1362
133.543 76.3224 143.091 77.4431 173.958 77.8509
173.958 77.8509 133.543 76.3224 76.114 73.846
162.842 83.8294 179.99 90.7019 188.739 92.2627
146.928 78.072 162.842 83.8294 188.739 92.2627
143.091 77.4431 146.928 78.072 162.842 83.8294
162.842 83.8294 143.091 77.4431 133.543 76.3224
202.444 86.5745 146.928 78.072 143.091 77.4431
133.543 76.3224 111.894 78.4268 103.137 79.6176
111.894 78.4268 133.543 76.3224 76.114 73.846
133.315 87.9598 179.99 90.7019 188.739 92.2627
148.945 87.6147 133.315 87.9598 179.99 90.7019
179.99 90.7019 148.945 87.6147 37.5722 76.0165
141.216 89.2505 158.073 91.8428 167.192 92.4591
133.315 87.9598 141.216 89.2505 167.192 92.4591
88.5207 82.2903 148.945 87.6147 133.315 87.9598
88.5207 82.2903 133.315 87.9598 141.216 89.2505
49.0706 80.0489 63.0067 81.0674 88.5207 82.2903
148.945 87.6147 88.5207 82.2903 28.3871 76.9297
88.5207 82.2903 49.0706 80.0489 28.3871 76.9297
41.8266 86.3174 158.073 91.8428 167.192 92.4591
158.073 91.8428 41.8266 86.3174 16.2081 83.5737
41.8266 86.3174 77.496 90.0754 187.419 103.846
187.419 103.846 41.8266 86.3174 16.2081 83.5737
103.128 91.5035 116.065 92.6028 168.209 97.9174
89.4457 90.4095 103.128 91.5035 168.209 97.9174
103.128 91.5035 89.4457 90.4095 41.8266 86.3174
89.4457 90.4095 77.496 90.0754 41.8266 86.3174
89.4457 90.4095 111.868 93.693 138.097 96.0076
111.868 93.693 89.4457 90.4095 77.496 90.0754
198.204 111.151 171.612 111.599 202.393 116.914
196.066 96.8258 198.204 111.151 202.393 116.914
179.268 96.6554 196.066 96.8258 198.204 111.151
116.065 92.6028 179.268 96.6554 196.066 96.8258
196.066 96.8258 116.065 92.6028 103.128 91.5035
171.612 111.599 183.502 117.264 187.158 118.282
193.904 109.897 198.204 111.151 171.612 111.599
160.334 108.595 193.904 109.897 171.612 111.599
160.334 108.595 171.612 111.599 183.502 117.264
193.904 109.897 160.334 108.595 180.955 106.279
186.689 126.476 181.199 128.134 200.959 131.469
169.949 118.018 186.689 126.476 200.959 131.469
160.334 108.595 169.949 118.018 200.959 131.469
150.386 103.351 180.955 106.279 160.334 108.595
150.386 103.351 160.334 108.595 169.949 118.018
180.955 106.279 150.386 103.351 161.453 102.572
28.1834 108.1 18.7191 108.762 2.40208 110.699
76.6169 106.146 28.1834 108.1 2.40208 110.699
28.1834 108.1 76.6169 106.146 161.453 102.572
76.6169 106.146 150.386 103.351 161.453 102.572
150.731 123.381 181.199 128.134 200.959 131.469
181.199 128.134 150.731 123.381 139.912 121.001
139.912 121.001 150.731 123.381 172.077 128.103
127.213 120.671 139.912 121.001 172.077 128.103
139.912 121.001 127.213 120.671 100.412 112.539
199.68 176.28 192.453 187.444 203.904 187.724
202.242 148.277 199.68 176.28 203.904 187.724
202.142 142.719 193.94 146.169 202.242 148.277
202.142 142.719 202.242 148.277 203.904 187.724
191.505 140.363 202.142 142.719 193.94 146.169
183.861 139.473 191.505 140.363 193.94 146.169
163.461 132.068 183.861 139.473 193.94 146.169
153.606 127.613 163.461 132.068 183.861 139.473
127.213 120.671 153.606 127.613 163.461 132.068
100.412 112.539 127.213 120.671 163.461 132.068
87.5791 110.487 117.804 111.901 100.412 112.539
87.5791 110.487 100.412 112.539 163.461 132.068
117.804 111.901 87.5791 110.487 108.345 109.864
50.0061 197.246 36.784 202.62 57.113 202.897
36.0745 193.59 70.7735 196.99 50.0061 197.246
36.0745 193.59 50.0061 197.246 36.784 202.62
26.1401 192.586 36.0745 193.59 36.784 202.62
60.7647 191.722 26.1401 192.586 36.0745 193.59
79.6615 190.326 0.0562923 191.157 60.7647 191.722
79.6615 190.326 60.7647 191.722 36.0745 193.59
71.3264 190.106 79.6615 190.326 0.0562923 191.157
166.2 188.294 71.3264 190.106 0.0562923 191.157
203.904 187.724 166.2 188.294 71.3264 190.106
192.453 187.444 203.904 187.724 166.2 188.294
163.033 187.077 192.453 187.444 166.2 188.294
127.892 182.051 172.597 183.319 163.033 187.077
127.892 182.051 163.033 187.077 166.2 188.294
172.597 183.319 127.892 182.051 148.347 181.51
122.145 193.086 143.923 193.233 129.043 193.536
79.6615 190.326 180.661 191.722 107.346 191.856
79.6615 190.326 107.346 191.856 122.145 193.086
79.6615 190.326 122.145 193.086 129.043 193.536
180.661 191.722 79.6615 190.326 71.3264 190.106
52.1285 186.94 13.5023 187.306 96.6557 187.942
116.776 183.304 52.1285 186.94 96.6557 187.942
127.892 182.051 79.5961 182.885 116.776 183.304
127.892 182.051 116.776 183.304 96.6557 187.942
79.5961 182.885 127.892 182.051 148.347 181.51
50.0061 197.246 83.5548 201.916 121.507 203.149
121.507 203.149 50.0061 197.246 70.7735 196.99
70.7735 196.99 98.0267 197.59 93.9897 198.852
98.0267 197.59 70.7735 196.99 36.0745 193.59
142.092 198.22 160.558 199.106 196.876 201.048
127.689 197.497 142.092 198.22 196.876 201.048
143.923 193.233 127.689 197.497 142.092 198.22
142.092 198.22 143.923 193.233 153.555 192.983
143.923 193.233 122.145 193.086 153.555 192.983
160.558 199.106 169.082 199.432 190.152 199.597
142.092 198.22 160.558 199.106 190.152 199.597
190.152 199.597 142.092 198.22 152.095 198.001
98.0267 197.59 93.9897 198.852 111.553 200.161
111.553 200.161 98.0267 197.59 92.4037 193.274
57.113 202.897 6.34522 203.14 179.163 203.925
36.784 202.62 57.113 202.897 6.34522 203.14
26.0068 201.694 36.784 202.62 6.34522 203.14
36.784 202.62 26.0068 201.694 23.357 200.404
26.0068 201.694 2.94158 200.918 23.357 200.404
13.5023 187.306 52.1285 186.94 23.8906 186.86
2.49307 182.565 79.5961 182.885 116.776 183.304
19.8543 181.861 2.49307 182.565 79.5961 182.885
73.9672 181.446 19.8543 181.861 79.5961 182.885
100.247 180.5 73.9672 181.446 79.5961 182.885
73.9672 181.446 100.247 180.5 90.7023 180.373
2.49307 182.565 19.8543 181.861 8.13611 179.41
198.122 172.657 199.68 176.28 192.453 187.444
192.491 169.891 198.122 172.657 192.453 187.444
158.139 162.738 176.979 169.826 192.491 169.891
180.16 159.492 158.139 162.738 192.491 169.891
180.16 159.492 192.491 169.891 198.122 172.657
158.139 162.738 180.16 159.492 168.416 158.905
50.3896 176.363 106.671 178.828 181.48 179.59
43.1923 176.25 50.3896 176.363 106.671 178.828
108.189 172.336 43.1923 176.25 50.3896 176.363
127.959 172.06 -3.32742 172.288 108.189 172.336
127.959 172.06 108.189 172.336 50.3896 176.363
52.0049 171.654 127.959 172.06 -3.32742 172.288
18.1647 171.46 52.0049 171.654 -3.32742 172.288
121.171 169.994 18.1647 171.46 52.0049 171.654
52.0049 171.654 121.171 169.994 192.491 169.891
176.979 169.826 192.491 169.891 121.171 169.994
159.273 169.649 176.979 169.826 121.171 169.994
159.273 169.649 121.171 169.994 6.01973 170.66
173.324 169.582 159.273 169.649 176.979 169.826
140.542 167.185 173.324 169.582 176.979 169.826
176.979 169.826 140.542 167.185 83.8126 162.692
163.834 177.738 181.48 179.59 187.594 180.136
181.48 179.59 163.834 177.738 142.292 176.321
106.671 178.828 181.48 179.59 187.594 180.136
33.6097 177.932 106.671 178.828 187.594 180.136
106.671 178.828 33.6097 177.932 59.2503 177.762
37.0601 169.102 173.324 169.582 159.273 169.649
82.4244 168.933 37.0601 169.102 173.324 169.582
26.5581 168.569 82.4244 168.933 37.0601 169.102
57.5596 168.214 26.5581 168.569 82.4244 168.933
72.7668 167.952 57.5596 168.214 26.5581 168.569
99.6547 166.968 72.7668 167.952 26.5581 168.569
89.9523 166.936 99.6547 166.968 26.5581 168.569
99.6547 166.968 89.9523 166.936 13.5209 163.916
88.8694 163.672 140.542 167.185 173.324 169.582
46.7665 161.505 88.8694 163.672 173.324 169.582
88.8694 163.672 46.7665 161.505 38.8303 160.345
46.7665 161.505 21.4034 162.419 28.4755 162.573
38.8303 160.345 46.7665 161.505 21.4034 162.419
62.9646 152.845 38.8303 160.345 21.4034 162.419
77.9824 151.523 23.6933 151.55 46.7437 151.64
77.9824 151.523 46.7437 151.64 62.9646 152.845
77.9824 151.523 62.9646 152.845 38.8303 160.345
40.545 149.866 77.9824 151.523 23.6933 151.55
23.6933 151.55 40.545 149.866 66.5202 146.997
62.9428 159.135 73.2008 160.006 146.849 166.491
102.688 158.645 62.9428 159.135 73.2008 160.006
127.032 156.906 102.688 158.645 62.9428 159.135
107.809 156.751 127.032 156.906 62.9428 159.135
92.3963 153.732 107.809 156.751 127.032 156.906
77.9824 151.523 100.206 151.899 92.3963 153.732
77.9824 151.523 92.3963 153.732 107.809 156.751
100.206 151.899 77.9824 151.523 40.545 149.866
122.658 161.882 102.688 158.645 127.032 156.906
23.6933 151.55 46.7437 151.64 31.4286 152.049
23.6933 151.55 31.4286 152.049 -0.0256837 161.019
10.8172 147.841 23.6933 151.55 -0.0256837 161.019
3.57845 143.881 10.8172 147.841 23.6933 151.55
20.4505 142.454 3.57845 143.881 23.6933 151.55
3.57845 143.881 20.4505 142.454 11.7361 141.736
-0.0603694 148.98 10.8172 147.841 3.57845 143.881
168.398 140.408 193.94 146.169 202.242 148.277
121.663 130.761 168.398 140.408 202.242 148.277
77.6823 121.102 121.663 130.761 168.398 140.408
51.9581 117.427 69.7598 120.476 77.6823 121.102
168.398 140.408 77.6823 121.102 41.3714 112.947
77.6823 121.102 51.9581 117.427 41.3714 112.947
121.663 130.761 159.009 141.874 178.311 147.328
159.009 141.874 121.663 130.761 77.6823 121.102
140.868 139.914 159.009 141.874 178.311 147.328
87.3734 133.337 131.553 139.076 140.868 139.914
87.3734 133.337 140.868 139.914 159.009 141.874
60.6167 130.524 87.3734 133.337 131.553 139.076
131.553 139.076 60.6167 130.524 52.9794 130.289
123.059 136.286 87.3734 133.337 60.6167 130.524
60.6167 130.524 76.0791 130.906 99.4212 131.239
52.9794 130.289 60.6167 130.524 99.4212 131.239
68.1925 128.666 52.9794 130.289 99.4212 131.239
39.3699 122.943 68.1925 128.666 99.4212 131.239
-1.91857 122.295 39.3699 122.943 68.1925 128.666
39.3699 122.943 -1.91857 122.295 17.0495 122.039
98.3374 138.204 131.553 139.076 140.868 139.914
87.6857 136.923 98.3374 138.204 131.553 139.076
67.553 136.911 87.6857 136.923 98.3374 138.204
29.4786 133.82 67.553 136.911 87.6857 136.923
87.6857 136.923 29.4786 133.82 22.6921 132.799
133.086 149.72 193.574 157.246 197.038 158.342
119.364 147.519 133.086 149.72 193.574 157.246
49.8822 137.188 119.364 147.519 133.086 149.72
29.4786 133.82 49.8822 137.188 119.364 147.519
22.6921 132.799 29.4786 133.82 49.8822 137.188
8.47623 131.416 22.6921 132.799 49.8822 137.188
22.6921 132.799 8.47623 131.416 -0.815654 130.375
31.0447 136.556 113.119 152.476 151.199 160.101
151.199 160.101 31.0447 136.556 -0.815654 130.375
31.0447 136.556 8.47623 131.416 -0.815654 130.375
40.2584 137.988 58.1545 141.426 141.5 157.42
31.0447 136.556 40.2584 137.988 58.1545 141.426
40.2584 137.988 31.0447 136.556 8.47623 131.416
113.593 143.573 140.244 146.095 158.865 148.6
82.4761 138.995 113.593 143.573 140.244 146.095
67.553 136.911 82.4761 138.995 140.244 146.095
82.4761 138.995 67.553 136.911 29.4786 133.82
113.593 143.573 149.28 149.126 171.044 151.877
149.28 149.126 113.593 143.573 82.4761 138.995
52.9794 130.289 68.1925 128.666 42.1325 127.326
32.2994 118.92 69.7598 120.476 77.6823 121.102
77.6823 121.102 32.2994 118.92 10.8884 118.167
59.0169 119.227 32.2994 118.92 10.8884 118.167
128.78 131.451 168.398 140.408 193.94 146.169
108.369 126.843 140.986 131.204 128.78 131.451
108.369 126.843 128.78 131.451 168.398 140.408
109.363 122.818 108.369 126.843 140.986 131.204
103.907 121.537 109.363 122.818 108.369 126.843
108.369 126.843 103.907 121.537 88.0569 121.157
153.108 136.663 128.78 131.451 140.986 131.204
103.907 121.537 109.363 122.818 120.496 123.821
62.6754 112.165 103.907 121.537 120.496 123.821
120.496 123.821 62.6754 112.165 73.2825 111.645
181.199 128.134 186.689 126.476 127.573 108.534
163.491 117.368 169.949 118.018 186.689 126.476
151.627 111.177 163.491 117.368 169.949 118.018
169.949 118.018 151.627 111.177 143.323 106.609
9.39082 108.558 18.7191 108.762 2.40208 110.699
36.5799 100.069 33.3091 101.552 9.39082 108.558
36.5799 100.069 9.39082 108.558 2.40208 110.699
33.3091 101.552 36.5799 100.069 60.9258 93.2071
36.5799 100.069 23.2117 100.966 0.583973 103.108
23.2117 100.966 36.5799 100.069 60.9258 93.2071
7.92448 98.8868 23.2117 100.966 0.583973 103.108
10.3051 90.7054 7.92448 98.8868 0.583973 103.108
7.92448 98.8868 10.3051 90.7054 17.8216 87.8309
10.3051 90.7054 -3.07652 90.4736 17.8216 87.8309
26.0404 93.9626 7.92448 98.8868 23.2117 100.966
23.2117 100.966 26.0404 93.9626 47.7015 91.2183
47.0433 100.006 33.3091 101.552 9.39082 108.558
33.3091 101.552 47.0433 100.006 68.8308 92.9158
18.7191 108.762 9.39082 108.558 71.0938 101.528
52.5608 106.305 28.1834 108.1 18.7191 108.762
90.9323 102.647 52.5608 106.305 18.7191 108.762
109.901 101.053 90.9323 102.647 52.5608 106.305
52.5608 106.305 109.901 101.053 129.181 100.481
121.726 100.232 129.181 100.481 109.901 101.053
121.726 100.232 109.901 101.053 76.8629 102.335
59.2439 98.0957 121.726 100.232 129.181 100.481
129.181 100.481 59.2439 98.0957 98.5432 96.7182
88.5207 82.2903 63.0067 81.0674 12.6407 81.0335
63.0067 81.0674 49.0706 80.0489 3.50091 76.8484
83.3377 78.0062 111.894 78.4268 103.137 79.6176
111.894 78.4268 83.3377 78.0062 71.6444 76.9426
116.614 82.0263 83.3377 78.0062 71.6444 76.9426
77.8599 63.5108 46.384 66.9585 0.137072 71.0058
0.137072 71.0058 77.8599 63.5108 102.732 60.3024
46.384 66.9585 77.8599 63.5108 128.481 59.7115
158.995 47.1055 186.973 47.5617 132.931 48.5134
158.995 47.1055 132.931 48.5134 79.4815 50.2904
158.995 47.1055 79.4815 50.2904 67.4467 50.724
27.1436 41.7668 158.995 47.1055 186.973 47.5617
186.973 47.5617 27.1436 41.7668 56.6316 41.6834
137.071 48.6613 132.931 48.5134 186.973 47.5617
56.1021 47.4737 106.668 47.7595 103.287 47.9711
88.7444 46.432 56.1021 47.4737 106.668 47.7595
27.1436 41.7668 88.7444 46.432 106.668 47.7595
10.5289 41.0727 56.6316 41.6834 27.1436 41.7668
10.5289 41.0727 27.1436 41.7668 88.7444 46.432
49.2717 40.5014 10.5289 41.0727 56.6316 41.6834
86.169 40.3673 49.2717 40.5014 56.6316 41.6834
173.221 39.9188 86.169 40.3673 49.2717 40.5014
49.2717 40.5014 173.221 39.9188 198.103 39.4415
117.539 40.9919 173.221 39.9188 198.103 39.4415
52.1038 49.682 40.9963 50.1227 0.50233 61.9297
19.264 49.3735 52.1038 49.682 40.9963 50.1227
7.66921 49.0162 19.264 49.3735 40.9963 50.1227
28.2909 48.3991 7.66921 49.0162 19.264 49.3735
2.79359 47.7118 28.2909 48.3991 7.66921 49.0162
56.1021 47.4737 2.79359 47.7118 28.2909 48.3991
2.79359 47.7118 56.1021 47.4737 88.7444 46.432
66.4792 39.7785 49.2717 40.5014 10.5289 41.0727
127.462 37.8816 66.4792 39.7785 10.5289 41.0727
66.4792 39.7785 127.462 37.8816 178.801 36.5708
127.462 37.8816 152.201 36.9476 178.801 36.5708
80.5607 38.3833 38.3234 39.566 22.2889 39.5808
112.927 37.521 80.5607 38.3833 38.3234 39.566
143.461 37.0027 3.9337 37.2605 112.927 37.521
143.461 37.0027 112.927 37.521 38.3234 39.566
152.201 36.9476 143.461 37.0027 38.3234 39.566
178.801 36.5708 152.201 36.9476 143.461 37.0027
98.9753 36.2809 178.801 36.5708 143.461 37.0027
171.545 33.5553 98.9753 36.2809 178.801 36.5708
162.093 27.372 171.545 33.5553 178.801 36.5708
130.903 9.45541 136.835 13.4807 162.093 27.372
130.903 9.45541 162.093 27.372 178.801 36.5708
136.835 13.4807 130.903 9.45541 112.67 -0.180899
130.903 9.45541 121.448 2.57704 112.67 -0.180899
152.333 19.1175 130.903 9.45541 121.448 2.57704
147.341 8.66482 158.627 13.0959 173.95 17.2405
130.51 3.49004 147.341 8.66482 158.627 13.0959
158.627 13.0959 130.51 3.49004 121.448 2.57704
130.51 3.49004 180.459 7.62776 200.139 10.3158
121.448 2.57704 130.51 3.49004 180.459 7.62776
112.67 -0.180899 121.448 2.57704 180.459 7.62776
180.459 7.62776 112.67 -0.180899 93.0804 -2.96411
188.923 16.6566 181.539 17.0893 161.236 18.3856
168.238 13.0971 188.923 16.6566 181.539 17.0893
147.341 8.66482 168.238 13.0971 181.539 17.0893
168.238 13.0971 147.341 8.66482 130.51 3.49004
179.416 27.3608 187.929 28.5517 199.522 30.1352
198.442 17.5353 179.416 27.3608 199.522 30.1352
188.923 16.6566 198.442 17.5353 179.416 27.3608
198.442 17.5353 188.923 16.6566 168.238 13.0971
66.1656 12.5589 39.2826 21.7944 30.2509 23.0946
102.379 2.43826 66.1656 12.5589 39.2826 21.7944
112.67 -0.180899 73.6044 0.517496 102.379 2.43826
112.67 -0.180899 102.379 2.43826 39.2826 21.7944
73.6044 0.517496 112.67 -0.180899 93.0804 -2.96411
12.5262 26.8187 66.1656 12.5589 102.379 2.43826
146.366 32.8535 171.545 33.5553 98.9753 36.2809
68.839 30.1374 146.366 32.8535 171.545 33.5553
171.545 33.5553 68.839 30.1374 76.8172 29.5242
68.839 30.1374 86.8065 32.3726 97.4556 32.4547
57.8758 29.2988 76.8172 29.5242 68.839 30.1374
57.8758 29.2988 68.839 30.1374 86.8065 32.3726
86.8065 32.3726 57.8758 29.2988 -1.85366 26.5553
97.4556 32.4547 32.5933 32.8926 121.059 32.9257
86.8065 32.3726 97.4556 32.4547 32.5933 32.8926
32.5933 32.8926 86.8065 32.3726 53.6106 32.0804
57.8758 29.2988 76.8172 29.5242 142.554 29.5401
113.282 28.9833 57.8758 29.2988 142.554 29.5401
142.554 29.5401 113.282 28.9833 126.226 27.0516
171.545 33.5553 162.093 27.372 117.23 6.06906
39.2826 21.7944 30.2509 23.0946 16.1004 27.2851
63.1701 16.95 39.2826 21.7944 16.1004 27.2851
77.3819 12.9623 63.1701 16.95 39.2826 21.7944
97.4795 8.83998 77.3819 12.9623 63.1701 16.95
77.3819 12.9623 97.4795 8.83998 87.7068 8.41291
123.289 16.4089 126.977 21.631 138.81 23.0897
138.81 23.0897 123.289 16.4089 109.628 7.87645
123.289 16.4089 97.4795 8.83998 109.628 7.87645
97.4795 8.83998 87.7068 8.41291 109.628 7.87645
87.5446 20.5695 126.977 21.631 138.81 23.0897
78.3242 20.2147 87.5446 20.5695 126.977 21.631
107.619 19.3369 78.3242 20.2147 126.977 21.631
78.3242 20.2147 107.619 19.3369 97.8431 19.2088
87.5446 20.5695 67.5634 22.9349 53.7397 23.7403
53.7397 23.7403 87.5446 20.5695 78.3242 20.2147
36.649 27.0901 67.5634 22.9349 87.5446 20.5695
59.8305 -0.279059 73.6044 0.517496 102.379 2.43826
73.6044 0.517496 59.8305 -0.279059 50.2976 -1.33054
59.8305 -0.279059 41.594 -0.754688 50.2976 -1.33054
76.501 2.71868 59.8305 -0.279059 41.594 -0.754688
19.4991 19.3522 10.8586 19.9645 -1.64952 22.5311
10.2674 12.0196 19.4991 19.3522 10.8586 19.9645
19.1866 11.7592 -1.79484 11.9336 10.2674 12.0196
19.1866 11.7592 10.2674 12.0196 19.4991 19.3522
53.5382 11.4439 19.1866 11.7592 -1.79484 11.9336
32.8962 11.3001 53.5382 11.4439 -1.79484 11.9336
63.4722 8.54358 32.8962 11.3001 53.5382 11.4439
37.0436 8.51975 63.4722 8.54358 32.8962 11.3001
0.807142 3.00275 37.0436 8.51975 32.8962 11.3001
12.0359 2.62071 0.807142 3.00275 37.0436 8.51975
32.337 0.228078 12.0359 2.62071 0.807142 3.00275
41.594 -0.754688 20.2248 -0.189794 32.337 0.228078
41.594 -0.754688 32.337 0.228078 12.0359 2.62071
20.2248 -0.189794 41.594 -0.754688 50.2976 -1.33054
158.616 0.652148 192.074 6.70713 180.459 7.62776
192.074 6.70713 158.616 0.652148 149.368 -2.60236
158.616 0.652148 140.037 -1.47014 149.368 -2.60236
192.074 6.70713 180.459 7.62776 200.139 10.3158
193.446 1.63515 192.074 6.70713 200.139 10.3158
183.366 0.0546162 193.446 1.63515 192.074 6.70713
192.074 6.70713 183.366 0.0546162 173.151 -1.18485
199.007 2.23307 193.446 1.63515 183.366 0.0546162
160.428 38.5782 66.4792 39.7785 49.2717 40.5014
66.4792 39.7785 160.428 38.5782 187.57 37.7946
