17.787 70.7043 14.6324 74.1002 9.00475 77.1787
64.2335 21.2509 17.787 70.7043 14.6324 74.1002
14.6324 74.1002 64.2335 21.2509 73.3634 11.9553
45.3449 47.1 40.8988 50.9185 37.9647 53.3442
50.127 45.4002 45.3449 47.1 40.8988 50.9185
52.5968 42.2515 50.127 45.4002 45.3449 47.1
53.2757 40.4246 52.5968 42.2515 45.3449 47.1
73.3634 11.9553 53.2757 40.4246 52.5968 42.2515
52.5968 42.2515 73.3634 11.9553 73.5947 11.6234
64.2335 21.2509 38.9744 46.6385 39.027 46.8239
73.3634 11.9553 64.2335 21.2509 38.9744 46.6385
38.9744 46.6385 73.3634 11.9553 73.5947 11.6234
14.6324 74.1002 33.4545 64.1445 87.2626 35.1114
33.4545 64.1445 14.6324 74.1002 9.00475 77.1787
38.7668 63.5787 33.4545 64.1445 9.00475 77.1787
50.9342 61.0215 38.7668 63.5787 33.4545 64.1445
48.9743 60.8847 50.9342 61.0215 33.4545 64.1445
68.8835 55.9782 48.9743 60.8847 33.4545 64.1445
48.9743 60.8847 68.8835 55.9782 69.9656 55.9242
39.0828 78.4645 38.4455 78.8862 41.1705 86.2396
41.0567 76.6027 39.0828 78.4645 41.1705 86.2396
39.9542 66.6571 41.0567 76.6027 39.0828 78.4645
39.0828 78.4645 39.9542 66.6571 38.7668 63.5787
39.9542 66.6571 53.436 64.2644 38.7668 63.5787
69.4641 77.5084 77.7124 83.1724 78.4041 83.9088
55.6395 65.0707 69.4641 77.5084 77.7124 83.1724
77.7124 83.1724 55.6395 65.0707 50.9342 61.0215
55.6395 65.0707 53.436 64.2644 50.9342 61.0215
53.436 64.2644 38.7668 63.5787 50.9342 61.0215
15.5586 82.8768 33.7486 84.0616 21.9569 84.7385
15.5586 82.8768 21.9569 84.7385 28.8911 88.7726
12.6389 81.7286 15.5586 82.8768 28.8911 88.7726
33.7315 79.3182 12.6389 81.7286 15.5586 82.8768
38.4455 78.8862 33.7315 79.3182 15.5586 82.8768
33.7315 79.3182 38.4455 78.8862 39.0828 78.4645
41.0567 76.6027 46.5956 98.2401 48.7707 99.1225
48.7707 99.1225 41.0567 76.6027 39.9542 66.6571
66.7386 94.8579 66.6034 96.4396 69.2235 99.7719
60.1107 87.7933 66.7386 94.8579 66.6034 96.4396
57.1258 84.4809 60.1107 87.7933 66.7386 94.8579
48.0741 73.4286 59.8582 83.1487 57.1258 84.4809
47.8148 69.3713 58.2444 73.2438 48.0741 73.4286
39.9542 66.6571 47.8148 69.3713 48.0741 73.4286
39.9542 66.6571 48.0741 73.4286 57.1258 84.4809
39.9542 66.6571 57.1258 84.4809 60.1107 87.7933
47.8148 69.3713 39.9542 66.6571 53.436 64.2644
70.6422 95.255 57.1258 84.4809 59.8582 83.1487
59.8582 83.1487 68.085 87.2435 72.7282 92.1348
68.085 87.2435 59.8582 83.1487 48.0741 73.4286
76.7279 93.8398 58.3967 69.7811 53.436 64.2644
58.3967 69.7811 55.6395 65.0707 53.436 64.2644
66.4388 76.9976 69.6806 81.0934 80.7413 93.5308
64.0895 76.1552 66.4388 76.9976 69.6806 81.0934
58.3967 69.7811 64.0895 76.1552 66.4388 76.9976
66.4388 76.9976 58.3967 69.7811 55.6395 65.0707
84.3795 91.6939 69.4641 77.5084 55.6395 65.0707
89.2164 84.9155 88.7731 85.5905 91.0134 99.0263
78.8325 68.6914 89.2164 84.9155 88.7731 85.5905
88.7731 85.5905 78.8325 68.6914 69.9656 55.9242
78.8325 68.6914 79.2756 67.6913 69.9656 55.9242
69.1001 54.6622 69.9656 55.9242 68.8835 55.9782
69.1001 54.6622 68.8835 55.9782 59.6546 57.2445
81.4092 49.8045 73.5434 53.6822 69.1001 54.6622
81.4092 49.8045 69.1001 54.6622 59.6546 57.2445
93.8248 45.5065 94.229 46.0502 90.9847 46.7377
93.8248 45.5065 90.9847 46.7377 81.4092 49.8045
93.8248 45.5065 81.4092 49.8045 59.6546 57.2445
97.6615 42.4766 90.2881 44.2105 93.8248 45.5065
97.6615 42.4766 93.8248 45.5065 94.229 46.0502
98.6276 39.6496 97.6615 42.4766 90.2881 44.2105
90.2881 44.2105 98.6276 39.6496 90.3003 39.4569
79.2756 67.6913 98.4629 90.1798 99.1527 92.4453
69.9656 55.9242 79.2756 67.6913 98.4629 90.1798
98.4629 90.1798 69.9656 55.9242 69.1001 54.6622
82.3422 72.9854 78.8325 68.6914 79.2756 67.6913
87.9675 73.8005 97.6615 42.4766 98.6276 39.6496
82.8321 43.2598 90.2881 44.2105 93.8248 45.5065
90.2881 44.2105 82.8321 43.2598 81.2476 41.5188
82.8321 43.2598 78.3947 43.0524 81.2476 41.5188
76.9354 50.3034 82.8321 43.2598 78.3947 43.0524
71.0581 47.9433 59.4984 53.023 58.1419 54.5183
78.3947 43.0524 71.0581 47.9433 59.4984 53.023
59.4984 53.023 78.3947 43.0524 81.2476 41.5188
98.4629 90.1798 94.375 79.9144 91.2175 78.2051
95.8251 74.6481 94.375 79.9144 98.4629 90.1798
95.8251 74.6481 98.4629 90.1798 99.1527 92.4453
94.375 79.9144 95.8251 74.6481 94.1231 69.8999
94.1231 69.8999 95.8251 74.6481 99.4392 81.6352
99.4392 81.6352 94.1231 69.8999 98.0665 66.4797
70.383 70.261 77.7124 83.1724 78.4041 83.9088
77.7124 83.1724 70.383 70.261 63.8879 67.8256
77.5714 77.1968 70.383 70.261 65.2775 62.0695
70.383 70.261 63.8879 67.8256 65.2775 62.0695
72.7282 92.1348 68.085 87.2435 66.4408 83.9425
61.2772 91.5779 66.6034 96.4396 69.2235 99.7719
60.7257 90.2351 59.6993 90.7078 61.2772 91.5779
60.7257 90.2351 61.2772 91.5779 66.6034 96.4396
58.1245 89.0974 60.7257 90.2351 59.6993 90.7078
60.7257 90.2351 58.1245 89.0974 48.9397 83.2102
54.0712 89.6912 59.6993 90.7078 61.2772 91.5779
59.6993 90.7078 54.0712 89.6912 50.9986 86.0849
17.2297 90.1803 46.5956 98.2401 48.7707 99.1225
46.5956 98.2401 17.2297 90.1803 14.5402 87.2356
17.2297 90.1803 9.36005 91.5284 26.4606 97.289
9.36005 91.5284 17.2297 90.1803 14.5402 87.2356
39.027 46.8239 29.0046 56.3896 30.3328 56.4788
38.9744 46.6385 39.027 46.8239 29.0046 56.3896
52.7106 29.064 38.9744 46.6385 29.0046 56.3896
38.9744 46.6385 52.7106 29.064 57.6488 25.7245
27.4272 58.4017 20.5172 58.9258 20.184 62.7133
30.3328 56.4788 27.4272 58.4017 20.5172 58.9258
29.0046 56.3896 30.3328 56.4788 20.5172 58.9258
31.8045 51.3573 29.0046 56.3896 20.5172 58.9258
47.9619 31.2253 31.8045 51.3573 29.0046 56.3896
52.5033 24.3456 47.9619 31.2253 31.8045 51.3573
55.5181 20.9018 52.5033 24.3456 47.9619 31.2253
58.296 20.324 49.4033 20.7662 55.5181 20.9018
58.296 20.324 55.5181 20.9018 47.9619 31.2253
70.7332 9.09524 58.296 20.324 47.9619 31.2253
47.9619 31.2253 70.7332 9.09524 71.6335 8.66784
70.7332 9.09524 36.0854 18.8512 31.111 22.2949
71.6335 8.66784 70.7332 9.09524 36.0854 18.8512
36.0854 18.8512 71.6335 8.66784 96.0448 0.239119
42.2284 23.3279 8.44215 29.4746 2.20426 29.6925
55.5181 20.9018 52.2915 21.9523 42.2284 23.3279
55.5181 20.9018 42.2284 23.3279 2.20426 29.6925
2.20426 29.6925 55.5181 20.9018 49.4033 20.7662
25.253 29.2034 16.4774 32.7007 3.25506 36.1813
42.2284 23.3279 25.253 29.2034 3.25506 36.1813
25.253 29.2034 42.2284 23.3279 52.2915 21.9523
0.39815 40.8212 43.9624 25.1778 52.2915 21.9523
22.2276 37.3857 11.909 59.9094 1.38705 84.3515
24.0263 33.4601 19.9838 35.0496 22.2276 37.3857
24.0263 33.4601 22.2276 37.3857 1.38705 84.3515
30.0906 31.0341 28.7056 31.8513 24.0263 33.4601
30.0906 31.0341 24.0263 33.4601 19.9838 35.0496
40.3992 26.9801 30.0906 31.0341 28.7056 31.8513
52.2915 21.9523 43.9624 25.1778 40.3992 26.9801
28.7056 31.8513 40.3992 26.9801 55.5181 20.9018
40.3992 26.9801 52.2915 21.9523 55.5181 20.9018
33.8321 29.2635 40.3992 26.9801 43.9624 25.1778
21.12 39.0437 5.33502 55.2919 8.28988 56.2717
21.12 39.0437 8.28988 56.2717 1.59647 69.4487
22.2276 37.3857 21.12 39.0437 1.59647 69.4487
21.12 39.0437 22.2276 37.3857 19.9838 35.0496
2.30211 62.4355 8.28988 56.2717 5.33502 55.2919
8.17998 65.5898 11.909 59.9094 22.2276 37.3857
52.5033 24.3456 24.9486 54.9067 24.7459 56.0788
24.9486 54.9067 52.5033 24.3456 55.5181 20.9018
26.9518 40.1478 29.2814 42.2066 24.9486 54.9067
26.9518 40.1478 24.9486 54.9067 24.7459 56.0788
29.2814 42.2066 26.9518 40.1478 27.8794 38.3138
26.9518 40.1478 18.2786 53.2051 15.1057 62.0775
18.2786 53.2051 26.9518 40.1478 27.8794 38.3138
19.151 50.2814 18.2786 53.2051 15.1057 62.0775
18.2786 53.2051 19.151 50.2814 22.8405 42.9607
24.0263 33.4601 28.7056 31.8513 37.3756 31.4736
57.2504 3.48622 38.8097 17.5406 36.0854 18.8512
57.2504 3.48622 36.0854 18.8512 31.111 22.2949
38.8097 17.5406 57.2504 3.48622 60.1118 1.52306
57.2504 3.48622 56.4153 2.7749 60.1118 1.52306
57.2504 3.48622 48.9238 6.32588 29.2709 19.8112
48.9238 6.32588 57.2504 3.48622 56.4153 2.7749
52.9554 3.24133 27.8783 8.32831 20.5109 10.176
27.8783 8.32831 52.9554 3.24133 60.1118 1.52306
52.9554 3.24133 56.4153 2.7749 60.1118 1.52306
19.3141 13.5089 7.86262 13.62 14.8215 15.7985
20.7655 11.9366 19.3141 13.5089 7.86262 13.62
35.9118 9.50645 20.7655 11.9366 7.86262 13.62
38.2262 9.37193 35.9118 9.50645 20.7655 11.9366
52.9554 3.24133 38.2262 9.37193 35.9118 9.50645
38.2262 9.37193 52.9554 3.24133 56.4153 2.7749
21.8796 20.9524 19.3141 13.5089 20.7655 11.9366
9.86023 17.5683 6.00299 18.6942 0.30186 22.649
14.8215 15.7985 9.86023 17.5683 0.30186 22.649
7.86262 13.62 14.8215 15.7985 9.86023 17.5683
21.8163 4.25918 25.4081 4.63087 8.21914 5.11303
9.86023 17.5683 7.86262 13.62 0.721814 2.26925
7.86262 13.62 8.21914 5.11303 0.721814 2.26925
8.21914 5.11303 21.8163 4.25918 0.721814 2.26925
21.8163 4.25918 33.6039 2.45304 24.0267 1.26253
33.6039 2.45304 21.8163 4.25918 25.4081 4.63087
43.9173 1.13216 33.6039 2.45304 25.4081 4.63087
43.9173 1.13216 25.4081 4.63087 9.35128 8.23836
33.6039 2.45304 43.9173 1.13216 40.7677 0.0313054
40.2587 4.02379 27.8783 8.32831 20.5109 10.176
27.8783 8.32831 40.2587 4.02379 52.6112 1.26583
40.2587 4.02379 19.0543 9.02837 8.24537 10.4941
8.24537 10.4941 40.2587 4.02379 52.6112 1.26583
51.2546 12.0854 38.8097 17.5406 36.0854 18.8512
55.4157 8.93444 51.2546 12.0854 38.8097 17.5406
58.823 4.42539 57.628 5.0084 55.4157 8.93444
51.2546 12.0854 55.4157 8.93444 67.5498 0.751691
55.4157 8.93444 58.823 4.42539 67.5498 0.751691
50.127 45.4002 47.048 53.3499 45.3193 54.067
52.5968 42.2515 50.127 45.4002 47.048 53.3499
59.4369 36.703 52.5968 42.2515 47.048 53.3499
63.8258 31.9538 59.4369 36.703 52.5968 42.2515
84.6523 8.33732 63.8258 31.9538 52.5968 42.2515
63.8258 31.9538 84.6523 8.33732 86.4512 6.67434
78.9345 12.3033 74.1538 13.2447 71.8737 17.3676
84.6523 8.33732 78.9345 12.3033 71.8737 17.3676
78.9345 12.3033 84.6523 8.33732 86.4512 6.67434
69.6151 29.9518 66.8961 31.8864 63.8258 31.9538
80.8799 22.1191 69.6151 29.9518 66.8961 31.8864
66.8961 31.8864 80.8799 22.1191 89.1787 16.7095
80.8799 22.1191 78.8767 21.5036 89.1787 16.7095
66.8961 31.8864 63.8258 31.9538 59.4369 36.703
83.7071 27.193 66.8961 31.8864 59.4369 36.703
66.8961 31.8864 83.7071 27.193 92.9914 23.3362
83.7071 27.193 67.6801 39.0063 57.6692 46.5
57.6692 46.5 83.7071 27.193 92.9914 23.3362
55.5777 50.2505 47.048 53.3499 45.3193 54.067
73.2577 41.1971 55.5777 50.2505 47.048 53.3499
85.1572 35.4459 73.2577 41.1971 55.5777 50.2505
86.1522 34.8308 85.1572 35.4459 73.2577 41.1971
84.9074 31.9075 86.1522 34.8308 73.2577 41.1971
86.1522 34.8308 84.9074 31.9075 93.4545 29.1978
