-16.9825 6.8043 -39.418 8.22714 -43.3307 8.39437
7.35976 5.33566 -16.9825 6.8043 -39.418 8.22714
-39.418 8.22714 7.35976 5.33566 14.5574 5.03186
-42.3291 7.531 -16.9825 6.8043 7.35976 5.33566
7.35976 5.33566 -28.6075 5.67288 -47.251 5.6858
14.5574 5.03186 7.35976 5.33566 -47.251 5.6858
-22.8385 4.97987 14.5574 5.03186 -47.251 5.6858
-31.8272 3.01299 -22.8385 4.97987 -47.251 5.6858
-39.8852 0.331233 -31.8272 3.01299 -22.8385 4.97987
-22.8385 4.97987 -39.8852 0.331233 -44.725 -1.56325
-34.4531 -0.494904 -44.725 -1.56325 -36.0034 -1.97571
-44.725 -1.56325 -39.8852 0.331233 -45.0401 1.99546
-45.262 -3.0506 -36.0034 -1.97571 -44.725 -1.56325
-45.262 -3.0506 -44.725 -1.56325 -45.0401 1.99546
-45.736 -4.07668 -45.262 -3.0506 -45.0401 1.99546
-37.589 -5.59634 -45.736 -4.07668 -45.262 -3.0506
-42.0253 -5.64707 -37.589 -5.59634 -45.736 -4.07668
-45.736 -4.07668 -42.0253 -5.64707 -41.7607 -8.98172
-42.0253 -5.64707 -29.1108 -8.62854 -41.7607 -8.98172
-23.3041 -1.43914 -36.0034 -1.97571 -45.262 -3.0506
-37.589 -5.59634 -8.64349 -5.55344 -13.2163 -3.56395
-8.64349 -5.55344 -37.589 -5.59634 -42.0253 -5.64707
8.67571 6.96627 -39.418 8.22714 -43.3307 8.39437
-39.418 8.22714 8.67571 6.96627 21.043 6.5801
1.96538 8.69301 -40.5105 14.5949 -45.7591 17.9463
8.67571 6.96627 24.3651 7.14156 1.96538 8.69301
8.67571 6.96627 1.96538 8.69301 -40.5105 14.5949
21.043 6.5801 8.67571 6.96627 24.3651 7.14156
3.47031 -0.535012 21.043 6.5801 24.3651 7.14156
-6.26407 -0.80471 3.47031 -0.535012 21.043 6.5801
9.84806 -2.54168 -6.26407 -0.80471 3.47031 -0.535012
15.5539 -5.23721 9.84806 -2.54168 -6.26407 -0.80471
-6.26407 -0.80471 15.5539 -5.23721 16.5238 -7.56208
-2.24198 12.9515 -31.1069 30.4894 -31.924 31.457
4.74314 9.4884 1.26309 9.60398 -2.24198 12.9515
4.74314 9.4884 -2.24198 12.9515 -31.924 31.457
5.72974 8.71761 4.74314 9.4884 1.26309 9.60398
1.96538 8.69301 5.72974 8.71761 1.26309 9.60398
5.72974 8.71761 1.96538 8.69301 24.3651 7.14156
-16.4192 20.5154 -2.24198 12.9515 1.26309 9.60398
-30.0778 34.1755 -3.94205 15.6508 4.74314 9.4884
20.8439 37.5942 17.5022 38.688 14.3134 41.3216
20.8439 37.5942 14.3134 41.3216 5.74801 46.7013
32.2339 36.5769 28.9365 37.58 20.8439 37.5942
10.5408 36.3559 32.2339 36.5769 20.8439 37.5942
10.5408 36.3559 20.8439 37.5942 17.5022 38.688
1.53137 34.8558 10.5408 36.3559 17.5022 38.688
-18.765 31.2297 1.53137 34.8558 10.5408 36.3559
-21.5629 30.7324 -18.765 31.2297 1.53137 34.8558
-15.2596 30.573 -21.5629 30.7324 -18.765 31.2297
-18.8172 28.6326 -15.2596 30.573 -21.5629 30.7324
-9.91782 20.6769 -18.8172 28.6326 -21.5629 30.7324
-3.94205 15.6508 -9.91782 20.6769 -18.8172 28.6326
4.74314 9.4884 -3.94205 15.6508 -18.8172 28.6326
-18.8172 28.6326 4.74314 9.4884 5.72974 8.71761
-20.7273 28.3182 -9.91782 20.6769 -3.94205 15.6508
2.77626 45.3349 1.66459 46.1125 -0.142902 47.7727
14.3134 41.3216 2.77626 45.3349 -0.142902 47.7727
2.77626 45.3349 14.3134 41.3216 17.5022 38.688
1.66459 46.1125 -11.2 46.772 -10.9949 47.8298
-11.2 46.772 1.66459 46.1125 2.77626 45.3349
21.3725 41.3019 28.9365 37.58 32.2339 36.5769
-10.4596 32.3274 -15.2596 30.573 -18.8172 28.6326
21.6541 2.13099 15.5539 -5.23721 16.5238 -7.56208
-14.9214 4.80131 -22.8385 4.97987 14.5574 5.03186
-11.8055 4.35404 -14.9214 4.80131 -22.8385 4.97987
-1.60413 3.60359 -11.8055 4.35404 -22.8385 4.97987
-18.3817 3.43181 -1.60413 3.60359 -22.8385 4.97987
6.99091 -6.40829 -18.3817 3.43181 -22.8385 4.97987
-18.3817 3.43181 6.99091 -6.40829 20.0405 -10.0467
17.8555 -10.1409 20.0405 -10.0467 6.99091 -6.40829
17.8555 -10.1409 6.99091 -6.40829 -9.74117 -0.667259
-13.743 -12.0835 17.8555 -10.1409 20.0405 -10.0467
20.0405 -10.0467 -13.743 -12.0835 -25.4455 -13.483
15.1642 -11.5751 26.4369 -11.3075 37.4662 -10.5852
-25.4455 -13.483 15.1642 -11.5751 26.4369 -11.3075
26.4369 -11.3075 -25.4455 -13.483 -36.4382 -14.6113
-25.4455 -13.483 -13.743 -12.0835 -4.01303 -10.3574
-36.4382 -14.6113 -25.4455 -13.483 -4.01303 -10.3574
-4.01303 -10.3574 -36.4382 -14.6113 -37.8845 -14.6378
-37.8845 -14.6378 -36.4382 -14.6113 -6.50191 -14.4952
-22.1714 -15.6175 -37.8845 -14.6378 -6.50191 -14.4952
-22.1714 -15.6175 -6.50191 -14.4952 22.8338 -12.8281
-18.8854 -17.3083 1.0945 -15.7497 -22.1714 -15.6175
-18.8854 -17.3083 -22.1714 -15.6175 -37.8845 -14.6378
1.33461 -17.6643 -18.8854 -17.3083 1.0945 -15.7497
4.84222 -29.3539 2.41107 -27.8451 1.33461 -17.6643
4.84222 -29.3539 1.33461 -17.6643 1.0945 -15.7497
3.58716 -31.2678 4.84222 -29.3539 2.41107 -27.8451
2.41107 -27.8451 3.58716 -31.2678 6.3897 -48.4384
2.74848 -36.8337 2.41107 -27.8451 1.33461 -17.6643
2.41107 -27.8451 2.74848 -36.8337 3.13959 -40.9724
-6.36943 -26.2326 -22.8334 -22.0553 -13.023 -21.9093
-10.1277 -29.1686 -6.36943 -26.2326 -22.8334 -22.0553
-4.66179 -31.8158 -10.1277 -29.1686 -6.36943 -26.2326
2.74848 -36.8337 -4.66179 -31.8158 -6.36943 -26.2326
3.13959 -40.9724 2.74848 -36.8337 -4.66179 -31.8158
-1.55696 -41.432 3.13959 -40.9724 -4.66179 -31.8158
-9.63072 -42.9804 -1.55696 -41.432 3.13959 -40.9724
3.13959 -40.9724 -9.63072 -42.9804 -2.97158 -44.8127
-26.4114 -41.6146 -9.63072 -42.9804 -2.97158 -44.8127
-28.1721 -26.6563 -30.2574 -23.2438 -30.3446 -20.4779
-20.9431 -34.6195 -28.1721 -26.6563 -30.3446 -20.4779
-16.4735 -38.3559 -21.0271 -36.4309 -20.9431 -34.6195
-16.4735 -38.3559 -20.9431 -34.6195 -30.3446 -20.4779
-21.0271 -36.4309 -16.4735 -38.3559 -9.63072 -42.9804
-16.4735 -38.3559 -1.55696 -41.432 -9.63072 -42.9804
-20.9431 -34.6195 -23.1608 -34.1877 -41.2147 -22.3551
-21.0271 -36.4309 -20.9431 -34.6195 -23.1608 -34.1877
-23.1608 -34.1877 -21.0271 -36.4309 -21.4008 -38.5324
4.90709 -35.5523 3.58716 -31.2678 4.84222 -29.3539
7.20656 -39.7572 4.90709 -35.5523 4.84222 -29.3539
4.90709 -35.5523 7.20656 -39.7572 8.09335 -41.5413
7.20656 -39.7572 22.1257 -39.9364 8.09335 -41.5413
27.9533 -30.6279 24.3763 -23.77 19.6196 -16.4672
29.0849 -33.4345 33.7104 -32.6098 27.9533 -30.6279
29.0849 -33.4345 27.9533 -30.6279 19.6196 -16.4672
32.7035 -35.7368 14.4699 -34.4374 29.0849 -33.4345
32.7035 -35.7368 29.0849 -33.4345 33.7104 -32.6098
33.5195 -36.3276 32.7035 -35.7368 33.7104 -32.6098
15.3436 -38.8182 33.5195 -36.3276 32.7035 -35.7368
7.20656 -39.7572 15.3436 -38.8182 32.7035 -35.7368
15.3436 -38.8182 7.20656 -39.7572 22.1257 -39.9364
29.0849 -33.4345 17.8703 -32.8956 20.5749 -31.6774
17.8703 -32.8956 29.0849 -33.4345 14.4699 -34.4374
33.3918 -30.2892 27.9533 -30.6279 33.7104 -32.6098
30.5779 -15.6479 26.6567 -11.5316 26.4369 -11.3075
40.3523 -26.6482 30.5779 -15.6479 26.4369 -11.3075
26.4369 -11.3075 40.3523 -26.6482 39.1922 -28.4436
33.8531 -4.60805 32.6798 -2.58932 28.098 4.89871
37.4662 -10.5852 33.8531 -4.60805 28.098 4.89871
26.6567 -11.5316 26.4369 -11.3075 37.4662 -10.5852
40.5704 -11.952 26.6567 -11.5316 37.4662 -10.5852
40.5704 -11.952 37.4662 -10.5852 33.8531 -4.60805
46.8846 -15.7272 40.5704 -11.952 33.8531 -4.60805
40.5704 -11.952 46.8846 -15.7272 45.7966 -16.5699
30.7574 2.6705 32.6798 -2.58932 33.8531 -4.60805
26.6567 -11.5316 30.5779 -15.6479 36.4998 -18.1562
26.6567 -11.5316 40.5704 -11.952 36.5084 -12.1473
10.5408 36.3559 9.56758 35.3911 -4.90277 30.6918
9.56758 35.3911 10.5408 36.3559 32.2339 36.5769
23.5626 35.3681 9.56758 35.3911 32.2339 36.5769
23.7161 35.1594 23.5626 35.3681 32.2339 36.5769
25.2409 33.8346 23.7161 35.1594 32.2339 36.5769
31.262 30.2317 25.2409 33.8346 32.2339 36.5769
32.2339 36.5769 31.262 30.2317 38.4511 29.8268
23.6053 32.9582 23.7161 35.1594 23.5626 35.3681
24.0908 32.7993 23.6053 32.9582 23.7161 35.1594
24.6152 31.449 24.0908 32.7993 23.7161 35.1594
28.5387 27.9327 24.6152 31.449 23.7161 35.1594
35.1364 20.0255 28.5387 27.9327 23.7161 35.1594
39.5137 14.2758 37.4048 16.9654 35.1364 20.0255
39.5137 14.2758 35.1364 20.0255 23.7161 35.1594
37.4048 16.9654 39.5137 14.2758 48.4038 2.25017
39.1089 16.1177 39.5137 14.2758 48.4038 2.25017
24.0908 32.7993 23.6053 32.9582 19.4203 33.2179
19.4203 33.2179 24.0908 32.7993 17.8388 32.0522
24.0908 32.7993 24.6152 31.449 22.3956 30.5754
27.5603 27.8753 28.5387 27.9327 24.6152 31.449
-6.11782 24.8927 27.5603 27.8753 28.5387 27.9327
-3.78708 24.1228 -6.11782 24.8927 28.5387 27.9327
1.37501 22.1699 -3.78708 24.1228 -6.11782 24.8927
1.80206 21.8019 1.37501 22.1699 -6.11782 24.8927
8.13809 19.2345 1.80206 21.8019 -6.11782 24.8927
27.3643 14.1886 8.13809 19.2345 1.80206 21.8019
1.80206 21.8019 27.3643 14.1886 30.7926 13.2163
27.3643 14.1886 16.5585 13.7803 30.7926 13.2163
16.5585 13.7803 6.67634 16.4981 2.60962 16.5818
16.7503 11.8327 30.7926 13.2163 16.5585 13.7803
16.7503 11.8327 16.5585 13.7803 2.60962 16.5818
2.60962 16.5818 16.7503 11.8327 40.724 2.54311
16.7503 11.8327 27.16 9.3084 40.724 2.54311
1.37501 22.1699 8.30941 22.2005 15.9672 23.3845
1.37501 22.1699 15.9672 23.3845 25.7176 24.297
1.80206 21.8019 1.37501 22.1699 8.30941 22.2005
8.30941 22.2005 1.80206 21.8019 29.4145 15.9325
35.035 18.9608 35.1364 20.0255 28.5387 27.9327
28.5387 27.9327 35.035 18.9608 48.8572 -2.18401
23.7161 35.1594 25.2409 33.8346 45.6695 13.958
-12.3646 46.6041 -11.2 46.772 -10.9949 47.8298
-22.5377 39.0728 -12.3646 46.6041 -10.9949 47.8298
-10.9949 47.8298 -22.5377 39.0728 -26.6156 37.571
-13.9879 41.5469 -12.3646 46.6041 -11.2 46.772
-15.7237 37.8949 -13.9879 41.5469 -11.2 46.772
-13.9879 41.5469 -15.7237 37.8949 -18.38 37.2271
-2.3083 39.9768 -15.7237 37.8949 -18.38 37.2271
-26.4861 24.6572 -26.4945 25.619 -31.1069 30.4894
-26.4861 24.6572 -31.1069 30.4894 -31.924 31.457
-42.6967 23.5749 -32.2619 24.4271 -26.4861 24.6572
-26.4945 25.619 -26.4861 24.6572 -24.3446 22.2848
-26.4861 24.6572 -42.6967 23.5749 -24.3446 22.2848
-35.2482 29.3003 -27.7072 24.8107 -32.2619 24.4271
-27.7072 24.8107 -26.4861 24.6572 -32.2619 24.4271
-27.7072 24.8107 -29.7714 26.7717 -32.4315 29.0749
-29.7714 26.7717 -27.7072 24.8107 -26.4861 24.6572
-34.6434 24.8309 -32.2619 24.4271 -42.6967 23.5749
-44.1612 14.5588 -40.5105 14.5949 -45.7591 17.9463
-45.7591 17.9463 -44.1612 14.5588 -44.4673 10.917
