70.2771 188.021 76.7242 189.28 70.7068 196.848
70.2771 188.021 70.7068 196.848 71.4372 221.541
69.782 180.897 70.2771 188.021 71.4372 221.541
67.3758 128.804 69.782 180.897 70.2771 188.021
69.782 180.897 67.3758 128.804 66.5674 116.904
68.4397 139.326 69.4061 147.296 69.3182 158.721
67.3758 128.804 68.4397 139.326 69.3182 158.721
66.5674 116.904 67.3758 128.804 68.4397 139.326
58.2057 12.1086 63.2913 83.0417 66.5674 116.904
58.2057 12.1086 66.5674 116.904 68.4397 139.326
63.2913 83.0417 58.2057 12.1086 56.8455 -2.43089
63.8191 67.762 58.2057 12.1086 56.8455 -2.43089
117.034 138.524 86.8717 173.964 76.7242 189.28
170.011 71.9407 117.034 138.524 76.7242 189.28
70.7068 196.848 76.7242 189.28 182.227 57.2939
76.7242 189.28 170.011 71.9407 182.227 57.2939
150.914 97.9839 182.227 57.2939 213.75 18.5479
213.75 18.5479 182.227 57.2939 170.011 71.9407
109.332 147.176 170.011 71.9407 217.085 13.4998
170.011 71.9407 213.75 18.5479 217.085 13.4998
189.259 53.1184 132.627 131.68 106.964 168.288
132.627 131.68 189.259 53.1184 213.75 18.5479
106.212 181.663 99.8496 192.605 76.3218 226.617
187.799 57.633 106.212 181.663 76.3218 226.617
213.75 18.5479 189.259 53.1184 187.799 57.633
213.75 18.5479 187.799 57.633 106.212 181.663
106.212 181.663 213.75 18.5479 217.085 13.4998
91.8638 198.076 79.3728 216.044 66.0156 232.856
116.572 159.371 91.8638 198.076 66.0156 232.856
169.569 81.9455 116.572 159.371 66.0156 232.856
66.0156 232.856 169.569 81.9455 189.259 53.1184
169.569 81.9455 187.799 57.633 189.259 53.1184
61.1226 62.9819 63.2913 83.0417 66.5674 116.904
58.53 37.1459 61.1226 62.9819 63.2913 83.0417
63.2913 83.0417 58.53 37.1459 57.8197 23.0521
63.4018 91.1979 63.7248 101.852 69.2264 207.645
61.1226 62.9819 63.4018 91.1979 63.7248 101.852
63.7248 101.852 61.1226 62.9819 58.53 37.1459
58.53 37.1459 58.8414 49.548 58.4295 139.992
58.4295 139.992 58.53 37.1459 57.8197 23.0521
62.0831 202.107 62.3076 210.568 63.2058 223.143
62.0001 179.881 62.0831 202.107 63.2058 223.143
60.4986 113.666 62.0001 179.881 63.2058 223.143
62.0001 179.881 60.4986 113.666 58.8414 49.548
62.5591 150 63.9292 168.59 62.6833 187.175
60.7213 117.544 62.5591 150 62.6833 187.175
58.8414 49.548 60.4986 113.666 60.7213 117.544
58.8414 49.548 60.7213 117.544 62.5591 150
62.5591 150 58.8414 49.548 58.53 37.1459
61.8604 161.865 60.7213 117.544 60.4986 113.666
50.1794 72.8444 62.3076 210.568 63.2058 223.143
62.3076 210.568 50.1794 72.8444 52.1956 63.8592
48.384 51.0833 52.1956 63.8592 50.1794 72.8444
48.384 51.0833 50.1794 72.8444 51.5252 101.027
52.1956 63.8592 48.384 51.0833 48.3672 11.9701
48.3672 11.9701 51.1108 22.1981 52.666 31.0995
51.1108 22.1981 48.3672 11.9701 46.6784 1.45023
51.6793 201.619 50.2176 218.964 51.1869 231.525
52.1773 180.614 51.6793 201.619 51.1869 231.525
49.1804 78.0845 52.1773 180.614 51.6793 201.619
48.384 51.0833 49.1804 78.0845 51.6793 201.619
51.6793 201.619 48.384 51.0833 46.6784 1.45023
48.384 51.0833 48.3672 11.9701 46.6784 1.45023
49.1804 78.0845 51.5609 140.229 52.3506 166.682
51.5609 140.229 49.1804 78.0845 48.384 51.0833
51.5609 140.229 52.3506 166.682 56.0834 230.078
50.7844 110.746 51.5609 140.229 56.0834 230.078
56.0834 230.078 50.7844 110.746 50.1664 88.61
47.0694 193.054 50.2176 218.964 51.1869 231.525
37.036 97.7107 40.3141 127.075 47.0694 193.054
27.0219 17.721 37.036 97.7107 47.0694 193.054
27.0219 17.721 47.0694 193.054 51.1869 231.525
37.036 97.7107 27.0219 17.721 26.4246 10.7831
38.4916 161.658 42.2021 207.714 43.858 223.675
33.8685 96.2289 38.4916 161.658 43.858 223.675
27.0219 17.721 33.8685 96.2289 38.4916 161.658
38.4916 161.658 27.0219 17.721 26.4246 10.7831
36.684 111.475 43.1485 170.595 46.7594 208.956
43.1485 170.595 36.684 111.475 27.0219 17.721
36.684 111.475 33.8685 96.2289 27.0219 17.721
36.221 121.07 36.684 111.475 33.8685 96.2289
22.8588 41.0297 42.2021 207.714 43.858 223.675
42.2021 207.714 22.8588 41.0297 22.7932 28.6128
22.8588 41.0297 29.1771 116.4 32.4338 149.076
22.354 13.1557 22.7932 28.6128 22.8588 41.0297
29.1771 116.4 22.8588 41.0297 19.3795 0.328755
22.8588 41.0297 22.354 13.1557 19.3795 0.328755
36.8349 182.83 36.6117 192.766 40.1172 199.249
33.9277 176.843 36.8349 182.83 36.6117 192.766
32.4338 149.076 33.9277 176.843 36.8349 182.83
32.1656 140.84 32.4338 149.076 36.8349 182.83
36.8349 182.83 32.1656 140.84 27.301 81.562
29.1771 116.4 32.4338 149.076 33.9277 176.843
27.4721 108.897 29.1771 116.4 33.9277 176.843
23.2859 69.5947 27.4721 108.897 29.1771 116.4
29.1771 116.4 23.2859 69.5947 23.6797 63.5003
23.2859 69.5947 16.6974 153.906 13.3223 202.575
16.6974 153.906 23.2859 69.5947 23.6797 63.5003
30.6364 163.7 30.2973 166.491 37.1456 232.283
27.4721 108.897 26.721 129.424 30.6364 163.7
27.4721 108.897 30.6364 163.7 37.1456 232.283
26.721 129.424 27.4721 108.897 23.2859 69.5947
23.4378 158.205 30.6364 163.7 30.2973 166.491
23.6923 142.544 23.4378 158.205 30.6364 163.7
22.4325 128.111 23.6923 142.544 23.4378 158.205
23.6923 142.544 22.4325 128.111 22.3524 99.612
22.4325 128.111 19.905 181.605 19.8168 186.136
19.905 181.605 22.4325 128.111 22.3524 99.612
19.8168 186.136 19.905 181.605 17.6574 173.011
17.7901 121.568 16.6974 153.906 13.3223 202.575
16.6974 153.906 17.7901 121.568 19.6513 89.7017
17.7901 121.568 16.8684 110.723 19.6513 89.7017
9.47629 212.354 9.34691 223.552 7.41926 226.022
12.6671 186.13 9.47629 212.354 7.41926 226.022
13.5927 180.57 12.6671 186.13 9.47629 212.354
17.7901 121.568 13.5927 180.57 12.6671 186.13
12.6671 186.13 17.7901 121.568 16.8684 110.723
16.8684 110.723 13.1421 129.992 12.2066 141.325
13.1421 129.992 16.8684 110.723 19.6513 89.7017
16.4582 210.465 9.47629 212.354 9.34691 223.552
23.3335 198.688 16.4582 210.465 9.34691 223.552
9.34691 223.552 23.3335 198.688 30.507 190.429
27.4273 211.21 9.34691 223.552 7.41926 226.022
27.4273 211.21 7.41926 226.022 1.15128 230.822
9.34691 223.552 27.4273 211.21 28.5666 201.458
111.127 233.701 177.539 233.907 189.485 233.998
22.3205 233.418 111.127 233.701 189.485 233.998
33.3371 232.417 22.3205 233.418 111.127 233.701
21.1266 223.841 33.3371 232.417 22.3205 233.418
26.4828 222.02 21.1266 223.841 33.3371 232.417
27.4273 211.21 26.4828 222.02 21.1266 223.841
26.4828 222.02 27.4273 211.21 28.5666 201.458
177.539 233.907 143.923 233.616 93.7802 233.224
143.923 233.616 177.539 233.907 189.485 233.998
160.554 233.592 143.923 233.616 189.485 233.998
149.598 232.456 160.554 233.592 189.485 233.998
170.089 231.596 149.598 232.456 189.485 233.998
118.959 230.654 206.371 231.127 170.089 231.596
118.959 230.654 170.089 231.596 149.598 232.456
203.329 229.968 118.959 230.654 206.371 231.127
206.371 231.127 203.329 229.968 148.202 208.109
203.329 229.968 180.985 222.658 148.202 208.109
160.554 233.592 149.598 232.456 103.661 232.195
126.035 229.325 203.329 229.968 118.959 230.654
118.959 230.654 126.035 229.325 136.995 223.137
173.428 221.083 180.985 222.658 203.329 229.968
158.143 219.002 173.428 221.083 203.329 229.968
147.404 217.866 158.143 219.002 203.329 229.968
158.143 219.002 147.404 217.866 102.319 206.838
147.404 217.866 133.464 216.933 102.319 206.838
133.464 216.933 147.404 217.866 113.074 218.888
116.622 219.778 113.074 218.888 96.7707 216.573
113.074 218.888 133.464 216.933 96.7707 216.573
120.632 208.771 173.428 221.083 180.985 222.658
173.428 221.083 120.632 208.771 113.831 207.531
120.632 208.771 127.093 207.739 113.831 207.531
127.093 207.739 180.412 208.186 230.656 208.586
113.831 207.531 127.093 207.739 230.656 208.586
142.118 207.252 113.831 207.531 230.656 208.586
220.883 206.216 163.766 207.041 142.118 207.252
220.883 206.216 142.118 207.252 113.831 207.531
176.039 203.629 220.883 206.216 113.831 207.531
213.186 199.902 229.565 200.786 176.039 203.629
213.186 199.902 176.039 203.629 113.831 207.531
229.565 200.786 213.186 199.902 217.604 199.739
217.846 223.899 217.616 226.602 229.596 229.98
207.291 219.832 217.846 223.899 217.616 226.602
190.174 212.024 207.291 219.832 217.846 223.899
172.742 208.394 198.163 209.367 190.174 212.024
172.742 208.394 190.174 212.024 207.291 219.832
180.412 208.186 172.742 208.394 198.163 209.367
172.742 208.394 180.412 208.186 127.093 207.739
190.174 212.024 213.94 212.697 229.545 217.313
213.94 212.697 190.174 212.024 198.163 209.367
139.885 201.922 103.221 203.331 111.578 203.452
213.186 199.902 139.885 201.922 111.578 203.452
139.885 201.922 213.186 199.902 217.604 199.739
162.52 200.71 139.885 201.922 103.221 203.331
186.368 199.535 162.52 200.71 139.885 201.922
167.391 198.873 153.348 198.979 186.368 199.535
139.885 201.922 186.368 199.535 203.974 198.732
186.368 199.535 167.391 198.873 203.974 198.732
186.368 199.535 118.119 201.176 126.878 201.596
118.119 201.176 186.368 199.535 153.348 198.979
191.209 193.337 167.391 198.873 153.348 198.979
210.868 190.087 221.842 191.528 191.209 193.337
210.868 190.087 191.209 193.337 153.348 198.979
202.595 188.178 210.868 190.087 221.842 191.528
221.842 191.528 202.595 188.178 152.454 179.41
153.076 186.194 202.595 188.178 210.868 190.087
171.034 186.076 153.076 186.194 202.595 188.178
182.152 186.058 171.034 186.076 202.595 188.178
202.595 188.178 182.152 186.058 169.789 183.752
160.164 188.258 140.863 191.867 122.644 192.963
128.482 186.456 160.164 188.258 122.644 192.963
153.076 186.194 128.482 186.456 160.164 188.258
133.191 182.314 171.034 186.076 153.076 186.194
133.191 182.314 153.076 186.194 128.482 186.456
153.275 163.339 170.358 168.011 153.274 168.899
153.275 163.339 153.274 168.899 133.191 182.314
153.275 163.339 133.191 182.314 128.482 186.456
170.358 168.011 153.275 163.339 142.022 159.357
158.221 170.141 191.325 178.831 178.878 180.842
153.274 168.899 158.221 170.141 178.878 180.842
158.221 170.141 153.274 168.899 170.358 168.011
142.429 168.9 153.275 163.339 142.022 159.357
157.938 183.895 182.152 186.058 171.034 186.076
182.152 186.058 157.938 183.895 137.699 180.179
232.629 191.327 221.842 191.528 191.209 193.337
206.357 182.204 232.629 191.327 221.842 191.528
200.639 178.919 206.357 182.204 221.842 191.528
183.475 171.014 200.639 178.919 221.842 191.528
221.842 191.528 183.475 171.014 160.786 159.11
169.884 160.699 200.639 178.919 206.357 182.204
200.639 178.919 169.884 160.699 153.903 151.852
169.884 160.699 182.46 161.076 192.154 170.333
182.46 161.076 169.884 160.699 153.903 151.852
207.016 173.548 218.171 178.78 227.937 179.994
197.024 170.697 229.154 171.507 218.36 171.583
197.024 170.697 218.36 171.583 207.016 173.548
197.024 170.697 207.016 173.548 218.171 178.78
192.154 170.333 197.024 170.697 218.171 178.78
182.46 161.076 192.154 170.333 197.024 170.697
172.58 151.306 182.46 161.076 197.024 170.697
162.955 147.44 179.758 150.691 172.58 151.306
162.955 147.44 172.58 151.306 182.46 161.076
179.758 150.691 162.955 147.44 153.841 139.046
172.64 142.6 190.322 148.277 179.758 150.691
179.758 150.691 172.64 142.6 161.17 137.361
179.758 150.691 172.58 151.306 187.649 157.62
190.322 148.277 179.758 150.691 187.649 157.62
201.522 111.788 192.378 140.489 190.322 148.277
201.522 111.788 190.322 148.277 187.649 157.62
207.502 99.7299 201.522 111.788 187.649 157.62
201.522 111.788 207.502 99.7299 210.117 86.6629
202.437 132.692 203.234 136.05 202.206 151.308
207.502 99.7299 202.437 132.692 203.234 136.05
203.234 136.05 207.502 99.7299 210.117 86.6629
172.64 142.6 183.176 142.437 162.608 130.28
183.176 142.437 172.64 142.6 190.322 148.277
179.537 120.209 183.176 142.437 190.322 148.277
190.322 148.277 179.537 120.209 177.651 107.732
179.537 120.209 173.251 118.177 177.651 107.732
179.537 120.209 176.97 128.483 171.798 129.241
171.798 129.241 179.537 120.209 173.251 118.177
192.142 130.104 192.378 140.489 190.322 148.277
193.474 110.149 192.142 130.104 190.322 148.277
196.357 103.136 193.474 110.149 192.142 130.104
192.142 130.104 196.357 103.136 200.62 79.3305
196.357 103.136 193.474 110.149 189.053 116.849
189.053 116.849 196.357 103.136 191.581 97.9119
192.142 130.104 197.815 118.121 202.583 88.0427
197.815 118.121 192.142 130.104 192.378 140.489
192.378 140.489 197.815 118.121 209.247 71.6247
211.086 77.79 201.522 111.788 192.378 140.489
201.522 111.788 211.086 77.79 217.424 59.2384
203.234 136.05 202.206 151.308 201.966 156.198
207.248 126.656 203.234 136.05 201.966 156.198
210.5 111.982 212.436 120.578 207.248 126.656
210.5 111.982 207.248 126.656 203.234 136.05
218.241 80.1477 210.5 111.982 203.234 136.05
226.142 60.6909 218.989 68.1095 218.241 80.1477
226.142 60.6909 218.241 80.1477 210.5 111.982
210.5 111.982 226.142 60.6909 231.998 41.6369
218.989 68.1095 226.142 60.6909 227.589 47.1494
218.225 96.4646 216.057 109.806 210.5 111.982
210.5 111.982 218.225 96.4646 227.191 69.5033
216.057 109.806 210.5 111.982 212.436 120.578
212.436 120.578 216.057 109.806 231.548 79.165
216.057 109.806 218.225 96.4646 222.805 88.7546
227.986 106.796 212.436 120.578 207.248 126.656
212.436 120.578 227.986 106.796 231.593 97.3611
221.312 130.592 216.682 153.331 212.749 161.647
227.986 106.796 219.822 123.15 221.312 130.592
227.986 106.796 221.312 130.592 216.682 153.331
216.682 153.331 227.986 106.796 231.593 97.3611
221.312 130.592 211.551 143.25 208.468 151.833
211.551 143.25 221.312 130.592 219.822 123.15
223.089 143.594 216.682 153.331 212.749 161.647
216.682 153.331 223.089 143.594 227.135 129.274
227.135 129.274 223.089 143.594 221.574 158.681
230.829 117.493 227.135 129.274 221.574 158.681
227.135 129.274 230.829 117.493 233.647 86.5092
231.679 140.355 231.987 152.464 230.328 159.026
230.829 117.493 231.679 140.355 230.328 159.026
231.679 140.355 230.829 117.493 233.647 86.5092
199.93 222.574 217.616 226.602 229.596 229.98
217.616 226.602 199.93 222.574 190.054 219.061
1.92048 223.952 7.41926 226.022 1.15128 230.822
2.99581 167.558 1.92048 223.952 1.15128 230.822
2.95766 159.406 2.99581 167.558 1.15128 230.822
3.69159 139.337 2.95766 159.406 2.99581 167.558
2.99581 167.558 3.69159 139.337 6.31688 88.5668
1.48144 186.406 2.95766 159.406 3.69159 139.337
3.69159 139.337 -0.093277 201.434 -0.361847 206.576
-0.093277 201.434 3.69159 139.337 6.31688 88.5668
-1.33704 151.241 -0.093277 201.434 -0.361847 206.576
-0.658157 129.141 -1.33704 151.241 -0.093277 201.434
-0.292351 116.922 -0.658157 129.141 -0.093277 201.434
-0.093277 201.434 -0.292351 116.922 1.88974 103.686
-1.03895 87.542 -0.658157 129.141 -1.33704 151.241
-2.07789 60.2694 -1.03895 87.542 -1.33704 151.241
-2.88047 29.8223 -3.27308 47.9386 -2.07789 60.2694
-2.88047 29.8223 -2.07789 60.2694 -1.03895 87.542
-1.03895 87.542 -2.88047 29.8223 -2.16958 -1.24034
-2.69053 67.6011 -2.91127 78.9299 -3.23774 181.676
-2.07789 60.2694 -2.69053 67.6011 -3.23774 181.676
-2.69053 67.6011 -2.07789 60.2694 -3.27308 47.9386
-3.85372 112.949 -2.91127 78.9299 -2.69053 67.6011
-0.523078 43.6118 -0.292351 116.922 -0.658157 129.141
1.13265 23.6169 -0.523078 43.6118 -0.292351 116.922
-0.523078 43.6118 1.13265 23.6169 1.24181 12.8827
6.61216 161.944 2.99581 167.558 1.92048 223.952
6.70665 150.787 6.61216 161.944 2.99581 167.558
9.91811 6.30221 6.70665 150.787 6.61216 161.944
6.70665 150.787 9.91811 6.30221 9.44686 -2.57429
9.97684 38.0843 10.13 70.997 9.64725 113.669
9.91811 6.30221 11.0997 27.4589 9.97684 38.0843
9.91811 6.30221 9.97684 38.0843 9.64725 113.669
11.0997 27.4589 9.91811 6.30221 9.44686 -2.57429
9.97684 38.0843 11.3357 48.5351 11.33 59.254
11.3357 48.5351 9.97684 38.0843 11.0997 27.4589
13.4259 120.122 13.1421 129.992 12.2066 141.325
12.3067 101.038 13.4259 120.122 12.2066 141.325
12.3067 101.038 12.2066 141.325 10.7184 171.729
10.7184 171.729 12.3067 101.038 13.5451 22.3328
13.6141 80.4173 12.3067 101.038 13.4259 120.122
12.3067 101.038 13.6141 80.4173 16.4116 22.9204
16.1223 78.4296 13.4259 120.122 13.1421 129.992
13.1421 129.992 16.1223 78.4296 19.5327 51.5014
37.0284 150.338 38.4916 161.658 42.2021 207.714
36.2973 137.483 37.0284 150.338 38.4916 161.658
32.1184 90.2906 36.2973 137.483 38.4916 161.658
29.8789 67.9096 32.1184 90.2906 36.2973 137.483
36.2973 137.483 29.8789 67.9096 27.0541 37.4495
40.3141 127.075 37.036 97.7107 33.0873 58.1024
36.416 80.9063 40.3141 127.075 47.0694 193.054
33.4992 46.2318 36.416 80.9063 47.0694 193.054
47.0694 193.054 33.4992 46.2318 32.6411 30.1183
41.001 88.7209 47.0694 193.054 50.2176 218.964
47.0694 193.054 41.001 88.7209 37.7851 62.7106
46.7022 122.108 46.296 126.109 46.7295 148.819
41.001 88.7209 46.7022 122.108 46.296 126.109
37.7851 62.7106 41.001 88.7209 46.7022 122.108
39.5574 49.3129 37.7851 62.7106 46.7022 122.108
37.7851 62.7106 39.5574 49.3129 39.331 39.6187
39.331 39.6187 39.5574 49.3129 42.4377 66.1255
38.5522 26.8061 39.331 39.6187 42.4377 66.1255
39.5534 23.0332 38.5522 26.8061 42.4377 66.1255
42.8028 6.71753 39.5534 23.0332 38.5522 26.8061
38.5522 26.8061 42.8028 6.71753 41.2486 -0.728557
50.0933 161.344 51.6793 201.619 50.2176 218.964
51.6793 201.619 50.0933 161.344 46.3358 43.4989
62.3076 210.568 62.0831 202.107 60.0365 133.875
69.4061 147.296 68.4397 139.326 63.0755 29.2088
69.4567 38.0504 69.706 113.069 69.4061 147.296
69.6725 28.4855 69.4567 38.0504 69.706 113.069
67.9952 10.2957 69.6725 28.4855 69.4567 38.0504
69.4567 38.0504 67.9952 10.2957 66.5132 2.38328
80.2751 38.5672 96.5614 81.6086 100.799 91.7716
77.3266 23.9 77.8496 33.723 80.2751 38.5672
77.3266 23.9 80.2751 38.5672 100.799 91.7716
77.8496 33.723 77.3266 23.9 67.9952 10.2957
67.9952 10.2957 77.3266 23.9 86.7257 33.6768
86.7257 33.6768 67.9952 10.2957 66.5132 2.38328
88.4092 83.4084 86.7898 87.3659 89.2244 97.1239
88.4092 83.4084 89.2244 97.1239 93.1865 120.898
86.7408 63.5552 88.4092 83.4084 93.1865 120.898
83.3514 48.2824 86.7408 63.5552 88.4092 83.4084
80.2751 38.5672 83.3514 48.2824 88.4092 83.4084
88.4092 83.4084 80.2751 38.5672 77.8496 33.723
80.4977 92.7133 77.7699 100.036 77.3454 111.197
86.7898 87.3659 80.4977 92.7133 77.3454 111.197
80.4977 92.7133 86.7898 87.3659 88.4092 83.4084
87.4848 129.337 80.7359 136.393 87.7175 138.66
89.9046 113.622 87.4848 129.337 87.7175 138.66
89.2244 97.1239 89.9046 113.622 87.4848 129.337
87.4848 129.337 89.2244 97.1239 86.7898 87.3659
98.7525 126.531 88.0611 69.7378 86.7408 63.5552
88.0611 69.7378 99.5039 120.537 103.157 139.82
86.7408 63.5552 88.0611 69.7378 99.5039 120.537
99.5039 120.537 86.7408 63.5552 83.3514 48.2824
83.3514 48.2824 103.218 102.115 106.731 117.838
103.218 102.115 83.3514 48.2824 80.2751 38.5672
69.706 113.069 69.4061 147.296 69.3182 158.721
70.5426 77.0736 69.706 113.069 69.3182 158.721
69.706 113.069 70.5426 77.0736 70.7661 18.4717
70.5426 77.0736 72.013 63.1394 70.7661 18.4717
72.1468 67.7117 72.4831 92.9296 73.4185 171.226
72.013 63.1394 72.1468 67.7117 73.4185 171.226
72.1468 67.7117 72.013 63.1394 70.7661 18.4717
88.0902 36.0943 92.9366 50.736 103.218 102.115
103.218 102.115 88.0902 36.0943 82.3094 12.5876
92.9366 50.736 103.218 102.115 106.731 117.838
106.731 117.838 92.9366 50.736 86.2388 17.7953
92.9366 50.736 88.0902 36.0943 80.8955 -1.75195
103.157 139.82 99.5039 120.537 98.6545 107.487
80.7359 136.393 87.7175 138.66 81.3668 146.49
81.3668 146.49 80.7359 136.393 79.3663 118.287
77.3454 111.197 77.7699 100.036 77.1418 77.7028
82.9018 69.3707 80.4977 92.7133 77.7699 100.036
77.7699 100.036 82.9018 69.3707 81.0457 63.5217
72.933 96.3724 76.2625 127.863 79.5746 157.954
72.4831 92.9296 72.933 96.3724 76.2625 127.863
72.1468 67.7117 72.4831 92.9296 72.933 96.3724
72.933 96.3724 72.1468 67.7117 72.9564 50.523
79.6009 181.023 70.2771 188.021 76.7242 189.28
76.7242 189.28 79.6009 181.023 90.8833 150.087
79.6009 181.023 87.6287 156.245 90.8833 150.087
81.5537 167.035 87.6287 156.245 90.8833 150.087
162.965 59.0893 109.733 139.989 86.8717 173.964
162.965 59.0893 86.8717 173.964 76.7242 189.28
186.484 23.3023 170.374 48.9032 162.965 59.0893
186.484 23.3023 162.965 59.0893 76.7242 189.28
170.374 48.9032 186.484 23.3023 200.554 3.70244
132.303 98.9914 121.124 112.862 109.703 127.642
143.992 81.8658 132.303 98.9914 121.124 112.862
186.484 23.3023 143.992 81.8658 121.124 112.862
121.124 112.862 186.484 23.3023 200.554 3.70244
132.303 98.9914 118.619 121.47 98.5295 152.72
118.619 121.47 132.303 98.9914 143.992 81.8658
98.5295 152.72 118.619 121.47 127.066 110.767
152.012 69.7217 121.124 112.862 109.703 127.642
170.743 41.9467 152.012 69.7217 109.703 127.642
180.8 26.1919 170.743 41.9467 109.703 127.642
182.792 21.2321 180.8 26.1919 109.703 127.642
180.8 26.1919 182.792 21.2321 190.383 8.34318
148.433 60.5709 139.625 71.8951 131.201 92.1268
156.89 52.7884 148.433 60.5709 131.201 92.1268
182.792 21.2321 156.89 52.7884 148.433 60.5709
148.433 60.5709 182.792 21.2321 190.383 8.34318
120.001 93.9006 117.061 96.1061 111.694 107.522
139.625 71.8951 120.001 93.9006 111.694 107.522
148.433 60.5709 139.625 71.8951 120.001 93.9006
120.001 93.9006 148.433 60.5709 160.58 42.9703
120.958 82.9191 117.061 96.1061 111.694 107.522
137.145 39.2042 120.958 82.9191 111.694 107.522
120.958 82.9191 137.145 39.2042 141.681 27.2912
111.942 101.745 137.145 39.2042 141.681 27.2912
128.596 70.1487 120.958 82.9191 117.061 96.1061
142.463 48.5724 137.219 57.1888 128.596 70.1487
146.984 40.2931 142.463 48.5724 128.596 70.1487
152.267 30.2562 146.984 40.2931 128.596 70.1487
152.267 30.2562 128.596 70.1487 120.958 82.9191
163.587 9.80538 147.527 22.6374 152.267 30.2562
163.587 9.80538 152.267 30.2562 146.984 40.2931
153.485 7.15417 163.587 9.80538 147.527 22.6374
163.587 9.80538 153.485 7.15417 162.209 1.18134
120.218 29.9774 110.707 39.2993 100.91 41.7433
132.424 21.7027 120.218 29.9774 100.91 41.7433
153.485 7.15417 132.424 21.7027 100.91 41.7433
100.91 41.7433 153.485 7.15417 162.209 1.18134
131.644 27.6562 120.218 29.9774 110.707 39.2993
120.218 29.9774 131.644 27.6562 142.207 18.2454
109.49 50.2294 102.157 52.0247 103.822 57.8219
131.644 27.6562 109.49 50.2294 103.822 57.8219
103.822 57.8219 131.644 27.6562 142.207 18.2454
127.095 56.7225 103.822 57.8219 119.873 58.7651
127.095 56.7225 119.873 58.7651 116.862 73.4639
126.803 52.6767 127.095 56.7225 103.822 57.8219
127.095 56.7225 126.803 52.6767 128.492 43.2995
126.803 52.6767 120.162 49.8548 128.492 43.2995
109.736 59.1858 107.089 71.8293 107.043 81.4946
103.822 57.8219 119.873 58.7651 109.736 59.1858
103.822 57.8219 109.736 59.1858 107.089 71.8293
102.157 52.0247 103.822 57.8219 107.089 71.8293
107.089 71.8293 102.157 52.0247 89.4381 8.25336
102.157 52.0247 98.5211 31.3366 89.4381 8.25336
98.5211 31.3366 98.3786 18.0972 89.4381 8.25336
98.3786 18.0972 102.803 13.4655 89.4381 8.25336
108.503 92.1823 107.043 81.4946 101.351 66.1715
107.043 81.4946 107.089 71.8293 101.351 66.1715
98.3786 18.0972 112.538 23.3976 108.566 26.6848
102.803 13.4655 98.3786 18.0972 112.538 23.3976
91.9855 -1.7899 102.803 13.4655 112.538 23.3976
97.0999 -2.11081 91.9855 -1.7899 112.538 23.3976
91.9855 -1.7899 97.0999 -2.11081 27.8558 -3.84834
127.59 1.93731 119.37 13.8698 112.538 23.3976
119.37 13.8698 127.59 1.93731 137.079 -0.978423
127.59 1.93731 120.932 1.47913 137.079 -0.978423
110.539 6.56499 127.59 1.93731 120.932 1.47913
111.88 1.6432 120.932 1.47913 137.079 -0.978423
130.934 10.9289 119.37 13.8698 112.538 23.3976
130.934 10.9289 112.538 23.3976 108.566 26.6848
119.37 13.8698 130.934 10.9289 147.645 -0.498018
130.934 10.9289 136.787 13.8623 119.601 23.0749
136.787 13.8623 130.934 10.9289 147.645 -0.498018
100.91 41.7433 110.707 39.2993 121.956 36.6344
137.219 57.1888 142.463 48.5724 172.535 3.53066
128.596 70.1487 137.219 57.1888 161.204 21.4914
131.174 76.4149 120.001 93.9006 117.061 96.1061
117.061 96.1061 131.174 76.4149 178.125 -1.97873
131.174 76.4149 160.414 33.0843 173.762 8.3986
160.414 33.0843 131.174 76.4149 120.001 93.9006
169.514 22.6938 160.414 33.0843 120.001 93.9006
160.414 33.0843 169.514 22.6938 189.243 -2.80191
169.514 22.6938 182.924 8.0581 189.243 -2.80191
149.281 53.2693 166.098 30.6202 182.924 8.0581
166.098 30.6202 169.514 22.6938 182.924 8.0581
179.799 36.3701 170.374 48.9032 162.965 59.0893
162.965 59.0893 179.799 36.3701 202.095 8.01057
138.466 97.6873 109.733 139.989 86.8717 173.964
142.53 92.6367 138.466 97.6873 86.8717 173.964
150.87 83.7219 149.933 88.2588 142.53 92.6367
161.451 69.0538 150.87 83.7219 142.53 92.6367
161.451 69.0538 142.53 92.6367 138.466 97.6873
188.209 33.4058 161.451 69.0538 150.87 83.7219
161.451 69.0538 188.209 33.4058 212.036 -0.38729
186.73 36.1975 179.729 49.8293 170.012 60.7571
188.209 33.4058 186.73 36.1975 179.729 49.8293
179.729 49.8293 188.209 33.4058 212.036 -0.38729
131.491 117.549 120.821 130.877 100.04 156.844
137.816 110.202 131.491 117.549 100.04 156.844
149.933 88.2588 137.816 110.202 131.491 117.549
156.604 83.721 150.87 83.7219 149.933 88.2588
156.604 83.721 149.933 88.2588 137.816 110.202
197.327 30.7368 156.604 83.721 137.816 110.202
213.831 6.97341 203.043 23.8462 197.327 30.7368
213.831 6.97341 197.327 30.7368 156.604 83.721
203.043 23.8462 213.831 6.97341 222.201 -1.26698
197.327 30.7368 203.043 23.8462 230.585 -2.39327
99.8496 192.605 106.212 181.663 202.147 38.369
156.015 112.85 131.692 149.082 99.8496 192.605
213.215 29.9677 156.015 112.85 99.8496 192.605
156.015 112.85 213.215 29.9677 221.301 19.0234
171.921 86.3621 159.577 103.654 143.161 129.552
197.225 50.0401 171.921 86.3621 159.577 103.654
213.215 29.9677 197.225 50.0401 171.921 86.3621
197.225 50.0401 213.215 29.9677 221.301 19.0234
131.692 149.082 99.8496 192.605 76.3218 226.617
182.782 78.592 131.692 149.082 76.3218 226.617
131.692 149.082 182.782 78.592 230.441 12.6958
182.782 78.592 190.641 67.7843 230.441 12.6958
182.782 78.592 118.079 169.803 106.802 187.333
106.802 187.333 182.782 78.592 190.641 67.7843
171.428 97.4657 156.118 120.508 153.628 123.073
171.428 97.4657 153.628 123.073 91.5139 211.632
156.118 120.508 171.428 97.4657 230.441 12.6958
171.428 97.4657 190.641 67.7843 230.441 12.6958
208.721 39.6988 156.015 112.85 131.692 149.082
156.015 112.85 208.721 39.6988 216.964 26.7057
150.192 131.115 143.002 140.211 137.114 147.534
153.628 123.073 150.192 131.115 137.114 147.534
153.628 123.073 137.114 147.534 89.572 217.507
156.118 120.508 153.628 123.073 150.192 131.115
182.993 88.3464 156.118 120.508 150.192 131.115
188.162 82.1692 182.993 88.3464 150.192 131.115
200.007 63.8209 188.162 82.1692 182.993 88.3464
182.993 88.3464 200.007 63.8209 207.191 49.0407
219.937 39.0155 200.007 63.8209 188.162 82.1692
200.007 63.8209 219.937 39.0155 232.568 20.3692
143.002 140.211 150.192 131.115 230.087 31.0112
187.019 87.5691 143.002 140.211 137.114 147.534
143.002 140.211 187.019 87.5691 198.613 73.516
198.613 73.516 187.019 87.5691 169.001 110.003
211.13 59.5362 198.613 73.516 169.001 110.003
198.613 73.516 211.13 59.5362 217.995 51.5866
181.346 97.4011 132.094 159.649 118.216 177.427
132.094 159.649 181.346 97.4011 211.13 59.5362
211.13 59.5362 181.346 97.4011 126.662 168.567
126.662 168.567 211.13 59.5362 217.995 51.5866
91.8638 198.076 116.572 159.371 142.662 123.222
80.6517 208.076 98.8476 182.256 131.153 137.146
98.8476 182.256 106.964 168.288 131.153 137.146
98.8476 182.256 89.5887 192.092 80.5902 203.385
106.964 168.288 98.8476 182.256 89.5887 192.092
132.627 131.68 106.964 168.288 89.5887 192.092
147.06 111.334 132.627 131.68 89.5887 192.092
89.5887 192.092 147.06 111.334 177.322 68.3894
103.885 169.546 89.5887 192.092 80.5902 203.385
116.388 150.442 112.43 156.005 103.885 169.546
116.388 150.442 103.885 169.546 89.5887 192.092
112.43 156.005 116.388 150.442 157.273 92.5967
90.0844 182.863 103.885 169.546 112.43 156.005
