13.0587 73.7848 15.9465 85.5681 16.6097 86.4651
10.7987 66.7009 13.0587 73.7848 15.9465 85.5681
7.78002 55.8018 10.7987 66.7009 15.9465 85.5681
10.7987 66.7009 7.78002 55.8018 4.376 41.2789
16.96 84.7493 18.5438 89.832 20.322 96.6156
13.0587 73.7848 16.96 84.7493 20.322 96.6156
16.96 84.7493 13.0587 73.7848 10.7987 66.7009
7.07659 56.1977 12.7656 88.5075 12.8569 88.9408
12.7656 88.5075 7.07659 56.1977 4.376 41.2789
7.07659 56.1977 7.78002 55.8018 4.376 41.2789
13.2164 85.6863 8.9621 64.2776 7.07659 56.1977
8.9621 64.2776 9.87724 67.8266 15.728 90.0075
7.07659 56.1977 8.9621 64.2776 15.728 90.0075
15.728 90.0075 7.07659 56.1977 7.78002 55.8018
14.7666 77.0494 16.96 84.7493 18.5438 89.832
18.5438 89.832 14.7666 77.0494 9.78453 57.7206
3.15985 30.5566 18.5438 89.832 20.322 96.6156
18.5438 89.832 3.15985 30.5566 1.01506 22.3687
3.15985 30.5566 8.35296 48.3126 13.3322 69.2229
8.35296 48.3126 3.15985 30.5566 1.01506 22.3687
7.75216 42.6609 8.35296 48.3126 13.3322 69.2229
8.35296 48.3126 7.75216 42.6609 2.98786 24.0631
13.2336 59.9401 18.1131 66.6459 17.3002 68.2146
11.7991 57.5806 13.2336 59.9401 17.3002 68.2146
7.75216 42.6609 11.7991 57.5806 13.2336 59.9401
13.2336 59.9401 7.75216 42.6609 2.98786 24.0631
23.9026 79.8052 43.4926 94.076 46.2096 96.251
19.3703 76.5527 23.9026 79.8052 46.2096 96.251
17.3002 68.2146 19.3703 76.5527 23.9026 79.8052
18.1131 66.6459 17.3002 68.2146 23.9026 79.8052
23.9026 79.8052 18.1131 66.6459 12.1314 52.6084
43.4926 94.076 46.2096 96.251 48.0619 97.1123
35.9609 87.9776 43.4926 94.076 48.0619 97.1123
29.2744 81.0181 35.9609 87.9776 48.0619 97.1123
27.9767 78.8907 29.2744 81.0181 48.0619 97.1123
29.2744 81.0181 27.9767 78.8907 25.9296 75.6908
27.9767 78.8907 27.798 76.8102 25.9296 75.6908
46.122 88.5843 52.3636 88.6098 42.7039 89.3326
38.7105 87.5446 46.122 88.5843 42.7039 89.3326
34.0474 83.6455 38.7105 87.5446 46.122 88.5843
27.9767 78.8907 35.9556 83.023 34.0474 83.6455
27.9767 78.8907 34.0474 83.6455 38.7105 87.5446
35.9556 83.023 27.9767 78.8907 27.798 76.8102
31.8812 79.2623 32.9008 79.86 32.0248 80.0262
27.798 76.8102 31.8812 79.2623 32.9008 79.86
32.9008 79.86 27.798 76.8102 25.9296 75.6908
74.2632 71.0137 52.4938 75.7798 32.9008 79.86
84.8023 68.7647 79.1636 69.3558 74.2632 71.0137
84.8023 68.7647 74.2632 71.0137 52.4938 75.7798
52.4938 75.7798 84.8023 68.7647 99.1126 65.9244
50.0341 74.8462 37.1099 77.3267 36.3716 77.538
74.2632 71.0137 50.0341 74.8462 36.3716 77.538
50.0341 74.8462 74.2632 71.0137 79.1636 69.3558
81.9214 70.8075 52.4938 75.7798 32.9008 79.86
81.9214 70.8075 32.9008 79.86 32.0248 80.0262
90.2172 69.2196 81.9214 70.8075 52.4938 75.7798
52.4938 75.7798 90.2172 69.2196 91.3657 68.8964
54.0503 76.304 81.9214 70.8075 90.2172 69.2196
90.2172 69.2196 72.7034 74.1547 66.2778 75.7511
90.2172 69.2196 66.2778 75.7511 45.3605 81.4033
72.7034 74.1547 90.2172 69.2196 91.3657 68.8964
36.3716 77.538 37.1099 77.3267 36.9253 75.5617
69.1774 70.2098 56.0634 71.4536 49.6305 71.5748
79.1636 69.3558 69.1774 70.2098 56.0634 71.4536
84.8023 68.7647 79.1636 69.3558 69.1774 70.2098
79.2962 68.5816 84.8023 68.7647 69.1774 70.2098
74.8336 68.3284 79.2962 68.5816 84.8023 68.7647
72.1839 65.0324 74.8336 68.3284 84.8023 68.7647
84.8023 68.7647 72.1839 65.0324 79.5571 64.3229
56.0634 71.4536 49.6305 71.5748 38.8014 72.0902
38.8014 72.0902 56.0634 71.4536 69.2326 71.0702
42.6891 71.0485 49.6305 71.5748 38.8014 72.0902
45.9845 69.5241 42.6891 71.0485 38.8014 72.0902
48.323 68.7806 45.9845 69.5241 42.6891 71.0485
68.6112 63.639 48.323 68.7806 42.6891 71.0485
70.1982 62.9644 68.6112 63.639 48.323 68.7806
88.7352 56.3601 70.1982 62.9644 68.6112 63.639
70.1982 62.9644 88.7352 56.3601 89.4333 55.7098
88.7352 56.3601 88.4466 57.4907 84.9118 66.7485
89.4333 55.7098 88.7352 56.3601 88.4466 57.4907
93.9113 51.8588 89.4333 55.7098 88.4466 57.4907
89.4333 55.7098 93.9113 51.8588 93.6137 50.7639
95.5613 61.3716 97.081 61.6938 94.3857 64.6175
94.1561 54.9978 95.5613 61.3716 94.3857 64.6175
93.9113 51.8588 94.1561 54.9978 94.3857 64.6175
94.4139 50.2655 93.6137 50.7639 93.9113 51.8588
94.4139 50.2655 93.9113 51.8588 94.1561 54.9978
95.8457 34.3113 94.4139 50.2655 94.1561 54.9978
94.4139 50.2655 95.8457 34.3113 98.3305 0.250805
85.4165 54.7951 78.1438 58.7603 77.3386 59.2521
93.6137 50.7639 85.9494 54.1865 85.4165 54.7951
93.6137 50.7639 85.4165 54.7951 77.3386 59.2521
85.9494 54.1865 93.6137 50.7639 94.4139 50.2655
48.323 68.7806 45.9845 69.5241 41.7358 69.9535
49.0734 67.5113 48.323 68.7806 41.7358 69.9535
41.7358 69.9535 49.0734 67.5113 64.8146 60.928
76.8776 57.3638 78.1438 58.7603 77.3386 59.2521
76.337 56.8039 76.8776 57.3638 77.3386 59.2521
72.8387 56.2562 76.337 56.8039 77.3386 59.2521
76.337 56.8039 72.8387 56.2562 72.5443 55.4021
32.3983 62.7363 31.7921 62.8819 27.8111 64.2808
34.8719 62.2955 32.3983 62.7363 27.8111 64.2808
47.8074 59.939 34.8719 62.2955 27.8111 64.2808
34.8719 62.2955 47.8074 59.939 72.5443 55.4021
47.8074 59.939 64.4193 56.9677 72.5443 55.4021
64.4193 56.9677 72.8387 56.2562 72.5443 55.4021
69.1565 57.375 50.7447 63.137 52.4834 63.1704
44.5417 65.9218 52.4834 63.1704 72.8387 56.2562
52.4834 63.1704 69.1565 57.375 72.8387 56.2562
69.1565 57.375 64.4193 56.9677 72.8387 56.2562
52.4834 63.1704 37.3454 66.4727 32.4251 68.1028
37.3454 66.4727 52.4834 63.1704 50.7447 63.137
26.195 64.7915 27.8111 64.2808 39.3675 62.7559
31.7921 62.8819 27.8111 64.2808 26.195 64.7915
35.1796 61.343 31.7921 62.8819 26.195 64.7915
26.195 64.7915 35.1796 61.343 48.8963 54.7893
31.7921 62.8819 35.1796 61.343 60.433 54.856
57.7952 56.1754 32.3983 62.7363 31.7921 62.8819
31.7921 62.8819 57.7952 56.1754 65.8283 54.0482
57.7952 56.1754 49.7093 58.6389 45.0069 59.8571
49.7093 58.6389 57.7952 56.1754 65.8283 54.0482
45.0069 59.8571 49.7093 58.6389 66.9955 54.8581
32.3983 62.7363 34.8719 62.2955 43.6478 60.54
82.8732 55.3501 76.8776 57.3638 78.1438 58.7603
80.4211 54.9237 82.8732 55.3501 76.8776 57.3638
82.8732 55.3501 80.4211 54.9237 44.0442 48.523
80.4211 54.9237 53.9434 50.5744 44.0442 48.523
49.2663 49.18 58.5857 49.9159 62.6855 51.4602
44.0442 48.523 49.2663 49.18 62.6855 51.4602
49.2663 49.18 44.0442 48.523 33.2779 46.6993
44.0442 48.523 53.9434 50.5744 55.1514 50.9971
55.1514 50.9971 44.0442 48.523 33.2779 46.6993
26.7585 45.3274 45.7916 47.9002 49.2663 49.18
45.7916 47.9002 26.7585 45.3274 26.7176 43.4704
43.3723 53.2857 38.8339 54.3872 41.1295 55.7282
37.4949 52.5851 43.3723 53.2857 38.8339 54.3872
28.7128 47.6964 37.4949 52.5851 38.8339 54.3872
26.7585 45.3274 28.7128 47.6964 37.4949 52.5851
18.1961 43.1347 26.7176 43.4704 26.7585 45.3274
18.1961 43.1347 26.7585 45.3274 28.7128 47.6964
26.7176 43.4704 18.1961 43.1347 19.8857 42.9015
18.1961 43.1347 17.449 50.3018 16.6168 54.363
16.6168 54.363 18.1961 43.1347 18.5207 37.8141
18.1961 43.1347 19.8857 42.9015 18.5207 37.8141
45.7916 47.9002 49.2663 49.18 58.5857 49.9159
45.6351 47.8182 45.7916 47.9002 58.5857 49.9159
49.173 47.6139 45.6351 47.8182 58.5857 49.9159
47.6142 47.266 49.173 47.6139 45.6351 47.8182
45.6351 47.8182 47.6142 47.266 58.0261 43.8688
28.3065 51.4435 38.8339 54.3872 41.1295 55.7282
38.8339 54.3872 28.3065 51.4435 27.6106 50.7656
28.3065 51.4435 25.4918 50.9254 27.6106 50.7656
25.3622 52.3165 27.385 58.2858 27.1634 59.2015
28.3065 51.4435 25.3622 52.3165 27.385 58.2858
25.3622 52.3165 28.3065 51.4435 25.4918 50.9254
18.921 49.1092 17.449 50.3018 16.6168 54.363
17.449 50.3018 18.921 49.1092 19.6535 47.0496
21.723 52.8254 22.5223 54.3776 21.3037 63.0089
22.5223 54.3776 21.723 52.8254 19.6535 47.0496
21.723 52.8254 18.921 49.1092 19.6535 47.0496
21.723 52.8254 20.908 54.8848 20.6204 58.6277
20.908 54.8848 21.723 52.8254 18.921 49.1092
33.7057 42.4876 43.266 45.6405 45.6351 47.8182
33.7057 42.4876 45.6351 47.8182 45.7916 47.9002
33.5455 42.126 33.7057 42.4876 43.266 45.6405
33.7057 42.4876 33.5455 42.126 32.2236 39.5678
57.3265 47.5927 58.5857 49.9159 62.6855 51.4602
58.5857 49.9159 57.3265 47.5927 54.8797 46.7589
57.3265 47.5927 68.5448 50.4693 72.9438 52.3878
68.5448 50.4693 57.3265 47.5927 54.8797 46.7589
68.5448 50.4693 72.9438 52.3878 73.6908 52.4992
70.1657 49.0001 68.5448 50.4693 73.6908 52.4992
68.5448 50.4693 70.1657 49.0001 64.2515 45.4304
90.9429 48.3415 85.9494 54.1865 85.4165 54.7951
88.9768 48.0712 90.9429 48.3415 85.4165 54.7951
74.8669 45.6175 88.9768 48.0712 90.9429 48.3415
74.6202 45.3432 74.8669 45.6175 90.9429 48.3415
41.2468 38.5902 74.6202 45.3432 90.9429 48.3415
13.2099 33.8898 42.4036 38.2066 41.2468 38.5902
13.2099 33.8898 41.2468 38.5902 74.6202 45.3432
42.4036 38.2066 13.2099 33.8898 15.128 33.0863
86.9813 48.3452 88.9768 48.0712 74.8669 45.6175
12.8805 36.1896 13.5431 46.9319 13.4691 50.2726
13.2099 33.8898 12.8805 36.1896 13.5431 46.9319
12.8805 36.1896 13.2099 33.8898 5.92306 29.1864
13.2099 33.8898 15.128 33.0863 5.92306 29.1864
79.6954 51.8358 76.2629 47.4418 74.6202 45.3432
76.2629 47.4418 74.8669 45.6175 74.6202 45.3432
80.4173 52.5943 76.2629 47.4418 74.8669 45.6175
48.7485 39.4097 75.6653 41.76 70.3772 41.794
41.2468 38.5902 48.7485 39.4097 70.3772 41.794
42.4036 38.2066 41.2468 38.5902 48.7485 39.4097
41.2746 37.5805 42.4036 38.2066 48.7485 39.4097
36.477 35.3043 41.2746 37.5805 42.4036 38.2066
36.0689 33.6124 36.477 35.3043 41.2746 37.5805
29.7491 28.1517 36.0689 33.6124 41.2746 37.5805
23.628 24.1994 29.7491 28.1517 36.0689 33.6124
36.0689 33.6124 23.628 24.1994 22.5066 23.9111
31.6243 31.2505 36.0689 33.6124 36.477 35.3043
27.4254 30.2 31.6243 31.2505 36.477 35.3043
31.6243 31.2505 27.4254 30.2 26.1104 29.2047
28.4847 31.1239 26.8061 32.7762 35.9896 35.8294
27.4254 30.2 28.4847 31.1239 35.9896 35.8294
26.1104 29.2047 27.4254 30.2 28.4847 31.1239
20.092 24.4596 26.1104 29.2047 28.4847 31.1239
28.4847 31.1239 20.092 24.4596 8.45171 16.3677
28.4847 31.1239 26.8061 32.7762 26.5636 32.8886
23.4684 30.9437 28.4847 31.1239 26.5636 32.8886
26.5636 32.8886 23.4684 30.9437 19.568 29.7024
21.7071 28.6575 25.0975 29.2744 23.4684 30.9437
11.6449 24.8018 21.7071 28.6575 23.4684 30.9437
23.4684 30.9437 11.6449 24.8018 4.58018 21.7011
25.0975 29.2744 23.4684 30.9437 28.4847 31.1239
28.4847 31.1239 25.0975 29.2744 2.4082 14.6914
19.9872 27.2885 21.7071 28.6575 25.0975 29.2744
8.87601 21.4261 19.9872 27.2885 21.7071 28.6575
21.7071 28.6575 8.87601 21.4261 2.79565 18.3071
8.87601 21.4261 9.52166 21.3467 2.79565 18.3071
26.1104 29.2047 20.092 24.4596 9.08523 15.3994
36.0689 33.6124 31.6243 31.2505 24.5801 26.6025
12.7477 14.9821 23.628 24.1994 29.7491 28.1517
23.628 24.1994 12.7477 14.9821 5.26302 9.50582
12.7477 14.9821 34.2137 28.4703 45.9696 35.8037
45.9696 35.8037 12.7477 14.9821 5.26302 9.50582
70.3772 41.794 86.4608 43.0484 85.3275 43.2705
75.6653 41.76 70.3772 41.794 86.4608 43.0484
60.1638 39.0492 75.6653 41.76 86.4608 43.0484
86.4608 43.0484 60.1638 39.0492 54.8463 37.983
60.9617 16.8348 70.5871 25.9136 86.4608 43.0484
59.4381 14.0365 60.9617 16.8348 70.5871 25.9136
52.9682 8.51293 59.4381 14.0365 60.9617 16.8348
59.4381 14.0365 52.9682 8.51293 50.3878 4.95616
55.1972 12.33 56.0691 15.4493 64.5914 26.9762
52.9682 8.51293 55.1972 12.33 56.0691 15.4493
56.0691 15.4493 52.9682 8.51293 50.3878 4.95616
55.1972 12.33 65.6135 26.1437 72.0853 35.8097
65.6135 26.1437 55.1972 12.33 52.9682 8.51293
85.3275 43.2705 88.2629 44.9595 87.9386 46.4764
86.4608 43.0484 85.3275 43.2705 88.2629 44.9595
70.5871 25.9136 86.4608 43.0484 88.2629 44.9595
88.2629 44.9595 70.5871 25.9136 46.7399 0.210341
65.6135 26.1437 72.0853 35.8097 73.9848 35.8542
73.9848 35.8542 65.6135 26.1437 62.629 21.084
53.7758 13.0819 56.0691 15.4493 64.5914 26.9762
48.5188 6.14195 53.7758 13.0819 56.0691 15.4493
56.0691 15.4493 48.5188 6.14195 45.6442 1.63963
62.975 26.4353 53.7758 13.0819 48.5188 6.14195
53.3825 22.3511 53.9054 23.5331 56.3674 28.1296
47.5075 7.36008 53.3825 22.3511 56.3674 28.1296
45.6442 1.63963 48.5188 6.14195 47.5075 7.36008
53.3825 22.3511 47.5075 7.36008 44.4028 0.340401
47.5075 7.36008 45.6442 1.63963 44.4028 0.340401
56.0842 33.2291 57.9972 36.2223 62.6187 36.5282
58.3134 29.1815 56.0842 33.2291 62.6187 36.5282
54.2287 17.7409 58.3134 29.1815 62.6187 36.5282
53.2788 15.208 54.2287 17.7409 62.6187 36.5282
47.5075 7.36008 53.2835 14.4155 53.2788 15.208
47.5075 7.36008 53.2788 15.208 54.2287 17.7409
53.2835 14.4155 47.5075 7.36008 48.5188 6.14195
60.9449 30.4381 61.9949 32.1087 67.2002 35.2841
61.7982 28.2628 60.9449 30.4381 67.2002 35.2841
53.2788 15.208 61.7982 28.2628 67.2002 35.2841
67.2002 35.2841 53.2788 15.208 53.2835 14.4155
50.3053 25.2296 56.0842 33.2291 57.9972 36.2223
47.6875 20.4367 50.3053 25.2296 56.0842 33.2291
56.0842 33.2291 47.6875 20.4367 47.1247 18.8996
47.6875 20.4367 46.5625 32.2739 49.1535 32.4364
46.5625 32.2739 47.6875 20.4367 47.1247 18.8996
42.9123 3.77509 53.9054 23.5331 56.3674 28.1296
53.9054 23.5331 42.9123 3.77509 42.9342 3.3071
40.0557 18.6311 38.1367 23.9966 38.5531 24.311
40.6164 16.9827 40.0557 18.6311 38.5531 24.311
42.9123 3.77509 40.6164 16.9827 40.0557 18.6311
40.0557 18.6311 42.9123 3.77509 42.9342 3.3071
40.6164 16.9827 41.0721 22.5709 40.2157 30.0387
41.0721 22.5709 40.6164 16.9827 42.9123 3.77509
30.0759 18.5599 38.1367 23.9966 38.5531 24.311
28.6326 16.7737 30.0759 18.5599 38.1367 23.9966
29.1062 15.7468 28.6326 16.7737 38.1367 23.9966
21.2021 6.43309 29.1062 15.7468 38.1367 23.9966
38.1367 23.9966 21.2021 6.43309 17.3732 1.67163
12.6199 5.32313 28.6326 16.7737 30.0759 18.5599
28.6326 16.7737 12.6199 5.32313 8.46474 2.15516
19.886 16.0663 21.4712 18.5371 23.3 20.0101
12.5927 6.59965 19.886 16.0663 23.3 20.0101
19.886 16.0663 12.5927 6.59965 8.46474 2.15516
12.5927 6.59965 12.6199 5.32313 8.46474 2.15516
31.0934 22.1977 28.7573 22.2074 35.7667 27.6033
17.5836 11.0194 31.0934 22.1977 28.7573 22.2074
12.5927 6.59965 17.5836 11.0194 28.7573 22.2074
17.5836 11.0194 12.5927 6.59965 12.6199 5.32313
8.77159 0.820135 29.1062 15.7468 28.6326 16.7737
29.1062 15.7468 8.77159 0.820135 8.2079 0.138022
3.30552 1.71613 8.77159 0.820135 8.2079 0.138022
34.6807 14.3769 40.0557 18.6311 38.1367 23.9966
36.1556 11.7834 34.6807 14.3769 40.0557 18.6311
34.6216 4.5643 36.1556 11.7834 34.6807 14.3769
32.5162 3.36869 34.6216 4.5643 34.6807 14.3769
34.6216 4.5643 32.5162 3.36869 31.8554 2.87818
26.1403 6.51668 24.8299 6.67657 28.5802 8.92652
32.5162 3.36869 26.1403 6.51668 24.8299 6.67657
24.8299 6.67657 32.5162 3.36869 31.8554 2.87818
24.8299 6.67657 28.5802 8.92652 29.093 11.7806
29.093 11.7806 24.8299 6.67657 20.2158 2.67738
24.8299 6.67657 24.3163 5.43536 20.2158 2.67738
84.5355 22.8934 88.0707 42.3574 88.2629 44.9595
88.2629 44.9595 84.5355 22.8934 81.6378 9.61141
89.0607 31.0577 89.55 31.8526 88.4194 35.2784
87.5299 28.8483 89.0607 31.0577 88.4194 35.2784
84.5355 22.8934 87.5299 28.8483 88.4194 35.2784
87.5299 28.8483 84.5355 22.8934 81.6378 9.61141
88.2629 44.9595 87.9386 46.4764 87.847 46.9689
87.847 46.9689 88.2629 44.9595 92.178 33.8012
88.2629 44.9595 88.0707 42.3574 92.178 33.8012
87.5299 28.8483 88.4411 25.4156 86.8484 18.3789
88.4411 25.4156 87.5299 28.8483 89.0607 31.0577
88.6643 19.1829 88.4411 25.4156 89.0607 31.0577
89.1282 15.336 88.6643 19.1829 89.0607 31.0577
87.5049 11.0803 89.1282 15.336 88.6643 19.1829
83.2638 5.97826 87.5049 11.0803 88.6643 19.1829
82.5236 4.41161 83.2638 5.97826 88.6643 19.1829
82.4514 2.67809 82.5236 4.41161 83.2638 5.97826
83.2638 5.97826 82.4514 2.67809 92.2884 0.322497
82.4514 2.67809 77.9386 1.64652 92.2884 0.322497
92.7294 21.0378 89.1282 15.336 87.5049 11.0803
92.9653 14.4029 92.7088 14.6285 93.1237 41.6127
87.5049 11.0803 92.9653 14.4029 92.7088 14.6285
92.9653 14.4029 87.5049 11.0803 83.2638 5.97826
78.9073 15.2914 78.8336 18.0101 75.3366 27.1123
75.3366 27.1123 78.9073 15.2914 82.4514 2.67809
78.9073 15.2914 82.5236 4.41161 82.4514 2.67809
79.6925 30.263 81.4102 34.9134 84.5633 35.1598
78.76 29.5169 79.6925 30.263 81.4102 34.9134
82.1318 24.8979 78.76 29.5169 79.6925 30.263
78.8336 18.0101 82.1318 24.8979 78.76 29.5169
78.9073 15.2914 78.8336 18.0101 82.1318 24.8979
82.1318 24.8979 78.9073 15.2914 80.8775 14.8972
81.4102 34.9134 84.5633 35.1598 82.6032 37.3081
79.6629 34.6658 81.4102 34.9134 82.6032 37.3081
69.2158 21.765 79.6629 34.6658 81.4102 34.9134
63.6454 15.4642 65.742 18.2373 69.2158 21.765
63.6454 15.4642 69.2158 21.765 81.4102 34.9134
65.742 18.2373 63.6454 15.4642 59.5648 11.6611
63.6454 15.4642 63.5051 13.4122 59.5648 11.6611
67.6707 16.6502 63.6454 15.4642 63.5051 13.4122
74.8391 18.1467 63.5051 13.4122 59.5648 11.6611
67.4633 10.7657 72.4232 10.8407 74.5877 13.8068
72.0663 10.5949 67.4633 10.7657 72.4232 10.8407
77.8613 10.5339 72.0663 10.5949 72.4232 10.8407
67.169 9.49451 77.8613 10.5339 72.0663 10.5949
61.1158 9.19648 67.169 9.49451 72.0663 10.5949
61.7912 8.75648 61.1158 9.19648 67.169 9.49451
75.7172 4.70197 61.7912 8.75648 67.169 9.49451
82.4514 2.67809 75.7172 4.70197 67.169 9.49451
77.9386 1.64652 82.4514 2.67809 75.7172 4.70197
76.3681 1.49773 77.9386 1.64652 75.7172 4.70197
74.0833 1.23725 76.3681 1.49773 77.9386 1.64652
77.9386 1.64652 74.0833 1.23725 69.345 0.0612702
61.3543 2.43981 76.3681 1.49773 74.0833 1.23725
69.0422 9.10976 67.169 9.49451 77.8613 10.5339
67.169 9.49451 69.0422 9.10976 76.2296 7.5091
69.0422 9.10976 77.4447 8.36102 76.2296 7.5091
67.4633 10.7657 72.0663 10.5949 68.8881 10.4575
61.1158 9.19648 61.7912 8.75648 60.2772 5.69479
89.55 31.8526 89.0607 31.0577 89.6645 19.6876
88.4194 35.2784 89.55 31.8526 90.6368 29.6977
97.081 61.6938 95.5613 61.3716 98.7142 56.5746
49.6305 71.5748 42.6891 71.0485 57.8505 69.8804
79.2962 68.5816 74.8336 68.3284 55.8331 67.7758
88.1237 71.2498 72.7034 74.1547 66.2778 75.7511
66.2778 75.7511 88.1237 71.2498 93.6811 70.2288
93.6811 70.2288 88.1237 71.2498 82.5962 71.6941
82.5962 71.6941 93.6811 70.2288 97.5406 69.6581
64.3427 77.6236 54.0827 80.1244 40.6433 83.8155
93.6811 70.2288 64.3427 77.6236 40.6433 83.8155
40.6433 83.8155 93.6811 70.2288 97.5406 69.6581
38.0168 81.0636 37.7669 81.0809 35.9556 83.023
34.0474 83.6455 35.9556 83.023 70.6283 74.028
35.9556 83.023 38.0168 81.0636 70.6283 74.028
52.3636 88.6098 46.122 88.5843 57.9853 84.9203
52.3636 88.6098 55.9685 87.1006 74.7069 79.117
68.0174 96.7897 67.9479 97.9036 65.1474 98.1586
47.6248 90.7033 68.0174 96.7897 65.1474 98.1586
42.7039 89.3326 47.6248 90.7033 65.1474 98.1586
52.3636 88.6098 42.7039 89.3326 47.6248 90.7033
55.9685 87.1006 52.3636 88.6098 47.6248 90.7033
62.889 85.2249 55.9685 87.1006 47.6248 90.7033
76.0163 78.9176 62.889 85.2249 55.9685 87.1006
83.0779 76.2353 76.0163 78.9176 62.889 85.2249
76.0163 78.9176 83.0779 76.2353 78.3702 76.2211
86.7136 97.4067 83.6524 78.3394 83.0779 76.2353
87.8094 89.2758 88.1868 89.8029 93.3091 96.993
87.7285 87.0235 87.8094 89.2758 88.1868 89.8029
86.3239 84.3785 87.7285 87.0235 87.8094 89.2758
84.6403 81.0273 86.3239 84.3785 87.8094 89.2758
83.6524 78.3394 84.6403 81.0273 86.3239 84.3785
83.0779 76.2353 83.6524 78.3394 86.3239 84.3785
86.3239 84.3785 83.0779 76.2353 82.8294 75.3305
83.0779 76.2353 78.3702 76.2211 82.8294 75.3305
93.7248 89.1216 92.649 89.453 90.1439 90.1007
90.1041 88.578 93.7248 89.1216 90.1439 90.1007
87.7285 87.0235 90.1041 88.578 90.1439 90.1007
90.1041 88.578 87.7285 87.0235 86.3239 84.3785
78.3702 76.2211 69.6067 76.972 63.7305 79.829
69.6067 76.972 78.3702 76.2211 82.8294 75.3305
91.2224 85.3383 90.1041 88.578 93.7248 89.1216
89.7299 81.2659 91.2224 85.3383 90.1041 88.578
93.0781 78.9976 89.7299 81.2659 91.2224 85.3383
89.7299 81.2659 93.0781 78.9976 92.8246 74.4285
93.7248 89.1216 92.649 89.453 94.811 92.9132
93.6059 87.8939 93.7248 89.1216 94.811 92.9132
93.3623 87.384 93.6059 87.8939 93.7248 89.1216
93.6059 87.8939 93.3623 87.384 99.5667 85.9939
59.7399 89.3387 64.5165 93.184 68.0174 96.7897
58.1744 89.0748 59.7399 89.3387 68.0174 96.7897
73.4853 84.9132 58.1744 89.0748 59.7399 89.3387
58.1744 89.0748 73.4853 84.9132 78.6601 81.9984
73.4853 84.9132 73.7787 87.6421 72.8918 87.8817
73.7787 87.6421 73.4853 84.9132 78.6601 81.9984
68.7403 90.6907 64.5165 93.184 68.0174 96.7897
68.7403 90.6907 68.0174 96.7897 67.9479 97.9036
64.5165 93.184 68.7403 90.6907 66.1691 88.2059
79.0649 95.035 77.55 96.251 82.8873 98.8812
72.6562 91.3371 79.0649 95.035 77.55 96.251
77.55 96.251 72.6562 91.3371 68.7403 90.6907
68.7403 90.6907 72.6562 91.3371 76.2753 91.65
84.7869 94.5162 76.2753 91.65 66.1691 88.2059
76.2753 91.65 68.7403 90.6907 66.1691 88.2059
73.7787 87.6421 72.8918 87.8817 75.4674 89.4589
75.4674 89.4589 73.7787 87.6421 80.1453 86.8927
24.7063 89.3224 38.8425 92.7046 46.2096 96.251
24.7063 89.3224 46.2096 96.251 48.0619 97.1123
38.8425 92.7046 24.7063 89.3224 20.319 85.8577
36.8857 95.7046 42.084 98.2768 41.1885 98.8407
24.7063 89.3224 23.4517 91.5363 36.8857 95.7046
24.7063 89.3224 36.8857 95.7046 42.084 98.2768
23.4517 91.5363 24.7063 89.3224 20.319 85.8577
46.2096 96.251 38.8425 92.7046 34.3636 89.7237
21.0279 79.9045 20.409 80.7971 19.9386 83.5718
19.3703 76.5527 21.0279 79.9045 20.409 80.7971
17.3002 68.2146 19.3703 76.5527 20.409 80.7971
20.409 80.7971 17.3002 68.2146 14.8775 64.9773
15.9465 85.5681 16.6097 86.4651 16.6065 89.8686
16.6065 89.8686 15.9465 85.5681 15.271 83.8966
4.95003 51.978 12.7656 88.5075 12.8569 88.9408
12.7656 88.5075 4.95003 51.978 3.73709 44.4005
7.26534 68.0111 8.32018 78.5775 10.4137 87.2762
4.95003 51.978 7.26534 68.0111 10.4137 87.2762
3.73709 44.4005 4.95003 51.978 7.26534 68.0111
7.26534 68.0111 3.73709 44.4005 0.304639 29.1524
3.73709 44.4005 3.54434 41.8203 0.304639 29.1524
8.32303 81.4576 7.26135 86.9014 7.63658 89.1994
8.32018 78.5775 8.32303 81.4576 7.26135 86.9014
7.26135 86.9014 8.32018 78.5775 7.26534 68.0111
6.27005 83.1149 7.26135 86.9014 7.63658 89.1994
1.50042 66.2248 6.27005 83.1149 7.63658 89.1994
0.897011 64.0107 1.50042 66.2248 7.63658 89.1994
1.50042 66.2248 0.897011 64.0107 0.0933272 52.849
0.897011 64.0107 1.99604 83.5624 3.94673 87.431
1.99604 83.5624 0.897011 64.0107 0.0933272 52.849
3.94673 87.431 5.6238 89.6266 3.45321 92.6204
1.99604 83.5624 3.94673 87.431 3.45321 92.6204
0.0765304 75.1523 1.99604 83.5624 3.45321 92.6204
1.99604 83.5624 0.0765304 75.1523 0.443866 69.8751
6.27005 83.1149 6.25992 81.593 1.65726 56.3406
6.25992 81.593 6.27005 83.1149 7.26135 86.9014
3.8375 61.7732 6.25992 81.593 7.26135 86.9014
6.25992 81.593 3.8375 61.7732 2.23803 55.3688
