-2.72755 16.4281 -17.1676 22.5906 -19.7514 24.1314
5.41258 14.3809 -2.72755 16.4281 -19.7514 24.1314
-19.7514 24.1314 5.41258 14.3809 43.6084 0.226052
-16.1521 25.842 -1.63521 32.0796 3.52561 35.8064
-1.63521 32.0796 -16.1521 25.842 -19.7514 24.1314
-20.0183 26.4706 -30.8269 30.5383 -31.6781 34.3918
-19.7514 24.1314 -16.1521 25.842 -20.0183 26.4706
-19.7514 24.1314 -20.0183 26.4706 -30.8269 30.5383
-17.1676 22.5906 -19.7514 24.1314 -30.8269 30.5383
-14.6025 20.7942 -17.1676 22.5906 -30.8269 30.5383
18.1678 0.812185 -14.6025 20.7942 -30.8269 30.5383
-14.6025 20.7942 18.1678 0.812185 46.3913 -16.288
18.1678 0.812185 31.2139 -7.55805 46.3913 -16.288
7.35982 5.24739 -23.9269 23.0006 -27.9745 26.0438
31.2139 -7.55805 7.35982 5.24739 -27.9745 26.0438
7.35982 5.24739 31.2139 -7.55805 46.3913 -16.288
-34.1627 30.609 -5.98561 14.2506 31.2139 -7.55805
-5.98561 14.2506 18.1678 0.812185 31.2139 -7.55805
-21.0433 28.4812 -23.0099 31.8125 -26.9206 38.0204
-26.9206 38.0204 -21.0433 28.4812 -20.0183 26.4706
-21.0433 28.4812 -20.0541 27.0807 -20.0183 26.4706
-10.0955 38.9445 -5.82901 41.411 -10.2208 46.4475
-16.3732 32.1354 -10.0955 38.9445 -10.2208 46.4475
-20.0541 27.0807 -16.3732 32.1354 -10.0955 38.9445
-20.0183 26.4706 -20.0541 27.0807 -10.0955 38.9445
-10.0955 38.9445 -20.0183 26.4706 -16.1521 25.842
-21.0433 28.4812 -25.2607 38.6454 -26.8214 40.6177
-25.2607 38.6454 -21.0433 28.4812 -20.0541 27.0807
-17.1234 37.5916 -15.3875 44.6869 -12.6262 46.5862
-16.3732 32.1354 -18.2298 36.9652 -17.1234 37.5916
-16.3732 32.1354 -17.1234 37.5916 -12.6262 46.5862
-18.2298 36.9652 -16.3732 32.1354 -20.0541 27.0807
-1.63521 32.0796 3.52561 35.8064 13.6613 38.9573
-5.68515 28.0848 -1.63521 32.0796 13.6613 38.9573
-1.63521 32.0796 -5.68515 28.0848 -9.34144 25.6556
-5.68515 28.0848 -2.83867 27.3327 -9.34144 25.6556
-1.34468 27.5714 22.5174 30.0357 20.5123 30.4242
-2.83867 27.3327 -1.34468 27.5714 22.5174 30.0357
22.5174 30.0357 -2.83867 27.3327 -9.34144 25.6556
18.1126 34.8565 26.2605 36.4076 30.357 38.2584
22.4179 34.6098 18.1126 34.8565 26.2605 36.4076
22.2678 34.3759 22.4179 34.6098 26.2605 36.4076
35.3183 34.0413 22.2678 34.3759 26.2605 36.4076
27.0444 32.81 35.3183 34.0413 22.2678 34.3759
-1.34468 27.5714 27.0444 32.81 35.3183 34.0413
27.0444 32.81 -1.34468 27.5714 -2.83867 27.3327
20.335 27.4675 23.8344 29.4712 22.5174 30.0357
22.5174 30.0357 20.335 27.4675 14.596 21.0912
22.5174 30.0357 20.5123 30.4242 24.1685 30.8351
23.8344 29.4712 22.5174 30.0357 24.1685 30.8351
23.303 26.9809 23.8344 29.4712 24.1685 30.8351
22.2468 19.728 23.303 26.9809 24.1685 30.8351
24.609 19.1242 22.2468 19.728 24.1685 30.8351
33.3748 14.586 24.609 19.1242 22.2468 19.728
22.2468 19.728 33.3748 14.586 32.323 13.3552
38.085 20.3485 37.7643 23.3203 28.5391 25.8474
34.5349 19.9861 38.085 20.3485 28.5391 25.8474
33.3748 14.586 34.5349 19.9861 38.085 20.3485
38.085 20.3485 33.3748 14.586 32.5643 8.38778
33.3748 14.586 32.323 13.3552 32.5643 8.38778
19.7616 23.627 23.303 26.9809 23.8344 29.4712
23.8344 29.4712 19.7616 23.627 17.8666 22.7479
37.7643 23.3203 38.085 20.3485 44.6249 19.4186
16.9469 34.1735 22.2678 34.3759 22.4179 34.6098
22.2678 34.3759 16.9469 34.1735 11.6915 33.4008
1.60419 35.6004 3.52561 35.8064 13.6613 38.9573
3.52561 35.8064 1.60419 35.6004 -0.516215 34.7156
9.26679 38.8364 9.88734 39.2307 16.8359 42.9471
1.60419 35.6004 9.26679 38.8364 9.88734 39.2307
-0.516215 34.7156 1.60419 35.6004 9.88734 39.2307
-2.82076 34.6536 -0.516215 34.7156 9.88734 39.2307
-0.516215 34.7156 -2.82076 34.6536 -3.46673 33.9401
4.30231 49.0482 -2.82076 34.6536 -3.46673 33.9401
-26.8214 40.6177 -25.2607 38.6454 -23.0816 36.6723
-13.787 15.6922 -18.1729 18.939 -23.9269 23.0006
-7.23476 10.4773 -13.787 15.6922 -23.9269 23.0006
19.9285 -11.1345 -7.23476 10.4773 -23.9269 23.0006
19.9285 -11.1345 -23.9269 23.0006 -27.9745 26.0438
-7.23476 10.4773 19.9285 -11.1345 27.8333 -16.0271
8.06309 -2.80302 -5.00584 3.95944 -11.0394 8.17925
19.9285 -11.1345 8.06309 -2.80302 -5.00584 3.95944
-5.00584 3.95944 19.9285 -11.1345 27.8333 -16.0271
8.06309 -2.80302 -17.9568 16.4745 -24.3386 19.4555
-17.9568 16.4745 8.06309 -2.80302 19.9285 -11.1345
20.5177 -14.0891 -5.00584 3.95944 -11.0394 8.17925
24.301 -16.7263 20.5177 -14.0891 -5.00584 3.95944
-5.00584 3.95944 24.301 -16.7263 25.2757 -16.9029
-34.3184 23.6427 20.5177 -14.0891 24.301 -16.7263
-16.2596 -9.40977 -24.121 -8.06365 -28.2849 -7.04175
24.301 -16.7263 -16.2596 -9.40977 -24.121 -8.06365
-24.121 -8.06365 24.301 -16.7263 25.2757 -16.9029
-14.9229 -7.92989 -28.2849 -7.04175 -34.4554 -5.9117
-14.9229 -7.92989 -34.4554 -5.9117 -44.1104 -4.2878
-28.2849 -7.04175 -14.9229 -7.92989 -1.28297 -10.2056
-24.121 -8.06365 -28.2849 -7.04175 -34.4554 -5.9117
-2.16201 -13.0313 -24.121 -8.06365 -34.4554 -5.9117
7.08455 -14.7677 -5.70678 -13.4545 -2.16201 -13.0313
7.08455 -14.7677 -2.16201 -13.0313 -24.121 -8.06365
20.4866 -17.2113 13.3993 -17.079 7.08455 -14.7677
20.4866 -17.2113 7.08455 -14.7677 -24.121 -8.06365
11.1777 -17.5551 20.4866 -17.2113 13.3993 -17.079
-10.8551 -21.9762 11.1777 -17.5551 13.3993 -17.079
-24.6846 -24.2577 -10.8551 -21.9762 13.3993 -17.079
-10.8551 -21.9762 -24.6846 -24.2577 -33.5383 -26.24
3.05914 -16.6146 -24.6846 -24.2577 -33.5383 -26.24
-24.6923 -5.29229 -44.1104 -4.2878 -49.5881 -3.98156
-44.1104 -4.2878 -24.6923 -5.29229 -16.307 -5.83213
-32.6817 -3.58993 -46.846 -1.91919 -38.1761 -1.34279
-32.6817 -3.58993 -38.1761 -1.34279 -47.7575 2.79834
-24.6923 -5.29229 -32.6817 -3.58993 -46.846 -1.91919
-16.307 -5.83213 -24.6923 -5.29229 -32.6817 -3.58993
0.0492471 -7.62854 -16.307 -5.83213 -32.6817 -3.58993
-16.307 -5.83213 0.0492471 -7.62854 5.05171 -9.21421
-14.745 -1.51714 -30.5374 3.61845 -37.3609 6.90326
-30.5374 3.61845 -14.745 -1.51714 0.0492471 -7.62854
0.0492471 -7.62854 -14.745 -1.51714 -31.0467 5.9354
-31.0467 5.9354 0.0492471 -7.62854 5.05171 -9.21421
-34.4554 -5.9117 -44.1104 -4.2878 -49.5881 -3.98156
-40.512 -7.64502 -34.4554 -5.9117 -49.5881 -3.98156
-40.1537 -10.593 -40.512 -7.64502 -49.5881 -3.98156
-40.512 -7.64502 -40.1537 -10.593 -29.5057 -13.9286
-41.3493 16.6155 -36.6146 17.9866 -42.1782 18.4315
-41.1622 13.5057 -41.3493 16.6155 -42.1782 18.4315
-37.3609 6.90326 -41.1622 13.5057 -41.3493 16.6155
-35.754 2.85654 -30.5374 3.61845 -37.3609 6.90326
-35.754 2.85654 -37.3609 6.90326 -41.1622 13.5057
-38.2856 2.01027 -35.754 2.85654 -30.5374 3.61845
-30.5374 3.61845 -38.2856 2.01027 -35.5317 0.573689
-40.1987 15.5917 -41.3493 16.6155 -36.6146 17.9866
-37.4084 13.0215 -40.1987 15.5917 -41.3493 16.6155
-31.2219 11.3226 -37.4084 13.0215 -40.1987 15.5917
-37.4084 13.0215 -31.2219 11.3226 -34.7122 10.6371
-31.2219 11.3226 -26.4103 12.0417 -21.2418 12.0886
-34.7122 10.6371 -31.2219 11.3226 -21.2418 12.0886
-23.6092 9.30779 -34.7122 10.6371 -21.2418 12.0886
-17.4352 8.0331 -23.6092 9.30779 -34.7122 10.6371
-19.1856 7.60565 -17.4352 8.0331 -34.7122 10.6371
-20.6367 6.24403 -19.1856 7.60565 -17.4352 8.0331
-20.371 5.55151 -16.7661 5.67622 -20.6367 6.24403
-19.1856 7.60565 -20.6367 6.24403 -24.0198 5.43329
-20.6367 6.24403 -20.371 5.55151 -24.0198 5.43329
-13.4168 2.26948 -20.371 5.55151 -16.7661 5.67622
-9.65264 1.77744 -13.4168 2.26948 -16.7661 5.67622
-16.7661 5.67622 -9.65264 1.77744 -3.37226 -0.744579
-13.4168 2.26948 -9.65264 1.77744 -11.609 0.970546
-45.7897 18.7531 -34.4125 20.5071 -40.1283 21.8818
-45.7897 18.7531 -40.1283 21.8818 -33.9939 25.593
-42.1782 18.4315 -45.7897 18.7531 -34.4125 20.5071
-36.6146 17.9866 -42.1782 18.4315 -34.4125 20.5071
-34.4125 20.5071 -36.6146 17.9866 -34.7403 16.3571
-41.4937 -17.2079 -5.70678 -13.4545 -2.16201 -13.0313
-5.70678 -13.4545 -41.4937 -17.2079 -41.4921 -19.1906
-5.70678 -13.4545 7.08455 -14.7677 -4.72199 -15.8191
-39.7569 -28.3255 -10.8551 -21.9762 11.1777 -17.5551
11.1777 -17.5551 -39.7569 -28.3255 -40.5974 -28.6493
-20.7186 -19.3465 -23.4728 -19.34 -17.3574 -17.943
-30.1128 -23.6381 -20.7186 -19.3465 -17.3574 -17.943
-34.9942 -26.1779 -30.1128 -23.6381 -17.3574 -17.943
-39.7569 -28.3255 -34.9942 -26.1779 -30.1128 -23.6381
-30.1128 -23.6381 -39.7569 -28.3255 -40.5974 -28.6493
-10.6668 -15.7918 -34.9942 -26.1779 -39.7569 -28.3255
-17.3574 -17.943 -23.4728 -19.34 -39.6592 -22.3538
-38.5791 -23.4857 -20.7186 -19.3465 -23.4728 -19.34
-20.7186 -19.3465 -38.5791 -23.4857 -40.1813 -24.4975
-38.5791 -23.4857 -45.0655 -21.6053 -47.4591 -14.3161
-45.0655 -21.6053 -38.5791 -23.4857 -40.1813 -24.4975
16.173 -19.9457 11.1777 -17.5551 20.4866 -17.2113
27.4127 -26.2517 17.987 -20.4494 16.173 -19.9457
27.4127 -26.2517 16.173 -19.9457 11.1777 -17.5551
30.9573 -27.2393 18.5999 -26.9655 27.4127 -26.2517
30.9573 -27.2393 27.4127 -26.2517 17.987 -20.4494
38.2272 -29.4529 30.9573 -27.2393 18.5999 -26.9655
18.5999 -26.9655 38.2272 -29.4529 39.3291 -29.9856
38.2272 -29.4529 38.4355 -27.6578 30.0257 -25.2739
38.4355 -27.6578 38.2272 -29.4529 39.3291 -29.9856
27.4127 -26.2517 9.93636 -22.4497 8.03469 -20.2795
18.5999 -26.9655 27.4127 -26.2517 9.93636 -22.4497
20.3482 -28.3284 18.5999 -26.9655 9.93636 -22.4497
25.9167 -30.9063 20.3482 -28.3284 18.5999 -26.9655
18.5999 -26.9655 25.9167 -30.9063 26.3077 -31.0112
13.1435 -28.551 9.93636 -22.4497 8.03469 -20.2795
9.93636 -22.4497 13.1435 -28.551 22.3487 -38.6041
13.1435 -28.551 15.6737 -36.4149 22.3487 -38.6041
15.6737 -36.4149 13.1435 -28.551 10.743 -25.9464
15.5336 -40.8817 17.3442 -38.8183 15.6737 -36.4149
15.5336 -40.8817 15.6737 -36.4149 10.743 -25.9464
17.3442 -38.8183 15.5336 -40.8817 17.7261 -41.3238
-6.82935 -40.2537 9.85895 -40.7373 17.7261 -41.3238
9.85895 -40.7373 15.5336 -40.8817 17.7261 -41.3238
-16.1905 -37.433 -25.7985 -36.5605 -35.0079 -35.3514
-7.51399 -38.0863 -16.1905 -37.433 -35.0079 -35.3514
6.89173 -39.2915 -7.51399 -38.0863 -35.0079 -35.3514
12.1226 -39.9126 6.89173 -39.2915 -7.51399 -38.0863
-7.51399 -38.0863 12.1226 -39.9126 9.85895 -40.7373
12.1226 -39.9126 -6.94349 -34.4271 -8.65628 -34.0862
-6.94349 -34.4271 12.1226 -39.9126 15.5336 -40.8817
12.1226 -39.9126 9.85895 -40.7373 15.5336 -40.8817
-2.61835 -28.4964 -0.114582 -28.4052 -13.9029 -28.2632
-3.79186 -30.022 -2.61835 -28.4964 -0.114582 -28.4052
-2.95075 -31.9496 -3.79186 -30.022 -0.114582 -28.4052
-6.78423 -33.1359 -2.95075 -31.9496 -3.79186 -30.022
-8.65628 -34.0862 -6.78423 -33.1359 -3.79186 -30.022
-6.94349 -34.4271 -8.65628 -34.0862 -6.78423 -33.1359
-6.78423 -33.1359 -6.94349 -34.4271 6.89406 -36.3462
4.87317 -33.9251 -6.78423 -33.1359 -2.95075 -31.9496
-6.78423 -33.1359 4.87317 -33.9251 7.57389 -35.1975
-9.79211 -30.0585 -3.79186 -30.022 -2.61835 -28.4964
-2.61835 -28.4964 -9.79211 -30.0585 -26.9144 -31.6242
-3.79186 -30.022 -9.79211 -30.0585 -9.86367 -32.5148
-10.2178 -41.5874 -25.7985 -36.5605 -35.0079 -35.3514
11.888 -48.3523 5.01369 -47.591 -10.2178 -41.5874
11.888 -48.3523 -10.2178 -41.5874 -25.7985 -36.5605
5.01369 -47.591 11.888 -48.3523 9.98346e-05 -49.6738
-25.7985 -36.5605 -16.1905 -37.433 -11.1752 -38.0528
16.173 -19.9457 17.987 -20.4494 35.6305 -24.1506
-13.787 15.6922 -7.23476 10.4773 -4.96389 8.78276
15.9866 -6.01948 -13.787 15.6922 -18.1729 18.939
-18.1729 18.939 15.9866 -6.01948 31.6735 -17.2492
15.9866 -6.01948 24.9272 -13.1171 31.6735 -17.2492
25.4806 -13.6375 24.9272 -13.1171 15.9866 -6.01948
24.9272 -13.1171 25.4806 -13.6375 39.5489 -23.9481
7.38273 1.70454 -18.1729 18.939 -23.9269 23.0006
22.5096 -8.55239 7.38273 1.70454 -23.9269 23.0006
7.38273 1.70454 22.5096 -8.55239 28.5403 -12.7505
22.5096 -8.55239 15.0556 -2.37047 -6.38958 12.1947
15.0556 -2.37047 22.5096 -8.55239 28.5403 -12.7505
22.0024 -6.2967 15.0556 -2.37047 -6.38958 12.1947
15.0556 -2.37047 22.0024 -6.2967 27.7725 -10.4843
22.0024 -6.2967 22.276 -4.5998 18.1552 -1.90002
22.276 -4.5998 22.0024 -6.2967 27.7725 -10.4843
40.405 -15.8041 22.276 -4.5998 18.1552 -1.90002
22.276 -4.5998 40.405 -15.8041 38.2109 -15.9339
-23.9269 23.0006 7.35982 5.24739 43.5463 -16.2735
-2.68483 13.9689 -10.3914 18.6761 -14.6025 20.7942
-14.6025 20.7942 -2.68483 13.9689 7.13637 7.94302
-10.3914 18.6761 -14.6025 20.7942 -17.1676 22.5906
-17.1676 22.5906 -10.3914 18.6761 37.828 -8.59985
-10.3914 18.6761 -2.68483 13.9689 12.2912 5.19866
2.19111 13.3291 -2.72755 16.4281 -17.1676 22.5906
25.4729 -0.630914 4.23528 11.6054 2.19111 13.3291
25.4729 -0.630914 2.19111 13.3291 -2.72755 16.4281
36.0027 -6.09738 25.4729 -0.630914 -2.72755 16.4281
25.4729 -0.630914 36.0027 -6.09738 42.023 -9.88488
36.0027 -6.09738 48.0051 -9.34861 42.023 -9.88488
39.3128 -2.84468 30.4923 -1.87369 35.434 -1.35281
36.0027 -6.09738 39.3128 -2.84468 30.4923 -1.87369
39.3128 -2.84468 36.0027 -6.09738 48.0051 -9.34861
-2.72755 16.4281 5.41258 14.3809 26.5683 6.04802
