28.3262 100.196 16.48 191.327 12.3448 230.686
16.48 191.327 28.3262 100.196 29.1937 93.2224
46.3461 209.662 42.3815 217.795 51.5516 236.054
33.7321 129.884 46.3461 209.662 51.5516 236.054
29.7235 108.325 33.7321 129.884 46.3461 209.662
28.3262 100.196 29.7235 108.325 46.3461 209.662
29.1937 93.2224 28.3262 100.196 29.7235 108.325
27.9522 56.4628 29.1937 93.2224 29.7235 108.325
29.1937 93.2224 27.9522 56.4628 27.1449 32.623
27.9522 56.4628 28.7031 48.1931 27.1449 32.623
28.7031 48.1931 30.4839 36.9262 27.1449 32.623
39.1124 158.227 42.6606 176.876 57.195 252.025
33.7321 129.884 39.1124 158.227 57.195 252.025
57.195 252.025 33.7321 129.884 29.7235 108.325
51.5889 232.02 42.6606 176.876 39.1124 158.227
30.7342 76.8872 38.3878 141.009 40.5482 146.272
29.7062 69.3476 30.7342 76.8872 38.3878 141.009
28.7031 48.1931 29.7062 69.3476 30.7342 76.8872
30.7342 76.8872 28.7031 48.1931 30.4839 36.9262
47.5804 182.755 50.3657 190.839 48.7395 197.519
40.6338 133.434 47.5804 182.755 48.7395 197.519
40.2466 122.577 40.6338 133.434 47.5804 182.755
37.8774 110.784 40.2466 122.577 40.6338 133.434
30.4839 36.9262 37.8774 110.784 40.2466 122.577
40.2466 122.577 30.4839 36.9262 28.6756 19.8971
30.4839 36.9262 27.1449 32.623 28.6756 19.8971
39.4196 83.6084 49.3738 148.636 58.3247 201.395
49.3738 148.636 39.4196 83.6084 28.6756 19.8971
18.6247 126.437 9.03732 183.991 3.69693 223.344
19.9842 117.355 18.6247 126.437 9.03732 183.991
23.724 86.9739 22.783 110.62 19.9842 117.355
23.724 86.9739 19.9842 117.355 9.03732 183.991
27.1449 32.623 23.724 86.9739 22.783 110.62
23.724 86.9739 27.1449 32.623 27.0838 10.2831
27.1449 32.623 28.6756 19.8971 27.0838 10.2831
39.4196 83.6084 52.2753 159.973 66.9653 248.107
52.2753 159.973 39.4196 83.6084 27.0838 10.2831
39.4196 83.6084 28.6756 19.8971 27.0838 10.2831
11.178 189.959 0.983048 248.241 0.212088 260.349
0.983048 248.241 11.178 189.959 18.6247 126.437
18.6247 126.437 11.178 189.959 9.71349 203.775
9.71349 203.775 18.6247 126.437 19.9842 117.355
16.4332 182.576 11.854 207.888 10.4045 219.043
19.2092 137.374 16.4332 182.576 11.854 207.888
19.9842 117.355 19.2092 137.374 11.854 207.888
19.2092 137.374 19.9842 117.355 22.783 110.62
8.75846 236.685 10.2453 247.707 7.71229 259.044
12.3448 230.686 8.75846 236.685 10.2453 247.707
16.6463 202.511 12.3448 230.686 10.2453 247.707
10.2453 247.707 16.6463 202.511 21.5865 168.165
16.48 191.327 12.3448 230.686 8.75846 236.685
8.75846 236.685 16.48 191.327 21.8722 146.871
16.095 232.764 10.2453 247.707 7.71229 259.044
26.8926 212.656 26.7658 220.176 22.0831 222.968
26.8926 212.656 22.0831 222.968 16.095 232.764
23.8415 208.002 26.8926 212.656 16.095 232.764
23.8415 208.002 16.095 232.764 10.2453 247.707
28.8017 177.087 23.8415 208.002 26.8926 212.656
31.3218 166.309 28.8017 177.087 26.8926 212.656
27.1547 156.247 31.3218 166.309 28.8017 177.087
31.3218 166.309 27.1547 156.247 26.3387 142.513
20.0622 238.598 22.0831 222.968 26.7658 220.176
23.444 162.73 27.1547 156.247 26.3387 142.513
32.2324 203.629 26.8926 212.656 26.7658 220.176
32.2324 203.629 26.7658 220.176 21.9102 246.418
26.8926 212.656 32.2324 203.629 33.3163 189.266
29.2746 242.073 28.0846 250.97 23.6375 256.968
30.7231 233.41 29.2746 242.073 28.0846 250.97
32.2324 203.629 30.7231 233.41 29.2746 242.073
30.7231 233.41 32.2324 203.629 33.3163 189.266
23.6375 256.968 33.0145 258.142 39.7565 260.685
28.0846 250.97 23.6375 256.968 33.0145 258.142
33.0145 258.142 28.0846 250.97 37.2651 242.645
13.7677 138.523 9.03732 183.991 3.69693 223.344
9.03732 183.991 13.7677 138.523 20.2357 79.8351
13.7677 138.523 16.9497 98.1089 20.2357 79.8351
11.7511 128.121 6.76141 156.902 3.34606 172.165
16.9497 98.1089 11.7511 128.121 3.34606 172.165
3.34606 172.165 16.9497 98.1089 20.2357 79.8351
1.19477 209.978 -0.784205 229.684 -1.53348 241.4
6.67629 173.874 1.19477 209.978 -1.53348 241.4
6.76141 156.902 3.34606 172.165 6.67629 173.874
-1.53348 241.4 6.67629 173.874 9.60487 150.973
6.67629 173.874 6.76141 156.902 9.60487 150.973
-1.53348 241.4 -0.784205 229.684 -1.51744 201.76
-0.784205 229.684 1.19477 209.978 1.91919 191.685
3.34606 172.165 6.67629 173.874 -3.3297 177.895
3.11075 161.685 3.34606 172.165 -3.3297 177.895
2.93254 148.784 3.11075 161.685 3.34606 172.165
3.60313 136.95 2.93254 148.784 3.34606 172.165
7.92222 79.7965 3.60313 136.95 3.34606 172.165
10.7652 53.2276 7.92222 79.7965 3.34606 172.165
13.6576 17.2691 12.6425 39.4421 10.7652 53.2276
13.6576 17.2691 10.7652 53.2276 7.92222 79.7965
7.92222 79.7965 13.6576 17.2691 13.7716 13.8082
13.6576 17.2691 16.3072 17.154 13.7716 13.8082
9.13913 90.8065 10.7652 53.2276 12.6425 39.4421
12.6425 39.4421 9.50744 109.725 8.67596 123.346
9.50744 109.725 12.6425 39.4421 13.6576 17.2691
12.8116 99.922 13.6576 17.2691 16.3072 17.154
18.2295 47.1985 18.0835 63.9761 18.4871 73.4429
17.6296 31.2889 21.8227 40.6802 18.2295 47.1985
17.6296 31.2889 18.2295 47.1985 18.0835 63.9761
16.3072 17.154 17.6296 31.2889 18.0835 63.9761
23.184 6.88968 13.7716 13.8082 16.3072 17.154
23.184 6.88968 16.3072 17.154 17.6296 31.2889
13.7716 13.8082 23.184 6.88968 23.3402 -0.407987
1.83159 121.509 2.93254 148.784 3.11075 161.685
1.08408 98.516 1.83159 121.509 3.11075 161.685
-1.04168 51.566 1.08408 98.516 3.11075 161.685
-2.96858 19.2191 -3.22033 27.9999 -1.04168 51.566
1.08408 98.516 -1.04168 51.566 -2.50295 8.02236
-1.04168 51.566 -2.96858 19.2191 -2.50295 8.02236
-1.04168 51.566 -1.38002 62.1181 -2.70693 73.716
-2.70693 73.716 -1.04168 51.566 -3.22033 27.9999
-1.38002 62.1181 -1.98965 111.06 -3.45365 132.895
-1.98965 111.06 -1.38002 62.1181 -1.04168 51.566
3.03346 88.8967 1.08408 98.516 1.83159 121.509
3.2668 76.1092 3.03346 88.8967 1.08408 98.516
2.23365 42.7407 3.2668 76.1092 1.08408 98.516
3.2668 76.1092 2.23365 42.7407 1.75227 -2.52154
3.03346 88.8967 3.2668 76.1092 8.54122 27.1167
7.79586 59.6543 3.60313 136.95 2.93254 148.784
3.60313 136.95 7.79586 59.6543 11.4934 -2.36106
6.86302 71.1342 7.79586 59.6543 11.4934 -2.36106
41.2658 92.7905 52.2753 159.973 66.9653 248.107
52.2753 159.973 41.2658 92.7905 37.9525 73.5635
56.5022 169.796 62.0781 190.538 68.1969 230.607
41.2658 92.7905 56.5022 169.796 68.1969 230.607
56.5022 169.796 41.2658 92.7905 37.9525 73.5635
50.9091 121.408 53.1569 131.437 62.0781 190.538
39.2184 59.0426 50.9091 121.408 53.1569 131.437
37.262 47.9697 39.2184 59.0426 53.1569 131.437
53.1569 131.437 37.262 47.9697 29.4035 0.490259
53.1569 131.437 62.0781 190.538 68.1969 230.607
39.0377 36.8835 53.1569 131.437 68.1969 230.607
53.1569 131.437 39.0377 36.8835 37.3074 32.509
96.378 178.293 99.6916 187 111.02 211.853
96.378 178.293 111.02 211.853 117.336 226.268
68.558 109.197 96.378 178.293 117.336 226.268
57.332 80.6484 63.0383 91.871 68.558 109.197
39.0377 36.8835 57.332 80.6484 68.558 109.197
39.0377 36.8835 68.558 109.197 96.378 178.293
57.332 80.6484 39.0377 36.8835 37.3074 32.509
99.6916 187 113.895 228.747 122.054 250.179
113.895 228.747 99.6916 187 96.378 178.293
111.02 211.853 119.363 236.705 128.685 258.261
119.363 236.705 111.02 211.853 99.6916 187
50.2186 61.4462 57.332 80.6484 63.0383 91.871
63.0383 91.871 50.2186 61.4462 38.2066 23.4624
50.118 49.7297 63.0383 91.871 68.558 109.197
63.0383 91.871 50.118 49.7297 36.3077 9.15098
99.4477 173.931 106.142 191.938 106.093 196.446
88.9236 146.947 99.4477 173.931 106.093 196.446
56.0442 62.0059 88.9236 146.947 106.093 196.446
88.9236 146.947 56.0442 62.0059 36.3077 9.15098
56.0442 62.0059 50.118 49.7297 36.3077 9.15098
56.0442 62.0059 83.4368 142.532 90.356 161.511
83.4368 142.532 56.0442 62.0059 50.118 49.7297
99.4477 173.931 88.9236 146.947 71.287 99.3746
67.4794 87.8416 99.4477 173.931 106.142 191.938
106.142 191.938 67.4794 87.8416 47.1516 32.9702
106.142 191.938 106.093 196.446 116.635 221.445
63.7096 70.6044 106.142 191.938 116.635 221.445
53.5052 39.908 63.7096 70.6044 116.635 221.445
63.7096 70.6044 53.5052 39.908 39.6263 1.17765
53.5052 39.908 49.6093 20.7706 39.6263 1.17765
91.5828 139.185 138.103 233.052 143.725 243.49
83.3693 123.042 88.6165 130.102 91.5828 139.185
83.3693 123.042 91.5828 139.185 138.103 233.052
72.3937 83.9874 83.3693 123.042 88.6165 130.102
53.5052 39.908 72.3937 83.9874 83.3693 123.042
72.3937 83.9874 53.5052 39.908 49.6093 20.7706
56.2064 29.5306 88.6165 130.102 91.5828 139.185
88.6165 130.102 56.2064 29.5306 46.1434 -1.50748
56.2064 29.5306 51.1823 13.2016 46.1434 -1.50748
61.4934 37.6739 71.4406 62.7027 73.3429 66.5418
73.3429 66.5418 61.4934 37.6739 46.1434 -1.50748
61.4934 37.6739 51.1823 13.2016 46.1434 -1.50748
76.7622 92.4687 62.7427 48.2078 56.2064 29.5306
80.2969 101.16 62.7427 48.2078 51.1823 13.2016
62.7427 48.2078 56.2064 29.5306 51.1823 13.2016
61.4934 37.6739 86.3804 108.674 87.8558 116.096
87.8558 116.096 61.4934 37.6739 51.1823 13.2016
78.2829 70.4592 83.8125 77.955 86.3804 108.674
72.5721 46.236 78.2829 70.4592 86.3804 108.674
70.4552 31.7845 70.3355 43.7211 72.5721 46.236
70.4552 31.7845 72.5721 46.236 78.2829 70.4592
60.8618 18.5156 70.4552 31.7845 70.3355 43.7211
56.326 12.2829 60.8618 18.5156 70.3355 43.7211
60.8618 18.5156 56.326 12.2829 57.4043 -0.878429
83.8125 77.955 86.3804 108.674 87.8558 116.096
80.8563 46.6466 83.8125 77.955 87.8558 116.096
81.0283 39.9586 80.8563 46.6466 87.8558 116.096
79.7201 18.0803 81.0283 39.9586 80.8563 46.6466
78.8294 8.57064 79.7201 18.0803 80.8563 46.6466
80.8563 46.6466 78.8294 8.57064 77.2059 -0.260073
78.1805 63.5075 78.2829 70.4592 83.8125 77.955
78.2829 70.4592 78.1805 63.5075 66.4209 -0.262518
76.162 29.2883 80.8563 46.6466 83.8125 77.955
73.7106 16.3255 76.162 29.2883 80.8563 46.6466
76.162 29.2883 73.7106 16.3255 71.4313 8.39702
121.928 196.38 128.306 207.295 143.725 243.49
143.725 243.49 121.928 196.38 100.026 150.241
138.103 233.052 143.725 243.49 151.169 259.271
117.187 193.221 138.103 233.052 151.169 259.271
107.751 176.616 117.187 193.221 151.169 259.271
117.187 193.221 107.751 176.616 99.0846 159.306
126.357 217.788 128.501 230.365 141.754 248.3
107.751 176.616 126.357 217.788 141.754 248.3
126.357 217.788 107.751 176.616 99.0846 159.306
128.306 207.295 143.725 243.49 151.169 259.271
116.627 178.512 128.306 207.295 151.169 259.271
128.306 207.295 116.627 178.512 112.827 171.445
137.481 218.277 148.541 241.623 149.401 248.485
116.627 178.512 136.421 212.183 137.481 218.277
116.627 178.512 137.481 218.277 149.401 248.485
136.421 212.183 116.627 178.512 112.827 171.445
128.306 207.295 121.928 196.38 83.8183 112.896
136.421 212.183 137.481 218.277 160.042 258
126.609 191.23 136.421 212.183 160.042 258
136.421 212.183 126.609 191.23 111.49 162.53
149.799 229.755 161.591 248.783 169.289 261.587
133.165 202.516 149.799 229.755 161.591 248.783
126.609 191.23 133.165 202.516 161.591 248.783
161.591 248.783 126.609 191.23 111.49 162.53
157.109 221.82 160.791 243.812 161.591 248.783
129.242 58.0344 157.109 221.82 161.591 248.783
157.109 221.82 129.242 58.0344 127.632 46.8706
136.413 149.188 138.13 181.563 138.841 189.886
133.017 102.565 136.413 149.188 138.13 181.563
132.318 87.1201 133.017 102.565 136.413 149.188
129.242 58.0344 132.318 87.1201 133.017 102.565
133.017 102.565 129.242 58.0344 127.632 46.8706
141.671 138.251 148.026 182.321 151.977 216.693
137.753 118.189 141.671 138.251 151.977 216.693
132.318 87.1201 137.753 118.189 141.671 138.251
141.671 138.251 132.318 87.1201 129.242 58.0344
141.87 159.656 142.79 166.109 146.616 189.622
138.392 131.748 141.87 159.656 146.616 189.622
141.87 159.656 138.392 131.748 132.318 87.1201
138.392 131.748 137.753 118.189 132.318 87.1201
148.512 196.008 138.392 131.748 137.753 118.189
153.236 213.136 148.026 182.321 141.671 138.251
160.791 243.812 161.591 248.783 169.289 261.587
159.758 226.975 160.791 243.812 169.289 261.587
156.556 191.435 159.758 226.975 160.791 243.812
150.143 116.895 156.556 191.435 159.758 226.975
147.753 88.9957 150.143 116.895 159.758 226.975
146.5 81.4451 147.753 88.9957 150.143 116.895
143.994 63.3566 147.261 72.6818 146.5 81.4451
143.994 63.3566 146.5 81.4451 150.143 116.895
147.261 72.6818 143.994 63.3566 139.16 19.3229
157.643 151.924 167.301 218.634 169.979 230.187
157.643 151.924 169.979 230.187 172.245 243.995
167.301 218.634 157.643 151.924 147.753 88.9957
157.643 151.924 167.266 199.423 168.414 213.187
147.753 88.9957 157.643 151.924 167.266 199.423
167.266 199.423 147.753 88.9957 146.5 81.4451
149.051 129.21 148.384 141.473 148.916 146.705
147.743 110.461 149.051 129.21 148.384 141.473
146.811 99.0823 147.743 110.461 148.384 141.473
143.994 63.3566 146.811 99.0823 147.743 110.461
146.811 99.0823 143.994 63.3566 139.16 19.3229
149.051 129.21 152.197 157.602 153.053 172.06
152.197 157.602 149.051 129.21 147.743 110.461
129.281 80.2361 138.13 181.563 138.841 189.886
138.13 181.563 129.281 80.2361 128.84 72.0126
128.129 113.566 128.658 146.87 127.454 162.276
129.281 80.2361 128.129 113.566 128.658 146.87
128.129 113.566 129.281 80.2361 128.84 72.0126
127.91 167.135 122.003 171.278 128.266 181.085
128.658 146.87 127.454 162.276 127.91 167.135
128.658 146.87 127.91 167.135 128.266 181.085
128.266 181.085 128.658 146.87 132.684 137.379
122.003 171.278 128.266 181.085 136.314 198.152
136.314 198.152 122.003 171.278 103.049 139.676
122.003 171.278 107.54 143.533 103.049 139.676
122.003 171.278 107.54 143.533 101.43 131.56
122.6 157.49 127.91 167.135 122.003 171.278
107.049 129.131 122.6 157.49 127.91 167.135
122.6 157.49 107.049 129.131 97.1334 113.27
107.049 129.131 116.315 140.132 117.63 146.497
97.1334 113.27 107.049 129.131 116.315 140.132
116.315 140.132 97.1334 113.27 91.7242 102.244
97.1334 113.27 100.564 119.962 113.71 148.828
113.71 148.828 97.1334 113.27 91.7242 102.244
107.873 106.876 112.572 121.929 116.315 140.132
92.9359 50.1618 107.873 106.876 116.315 140.132
107.873 106.876 92.9359 50.1618 89.0247 32.0817
92.9359 50.1618 96.437 79.7233 101.514 93.8918
96.437 79.7233 92.9359 50.1618 89.0247 32.0817
112.572 121.929 116.315 140.132 117.63 146.497
117.63 146.497 112.572 121.929 89.2472 -2.74869
101.727 70.7466 107.873 106.876 112.572 121.929
97.9918 62.9432 101.727 70.7466 107.873 106.876
88.7873 19.8545 97.9918 62.9432 101.727 70.7466
101.727 70.7466 88.7873 19.8545 87.4506 10.5918
87.7535 42.7199 89.1879 62.19 87.9259 79.1682
87.9259 79.1682 87.7535 42.7199 87.4506 10.5918
87.7535 42.7199 88.7873 19.8545 87.4506 10.5918
90.4441 87.8226 90.4297 69.3708 89.1879 62.19
89.1879 62.19 90.4297 69.3708 96.1646 97.5999
96.1646 97.5999 89.1879 62.19 87.7535 42.7199
123.201 119.197 127.454 162.276 127.91 167.135
113.314 42.3915 123.201 119.197 127.91 167.135
123.201 119.197 113.314 42.3915 113.546 30.4151
113.703 91.9532 113.255 103.134 117.384 113.089
113.577 76.1335 113.703 91.9532 113.255 103.134
113.314 42.3915 113.577 76.1335 113.703 91.9532
113.577 76.1335 113.314 42.3915 112.839 23.7477
113.314 42.3915 113.546 30.4151 112.839 23.7477
119.595 71.1791 120.856 80.3041 121.621 86.0603
113.546 30.4151 119.595 71.1791 121.621 86.0603
119.595 71.1791 113.546 30.4151 112.839 23.7477
117.608 129.432 117.384 113.089 118.718 99.0968
113.255 103.134 117.384 113.089 117.608 129.432
117.608 129.432 113.255 103.134 102.314 40.339
113.255 103.134 108.285 67.3571 102.314 40.339
103.617 22.7869 107.708 58.9512 108.285 67.3571
107.708 58.9512 103.617 22.7869 101.918 3.34794
103.617 22.7869 101.68 13.76 101.918 3.34794
101.602 46.1282 103.617 22.7869 101.68 13.76
99.58 31.0287 101.68 13.76 101.918 3.34794
107.708 58.9512 108.285 67.3571 113.255 103.134
113.255 103.134 107.708 58.9512 107.667 47.6073
120.856 80.3041 119.595 71.1791 109.595 -1.43777
121.621 86.0603 126.483 116.072 126.552 127.022
120.856 80.3041 121.621 86.0603 126.483 116.072
118.292 39.9789 120.856 80.3041 126.483 116.072
120.856 80.3041 118.292 39.9789 113.432 10.6259
118.292 39.9789 118.65 27.2456 113.432 10.6259
118.65 27.2456 118.292 39.9789 120.979 48.6688
120.535 16.1454 118.65 27.2456 120.979 48.6688
118.65 27.2456 120.535 16.1454 119.733 9.56051
127.454 162.276 123.201 119.197 117.253 58.0647
160.791 243.812 157.109 221.82 120.674 -3.80991
140.285 68.248 148.384 141.473 148.916 146.705
138.554 39.4499 140.285 68.248 148.384 141.473
148.384 141.473 138.554 39.4499 137.668 29.7533
138.554 39.4499 136.179 51.0958 140.151 86.3701
136.179 51.0958 138.554 39.4499 137.668 29.7533
140.151 86.3701 139.969 98.0885 143.145 112.104
136.179 51.0958 140.151 86.3701 139.969 98.0885
132.252 29.0112 136.179 51.0958 139.969 98.0885
130.178 8.20178 132.252 29.0112 136.179 51.0958
136.179 51.0958 130.178 8.20178 130.137 1.12433
128.205 23.4971 130.178 8.20178 130.137 1.12433
132.252 29.0112 132.122 37.363 136.204 79.5045
132.122 37.363 132.252 29.0112 130.178 8.20178
149.073 20.3581 150.488 41.6433 147.261 72.6818
150.935 9.3289 149.073 20.3581 150.488 41.6433
141.198 8.91221 150.935 9.3289 149.073 20.3581
150.935 9.3289 141.198 8.91221 150.202 1.14318
150.488 41.6433 147.261 72.6818 146.5 81.4451
153.148 31.8529 150.488 41.6433 146.5 81.4451
150.488 41.6433 153.148 31.8529 156.941 0.425199
153.148 31.8529 157.18 23.9864 156.941 0.425199
153.148 31.8529 153.091 51.9157 151.872 56.118
153.091 51.9157 153.148 31.8529 157.18 23.9864
157.645 33.6057 157.18 23.9864 156.941 0.425199
171.426 11.1308 157.861 42.6112 153.091 51.9157
179.327 -0.389571 173.662 2.28728 171.426 11.1308
179.327 -0.389571 171.426 11.1308 157.861 42.6112
173.662 2.28728 179.327 -0.389571 141.971 -1.60314
161.009 11.2008 171.426 11.1308 173.662 2.28728
157.861 42.6112 153.091 51.9157 151.872 56.118
173.024 22.0599 157.861 42.6112 151.872 56.118
157.861 42.6112 173.024 22.0599 181.57 7.33864
173.024 22.0599 176.186 20.2975 181.57 7.33864
170.893 29.3031 168.762 37.1214 163.346 48.7958
173.024 22.0599 170.893 29.3031 163.346 48.7958
176.186 20.2975 173.024 22.0599 170.893 29.3031
187.811 13.2378 176.186 20.2975 170.893 29.3031
176.186 20.2975 187.811 13.2378 193.284 2.97014
200.875 52.7181 203.145 62.0209 206.775 68.391
199.374 36.0264 200.875 52.7181 206.775 68.391
196.336 19.9122 199.374 36.0264 206.775 68.391
189.245 18.279 196.336 19.9122 199.374 36.0264
187.811 13.2378 189.245 18.279 196.336 19.9122
193.284 2.97014 187.811 13.2378 196.336 19.9122
196.336 19.9122 193.284 2.97014 200.621 -1.91308
163.307 61.2534 162.346 73.4342 160.383 80.8071
166.537 49.2376 163.307 61.2534 162.346 73.4342
168.762 37.1214 166.537 49.2376 163.307 61.2534
166.537 49.2376 168.762 37.1214 170.893 29.3031
220.836 137.401 240.996 216.58 249.07 251.83
208.934 89.2234 213.238 108.798 220.836 137.401
208.934 89.2234 220.836 137.401 240.996 216.58
206.566 79.5414 208.934 89.2234 240.996 216.58
189.245 18.279 206.566 79.5414 208.934 89.2234
208.934 89.2234 189.245 18.279 187.811 13.2378
236.259 212.716 241.028 237.421 242.73 248.322
233.198 201.189 236.259 212.716 242.73 248.322
227.16 172.541 233.198 201.189 242.73 248.322
213.238 108.798 227.16 172.541 242.73 248.322
242.73 248.322 213.238 108.798 208.934 89.2234
247.961 256.224 236.259 212.716 233.198 201.189
232.725 186.444 220.836 137.401 213.238 108.798
229.79 158.636 243.416 202.356 248.173 221.415
206.566 79.5414 229.79 158.636 248.173 221.415
229.79 158.636 206.566 79.5414 189.245 18.279
228.474 152.522 229.79 158.636 243.416 202.356
229.79 158.636 228.474 152.522 200.311 30.8018
243.416 202.356 248.173 221.415 250.838 229.903
241.154 189.813 243.416 202.356 250.838 229.903
223.781 117.629 241.154 189.813 250.838 229.903
221.021 107.929 223.781 117.629 241.154 189.813
218.365 98.974 221.021 107.929 241.154 189.813
221.021 107.929 218.365 98.974 209.592 63.2936
229.657 137.133 246.452 193.5 251.585 210.204
223.781 117.629 229.657 137.133 246.452 193.5
221.021 107.929 223.781 117.629 229.657 137.133
217.86 89.0859 221.021 107.929 229.657 137.133
221.021 107.929 217.86 89.0859 200.681 7.34307
250.694 242.202 262.479 249.389 256.566 258.557
259.316 241.026 250.694 242.202 262.479 249.389
251.585 210.204 259.316 241.026 262.479 249.389
243.591 172.435 251.585 210.204 262.479 249.389
229.395 106.309 232.059 116.012 243.591 172.435
229.395 106.309 243.591 172.435 251.585 210.204
227.959 102.655 229.395 106.309 251.585 210.204
220.566 77.0784 227.959 102.655 229.395 106.309
222.92 73.2029 220.566 77.0784 229.395 106.309
220.566 77.0784 222.92 73.2029 229.904 57.7248
222.92 73.2029 229.164 69.3739 229.904 57.7248
242.784 159.174 251.481 197.578 261.409 230.887
232.059 116.012 241.937 151.668 242.784 159.174
232.059 116.012 242.784 159.174 251.481 197.578
241.937 151.668 232.059 116.012 229.395 106.309
229.164 69.3739 230.281 81.6569 229.917 86.89
230.281 81.6569 229.164 69.3739 229.904 57.7248
246.452 193.5 251.585 210.204 259.316 241.026
259.316 241.026 246.452 193.5 241.342 179.998
216.202 62.1787 220.566 77.0784 227.959 102.655
211.185 43.9478 211.515 49.0968 216.202 62.1787
211.185 43.9478 216.202 62.1787 220.566 77.0784
209.083 23.3881 210.675 28.1951 211.185 43.9478
209.083 23.3881 211.185 43.9478 211.515 49.0968
210.675 28.1951 209.083 23.3881 207.565 1.72729
232.211 128.763 216.202 62.1787 211.515 49.0968
213.031 12.2287 210.675 28.1951 211.185 43.9478
219.983 6.97154 213.031 12.2287 211.185 43.9478
213.031 12.2287 219.983 6.97154 221.741 2.62868
222.497 32.335 219.368 36.4284 220.834 46.0567
220.104 17.7441 222.497 32.335 219.368 36.4284
219.983 6.97154 220.104 17.7441 219.368 36.4284
220.104 17.7441 219.983 6.97154 221.741 2.62868
241.937 151.668 239.794 131.798 228.69 36.8201
239.794 131.798 241.937 151.668 242.784 159.174
228.867 19.9241 239.794 131.798 242.784 159.174
239.794 131.798 228.867 19.9241 227.61 7.90134
237.797 86.7444 242.202 121.859 243.779 143.812
232.219 49.5135 237.797 86.7444 243.779 143.812
228.867 19.9241 232.219 49.5135 237.797 86.7444
237.797 86.7444 228.867 19.9241 227.61 7.90134
242.202 121.859 237.797 86.7444 231.968 30.2879
242.202 121.859 237.901 71.6566 231.736 0.239112
237.901 71.6566 236.442 51.3931 231.736 0.239112
237.803 56.6613 237.901 71.6566 242.202 121.859
237.803 56.6613 242.202 121.859 243.779 143.812
237.901 71.6566 237.803 56.6613 236.73 8.29869
237.803 56.6613 238.816 37.577 236.73 8.29869
242.229 83.0474 243.968 112.879 246.007 147.296
243.968 112.879 242.229 83.0474 238.816 37.577
248.368 120.457 250.16 141.678 250.233 176.885
246.409 109.057 248.368 120.457 250.233 176.885
242.229 83.0474 246.409 109.057 250.233 176.885
238.816 37.577 242.229 83.0474 246.409 109.057
246.409 109.057 238.816 37.577 236.73 8.29869
240.242 26.8638 246.409 109.057 248.368 120.457
248.368 120.457 240.242 26.8638 241.255 16.1374
247.999 81.0558 248.368 120.457 250.16 141.678
246.993 66.0598 247.999 81.0558 248.368 120.457
247.999 81.0558 246.993 66.0598 243.978 3.70519
248.824 43.7127 249.807 89.0768 250.16 141.678
248.717 31.8202 248.824 43.7127 249.807 89.0768
249.571 18.4709 248.717 31.8202 249.807 89.0768
248.717 31.8202 249.571 18.4709 248.825 2.34311
250.775 53.3982 249.807 89.0768 250.16 141.678
250.775 53.3982 250.16 141.678 250.233 176.885
249.807 89.0768 250.775 53.3982 250.559 10.7565
250.775 53.3982 251.762 156.584 251.6 168.01
251.762 156.584 250.775 53.3982 250.559 10.7565
252.327 98.5984 253.645 128.776 251.762 156.584
253.645 128.776 252.327 98.5984 253.618 61.7271
253.645 128.776 251.762 156.584 251.6 168.01
257.112 109.158 253.645 128.776 251.6 168.01
261.613 62.0335 258.613 91.5879 257.112 109.158
261.613 62.0335 257.112 109.158 251.6 168.01
258.613 91.5879 261.613 62.0335 262.333 50.3007
260.222 103.1 257.969 129.647 257.588 158.079
257.969 129.647 260.222 103.1 261.613 62.0335
260.222 103.1 261.33 140.224 259.415 173.863
261.613 62.0335 260.222 103.1 261.33 140.224
261.33 140.224 261.613 62.0335 262.333 50.3007
256.254 80.653 257.112 109.158 253.645 128.776
257.475 20.8947 256.254 80.653 253.645 128.776
253.645 128.776 257.475 20.8947 257.679 13.7673
256.254 80.653 257.475 20.8947 259.64 -3.77591
259.19 38.6461 256.254 80.653 257.112 109.158
257.112 109.158 259.19 38.6461 260.201 29.1868
257.112 109.158 258.613 91.5879 260.048 68.4239
263.995 189.102 259.2 196.027 263.553 209.072
263.995 189.102 263.553 209.072 263.894 218.446
260.507 180.952 263.995 189.102 259.2 196.027
259.415 173.863 260.507 180.952 259.2 196.027
261.33 140.224 259.415 173.863 260.507 180.952
260.507 180.952 261.33 140.224 263.997 116.247
263.995 189.102 260.507 180.952 263.651 150.541
246.007 147.296 243.968 112.879 241.573 97.2336
250.838 229.903 248.173 221.415 233.391 183.093
221.755 146.296 227.16 172.541 233.198 201.189
227.16 172.541 221.755 146.296 219.015 133.791
162.346 73.4342 160.383 80.8071 160.934 86.179
168.877 57.2216 162.346 73.4342 160.934 86.179
162.346 73.4342 168.877 57.2216 176.334 27.1086
156.749 111.397 168.877 57.2216 176.334 27.1086
167.008 173.379 167.266 199.423 168.414 213.187
167.266 199.423 167.008 173.379 161.581 157.594
167.008 173.379 169.74 176.213 169.1 191.186
161.581 157.594 167.008 173.379 169.74 176.213
167.104 148.538 161.581 157.594 169.74 176.213
169.74 176.213 167.104 148.538 163.578 98.5331
160.313 136.946 167.104 148.538 161.581 157.594
160.642 129.259 160.313 136.946 167.104 148.538
167.104 148.538 160.642 129.259 161.576 117.5
172.076 160.975 169.74 176.213 169.1 191.186
172.96 143.042 172.076 160.975 169.74 176.213
177.285 81.8994 172.96 143.042 169.74 176.213
178.635 53.9881 177.285 81.8994 169.74 176.213
177.285 81.8994 178.635 53.9881 180.075 42.2735
177.318 61.9994 168.426 101.652 168.408 106.868
178.635 53.9881 177.318 61.9994 168.426 101.652
168.426 101.652 178.635 53.9881 180.075 42.2735
177.318 61.9994 169.602 122.28 170.702 132.122
170.702 132.122 177.318 61.9994 178.635 53.9881
168.263 90.4166 168.426 101.652 168.408 106.868
171.174 81.2108 168.263 90.4166 168.426 101.652
168.263 90.4166 171.174 81.2108 170.34 70.4691
180.123 102.644 172.96 143.042 172.076 160.975
172.96 143.042 180.123 102.644 182.86 69.0768
180.123 102.644 180.928 110.468 176.778 133.632
182.86 69.0768 180.123 102.644 180.928 110.468
186.738 51.9253 182.86 69.0768 180.928 110.468
182.86 69.0768 186.738 51.9253 186.339 26.1543
180.928 110.468 183.791 90.1812 191.114 37.1879
186.917 77.9387 183.791 90.1812 180.928 110.468
186.917 77.9387 180.928 110.468 176.778 133.632
183.791 90.1812 186.917 77.9387 189.65 57.7207
186.917 77.9387 183.307 120.028 177.731 153.034
183.307 120.028 186.917 77.9387 189.65 57.7207
179.336 239.21 186.921 241.99 180.235 246.823
177.536 232.668 179.336 239.21 180.235 246.823
177.071 183.092 177.536 232.668 179.336 239.21
177.747 157.828 177.071 183.092 179.336 239.21
177.731 153.034 177.747 157.828 177.071 183.092
183.307 120.028 177.731 153.034 177.747 157.828
177.747 157.828 183.307 120.028 190.981 68.6084
183.307 120.028 187.657 89.4004 190.981 68.6084
180.791 221.575 179.336 239.21 186.921 241.99
180.801 213.103 180.791 221.575 179.336 239.21
181.351 203.304 180.801 213.103 180.791 221.575
188.627 119.324 181.351 203.304 180.791 221.575
191.606 113.419 188.627 119.324 180.791 221.575
188.627 119.324 191.606 113.419 192.55 97.6795
189.783 137.006 189.966 157.426 188.695 168.383
191.606 113.419 189.783 137.006 189.966 157.426
189.966 157.426 191.606 113.419 192.55 97.6795
181.83 172.259 181.351 203.304 180.801 213.103
181.351 203.304 181.83 172.259 182.508 136.315
180.536 190.304 181.83 172.259 182.508 136.315
193.157 131.045 192.487 147.966 189.966 157.426
189.966 157.426 193.157 131.045 198.694 73.4218
192.487 147.966 189.966 157.426 188.695 168.383
197.833 130.723 192.487 147.966 188.695 168.383
192.487 147.966 197.833 130.723 199.672 111.78
197.833 130.723 189.881 179.26 188.314 192.472
202.614 99.9549 199.672 111.78 197.833 130.723
202.614 99.9549 197.833 130.723 188.314 192.472
199.672 111.78 202.614 99.9549 202.655 90.2005
202.614 99.9549 202.827 120.91 199.947 139.163
202.827 120.91 202.614 99.9549 202.655 90.2005
192.487 147.966 193.157 131.045 199.073 83.711
193.876 199.269 190.519 223.332 186.921 241.99
200.214 150.505 193.876 199.269 186.921 241.99
193.876 199.269 200.214 150.505 209.197 102.499
188.075 213.903 200.214 150.505 209.197 102.499
186.921 241.99 180.235 246.823 183.687 258.726
197.024 199.124 190.519 223.332 186.921 241.99
197.024 199.124 186.921 241.99 183.687 258.726
199.649 188.587 197.024 199.124 183.687 258.726
200.549 182.736 199.649 188.587 197.024 199.124
197.024 199.124 200.549 182.736 210.849 129.685
200.207 161.318 193.876 199.269 190.519 223.332
190.519 223.332 200.207 161.318 208.899 116.416
190.519 223.332 197.024 199.124 206.543 142.887
191.417 233.528 191.338 246.78 188.869 257.424
199.649 188.587 191.417 233.528 191.338 246.78
200.549 182.736 199.649 188.587 191.338 246.78
191.338 246.78 200.549 182.736 203.568 170.228
202.308 209.437 191.338 246.78 188.869 257.424
191.338 246.78 202.308 209.437 212.228 173.676
202.308 209.437 212.842 179.484 212.228 173.676
208.332 209.099 203.514 233.712 198.848 261.342
211.615 198.625 208.332 209.099 198.848 261.342
213.187 190.82 211.615 198.625 208.332 209.099
212.842 179.484 213.187 190.82 208.332 209.099
217.869 157.324 208.903 157.628 212.228 173.676
217.869 157.324 212.228 173.676 212.842 179.484
217.869 157.324 212.842 179.484 213.187 190.82
208.903 157.628 217.869 157.324 213.528 150.407
202.308 209.437 202.373 216.773 196.677 246.804
202.373 216.773 202.308 209.437 212.842 179.484
202.576 236.999 203.514 233.712 208.332 209.099
211.615 198.625 209.965 222.426 207.242 239.091
209.965 222.426 211.615 198.625 213.187 190.82
217.295 191.281 209.965 222.426 207.242 239.091
209.965 222.426 217.295 191.281 219.608 178.903
217.028 252.858 220.051 258.697 228.909 260.176
213.545 246.223 217.028 252.858 220.051 258.697
216.824 237.521 213.545 246.223 217.028 252.858
217.587 202.087 216.824 237.521 217.028 252.858
217.295 191.281 217.587 202.087 216.824 237.521
219.608 178.903 217.295 191.281 217.587 202.087
217.587 202.087 219.608 178.903 222.781 171.192
233.642 253.687 228.909 260.176 239.038 262.249
232.054 241.484 233.642 253.687 239.038 262.249
228.024 219.142 232.054 241.484 239.038 262.249
232.054 241.484 228.024 219.142 223.243 207.096
228.024 219.142 228.172 210.655 223.243 207.096
228.024 219.142 236.652 228.754 233.139 232.278
236.652 228.754 228.024 219.142 228.172 210.655
220.051 258.697 228.909 260.176 239.038 262.249
239.038 262.249 220.051 258.697 208.896 258.646
221.355 226.768 232.054 241.484 233.642 253.687
232.054 241.484 221.355 226.768 220.079 221.207
213.545 246.223 216.824 237.521 212.375 227.831
167.301 218.634 169.979 230.187 172.428 248.254
163.007 202.148 167.301 218.634 172.428 248.254
167.301 218.634 163.007 202.148 158.923 177.725
158.923 177.725 163.007 202.148 160.698 209.257
160.698 209.257 158.923 177.725 157.004 171.242
130.783 237.989 132.907 248.965 137.987 259.098
128.501 230.365 130.783 237.989 137.987 259.098
130.783 237.989 128.501 230.365 119.783 209.623
128.501 230.365 126.357 217.788 119.783 209.623
109.481 219.133 113.895 228.747 122.054 250.179
99.6798 197.096 109.481 219.133 122.054 250.179
71.2154 130.663 99.6798 197.096 109.481 219.133
109.481 219.133 71.2154 130.663 60.1787 100.209
71.2154 130.663 86.1053 170.406 121.627 259.938
52.4007 83.9683 60.1787 100.209 71.2154 130.663
52.4007 83.9683 71.2154 130.663 86.1053 170.406
60.1787 100.209 52.4007 83.9683 46.0954 67.5543
98.4731 209.918 102.373 222.201 109.143 241.958
87.3045 177.39 98.4731 209.918 102.373 222.201
52.4007 83.9683 87.3045 177.39 102.373 222.201
102.373 222.201 52.4007 83.9683 46.0954 67.5543
102.373 222.201 109.143 241.958 112.727 253.277
87.858 192.319 102.373 222.201 112.727 253.277
78.9421 171.825 87.858 192.319 102.373 222.201
66.5209 142.211 78.9421 171.825 102.373 222.201
78.9421 171.825 66.5209 142.211 63.4454 136.369
66.5209 142.211 71.4791 150.442 76.2201 162.956
63.4454 136.369 66.5209 142.211 71.4791 150.442
53.7407 111.019 63.4454 136.369 71.4791 150.442
71.4791 150.442 53.7407 111.019 50.346 100.045
66.6389 189.334 69.7319 208.71 69.3586 223.373
62.6004 178.362 66.6389 189.334 69.3586 223.373
62.6004 178.362 69.3586 223.373 71.2366 236.996
59.7839 147.771 62.6004 178.362 66.6389 189.334
53.7407 111.019 59.7839 147.771 66.6389 189.334
59.7839 147.771 53.7407 111.019 50.346 100.045
70.2984 159.286 78.9421 171.825 87.858 192.319
78.9421 171.825 70.2984 159.286 56.9764 128.023
88.7824 217.614 97.9885 249.256 103.974 262.734
81.8959 202.065 88.7824 217.614 97.9885 249.256
71.4008 168.607 81.8959 202.065 88.7824 217.614
81.8959 202.065 71.4008 168.607 56.9764 128.023
71.4008 168.607 70.2984 159.286 56.9764 128.023
78.9747 183.158 102.018 243.223 106.899 256.22
102.018 243.223 78.9747 183.158 70.2984 159.286
78.9747 183.158 71.4008 168.607 70.2984 159.286
81.2641 190.336 78.9747 183.158 71.4008 168.607
96.6761 227.176 102.018 243.223 106.899 256.22
90.8505 206.581 96.6761 227.176 106.899 256.22
96.6761 227.176 90.8505 206.581 88.3269 200.473
90.1611 237.049 97.9885 249.256 103.974 262.734
97.9885 249.256 90.1611 237.049 88.3475 231.894
83.3292 241.443 92.4514 251.369 90.2939 259.379
90.1611 237.049 83.3292 241.443 92.4514 251.369
88.3475 231.894 90.1611 237.049 83.3292 241.443
80.7341 229.171 88.3475 231.894 83.3292 241.443
78.7737 219.123 80.7341 229.171 88.3475 231.894
88.3475 231.894 78.7737 219.123 81.3351 206.089
66.5276 180.22 66.6389 189.334 69.7319 208.71
66.6389 189.334 66.5276 180.22 63.5691 160.725
81.8891 249.446 71.4651 199.158 63.5691 160.725
71.4651 199.158 66.5276 180.22 63.5691 160.725
80.4588 256.438 71.4651 199.158 66.5276 180.22
60.7615 121.508 71.4791 150.442 76.2201 162.956
58.6241 113.616 60.7615 121.508 76.2201 162.956
60.7615 121.508 58.6241 113.616 52.2864 91.6999
81.656 149.221 109.481 219.133 113.895 228.747
76.6038 131.888 81.656 149.221 113.895 228.747
81.656 149.221 76.6038 131.888 72.6785 122.293
58.3247 201.395 49.3738 148.636 39.1549 96.3024
50.0643 167.017 47.5804 182.755 50.3657 190.839
50.0643 167.017 50.3657 190.839 53.106 216.527
47.5804 182.755 50.0643 167.017 46.0609 139.01
61.5952 228.679 61.8684 242.111 62.7516 263.575
57.5117 213.022 61.5952 228.679 61.8684 242.111
50.0643 167.017 57.5117 213.022 61.8684 242.111
57.5117 213.022 50.0643 167.017 46.0609 139.01
69.792 260.014 61.5952 228.679 57.5117 213.022
62.7516 263.575 61.8684 242.111 56.8526 222.607
42.3815 217.795 48.3104 248.967 47.5145 261.256
43.817 209.296 46.3461 209.662 42.3815 217.795
47.5145 261.256 42.3815 217.795 39.6155 198.548
42.3815 217.795 43.817 209.296 39.6155 198.548
36.6404 167.77 43.817 209.296 46.3461 209.662
32.601 151.759 36.6404 167.77 43.817 209.296
36.6404 167.77 32.601 151.759 28.9851 117.969
32.601 151.759 36.9227 191.706 39.9855 232.092
39.9855 232.092 32.601 151.759 28.9851 117.969
43.0853 248.184 36.9227 191.706 32.601 151.759
