46.7878 69.7051 42.4862 81.1642 42.868 81.5261
48.2894 65.3563 46.7878 69.7051 42.868 81.5261
52.7847 52.7834 48.2894 65.3563 42.868 81.5261
61.6448 27.2732 52.7847 52.7834 42.868 81.5261
52.7847 52.7834 61.6448 27.2732 69.768 3.48547
55.6898 45.0797 61.6448 27.2732 69.768 3.48547
65.8273 20.2698 42.868 81.5261 41.5104 85.1724
42.868 81.5261 65.8273 20.2698 65.8602 20.1381
65.8602 20.1381 62.353 28.3409 55.5754 47.1914
62.353 28.3409 65.8602 20.1381 69.2944 10.9721
56.344 52.414 49.2933 77.3143 43.4285 97.3792
61.9881 33.4226 57.4356 48.1535 56.344 52.414
61.9881 33.4226 56.344 52.414 49.2933 77.3143
65.229 22.4029 61.9881 33.4226 57.4356 48.1535
65.8273 20.2698 65.229 22.4029 57.4356 48.1535
69.2944 10.9721 65.8602 20.1381 65.8273 20.2698
69.2944 10.9721 65.8273 20.2698 65.229 22.4029
70.1683 9.36152 67.9097 10.9659 69.2944 10.9721
70.1683 9.36152 69.2944 10.9721 65.229 22.4029
73.7986 0.845002 70.1683 9.36152 65.229 22.4029
70.1683 9.36152 73.7986 0.845002 72.7349 0.758038
49.2261 79.4141 46.3493 90.0697 44.2102 96.9361
61.9881 33.4226 49.2261 79.4141 44.2102 96.9361
49.2261 79.4141 61.9881 33.4226 65.229 22.4029
73.7986 0.845002 84.7141 1.38806 95.9773 2.28441
84.7141 1.38806 73.7986 0.845002 72.7349 0.758038
65.4943 17.7864 69.2944 10.9721 67.9097 10.9659
42.4862 81.1642 42.868 81.5261 41.5104 85.1724
42.4862 81.1642 41.5104 85.1724 37.2836 97.791
41.8755 80.2611 42.4862 81.1642 37.2836 97.791
42.4862 81.1642 41.8755 80.2611 43.9262 75.367
35.3114 90.9 33.6095 93.1636 33.218 95.2408
36.2857 90.3301 35.3114 90.9 33.218 95.2408
38.5468 86.3543 36.2857 90.3301 35.3114 90.9
41.8755 80.2611 38.5468 86.3543 35.3114 90.9
35.3114 90.9 41.8755 80.2611 43.9262 75.367
55.5754 47.1914 62.353 28.3409 62.445 26.9873
85.6964 0.215582 84.7141 1.38806 95.9773 2.28441
84.7141 1.38806 85.6964 0.215582 83.7074 0.0905051
85.6964 0.215582 96.3583 0.115153 83.7074 0.0905051
59.0783 45.6618 49.2261 79.4141 46.3493 90.0697
63.1652 32.5191 59.0783 45.6618 46.3493 90.0697
64.0697 29.2662 63.1652 32.5191 59.0783 45.6618
63.1652 32.5191 64.0697 29.2662 64.5612 28.0844
51.5672 74.7479 46.3493 90.0697 44.2102 96.9361
53.629 67.418 51.5672 74.7479 46.3493 90.0697
64.2889 32.6449 53.629 67.418 46.3493 90.0697
53.629 67.418 64.2889 32.6449 67.5467 22.7556
64.2889 32.6449 59.2779 48.2549 51.8271 72.3012
59.2779 48.2549 64.2889 32.6449 70.7284 12.21
64.2889 32.6449 67.5467 22.7556 70.7284 12.21
67.5467 22.7556 64.1176 36.3675 63.228 37.4328
67.5467 22.7556 63.228 37.4328 46.5314 92.482
64.1176 36.3675 67.5467 22.7556 70.7284 12.21
61.7542 39.3543 59.2779 48.2549 51.8271 72.3012
51.8271 72.3012 61.7542 39.3543 64.0148 31.6108
67.3075 21.6588 61.7542 39.3543 59.2779 48.2549
59.2779 48.2549 67.3075 21.6588 67.6063 21.3571
73.2713 29.3402 64.1176 36.3675 63.228 37.4328
73.8692 28.8267 73.2713 29.3402 64.1176 36.3675
71.3097 28.6101 73.8692 28.8267 64.1176 36.3675
70.4985 28.4697 71.3097 28.6101 64.1176 36.3675
72.046 25.8936 70.4985 28.4697 64.1176 36.3675
70.4985 28.4697 72.046 25.8936 74.8533 23.3747
74.8533 23.3747 72.046 25.8936 68.6026 27.4716
76.2665 21.2496 74.8533 23.3747 68.6026 27.4716
68.6026 27.4716 76.2665 21.2496 76.0027 19.5906
69.516 35.609 66.0689 40.7478 63.1762 41.3441
72.1551 32.121 69.516 35.609 63.1762 41.3441
73.2713 29.3402 72.1551 32.121 63.1762 41.3441
72.1551 32.121 73.2713 29.3402 73.8692 28.8267
57.4613 59.1581 66.0689 40.7478 69.516 35.609
60.6647 67.3079 57.7844 78.633 56.3567 83.3743
69.1637 36.9153 60.6647 67.3079 57.7844 78.633
69.516 35.609 69.1637 36.9153 60.6647 67.3079
69.1637 36.9153 69.516 35.609 72.1551 32.121
74.8533 23.3747 76.2665 21.2496 81.611 13.3081
76.2665 21.2496 80.4399 14.1575 81.611 13.3081
81.611 13.3081 80.4399 14.1575 80.0217 14.2993
69.4092 21.4555 80.0217 14.2993 83.1322 12.0317
80.0217 14.2993 81.611 13.3081 83.1322 12.0317
80.0217 14.2993 72.5446 19.8506 68.9261 23.0533
68.9261 23.0533 80.0217 14.2993 80.4399 14.1575
83.1322 12.0317 81.611 13.3081 79.8164 17.4554
79.8164 17.4554 83.1322 12.0317 85.7212 8.14142
77.9083 13.4471 72.1452 17.2913 71.8703 18.1139
80.5234 12.3226 73.2062 12.7457 77.9083 13.4471
80.5234 12.3226 77.9083 13.4471 71.8703 18.1139
83.1322 12.0317 80.5234 12.3226 71.8703 18.1139
80.5234 12.3226 83.1322 12.0317 85.7212 8.14142
71.2772 12.5687 73.2062 12.7457 77.9083 13.4471
72.0266 10.9361 71.2772 12.5687 73.2062 12.7457
71.2772 12.5687 72.0266 10.9361 74.3766 4.21067
78.243 11.0114 80.5234 12.3226 73.2062 12.7457
77.3697 10.0689 78.243 11.0114 80.5234 12.3226
74.7968 7.43714 77.3697 10.0689 78.243 11.0114
78.243 11.0114 74.7968 7.43714 73.6993 6.64706
74.7968 7.43714 78.2521 7.11852 73.6993 6.64706
77.6142 8.3824 74.7968 7.43714 78.2521 7.11852
73.6993 6.64706 78.2521 7.11852 81.5816 7.29326
76.9458 6.58271 73.6993 6.64706 81.5816 7.29326
82.932 4.04315 76.9458 6.58271 73.6993 6.64706
73.6993 6.64706 82.932 4.04315 77.1961 4.04126
73.8692 28.8267 71.4771 37.3191 69.3159 38.701
75.6271 25.0971 71.3097 28.6101 73.8692 28.8267
75.6271 25.0971 73.8692 28.8267 71.4771 37.3191
74.7946 24.8601 77.0858 24.8759 75.6271 25.0971
74.7946 24.8601 75.6271 25.0971 71.3097 28.6101
88.3275 10.0933 74.7946 24.8601 71.3097 28.6101
71.3097 28.6101 88.3275 10.0933 93.626 4.31051
77.7319 21.793 88.3275 10.0933 93.626 4.31051
94.5698 22.3988 77.0858 24.8759 75.6271 25.0971
75.6271 25.0971 94.5698 22.3988 99.9141 21.6707
94.5698 22.3988 90.1929 21.8968 99.9141 21.6707
99.9141 21.6707 90.1929 21.8968 80.9981 22.0876
97.7052 21.5846 99.9141 21.6707 80.9981 22.0876
92.3742 20.9027 97.7052 21.5846 99.9141 21.6707
93.3593 19.7195 92.3742 20.9027 99.9141 21.6707
94.2912 18.0251 93.3593 19.7195 92.3742 20.9027
97.0915 11.1045 94.2912 18.0251 92.3742 20.9027
94.2912 18.0251 97.0915 11.1045 99.9552 9.08114
97.0915 11.1045 93.8221 12.8689 88.5492 17.2778
93.8221 12.8689 97.0915 11.1045 99.9552 9.08114
97.7052 21.5846 92.3742 20.9027 80.8227 20.3577
94.298 9.13066 93.8221 12.8689 88.5492 17.2778
93.8221 12.8689 94.298 9.13066 96.301 4.18324
90.0922 11.5453 94.298 9.13066 96.301 4.18324
79.4561 32.6955 77.9542 34.2804 71.4771 37.3191
81.8475 30.2475 79.3795 31.3094 79.4561 32.6955
81.8475 30.2475 79.4561 32.6955 77.9542 34.2804
86.1368 27.2579 81.8475 30.2475 77.9542 34.2804
81.8475 30.2475 86.1368 27.2579 86.1708 26.5868
77.9542 34.2804 71.4771 37.3191 69.3159 38.701
91.2055 27.6327 77.9542 34.2804 69.3159 38.701
94.7511 25.8668 91.2055 27.6327 69.3159 38.701
91.2055 27.6327 94.7511 25.8668 98.2683 23.5115
94.7511 25.8668 98.9604 25.2763 98.2683 23.5115
82.2264 37.2892 73.059 47.1922 67.4654 51.5139
84.6228 35.8741 82.2264 37.2892 73.059 47.1922
85.0985 32.0882 84.6228 35.8741 82.2264 37.2892
94.4208 26.1705 85.0985 32.0882 84.6228 35.8741
85.0985 32.0882 94.4208 26.1705 94.7511 25.8668
98.1114 47.085 97.7753 61.0207 97.4942 66.265
98.7034 29.9571 98.1114 47.085 97.7753 61.0207
94.7511 25.8668 94.4208 26.1705 98.7034 29.9571
97.7753 61.0207 98.7034 29.9571 98.9604 25.2763
98.7034 29.9571 94.7511 25.8668 98.9604 25.2763
93.2494 48.839 92.143 54.343 89.4286 63.356
97.757 33.19 93.2494 48.839 92.143 54.343
96.6502 30.046 96.1527 31.8139 97.757 33.19
98.7034 29.9571 96.6502 30.046 97.757 33.19
98.7034 29.9571 97.757 33.19 92.143 54.343
96.6502 30.046 98.7034 29.9571 94.4208 26.1705
93.3715 36.7686 83.5916 56.6006 80.2676 63.5336
96.1527 31.8139 95.8202 32.9482 93.3715 36.7686
83.5916 56.6006 93.3715 36.7686 96.6502 30.046
93.3715 36.7686 96.1527 31.8139 96.6502 30.046
93.9708 37.8587 80.3028 75.6679 72.6663 96.0524
80.3028 75.6679 93.9708 37.8587 95.8202 32.9482
93.9708 37.8587 93.3715 36.7686 95.8202 32.9482
95.8202 32.9482 84.5088 72.1199 79.4136 90.4507
79.4136 90.4507 95.8202 32.9482 96.1527 31.8139
93.1423 46.6914 91.4115 52.3903 89.8409 57.38
93.146 46.6801 93.1423 46.6914 91.4115 52.3903
95.7894 38.4241 93.146 46.6801 93.1423 46.6914
97.757 33.19 95.7894 38.4241 93.146 46.6801
95.7894 38.4241 97.757 33.19 96.1527 31.8139
80.2268 93.6891 93.2494 48.839 97.757 33.19
97.2495 62.5614 98.1114 47.085 98.7034 29.9571
76.0004 31.1391 79.3795 31.3094 79.4561 32.6955
78.4653 30.5575 76.0004 31.1391 79.3795 31.3094
79.3795 31.3094 78.4653 30.5575 78.5124 26.1496
80.501 29.4256 81.8475 30.2475 79.3795 31.3094
79.3795 31.3094 80.501 29.4256 80.2248 27.3081
81.8475 30.2475 80.501 29.4256 85.0052 26.0813
97.4942 66.265 96.4831 68.2788 96.7773 77.7404
97.4942 66.265 96.7773 77.7404 95.9811 95.5812
97.7753 61.0207 97.4942 66.265 95.9811 95.5812
98.0216 57.6449 97.7753 61.0207 95.9811 95.5812
99.0217 51.2793 98.9898 51.6347 98.4517 54.9206
99.0217 51.2793 98.4517 54.9206 98.0216 57.6449
97.7753 61.0207 98.0216 57.6449 98.3413 47.171
98.0216 57.6449 99.0217 51.2793 98.3413 47.171
96.4831 68.2788 93.977 71.3021 94.606 71.5059
93.977 71.3021 96.4831 68.2788 97.4942 66.265
97.6269 85.1109 98.0128 64.0292 98.4517 54.9206
98.0128 64.0292 98.0216 57.6449 98.4517 54.9206
99.0598 80.0324 98.4517 54.9206 98.9898 51.6347
99.0217 51.2793 98.9898 51.6347 99.6498 56.5994
99.4312 41.3156 99.0217 51.2793 99.6498 56.5994
99.4312 41.3156 99.6498 56.5994 99.9296 73.5349
99.618 38.5576 99.4312 41.3156 99.9296 73.5349
99.4312 41.3156 99.618 38.5576 99.6313 36.875
93.3774 73.237 92.0781 83.2887 92.121 83.7539
94.606 71.5059 93.3774 73.237 92.121 83.7539
93.977 71.3021 94.606 71.5059 93.3774 73.237
93.3774 73.237 93.977 71.3021 96.5567 59.5841
94.057 83.2653 92.121 83.7539 91.1215 86.3575
95.156 82.713 94.057 83.2653 92.121 83.7539
92.121 83.7539 95.156 82.713 95.2234 80.6349
94.057 83.2653 94.7197 86.0802 91.4173 93.1472
94.057 83.2653 91.4173 93.1472 90.1249 96.8875
94.7197 86.0802 94.057 83.2653 95.156 82.713
92.0781 83.2887 92.121 83.7539 91.1215 86.3575
92.5424 71.5749 92.0781 83.2887 91.1215 86.3575
92.949 65.552 92.5424 71.5749 92.0781 83.2887
94.6161 54.9374 92.949 65.552 92.0781 83.2887
92.0781 83.2887 94.6161 54.9374 95.1333 49.2171
92.949 65.552 94.6161 54.9374 94.6054 52.9356
92.0781 83.2887 93.3774 73.237 96.8921 44.6465
93.3606 50.9582 92.143 54.343 89.4286 63.356
92.143 54.343 93.3606 50.9582 93.9185 49.1254
93.5462 52.0854 92.6495 59.3847 90.6772 80.8233
90.6772 80.8233 93.5462 52.0854 93.9185 49.1254
93.5462 52.0854 93.3606 50.9582 93.9185 49.1254
88.9363 81.5771 86.5203 84.3988 87.1 90.9791
88.9363 81.5771 87.1 90.9791 86.873 96.4191
91.011 67.3984 88.9363 81.5771 86.873 96.4191
88.9363 81.5771 91.011 67.3984 93.3606 50.9582
91.011 67.3984 93.5462 52.0854 93.3606 50.9582
89.4887 80.9509 92.6495 59.3847 93.5462 52.0854
81.5353 95.3101 85.9992 96.4476 81.8932 98.6637
86.6566 91.2109 81.5353 95.3101 85.9992 96.4476
87.1 90.9791 86.6566 91.2109 85.9992 96.4476
86.5203 84.3988 87.1 90.9791 86.6566 91.2109
85.3096 81.8647 86.5203 84.3988 86.6566 91.2109
86.4731 80.4312 85.3096 81.8647 86.5203 84.3988
86.5203 84.3988 86.4731 80.4312 87.7093 74.8838
86.3589 91.0879 86.6566 91.2109 81.5353 95.3101
86.6566 91.2109 86.3589 91.0879 83.8047 86.3907
82.0054 91.6408 85.3096 81.8647 85.6917 79.6206
85.3096 81.8647 86.4731 80.4312 85.6917 79.6206
89.8409 57.38 88.0409 64.4261 86.8581 68.6536
91.4115 52.3903 89.8409 57.38 88.0409 64.4261
88.0409 64.4261 91.4115 52.3903 92.2464 50.3665
79.4136 90.4507 84.5088 72.1199 84.786 68.4674
86.7983 48.0149 83.5916 56.6006 80.2676 63.5336
83.5916 56.6006 86.7983 48.0149 91.6334 38.381
70.6615 81.0674 65.6149 88.7346 64.2742 90.5836
72.3334 78.6024 70.9608 80.2094 70.6615 81.0674
72.3334 78.6024 70.6615 81.0674 65.6149 88.7346
79.0876 63.5387 72.3334 78.6024 70.9608 80.2094
81.6287 58.1463 79.0876 63.5387 70.9608 80.2094
86.7983 48.0149 81.6287 58.1463 79.0876 63.5387
81.6287 58.1463 86.7983 48.0149 91.6334 38.381
75.0673 76.1692 65.6149 88.7346 64.2742 90.5836
83.1162 64.6717 77.3913 73.9297 75.0673 76.1692
83.1162 64.6717 75.0673 76.1692 65.6149 88.7346
65.6149 88.7346 83.1162 64.6717 82.9609 64.6556
78.3348 77.7827 73.5317 89.9822 69.9304 98.5756
78.5081 76.6606 78.3348 77.7827 69.9304 98.5756
82.1285 67.682 78.5081 76.6606 78.3348 77.7827
83.2113 63.8052 82.9609 64.6556 83.1162 64.6717
84.0059 62.8388 83.2113 63.8052 83.1162 64.6717
84.0059 62.8388 83.1162 64.6717 82.1285 67.682
84.0059 62.8388 82.1285 67.682 78.3348 77.7827
83.2113 63.8052 84.0059 62.8388 83.8354 60.2037
75.3127 78.0283 75.3157 78.1946 63.7041 99.0479
77.3913 73.9297 75.3127 78.0283 75.3157 78.1946
75.3157 78.1946 77.3913 73.9297 83.1162 64.6717
82.1285 67.682 77.2571 77.5587 68.6762 94.9046
68.6762 94.9046 82.1285 67.682 83.1162 64.6717
73.6382 86.73 78.5081 76.6606 82.1285 67.682
82.9609 64.6556 83.2113 63.8052 83.8054 58.2213
83.3008 43.1673 73.1852 74.0141 70.9608 80.2094
83.3008 43.1673 70.9608 80.2094 70.6615 81.0674
73.1852 74.0141 83.3008 43.1673 83.8734 42.758
72.6501 50.5988 73.3363 50.9168 70.259 52.2559
83.3008 43.1673 72.6501 50.5988 70.259 52.2559
70.259 52.2559 83.3008 43.1673 83.8734 42.758
67.1037 76.1453 57.9596 93.6627 56.2085 96.7691
75.0065 60.9863 67.1037 76.1453 56.2085 96.7691
75.784 59.6483 75.0065 60.9863 67.1037 76.1453
75.681 57.2583 75.784 59.6483 75.0065 60.9863
75.5257 51.8058 75.681 57.2583 75.0065 60.9863
73.3363 50.9168 74.155 51.7782 75.5257 51.8058
72.6501 50.5988 73.3363 50.9168 75.5257 51.8058
80.3945 50.4642 72.6501 50.5988 75.5257 51.8058
80.3945 50.4642 75.5257 51.8058 75.681 57.2583
80.7708 49.0335 80.3945 50.4642 72.6501 50.5988
81.806 46.6647 80.7708 49.0335 80.3945 50.4642
80.7708 49.0335 81.806 46.6647 81.3628 46.6411
64.1797 60.5965 75.0163 52.0638 74.155 51.7782
75.0163 52.0638 75.5257 51.8058 74.155 51.7782
63.7211 70.0851 62.6538 71.5475 61.7602 72.3507
73.8659 54.2383 63.7211 70.0851 61.7602 72.3507
59.9729 75.0504 61.7602 72.3507 75.0163 52.0638
61.7602 72.3507 73.8659 54.2383 75.0163 52.0638
73.8659 54.2383 74.8815 52.9878 75.0163 52.0638
72.9247 57.5695 64.584 75.9685 59.9311 86.6408
59.9311 86.6408 72.9247 57.5695 75.5257 51.8058
72.9247 57.5695 74.8815 52.9878 75.5257 51.8058
74.8815 52.9878 75.0163 52.0638 75.5257 51.8058
70.7265 60.3598 73.8659 54.2383 74.8815 52.9878
69.8075 63.501 58.3108 84.2092 56.4339 88.129
72.9247 57.5695 69.8075 63.501 58.3108 84.2092
58.3108 84.2092 72.9247 57.5695 74.8815 52.9878
63.3915 77.2734 55.4216 92.4952 54.9202 94.8323
54.9202 94.8323 63.3915 77.2734 72.9247 57.5695
63.3915 77.2734 69.8075 63.501 72.9247 57.5695
75.784 59.6483 76.4191 60.1508 73.6343 66.9753
76.4191 60.1508 75.784 59.6483 75.681 57.2583
57.9596 93.6627 56.2085 96.7691 55.9165 97.3375
64.5398 82.8009 57.9596 93.6627 55.9165 97.3375
57.9596 93.6627 64.5398 82.8009 70.639 71.3812
64.5398 82.8009 64.1821 84.6937 59.0024 93.5389
64.1821 84.6937 64.5398 82.8009 70.639 71.3812
59.0024 93.5389 64.1821 84.6937 67.26 79.8223
68.591 70.012 56.2085 96.7691 55.9165 97.3375
55.9165 97.3375 68.591 70.012 69.6844 67.3122
77.6264 62.0662 73.1852 74.0141 70.9608 80.2094
73.1852 74.0141 77.6264 62.0662 80.5502 53.4742
77.6264 62.0662 79.18 58.4465 80.5502 53.4742
78.9775 59.5523 75.9801 68.8675 75.2029 70.5102
79.18 58.4465 78.9775 59.5523 75.2029 70.5102
78.9775 59.5523 79.18 58.4465 80.5502 53.4742
75.9801 68.8675 78.9775 59.5523 85.7577 42.0352
81.1778 57.1106 79.8067 60.4636 75.9801 68.8675
82.4553 52.9683 81.1778 57.1106 75.9801 68.8675
75.9801 68.8675 82.4553 52.9683 88.601 37.2593
75.2029 70.5102 75.9801 68.8675 82.0256 56.4622
75.9801 68.8675 79.8067 60.4636 82.0256 56.4622
81.1778 57.1106 82.4553 52.9683 83.3988 51.2204
79.8067 60.4636 81.1778 57.1106 89.5726 37.4377
89.0608 33.1631 77.681 44.5455 73.059 47.1922
77.681 44.5455 89.0608 33.1631 92.9701 30.3761
73.059 47.1922 67.4654 51.5139 65.6199 53.548
77.681 44.5455 73.059 47.1922 65.6199 53.548
65.6199 53.548 77.681 44.5455 78.7155 43.8269
74.2875 42.8208 67.4654 51.5139 65.6199 53.548
77.5377 36.8629 77.1966 37.4151 74.2875 42.8208
67.4654 51.5139 74.2875 42.8208 82.2682 32.9698
74.2875 42.8208 77.5377 36.8629 82.2682 32.9698
73.8206 39.3384 70.9392 41.4608 72.1753 42.2056
77.5377 36.8629 77.1966 37.4151 73.8206 39.3384
70.9392 41.4608 73.8206 39.3384 77.4551 36.1571
73.8206 39.3384 77.5377 36.8629 77.4551 36.1571
70.9392 41.4608 72.1753 42.2056 70.7661 44.5938
70.7661 44.5938 70.9392 41.4608 70.2532 40.4309
56.3567 83.3743 55.4064 85.919 52.357 98.4765
57.7844 78.633 56.3567 83.3743 52.357 98.4765
61.4703 66.0572 57.7844 78.633 52.357 98.4765
57.7844 78.633 61.4703 66.0572 67.6105 42.8231
55.5257 89.1674 61.4703 66.0572 67.6105 42.8231
57.9671 74.5099 55.4064 85.919 52.357 98.4765
55.4064 85.919 57.9671 74.5099 60.7278 64.7537
56.9189 74.9188 54.9448 81.3705 53.4748 90.5289
57.3361 74.7394 56.9189 74.9188 53.4748 90.5289
57.9671 74.5099 57.3361 74.7394 53.4748 90.5289
60.7278 64.7537 57.9671 74.5099 57.3361 74.7394
57.3361 74.7394 60.7278 64.7537 62.7852 55.5717
51.3405 88.2624 49.3616 88.7757 49.5927 91.2314
51.3405 88.2624 49.5927 91.2314 48.0541 97.6798
52.4824 87.4755 51.3405 88.2624 48.0541 97.6798
54.9448 81.3705 52.4824 87.4755 51.3405 88.2624
51.3405 88.2624 54.9448 81.3705 56.9189 74.9188
49.3616 88.7757 49.5927 91.2314 47.9323 93.6531
47.9323 93.6531 49.3616 88.7757 55.7835 64.5537
49.3616 88.7757 51.3405 88.2624 51.1387 83.9583
53.2232 74.4657 57.3361 74.7394 56.9189 74.9188
55.752 70.6704 53.2232 74.4657 57.3361 74.7394
53.2232 74.4657 55.752 70.6704 61.9443 53.3887
55.4064 85.919 56.3567 83.3743 63.2344 56.4119
58.3376 43.9449 57.4356 48.1535 56.344 52.414
57.4356 48.1535 58.3376 43.9449 60.3113 37.8497
44.5806 85.628 44.6899 85.7278 42.6641 88.8495
55.1578 53.1953 44.5806 85.628 44.6899 85.7278
58.3376 43.9449 55.1921 52.0444 55.1578 53.1953
58.3376 43.9449 55.1578 53.1953 44.6899 85.7278
55.1921 52.0444 58.3376 43.9449 60.3113 37.8497
44.6899 85.7278 42.6641 88.8495 39.9549 94.3481
39.9549 94.3481 44.6899 85.7278 46.7831 83.4414
55.1921 52.0444 55.1578 53.1953 51.1123 65.2203
55.019 50.4348 55.1921 52.0444 51.1123 65.2203
55.1921 52.0444 55.019 50.4348 55.7577 48.8352
37.2642 71.378 33.6095 93.1636 33.218 95.2408
33.6095 93.1636 37.2642 71.378 41.3125 51.1379
35.6114 79.687 34.6918 84.0777 33.0255 92.6014
37.2642 71.378 35.6114 79.687 34.6918 84.0777
34.6918 84.0777 37.2642 71.378 41.3125 51.1379
33.4027 91.7641 35.6114 79.687 37.2642 71.378
36.8976 67.9893 34.6918 84.0777 33.0255 92.6014
34.6918 84.0777 36.8976 67.9893 37.8236 65.7915
35.6668 70.4244 32.4997 76.2204 29.4972 80.4969
36.8976 67.9893 35.6668 70.4244 29.4972 80.4969
23.1975 91.2277 29.4972 80.4969 37.8236 65.7915
29.4972 80.4969 36.8976 67.9893 37.8236 65.7915
28.8222 89.527 30.937 90.0747 26.1511 95.1779
35.6668 70.4244 28.8222 89.527 26.1511 95.1779
28.8222 89.527 35.6668 70.4244 36.8976 67.9893
27.1378 85.4059 29.4972 80.4969 32.4997 76.2204
30.937 90.0747 29.0061 95.5234 28.9426 98.7266
28.9426 98.7266 30.937 90.0747 33.294 85.3983
30.937 90.0747 28.8222 89.527 33.294 85.3983
35.6809 88.2175 35.3114 90.9 33.6095 93.1636
37.4024 83.6508 35.6809 88.2175 33.6095 93.1636
45.8105 59.9916 37.4024 83.6508 33.6095 93.1636
37.4024 83.6508 45.8105 59.9916 46.0304 59.667
45.191 60.2472 42.7805 65.6565 40.8571 70.2748
45.8105 59.9916 45.191 60.2472 40.8571 70.2748
46.0304 59.667 45.8105 59.9916 45.191 60.2472
45.896 59.429 46.0304 59.667 45.191 60.2472
44.0303 58.2614 45.896 59.429 45.191 60.2472
41.4117 57.9934 44.0303 58.2614 45.191 60.2472
44.0303 58.2614 41.4117 57.9934 41.1468 53.5778
36.6469 78.548 42.7805 65.6565 45.191 60.2472
46.0406 56.7462 44.0303 58.2614 45.896 59.429
45.896 59.429 46.0406 56.7462 47.3962 48.1371
47.763 47.344 45.896 59.429 46.0304 59.667
46.0304 59.667 47.763 47.344 48.0056 45.6756
48.0056 45.6756 47.763 47.344 45.1653 48.345
45.6097 44.971 48.0056 45.6756 45.1653 48.345
48.0056 45.6756 45.6097 44.971 47.2446 40.1101
17.7946 90.0902 19.321 90.7444 17.9949 93.4078
27.4 73.7608 17.7946 90.0902 19.321 90.7444
33.3136 63.6845 27.4 73.7608 17.7946 90.0902
38.8502 54.1352 33.3136 63.6845 17.7946 90.0902
39.7515 52.5877 38.8502 54.1352 17.7946 90.0902
43.6054 47.4651 39.7515 52.5877 38.8502 54.1352
45.6097 44.971 43.6054 47.4651 38.8502 54.1352
43.6054 47.4651 45.6097 44.971 47.2446 40.1101
16.1719 84.8937 15.2534 86.1517 14.5936 87.3053
28.8437 67.0081 16.1719 84.8937 14.5936 87.3053
31.6326 62.976 28.8437 67.0081 16.1719 84.8937
39.7515 52.5877 31.6326 62.976 28.8437 67.0081
31.6326 62.976 39.7515 52.5877 43.6054 47.4651
33.3136 63.6845 28.9053 72.5914 26.5561 76.2323
28.9053 72.5914 33.3136 63.6845 38.8502 54.1352
32.6841 66.6014 30.1842 70.8109 28.9053 72.5914
30.1842 70.8109 32.6841 66.6014 39.8103 56.8942
30.1842 70.8109 28.9053 72.5914 26.5561 76.2323
26.5561 76.2323 30.1842 70.8109 35.8161 64.0994
20.9166 90.6766 19.321 90.7444 17.9949 93.4078
24.0622 85.4351 20.9166 90.6766 19.321 90.7444
20.9166 90.6766 24.0622 85.4351 30.2156 76.8589
14.5936 87.3053 11.5076 93.0322 10.1233 95.5637
15.6342 85.2842 15.2534 86.1517 14.5936 87.3053
15.6342 85.2842 14.5936 87.3053 10.1233 95.5637
16.9659 81.6882 15.5382 81.9688 15.6342 85.2842
15.2534 86.1517 15.6342 85.2842 21.6455 72.4221
15.6342 85.2842 16.9659 81.6882 21.6455 72.4221
19.1172 83.1214 11.5076 93.0322 10.1233 95.5637
23.586 77.3128 19.1172 83.1214 10.1233 95.5637
19.1172 83.1214 23.586 77.3128 24.9364 74.0108
23.586 77.3128 26.5414 74.1704 24.9364 74.0108
26.099 75.2748 17.8681 87.0498 16.9806 87.6792
26.5414 74.1704 26.099 75.2748 16.9806 87.6792
25.2396 72.7861 24.9364 74.0108 26.5414 74.1704
29.5135 69.1261 25.2396 72.7861 26.5414 74.1704
29.5135 69.1261 26.5414 74.1704 26.099 75.2748
25.2396 72.7861 29.5135 69.1261 29.5517 68.3291
6.9288 91.1048 5.03523 94.3981 0.871504 99.0008
7.74624 90.7519 6.9288 91.1048 5.03523 94.3981
15.5382 81.9688 7.74624 90.7519 6.9288 91.1048
15.0453 81.5593 16.9659 81.6882 15.5382 81.9688
15.0453 81.5593 15.5382 81.9688 6.9288 91.1048
16.2499 80.3205 15.0453 81.5593 16.9659 81.6882
16.9659 81.6882 16.2499 80.3205 17.0315 79.6398
1.33477 89.2734 16.2499 80.3205 17.0315 79.6398
21.0959 76.1603 16.1719 84.8937 15.2534 86.1517
27.8501 66.8789 21.0959 76.1603 16.1719 84.8937
37.9205 51.6592 27.8501 66.8789 16.1719 84.8937
16.1719 84.8937 37.9205 51.6592 40.3573 48.6765
33.3447 57.9054 27.8501 66.8789 21.0959 76.1603
27.8501 66.8789 33.3447 57.9054 35.5598 54.8001
24.0001 69.7951 33.3447 57.9054 35.5598 54.8001
35.6809 88.2175 37.4024 83.6508 45.0929 64.856
35.3114 90.9 35.6809 88.2175 39.7765 80.2593
46.8938 69.0275 46.7878 69.7051 42.4862 81.1642
48.9724 56.0898 46.8938 69.0275 46.7878 69.7051
51.0542 44.8112 48.9724 56.0898 46.7878 69.7051
56.3139 16.3506 51.0542 44.8112 46.7878 69.7051
51.0542 44.8112 56.3139 16.3506 56.7823 12.5907
54.6359 26.7323 54.4879 29.7223 51.6961 45.1449
56.3139 16.3506 54.6359 26.7323 54.4879 29.7223
57.648 8.90004 56.7823 12.5907 56.3139 16.3506
57.648 8.90004 56.3139 16.3506 54.4879 29.7223
56.7823 12.5907 57.648 8.90004 57.6718 8.05647
56.4215 36.4938 55.7552 38.9559 54.4206 41.0279
56.5649 33.0147 56.4215 36.4938 54.4206 41.0279
56.5675 31.3014 56.5649 33.0147 54.4206 41.0279
57.6559 16.8962 56.5675 31.3014 56.5649 33.0147
57.648 8.90004 57.6559 16.8962 56.5675 31.3014
57.6559 16.8962 57.648 8.90004 57.6718 8.05647
49.128 52.9103 48.9724 56.0898 46.8938 69.0275
49.8515 47.5836 49.128 52.9103 46.8938 69.0275
50.2676 42.5322 49.8515 47.5836 46.8938 69.0275
51.8065 32.1916 49.784 40.765 50.2676 42.5322
51.8065 32.1916 50.2676 42.5322 49.8515 47.5836
49.8515 47.5836 51.8065 32.1916 51.9663 31.9888
48.9719 50.3101 47.3313 57.6864 46.8825 61.9002
50.2676 42.5322 48.9719 50.3101 47.3313 57.6864
47.3313 57.6864 50.2676 42.5322 49.784 40.765
51.8065 32.1916 31.1925 58.6081 17.0634 76.0356
17.0634 76.0356 51.8065 32.1916 51.9663 31.9888
46.8825 61.9002 47.3313 57.6864 49.6443 35.93
31.1925 58.6081 17.0634 76.0356 12.1884 82.4169
12.1884 82.4169 31.1925 58.6081 37.0397 51.7508
37.572 49.0824 36.333 51.191 17.0634 76.0356
37.572 49.0824 17.0634 76.0356 12.1884 82.4169
42.6444 41.8476 37.572 49.0824 36.333 51.191
36.333 51.191 42.6444 41.8476 43.974 40.8863
25.1724 64.1508 37.572 49.0824 42.6444 41.8476
36.3313 45.9646 23.4295 54.0808 3.85713 66.3406
42.6444 41.8476 36.3313 45.9646 3.85713 66.3406
3.85713 66.3406 42.6444 41.8476 43.974 40.8863
5.43232 67.213 4.92106 68.1632 0.919359 70.4436
15.9129 60.7509 5.43232 67.213 4.92106 68.1632
22.801 55.8822 15.9129 60.7509 5.43232 67.213
5.43232 67.213 22.801 55.8822 36.3313 45.9646
17.168 60.1515 8.91027 67.0927 0.692613 72.4352
22.801 55.8822 17.168 60.1515 0.692613 72.4352
36.3313 45.9646 22.801 55.8822 17.168 60.1515
17.168 60.1515 36.3313 45.9646 42.6444 41.8476
20.5241 59.3586 14.7456 63.3336 8.91027 67.0927
14.7456 63.3336 20.5241 59.3586 27.1362 55.2048
14.7456 63.3336 8.91027 67.0927 0.692613 72.4352
27.5314 56.2206 14.7456 63.3336 0.692613 72.4352
14.7456 63.3336 27.5314 56.2206 32.5115 52.3269
10.7174 69.108 9.36709 70.0738 9.00699 70.8083
24.8075 58.4456 10.7174 69.108 9.00699 70.8083
10.7174 69.108 24.8075 58.4456 27.5314 56.2206
21.2399 61.4193 16.5175 65.3464 8.44516 71.8917
24.8075 58.4456 21.2399 61.4193 8.44516 71.8917
27.5314 56.2206 24.8075 58.4456 21.2399 61.4193
21.2399 61.4193 27.5314 56.2206 32.5115 52.3269
19.0923 63.8331 16.5175 65.3464 8.44516 71.8917
16.5175 65.3464 19.0923 63.8331 26.3569 57.4936
3.60528 84.532 6.98524 84.8181 4.13431 85.9756
4.11651 83.8017 3.60528 84.532 6.98524 84.8181
6.83338 82.9652 4.11651 83.8017 6.98524 84.8181
8.03852 76.0653 6.83338 82.9652 6.98524 84.8181
9.30529 73.7891 10.0598 74.5184 8.03852 76.0653
8.80757 73.1019 9.30529 73.7891 8.03852 76.0653
8.40098 73.048 8.80757 73.1019 8.03852 76.0653
8.40098 73.048 8.03852 76.0653 6.83338 82.9652
14.3571 67.7994 8.40098 73.048 8.80757 73.1019
19.0923 63.8331 14.3571 67.7994 8.80757 73.1019
8.80757 73.1019 19.0923 63.8331 26.3569 57.4936
8.03852 76.0653 11.5703 76.3597 10.5291 79.8628
11.5703 76.3597 8.03852 76.0653 10.0598 74.5184
10.0598 74.5184 15.3422 74.918 13.2773 76.9544
15.3422 74.918 10.0598 74.5184 9.30529 73.7891
12.4422 70.099 11.1349 72.0264 8.80757 73.1019
8.80757 73.1019 12.4422 70.099 30.2175 55.2829
11.1349 72.0264 8.80757 73.1019 9.30529 73.7891
15.9089 68.0536 11.1349 72.0264 9.30529 73.7891
17.4242 67.5088 15.9089 68.0536 9.30529 73.7891
15.9089 68.0536 17.4242 67.5088 19.7712 65.4431
17.4242 67.5088 13.8883 70.8012 13.4607 71.3275
19.7712 65.4431 17.4242 67.5088 13.4607 71.3275
24.9056 62.5898 19.7712 65.4431 13.4607 71.3275
19.7712 65.4431 24.9056 62.5898 25.4958 62.0483
24.9056 62.5898 22.502 66.1306 14.11 73.7606
22.502 66.1306 24.9056 62.5898 25.4958 62.0483
4.11651 83.8017 6.83338 82.9652 6.49239 81.4346
9.36709 70.0738 9.00699 70.8083 6.06073 75.3927
9.02135 68.9961 9.36709 70.0738 6.06073 75.3927
9.14884 68.0763 9.02135 68.9961 9.36709 70.0738
9.36709 70.0738 9.14884 68.0763 12.6746 65.8464
0.413353 82.1436 9.02135 68.9961 9.14884 68.0763
9.36709 70.0738 10.7174 69.108 18.1448 62.646
51.7035 35.1955 49.8515 47.5836 49.128 52.9103
49.128 52.9103 51.7035 35.1955 54.4233 18.1712
51.7035 35.1955 53.5138 19.0601 54.4233 18.1712
53.5138 19.0601 41.6506 30.4999 16.1211 54.8657
16.1211 54.8657 53.5138 19.0601 54.4233 18.1712
32.2828 39.6193 16.3093 55.4959 14.1362 57.4964
41.6506 30.4999 32.2828 39.6193 16.3093 55.4959
16.3093 55.4959 41.6506 30.4999 53.5138 19.0601
34.5084 40.796 22.4373 50.9984 16.3093 55.4959
39.0645 37.3969 36.8233 38.0924 34.5084 40.796
39.0645 37.3969 34.5084 40.796 22.4373 50.9984
44.5922 31.5108 39.0645 37.3969 36.8233 38.0924
36.8233 38.0924 44.5922 31.5108 52.0169 22.5086
22.4373 50.9984 16.3093 55.4959 14.1362 57.4964
34.5958 42.1098 22.4373 50.9984 14.1362 57.4964
36.9767 40.5655 34.5958 42.1098 14.1362 57.4964
34.5958 42.1098 36.9767 40.5655 40.7253 37.7334
36.9767 40.5655 37.6252 41.0065 37.1684 42.4336
40.7253 37.7334 36.9767 40.5655 37.6252 41.0065
37.6252 41.0065 40.7253 37.7334 50.3252 28.3194
38.7787 34.237 36.8233 38.0924 34.5084 40.796
36.8233 38.0924 38.7787 34.237 49.1143 23.9061
21.3249 53.6478 5.46796 62.9401 2.24955 65.3028
25.9465 50.7791 21.3249 53.6478 5.46796 62.9401
30.7386 48.0311 28.8962 48.0786 25.9465 50.7791
30.7386 48.0311 25.9465 50.7791 21.3249 53.6478
37.1684 42.4336 30.7386 48.0311 28.8962 48.0786
43.5693 39.2701 37.6252 41.0065 37.1684 42.4336
43.5693 39.2701 37.1684 42.4336 30.7386 48.0311
42.4625 38.1805 43.5693 39.2701 37.6252 41.0065
43.0143 37.2586 42.4625 38.1805 43.5693 39.2701
44.4841 36.596 43.0143 37.2586 43.5693 39.2701
43.0143 37.2586 44.4841 36.596 44.2534 36.1232
9.27671 58.505 5.46796 62.9401 2.24955 65.3028
5.46796 62.9401 9.27671 58.505 19.3938 51.4056
22.902 47.5137 19.3938 51.4056 9.27671 58.505
22.902 47.5137 9.27671 58.505 3.70012 62.4234
23.5275 47.0627 22.902 47.5137 19.3938 51.4056
19.3938 51.4056 23.5275 47.0627 47.8854 21.9166
23.5275 47.0627 41.2737 28.1437 47.8854 21.9166
41.2737 28.1437 43.4311 24.3411 47.8854 21.9166
33.885 34.923 29.3097 38.758 24.2518 43.2598
41.2737 28.1437 33.885 34.923 29.3097 38.758
29.3097 38.758 41.2737 28.1437 43.4311 24.3411
22.902 47.5137 12.0398 55.0251 0.377169 64.1852
12.0398 55.0251 22.902 47.5137 23.5275 47.0627
22.1538 46.4235 12.0398 55.0251 0.377169 64.1852
0.377169 64.1852 22.1538 46.4235 31.463 38.2972
30.696 35.6137 29.3097 38.758 24.2518 43.2598
33.6382 33.4559 30.696 35.6137 29.3097 38.758
46.5706 18.3367 37.4252 28.7152 33.6382 33.4559
46.5706 18.3367 33.6382 33.4559 29.3097 38.758
49.9204 15.1814 46.5706 18.3367 29.3097 38.758
53.6175 13.3953 53.5254 13.7085 49.9204 15.1814
52.4149 12.719 53.6175 13.3953 49.9204 15.1814
52.4149 12.719 49.9204 15.1814 46.5706 18.3367
53.6175 13.3953 52.4149 12.719 55.0754 3.72524
14.4814 43.8949 11.6671 45.9038 1.20919 52.0048
20.0437 40.8647 14.4814 43.8949 11.6671 45.9038
23.6579 39.3064 18.4513 40.5766 20.0437 40.8647
23.6579 39.3064 20.0437 40.8647 11.6671 45.9038
29.4071 36.2001 23.6579 39.3064 11.6671 45.9038
23.6579 39.3064 29.4071 36.2001 33.6382 33.4559
29.4071 36.2001 30.696 35.6137 33.6382 33.4559
10.9023 51.7128 8.17978 54.575 3.07087 59.5815
18.3333 45.6244 10.9023 51.7128 8.17978 54.575
29.4071 36.2001 21.3195 42.2509 18.3333 45.6244
29.4071 36.2001 18.3333 45.6244 8.17978 54.575
8.17978 54.575 29.4071 36.2001 30.696 35.6137
49.9204 15.1814 52.4957 15.7243 48.7457 22.1003
52.4957 15.7243 49.9204 15.1814 53.5254 13.7085
11.9511 44.8764 5.39298 47.5649 1.8187 49.1127
14.4814 43.8949 11.9511 44.8764 1.8187 49.1127
11.9511 44.8764 14.4814 43.8949 20.0437 40.8647
11.8741 49.4684 18.3333 45.6244 21.3195 42.2509
20.0437 40.8647 17.2566 41.7873 6.35687 46.5537
18.4513 40.5766 20.0437 40.8647 17.2566 41.7873
27.6473 30.5942 18.4513 40.5766 17.2566 41.7873
29.5114 28.3409 27.6473 30.5942 17.2566 41.7873
37.4816 19.166 29.5114 28.3409 27.6473 30.5942
37.6705 18.2338 37.4816 19.166 29.5114 28.3409
39.6708 16.3391 37.6705 18.2338 37.4816 19.166
41.5939 15.9367 39.6708 16.3391 37.4816 19.166
37.4816 19.166 41.5939 15.9367 52.4794 8.65239
31.712 24.6956 27.083 29.1772 23.0586 32.9865
32.0079 23.1231 31.712 24.6956 23.0586 32.9865
37.6705 18.2338 32.0079 23.1231 31.712 24.6956
39.6708 16.3391 37.6705 18.2338 32.0079 23.1231
40.7953 14.7169 39.6708 16.3391 32.0079 23.1231
39.869 14.5963 40.7953 14.7169 32.0079 23.1231
39.0323 14.2688 39.869 14.5963 40.7953 14.7169
23.2092 9.90526 37.7969 13.9771 39.0323 14.2688
23.2092 9.90526 39.0323 14.2688 40.7953 14.7169
22.7355 9.44635 23.2092 9.90526 40.7953 14.7169
20.7407 8.08332 22.7355 9.44635 23.2092 9.90526
16.4962 5.38996 20.7407 8.08332 23.2092 9.90526
9.55042 2.09012 16.4962 5.38996 23.2092 9.90526
16.4962 5.38996 9.55042 2.09012 6.99414 0.55045
9.55042 2.09012 7.72587 1.97563 6.99414 0.55045
9.652 4.58752 15.3437 6.67211 15.7703 6.78727
11.0578 4.29034 9.652 4.58752 15.7703 6.78727
9.55042 2.09012 11.0578 4.29034 15.7703 6.78727
11.0578 4.29034 9.55042 2.09012 7.72587 1.97563
11.8292 11.1932 39.0323 14.2688 39.869 14.5963
39.0323 14.2688 11.8292 11.1932 11.0317 10.5436
29.4057 14.5933 32.8783 15.6588 34.4549 15.6818
17.1798 12.1958 29.4057 14.5933 32.8783 15.6588
11.8292 11.1932 17.1798 12.1958 32.8783 15.6588
32.8783 15.6588 11.8292 11.1932 3.5201 9.82064
11.8292 11.1932 11.0317 10.5436 3.5201 9.82064
17.1798 12.1958 21.24 12.8827 26.3158 13.6097
26.3158 13.6097 17.1798 12.1958 11.8292 11.1932
31.1214 14.5763 21.24 12.8827 17.1798 12.1958
7.5637 15.9501 9.46583 16.1298 1.32999 16.1465
9.82666 15.8598 7.5637 15.9501 1.32999 16.1465
31.0088 15.6961 9.82666 15.8598 7.5637 15.9501
34.4549 15.6818 31.0088 15.6961 7.5637 15.9501
32.8783 15.6588 34.4549 15.6818 31.0088 15.6961
10.3754 15.2277 32.8783 15.6588 31.0088 15.6961
13.0959 14.9655 10.3754 15.2277 32.8783 15.6588
12.5485 14.9436 13.0959 14.9655 32.8783 15.6588
2.85671 14.6805 12.5485 14.9436 13.0959 14.9655
17.1522 14.328 2.85671 14.6805 12.5485 14.9436
4.49591 14.0179 17.1522 14.328 2.85671 14.6805
2.85671 14.6805 4.49591 14.0179 7.187 10.9862
4.49591 14.0179 9.76317 12.3774 7.187 10.9862
23.9851 16.6716 32.8463 18.2869 34.2767 18.347
9.46583 16.1298 23.9851 16.6716 32.8463 18.2869
23.9851 16.6716 9.46583 16.1298 7.5637 15.9501
11.2127 18.2713 32.8463 18.2869 34.2767 18.347
4.23528 17.5747 11.2127 18.2713 32.8463 18.2869
32.8463 18.2869 4.23528 17.5747 6.48984 17.2873
15.1943 28.9863 17.853 30.6054 17.4714 31.8548
7.08974 20.5599 15.1943 28.9863 17.4714 31.8548
4.23528 17.5747 7.08974 20.5599 15.1943 28.9863
7.08974 20.5599 4.23528 17.5747 3.41967 17.2031
4.23528 17.5747 6.48984 17.2873 3.41967 17.2031
6.48984 17.2873 18.5988 17.2607 3.41967 17.2031
17.853 30.6054 15.1943 28.9863 17.7416 28.5863
18.2024 29.8655 19.8274 30.3305 17.853 30.6054
20.4985 22.077 18.2024 29.8655 17.853 30.6054
22.5937 21.6534 20.4985 22.077 18.2024 29.8655
14.5619 20.5939 22.5937 21.6534 20.4985 22.077
22.5937 21.6534 14.5619 20.5939 22.7478 20.4557
17.4714 31.8548 16.6686 32.7319 16.7978 35.387
17.853 30.6054 17.4714 31.8548 16.7978 35.387
19.8274 30.3305 17.853 30.6054 16.7978 35.387
21.9485 27.7595 19.8274 30.3305 16.7978 35.387
26.0837 20.0094 21.9485 27.7595 19.8274 30.3305
19.8274 30.3305 26.0837 20.0094 25.5075 19.4543
10.5126 37.5706 5.08947 41.847 1.73084 44.5656
5.08947 41.847 10.5126 37.5706 17.4714 31.8548
10.5126 37.5706 16.6686 32.7319 17.4714 31.8548
11.8676 37.7018 7.96719 41.078 6.53984 41.9695
10.5126 37.5706 11.8676 37.7018 6.53984 41.9695
11.8676 37.7018 10.5126 37.5706 16.6686 32.7319
22.775 29.2447 21.9485 27.7595 26.0837 20.0094
7.96719 41.078 11.8676 37.7018 12.8011 37.6044
3.76755 40.7525 5.08947 41.847 1.73084 44.5656
7.12116 33.1278 3.76755 40.7525 1.73084 44.5656
3.76755 40.7525 7.12116 33.1278 8.7961 32.1005
7.96311 30.9289 8.7961 32.1005 7.12116 33.1278
7.96311 30.9289 7.12116 33.1278 4.34858 37.4327
6.85379 30.8576 7.96311 30.9289 4.34858 37.4327
7.96311 30.9289 6.85379 30.8576 8.9327 28.9758
4.90266 31.8708 3.25794 34.7434 3.42865 35.1997
6.85379 30.8576 4.90266 31.8708 3.42865 35.1997
4.90266 31.8708 6.85379 30.8576 8.9327 28.9758
3.3335 30.9076 4.90266 31.8708 3.25794 34.7434
3.25794 34.7434 3.3335 30.9076 3.08424 24.8915
3.3335 30.9076 3.62905 27.564 3.08424 24.8915
3.3335 30.9076 3.62905 27.564 4.40383 24.8878
7.50044 26.5996 3.3335 30.9076 4.90266 31.8708
3.3335 30.9076 7.50044 26.5996 7.92976 24.3954
10.5985 30.2674 7.96311 30.9289 8.7961 32.1005
7.96311 30.9289 10.5985 30.2674 10.5898 27.2794
4.49591 14.0179 9.76317 12.3774 12.6983 12.1341
36.0552 13.6736 37.7969 13.9771 39.0323 14.2688
27.8394 12.3201 36.0552 13.6736 39.0323 14.2688
39.0323 14.2688 27.8394 12.3201 9.08234 9.24138
37.7969 13.9771 36.0552 13.6736 14.9177 9.42281
15.1042 8.28325 23.2092 9.90526 37.7969 13.9771
23.2092 9.90526 15.1042 8.28325 3.70721 4.52005
15.3437 6.67211 9.652 4.58752 5.37342 3.54926
6.77407 2.60337 11.0578 4.29034 9.652 4.58752
9.652 4.58752 6.77407 2.60337 0.467003 0.669976
20.7407 8.08332 16.4962 5.38996 8.92517 0.450403
18.5858 5.3217 20.7407 8.08332 22.7355 9.44635
20.7407 8.08332 18.5858 5.3217 13.8964 2.77273
18.5858 5.3217 19.7807 4.46893 13.8964 2.77273
25.6547 5.1081 35.4147 7.34982 39.5923 7.87228
39.5923 7.87228 25.6547 5.1081 13.8964 2.77273
25.6547 5.1081 19.7807 4.46893 13.8964 2.77273
27.5708 8.92933 18.5858 5.3217 19.7807 4.46893
37.2984 10.7866 24.4597 5.9467 19.7807 4.46893
24.4597 5.9467 25.6547 5.1081 19.7807 4.46893
39.5923 7.87228 35.4147 7.34982 28.3161 7.03395
39.6708 16.3391 40.7953 14.7169 50.5113 1.95986
40.7953 14.7169 48.633 2.03881 50.5113 1.95986
50.5113 1.95986 48.633 2.03881 37.1409 2.39212
39.6445 1.45565 50.5113 1.95986 37.1409 2.39212
39.6445 1.45565 37.1409 2.39212 24.0712 3.47831
40.5426 1.23973 39.6445 1.45565 24.0712 3.47831
37.7399 0.745268 40.5426 1.23973 24.0712 3.47831
24.0712 3.47831 37.7399 0.745268 31.2578 0.231515
43.5857 4.56938 41.2524 5.53236 35.0955 5.85946
42.1914 3.79647 43.5857 4.56938 35.0955 5.85946
46.3412 2.63707 42.1914 3.79647 43.5857 4.56938
43.5857 4.56938 46.3412 2.63707 48.633 2.03881
46.3412 2.63707 37.1409 2.39212 48.633 2.03881
36.722 4.49504 42.1914 3.79647 46.3412 2.63707
41.2524 5.53236 43.1653 7.57334 39.5819 13.1315
43.1653 7.57334 41.2524 5.53236 43.5857 4.56938
50.3832 6.16476 50.5113 1.95986 50.6647 1.18974
50.5113 1.95986 39.6445 1.45565 50.6647 1.18974
29.2805 29.7614 27.6473 30.5942 18.4513 40.5766
27.6473 30.5942 29.2805 29.7614 42.6285 15.9045
24.0097 35.427 29.2805 29.7614 42.6285 15.9045
25.2282 36.974 23.6579 39.3064 18.4513 40.5766
27.6987 35.2368 25.2282 36.974 18.4513 40.5766
25.2282 36.974 27.6987 35.2368 31.0722 33.7491
31.0722 33.7491 27.6987 35.2368 24.7253 36.1864
30.9287 32.1564 31.0722 33.7491 24.7253 36.1864
31.9661 31.7735 30.9287 32.1564 31.0722 33.7491
33.3236 28.8054 31.9661 31.7735 31.0722 33.7491
33.6824 27.5162 33.3236 28.8054 31.9661 31.7735
35.1997 26.9441 33.6824 27.5162 33.3236 28.8054
38.4502 24.9928 35.1997 26.9441 33.6824 27.5162
33.6824 27.5162 38.4502 24.9928 38.2193 24.6925
35.1033 29.1425 38.4502 24.9928 43.7084 19.5913
38.4502 24.9928 38.2193 24.6925 43.7084 19.5913
30.9287 32.1564 31.9661 31.7735 31.1969 31.7443
33.6382 33.4559 37.4252 28.7152 53.2588 8.57941
49.128 52.9103 49.714 49.9748 55.9899 9.10803
49.714 49.9748 49.128 52.9103 48.9724 56.0898
48.9724 56.0898 49.714 49.9748 56.6257 6.8491
53.9723 24.7757 51.0542 44.8112 48.9724 56.0898
51.0542 44.8112 53.9723 24.7757 57.4025 3.83224
58.9422 18.7911 56.5649 33.0147 56.4215 36.4938
59.0012 13.7613 60.7503 18.4001 58.9422 18.7911
59.0012 13.7613 58.9422 18.7911 56.5649 33.0147
60.2684 12.5816 59.0012 13.7613 60.7503 18.4001
60.9778 8.16078 60.2684 12.5816 60.7503 18.4001
61.3575 7.4963 60.9778 8.16078 60.7503 18.4001
60.6137 4.6112 61.3575 7.4963 60.9778 8.16078
61.3575 7.4963 60.6137 4.6112 64.2253 3.23762
64.4035 10.5591 56.4215 36.4938 55.7552 38.9559
64.7149 9.46425 64.4035 10.5591 56.4215 36.4938
56.4215 36.4938 64.7149 9.46425 65.7558 5.31375
67.092 3.77982 64.7149 9.46425 64.4035 10.5591
64.7149 9.46425 67.092 3.77982 67.3222 2.47629
67.1235 5.68168 64.4988 12.7212 62.9456 20.3744
67.092 3.77982 67.1235 5.68168 64.4988 12.7212
67.1235 5.68168 67.092 3.77982 67.3222 2.47629
46.7878 69.7051 48.2894 65.3563 67.3561 8.17124
48.2894 65.3563 52.7847 52.7834 64.2675 18.6682
