-0.347229 9.17791 -23.1584 20.2356 -30.6541 23.9979
-23.1584 20.2356 -0.347229 9.17791 28.8462 -5.18848
-0.347229 9.17791 1.64708 8.29577 28.8462 -5.18848
-23.1584 20.2356 -30.6541 23.9979 -35.1969 25.6699
-16.8567 15.7152 -23.1584 20.2356 -35.1969 25.6699
16.4888 -2.42479 -16.8567 15.7152 -35.1969 25.6699
-16.8567 15.7152 16.4888 -2.42479 28.6917 -8.2444
-12.4219 10.0104 -16.6485 13.6257 -17.4908 15.0706
-6.84902 9.44873 -12.4219 10.0104 -17.4908 15.0706
16.4888 -2.42479 -6.84902 9.44873 -17.4908 15.0706
-6.84902 9.44873 16.4888 -2.42479 46.4197 -18.5057
16.4888 -2.42479 28.6917 -8.2444 46.4197 -18.5057
-0.469531 7.81398 -16.8567 15.7152 -23.1584 20.2356
25.6525 -4.91332 -0.469531 7.81398 -16.8567 15.7152
-16.8567 15.7152 25.6525 -4.91332 44.0862 -14.5165
1.64708 8.29577 -0.347229 9.17791 -18.0211 17.9129
6.89392 6.32319 1.64708 8.29577 -18.0211 17.9129
13.9517 3.0544 6.89392 6.32319 -18.0211 17.9129
18.0561 1.25039 13.9517 3.0544 -18.0211 17.9129
13.9517 3.0544 18.0561 1.25039 35.5716 -6.65941
18.0561 1.25039 32.7001 -4.5283 35.5716 -6.65941
35.0258 -3.8416 21.8576 4.13362 19.1593 4.4576
32.7001 -4.5283 35.0258 -3.8416 19.1593 4.4576
35.0258 -3.8416 32.7001 -4.5283 35.5716 -6.65941
23.6023 -1.5947 13.9517 3.0544 6.89392 6.32319
13.9517 3.0544 23.6023 -1.5947 37.6057 -8.30327
42.7969 -7.8563 35.0258 -3.8416 21.8576 4.13362
35.0258 -3.8416 42.7969 -7.8563 43.6862 -8.64164
48.4184 -6.16926 39.028 -5.54858 43.9241 -1.56993
42.7969 -7.8563 48.4184 -6.16926 39.028 -5.54858
43.6862 -8.64164 42.7969 -7.8563 48.4184 -6.16926
48.4184 -6.16926 43.6862 -8.64164 44.6203 -8.72296
9.87555 10.7892 -14.9073 18.9801 -30.6541 23.9979
-30.6541 23.9979 9.87555 10.7892 35.6331 2.08902
-14.9073 18.9801 -30.6541 23.9979 -35.1969 25.6699
-1.95271 15.3092 -14.9073 18.9801 -35.1969 25.6699
28.8326 6.26718 -1.95271 15.3092 -14.9073 18.9801
-14.9073 18.9801 28.8326 6.26718 48.1114 0.65646
15.7029 12.1019 3.01628 17.2949 -2.05265 19.5153
23.6775 8.50245 15.7029 12.1019 3.01628 17.2949
28.8326 6.26718 23.6775 8.50245 3.01628 17.2949
23.6775 8.50245 28.8326 6.26718 48.1114 0.65646
4.44778 17.6365 2.13718 19.5784 -2.38789 20.2762
15.7029 12.1019 4.44778 17.6365 -2.38789 20.2762
4.44778 17.6365 15.7029 12.1019 23.6775 8.50245
-14.9073 18.9801 9.87555 10.7892 42.5449 1.34637
10.3907 16.1132 9.93509 17.6271 4.44778 17.6365
11.2673 15.9204 10.3907 16.1132 9.93509 17.6271
9.93509 17.6271 11.2673 15.9204 26.766 11.6948
9.93509 17.6271 4.44778 17.6365 2.13718 19.5784
34.8152 12.6377 9.93509 17.6271 2.13718 19.5784
2.13718 19.5784 34.8152 12.6377 41.7616 11.3467
34.8152 12.6377 26.6188 12.5184 41.7616 11.3467
36.3819 7.48112 11.2673 15.9204 10.3907 16.1132
46.5529 4.3402 37.0621 6.89776 36.3819 7.48112
46.5529 4.3402 36.3819 7.48112 11.2673 15.9204
11.2673 15.9204 46.5529 4.3402 49.5895 3.5848
26.4902 16.5879 2.13718 19.5784 -2.38789 20.2762
32.4338 15.2389 26.4902 16.5879 2.13718 19.5784
2.13718 19.5784 32.4338 15.2389 30.5526 14.605
6.28535 21.7668 26.4902 16.5879 32.4338 15.2389
-11.0875 26.2687 -10.9165 28.6498 -15.8051 29.7691
-8.95308 24.1375 -11.0875 26.2687 -15.8051 29.7691
-8.95308 24.1375 -15.8051 29.7691 -27.2517 38.998
-11.0875 26.2687 -8.95308 24.1375 -2.05265 19.5153
-8.99176 35.649 -7.45119 37.5526 -7.86922 41.4316
-10.8648 29.2674 -8.99176 35.649 -7.45119 37.5526
-10.9165 28.6498 -10.8648 29.2674 -7.45119 37.5526
-7.45119 37.5526 -10.9165 28.6498 -11.0875 26.2687
-8.95308 24.1375 -24.0334 30.8767 -31.3731 37.4698
-2.05265 19.5153 -8.95308 24.1375 -24.0334 30.8767
2.42557 16.6095 3.01628 17.2949 -2.05265 19.5153
2.42557 16.6095 -2.05265 19.5153 -24.0334 30.8767
3.01628 17.2949 2.42557 16.6095 11.3715 12.7222
-27.9452 28.1933 2.42557 16.6095 11.3715 12.7222
-19.9877 34.7971 -15.8051 29.7691 -10.9165 28.6498
-10.8648 29.2674 -10.3802 42.6517 -9.77217 48.6424
-10.3802 42.6517 -10.8648 29.2674 -10.9165 28.6498
-8.90551 40.1307 -8.99176 35.649 -10.8648 29.2674
-2.08408 47.3115 -3.43416 48.5863 -1.24778 49.412
-1.67182 45.8833 -2.08408 47.3115 -1.24778 49.412
-5.06471 42.7695 -1.67182 45.8833 -2.08408 47.3115
-7.46452 41.5065 -5.06471 42.7695 -2.08408 47.3115
-7.86922 41.4316 -7.46452 41.5065 -2.08408 47.3115
-7.45119 37.5526 -7.86922 41.4316 -7.46452 41.5065
-7.46452 41.5065 -7.45119 37.5526 -6.64214 26.558
-1.67182 45.8833 2.55901 47.0206 5.54377 49.5333
2.55901 47.0206 -1.67182 45.8833 -5.06471 42.7695
-3.13579 33.6273 -7.08197 40.8717 -7.46452 41.5065
-2.17024 33.3269 -3.13579 33.6273 -7.08197 40.8717
9.55914 29.5941 -2.17024 33.3269 -3.13579 33.6273
-2.17024 33.3269 9.55914 29.5941 13.733 28.9839
9.55914 29.5941 4.89966 30.0608 2.14335 30.7553
13.733 28.9839 9.55914 29.5941 4.89966 30.0608
24.8627 26.8478 13.733 28.9839 4.89966 30.0608
4.89966 30.0608 24.8627 26.8478 33.4111 24.9266
20.712 28.7939 6.49915 36.0754 0.135085 36.9799
24.8627 26.8478 20.712 28.7939 0.135085 36.9799
20.712 28.7939 24.8627 26.8478 33.4111 24.9266
-7.08197 40.8717 -7.46452 41.5065 -5.06471 42.7695
-5.06471 42.7695 -7.08197 40.8717 0.316753 34.8819
8.71766 28.3014 4.89966 30.0608 2.14335 30.7553
14.5659 23.7399 8.71766 28.3014 2.14335 30.7553
8.71766 28.3014 14.5659 23.7399 29.7046 20.1912
13.9017 26.8 8.71766 28.3014 4.89966 30.0608
8.71766 28.3014 13.9017 26.8 31.0593 21.4203
4.26164 45.2454 2.55901 47.0206 5.54377 49.5333
8.89469 38.8171 4.26164 45.2454 2.55901 47.0206
14.5497 37.5531 8.89469 38.8171 4.26164 45.2454
13.9023 36.246 14.5497 37.5531 8.89469 38.8171
26.5268 30.576 16.5597 35.5986 13.9023 36.246
8.89469 38.8171 13.9023 36.246 23.0964 30.1231
13.9023 36.246 26.5268 30.576 23.0964 30.1231
15.4464 40.9535 15.6275 44.7896 18.8126 46.3066
14.5497 37.5531 20.4918 39.3234 15.4464 40.9535
14.5497 37.5531 15.4464 40.9535 15.6275 44.7896
20.4918 39.3234 14.5497 37.5531 13.9023 36.246
27.4084 30.023 23.0964 30.1231 26.5268 30.576
27.4084 30.023 26.5268 30.576 29.2794 31.0737
29.2794 31.0737 27.4084 30.023 36.867 22.2795
13.9023 36.246 16.5597 35.5986 31.9714 32.4418
31.3897 36.9979 20.4918 39.3234 15.4464 40.9535
25.2015 36.8766 31.3897 36.9979 20.4918 39.3234
31.3897 36.9979 25.2015 36.8766 30.4952 34.6553
18.8126 46.3066 15.6275 44.7896 12.1396 43.7315
-11.8078 41.6267 -10.3802 42.6517 -9.77217 48.6424
-15.4875 39.2741 -11.8078 41.6267 -9.77217 48.6424
-11.8078 41.6267 -15.4875 39.2741 -14.0325 34.7413
-15.4875 39.2741 -16.6152 40.2909 -21.4279 43.5896
-21.4279 43.5896 -15.4875 39.2741 -14.0325 34.7413
-15.0006 9.9496 -16.6485 13.6257 -17.4908 15.0706
-15.6008 7.34864 -15.0006 9.9496 -17.4908 15.0706
-13.8149 4.57856 -15.6008 7.34864 -15.0006 9.9496
-13.7886 4.48219 -13.9056 4.53102 -13.8149 4.57856
-13.7886 4.48219 -13.8149 4.57856 -15.0006 9.9496
-13.1589 3.26963 -13.7886 4.48219 -15.0006 9.9496
-8.92355 -11.1211 -13.1589 3.26963 -15.0006 9.9496
-5.63685 -24.5777 -8.92355 -11.1211 -13.1589 3.26963
-8.92355 -11.1211 -5.63685 -24.5777 -2.8096 -35.7037
-31.3196 15.5054 -31.0459 15.7971 -27.3083 16.0092
-24.1495 14.5848 -31.3196 15.5054 -27.3083 16.0092
-20.7467 13.1658 -24.1495 14.5848 -27.3083 16.0092
-15.6008 7.34864 -20.7467 13.1658 -24.1495 14.5848
-24.1495 14.5848 -15.6008 7.34864 -13.8149 4.57856
-27.3083 16.0092 -34.3745 18.3594 -36.8222 19.0834
-31.0459 15.7971 -27.3083 16.0092 -36.8222 19.0834
-34.2335 15.3423 -31.0459 15.7971 -36.8222 19.0834
-31.0459 15.7971 -34.2335 15.3423 -38.5278 11.8689
-31.0459 15.7971 -31.3196 15.5054 -40.6567 7.21372
-31.3196 15.5054 -32.4151 13.0485 -40.6567 7.21372
-30.9703 6.47503 -34.8702 7.66868 -32.4151 13.0485
-30.9703 6.47503 -32.4151 13.0485 -31.3196 15.5054
-34.8702 7.66868 -30.9703 6.47503 -34.9199 5.90571
-22.6511 1.14973 -13.9056 4.53102 -13.8149 4.57856
-21.9689 1.06079 -22.6511 1.14973 -13.9056 4.53102
-41.2728 -8.67262 -21.9689 1.06079 -13.9056 4.53102
-45.2799 -10.5521 -41.2728 -8.67262 -21.9689 1.06079
-48.1115 -11.522 -45.2799 -10.5521 -21.9689 1.06079
-40.526 -11.9221 -48.1115 -11.522 -45.2799 -10.5521
-24.2731 -15.9529 -40.526 -11.9221 -45.2799 -10.5521
-40.526 -11.9221 -24.2731 -15.9529 -19.5059 -17.2262
-32.4624 1.74609 -41.291 2.49741 -33.6311 2.74793
-22.6511 1.14973 -32.4624 1.74609 -33.6311 2.74793
-22.6511 1.14973 -33.6311 2.74793 -43.5638 5.1059
-32.4624 1.74609 -22.6511 1.14973 -21.9689 1.06079
-16.9099 -6.00188 -17.4311 -4.11286 -15.5365 -3.90438
-24.0423 -8.17221 -16.9099 -6.00188 -17.4311 -4.11286
-26.9255 -8.82645 -23.897 -8.7779 -24.0423 -8.17221
-26.9255 -8.82645 -24.0423 -8.17221 -17.4311 -4.11286
-24.7201 -13.0336 -26.9255 -8.82645 -23.897 -8.7779
-19.4993 -15.7824 -17.4624 -14.8921 -24.7201 -13.0336
-24.2731 -15.9529 -19.4993 -15.7824 -24.7201 -13.0336
-24.2731 -15.9529 -24.7201 -13.0336 -26.9255 -8.82645
-19.5059 -17.2262 -24.2731 -15.9529 -19.4993 -15.7824
-18.3888 -24.4571 -19.973 -24.1311 -19.5059 -17.2262
-18.3888 -24.4571 -19.5059 -17.2262 -19.4993 -15.7824
-23.6577 -25.2498 -18.3888 -24.4571 -19.973 -24.1311
-19.973 -24.1311 -23.6577 -25.2498 -30.4061 -25.5487
-44.9135 3.54496 -33.6311 2.74793 -41.291 2.49741
-32.4624 1.74609 -41.291 2.49741 -44.7958 2.60191
-30.9312 1.28298 -32.4624 1.74609 -44.7958 2.60191
-40.4948 1.17609 -30.9312 1.28298 -44.7958 2.60191
-42.2079 0.905857 -40.4948 1.17609 -30.9312 1.28298
-30.9312 1.28298 -42.2079 0.905857 -28.8464 -0.0658559
-47.238 0.461027 -42.2079 0.905857 -40.4948 1.17609
-45.9162 -0.0802837 -47.238 0.461027 -42.2079 0.905857
-41.3888 -0.251192 -45.9162 -0.0802837 -42.2079 0.905857
-33.439 -2.04343 -41.3888 -0.251192 -42.2079 0.905857
-41.3888 -0.251192 -33.439 -2.04343 -35.7162 -4.09183
-44.534 21.9576 -36.7204 22.5178 -39.0802 23.5808
-44.534 21.9576 -39.0802 23.5808 -28.4049 33.417
-38.733 18.9276 -44.534 21.9576 -36.7204 22.5178
-44.1736 8.09941 -38.733 18.9276 -36.7204 22.5178
-49.046 -0.665437 -45.9162 -0.0802837 -47.238 0.461027
-49.046 -0.665437 -47.238 0.461027 -44.1736 8.09941
-49.046 -0.665437 -44.1736 8.09941 -38.733 18.9276
-45.1928 -1.77256 -49.046 -0.665437 -45.9162 -0.0802837
-49.046 -0.665437 -45.1928 -1.77256 -47.4559 -6.186
-41.5065 16.8713 -38.733 18.9276 -44.534 21.9576
-44.534 21.9576 -41.5065 16.8713 -45.5593 12.1144
-46.3076 -12.7347 -40.526 -11.9221 -48.1115 -11.522
-43.9034 -17.212 -46.3076 -12.7347 -48.1115 -11.522
-35.9249 -29.7394 -33.5583 -28.1495 -43.9034 -17.212
-35.9249 -29.7394 -43.9034 -17.212 -48.1115 -11.522
-34.2624 -32.2892 -35.9249 -29.7394 -33.5583 -28.1495
-30.4782 -34.8444 -34.2624 -32.2892 -33.5583 -28.1495
-34.2624 -32.2892 -30.4782 -34.8444 -30.5228 -38.0129
-33.1342 -21.2146 -43.9034 -17.212 -46.3076 -12.7347
-43.9034 -17.212 -33.1342 -21.2146 -32.586 -22.3732
-21.8014 -43.9971 -32.586 -22.3732 -33.1342 -21.2146
-21.8014 -43.9971 -33.1342 -21.2146 -36.9477 -13.4153
-36.9477 -13.4153 -21.8014 -43.9971 -20.7777 -44.3934
-27.1854 -27.7431 -23.6577 -25.2498 -18.3888 -24.4571
-25.3683 -33.9778 -27.1854 -27.7431 -18.3888 -24.4571
-18.3888 -24.4571 -25.3683 -33.9778 -21.2596 -36.4253
-14.2942 -2.00948 -13.7886 4.48219 -13.9056 4.53102
-13.9056 4.53102 -14.2942 -2.00948 -16.573 -22.4339
-14.3252 -5.3507 -14.2942 -2.00948 -13.7886 4.48219
-14.6981 -14.9415 -13.737 -6.43796 -14.3252 -5.3507
-14.6981 -14.9415 -14.3252 -5.3507 -14.2942 -2.00948
-13.737 -6.43796 -14.6981 -14.9415 -16.4393 -40.3196
-10.4893 -9.05967 -13.1589 3.26963 -13.7886 4.48219
-7.79384 -21.8431 -10.4893 -9.05967 -13.7886 4.48219
-10.4893 -9.05967 -7.79384 -21.8431 -6.34382 -26.1962
-7.79384 -21.8431 -9.87113 -21.0567 -13.0612 -15.1205
-9.87113 -21.0567 -7.79384 -21.8431 -6.34382 -26.1962
-10.4149 -28.9134 -9.87113 -21.0567 -13.0612 -15.1205
-10.5936 -32.9789 -10.4149 -28.9134 -9.87113 -21.0567
-12.9081 -35.6425 -10.5936 -32.9789 -10.4149 -28.9134
-10.5936 -32.9789 -12.9081 -35.6425 -12.4302 -37.2895
-13.3556 -29.2813 -14.1589 -28.7321 -14.4029 -25.7725
-13.2417 -34.821 -13.3556 -29.2813 -14.1589 -28.7321
-12.9081 -35.6425 -13.2417 -34.821 -13.3556 -29.2813
-13.2417 -34.821 -12.9081 -35.6425 -12.4302 -37.2895
-16.6485 13.6257 -15.0006 9.9496 -0.013713 -23.4701
-9.00945 1.11235 -12.4219 10.0104 -16.6485 13.6257
-4.77784 -9.42984 -9.00945 1.11235 -12.4219 10.0104
-12.4219 10.0104 -4.77784 -9.42984 1.37769 -24.6431
-1.38042 5.815 -6.84902 9.44873 -12.4219 10.0104
-6.84902 9.44873 -1.38042 5.815 29.418 -13.7386
-1.38042 5.815 4.00206 2.14966 29.418 -13.7386
1.64943 0.793602 4.00206 2.14966 -1.38042 5.815
6.49539 0.228709 1.64943 0.793602 4.00206 2.14966
29.1509 -15.6167 6.49539 0.228709 4.00206 2.14966
6.49539 0.228709 29.1509 -15.6167 34.3983 -20.0222
29.1509 -15.6167 33.5125 -14.9925 32.4408 -14.8367
34.3983 -20.0222 29.1509 -15.6167 33.5125 -14.9925
36.9332 -30.0956 32.1067 -22.2073 34.3983 -20.0222
36.9332 -30.0956 34.3983 -20.0222 33.5125 -14.9925
32.1067 -22.2073 36.9332 -30.0956 37.195 -31.3186
39.5734 -26.0864 43.2335 -19.8118 39.7464 -18.5589
38.4224 -27.941 39.5734 -26.0864 39.7464 -18.5589
36.9332 -30.0956 38.4224 -27.941 39.7464 -18.5589
38.4224 -27.941 36.9332 -30.0956 37.195 -31.3186
6.71766 -0.15448 6.49539 0.228709 1.64943 0.793602
10.6592 -5.59036 6.71766 -0.15448 6.49539 0.228709
19.7275 -18.0436 10.6592 -5.59036 6.49539 0.228709
19.5475 -18.9378 19.7275 -18.0436 10.6592 -5.59036
29.2974 -31.8666 19.5475 -18.9378 19.7275 -18.0436
32.5471 -35.6693 29.2974 -31.8666 19.7275 -18.0436
29.2974 -31.8666 32.5471 -35.6693 33.2566 -36.743
32.5471 -35.6693 24.664 -20.589 17.4709 -9.5254
24.664 -20.589 32.5471 -35.6693 33.2566 -36.743
13.2235 -10.9122 10.6592 -5.59036 6.71766 -0.15448
13.3746 -13.6263 13.2235 -10.9122 6.71766 -0.15448
14.1177 -14.9672 8.26113 -14.5105 13.3746 -13.6263
14.1177 -14.9672 13.3746 -13.6263 13.2235 -10.9122
15.4473 -20.5488 14.1177 -14.9672 13.2235 -10.9122
18.9174 -29.3841 15.4473 -20.5488 13.2235 -10.9122
19.8756 -32.0459 18.9174 -29.3841 15.4473 -20.5488
15.4473 -20.5488 19.8756 -32.0459 20.628 -35.6083
13.3746 -13.6263 7.64767 -11.103 9.51771 -9.65167
13.3746 -13.6263 9.51771 -9.65167 -4.78714 5.91351
8.26113 -14.5105 13.3746 -13.6263 7.64767 -11.103
7.60623 -27.7636 8.26113 -14.5105 7.64767 -11.103
7.18156 -28.633 7.60623 -27.7636 7.64767 -11.103
7.60623 -27.7636 7.18156 -28.633 2.9176 -43.9776
7.18156 -28.633 1.92916 -34.783 2.9176 -43.9776
-0.219033 -12.6306 7.64767 -11.103 9.51771 -9.65167
-1.78959 -13.9574 -0.219033 -12.6306 7.64767 -11.103
0.51934 -15.3477 -1.78959 -13.9574 7.64767 -11.103
-1.78959 -13.9574 0.51934 -15.3477 4.82762 -26.1114
-0.422656 -7.32342 -0.219033 -12.6306 -1.78959 -13.9574
15.3083 -23.6232 15.4473 -20.5488 14.1177 -14.9672
16.2275 -28.9117 15.3083 -23.6232 15.4473 -20.5488
19.6681 -42.2917 16.2275 -28.9117 15.4473 -20.5488
16.2275 -28.9117 19.6681 -42.2917 18.5263 -43.4198
15.5591 -35.8634 16.2275 -28.9117 15.3083 -23.6232
14.2232 -39.0241 14.1536 -36.6316 15.5591 -35.8634
16.2275 -28.9117 15.5591 -35.8634 16.3512 -41.0362
15.5591 -35.8634 14.2232 -39.0241 16.3512 -41.0362
15.5591 -35.8634 14.1536 -36.6316 7.68625 -37.343
11.2064 -43.3754 14.2232 -39.0241 14.1536 -36.6316
14.1536 -36.6316 11.2064 -43.3754 4.3906 -49.1501
14.2232 -39.0241 11.2064 -43.3754 13.7968 -47.1809
10.6592 -5.59036 13.2235 -10.9122 23.4934 -27.7868
28.5446 -25.4063 24.664 -20.589 17.4709 -9.5254
24.664 -20.589 28.5446 -25.4063 33.4759 -33.2266
