216.666 149.764 267.982 180.586 293.823 193.94
199.047 138.595 216.666 149.764 293.823 193.94
161.92 117.128 199.047 138.595 216.666 149.764
141.894 106.807 161.92 117.128 216.666 149.764
113.853 90.3745 130.896 100.277 141.894 106.807
42.8367 49.8032 113.853 90.3745 141.894 106.807
216.666 149.764 141.894 106.807 29.588 42.5379
141.894 106.807 42.8367 49.8032 29.588 42.5379
199.047 138.595 241.939 162.782 278.01 183.078
278.01 183.078 199.047 138.595 161.92 117.128
226.562 148.275 276.687 173.248 291.099 179.593
188.445 129.178 226.562 148.275 291.099 179.593
226.562 148.275 188.445 129.178 161.92 117.128
212.228 140.495 258.432 162.521 267.163 167.037
188.445 129.178 212.228 140.495 267.163 167.037
212.228 140.495 188.445 129.178 141.894 106.807
188.445 129.178 161.92 117.128 141.894 106.807
233.07 163.188 267.982 180.586 293.823 193.94
223.142 158.637 233.07 163.188 293.823 193.94
233.07 163.188 223.142 158.637 170.754 131.204
249.447 173.949 263.611 181.671 272.771 188.148
223.142 158.637 249.447 173.949 272.771 188.148
272.771 188.148 223.142 158.637 170.754 131.204
267.982 180.586 233.07 163.188 151.011 120.395
206.509 146.752 216.666 149.764 267.982 180.586
176.108 130.679 206.509 146.752 267.982 180.586
83.4652 81.1359 99.1127 90.6152 176.108 130.679
83.4652 81.1359 176.108 130.679 206.509 146.752
63.7465 70.6866 83.4652 81.1359 99.1127 90.6152
30.9698 53.6118 63.7465 70.6866 99.1127 90.6152
99.1127 90.6152 30.9698 53.6118 16.8442 46.266
39.0318 57.5099 70.7543 73.0448 87.2297 81.2162
30.9698 53.6118 39.0318 57.5099 87.2297 81.2162
16.8442 46.266 30.9698 53.6118 39.0318 57.5099
39.0318 57.5099 16.8442 46.266 9.48607 42.1549
250.904 181.542 259.254 186.485 287.11 202.127
193.549 147.961 250.904 181.542 287.11 202.127
180.973 140.626 193.549 147.961 287.11 202.127
110.168 99.6838 180.973 140.626 193.549 147.961
16.8442 46.266 71.8138 76.9938 110.168 99.6838
16.8442 46.266 110.168 99.6838 193.549 147.961
193.549 147.961 16.8442 46.266 9.48607 42.1549
237.872 172.63 180.973 140.626 110.168 99.6838
110.168 99.6838 132.984 111.609 189.237 143.926
132.984 111.609 110.168 99.6838 71.8138 76.9938
71.8138 76.9938 202.63 149.894 276.102 190.74
276.102 190.74 71.8138 76.9938 16.8442 46.266
160.215 132.183 259.254 186.485 287.11 202.127
142.752 122.691 160.215 132.183 287.11 202.127
160.215 132.183 142.752 122.691 88.1779 91.8469
213.559 162.534 231.52 173.976 283.733 202.602
142.752 122.691 213.559 162.534 231.52 173.976
88.1779 91.8469 142.752 122.691 231.52 173.976
231.52 173.976 88.1779 91.8469 -3.48031 40.5973
238.913 176.778 213.559 162.534 142.752 122.691
217.541 167.593 231.52 173.976 283.733 202.602
71.4256 91.7677 217.541 167.593 283.733 202.602
217.541 167.593 71.4256 91.7677 18.7042 63.5948
71.4256 91.7677 53.6295 82.8804 18.7042 63.5948
53.6295 82.8804 28.7493 70.9074 18.7042 63.5948
197.81 160.039 233.522 180.986 247.652 186.853
197.81 160.039 247.652 186.853 266.656 197.024
193.557 157.38 197.81 160.039 266.656 197.024
177.912 148.513 193.557 157.38 266.656 197.024
71.4256 91.7677 177.912 148.513 193.557 157.38
193.557 157.38 71.4256 91.7677 53.6295 82.8804
57.2059 97.6377 86.4128 127.903 100.636 137.889
38.9202 81.2219 57.2059 97.6377 86.4128 127.903
86.4128 127.903 38.9202 81.2219 18.7042 63.5948
38.9202 81.2219 28.7493 70.9074 18.7042 63.5948
129.683 162.254 80.1677 117.856 57.2059 97.6377
80.1677 117.856 73.0066 109.708 57.2059 97.6377
87.8743 122.061 121.156 149.67 171.502 189.368
73.0066 109.708 87.8743 122.061 171.502 189.368
171.502 189.368 73.0066 109.708 38.9202 81.2219
73.0066 109.708 57.2059 97.6377 38.9202 81.2219
97.6595 130.835 112.26 143.108 142.019 167.479
87.8743 122.061 97.6595 130.835 142.019 167.479
97.6595 130.835 87.8743 122.061 73.0066 109.708
157.268 181.705 182.032 202.326 198.682 216.095
112.26 143.108 157.268 181.705 198.682 216.095
157.268 181.705 112.26 143.108 97.6595 130.835
216.849 229.199 121.156 149.67 87.8743 122.061
187.259 196.086 197.146 206.824 210.948 218.112
159.912 172.755 187.259 196.086 197.146 206.824
141.108 158.144 159.912 172.755 197.146 206.824
116.077 138.536 141.108 158.144 159.912 172.755
80.1219 110.544 116.077 138.536 141.108 158.144
141.108 158.144 80.1219 110.544 38.9202 81.2219
80.1219 110.544 51.2115 87.7373 38.9202 81.2219
148.03 157.381 252.665 231.435 291.153 259.2
132.035 146.008 148.03 157.381 291.153 259.2
51.2115 87.7373 132.035 146.008 148.03 157.381
148.03 157.381 51.2115 87.7373 28.7493 70.9074
51.2115 87.7373 38.9202 81.2219 28.7493 70.9074
187.259 196.086 263.444 260.458 289.04 282.754
263.444 260.458 187.259 196.086 159.912 172.755
252.851 243.297 168.723 177.618 116.077 138.536
168.723 177.618 211.441 209.183 290.173 267.891
116.077 138.536 168.723 177.618 211.441 209.183
211.441 209.183 116.077 138.536 80.1219 110.544
241.032 229.933 80.1219 110.544 51.2115 87.7373
190.042 190.11 198.501 196.221 221.55 210.698
132.035 146.008 190.042 190.11 221.55 210.698
132.035 146.008 221.55 210.698 282.026 253.818
190.042 190.11 132.035 146.008 51.2115 87.7373
232.69 221.288 198.501 196.221 190.042 190.11
221.55 210.698 262.109 240.792 270.003 247.251
270.003 247.251 221.55 210.698 198.501 196.221
102.769 110.891 150.427 138.656 209.581 172.37
77.2662 96.0683 102.769 110.891 209.581 172.37
53.6295 82.8804 77.2662 96.0683 102.769 110.891
102.769 110.891 53.6295 82.8804 28.7493 70.9074
169.86 147.398 77.2662 96.0683 53.6295 82.8804
280.938 212.552 197.81 160.039 193.557 157.38
293.696 216.36 233.522 180.986 197.81 160.039
290.774 212.13 247.652 186.853 233.522 180.986
238.027 188.923 209.581 172.37 161.402 143.565
150.427 138.656 209.581 172.37 238.027 188.923
238.027 188.923 150.427 138.656 88.6865 103.488
167.754 169.583 252.665 231.435 291.153 259.2
291.153 259.2 167.754 169.583 113.847 130.215
113.847 130.215 167.754 169.583 182.524 181.189
182.524 181.189 113.847 130.215 69.4233 97.2778
113.847 130.215 89.4951 110.875 69.4233 97.2778
113.847 130.215 133.471 141.838 143.261 149.45
133.471 141.838 113.847 130.215 89.4951 110.875
89.4951 110.875 218.518 197.216 271.131 232.317
271.131 232.317 89.4951 110.875 69.4233 97.2778
271.131 232.317 280.945 238.975 287.97 243.413
236.208 208.669 271.131 232.317 287.97 243.413
118.847 128.201 236.208 208.669 287.97 243.413
236.208 208.669 118.847 128.201 62.9752 90.2145
118.847 128.201 102.927 116.238 62.9752 90.2145
182.316 170.176 193.57 176.776 198.052 179.077
147.896 146.786 182.316 170.176 198.052 179.077
118.847 128.201 147.896 146.786 182.316 170.176
147.896 146.786 118.847 128.201 102.927 116.238
228.198 199.472 193.57 176.776 182.316 170.176
189.862 172.799 113.595 122.865 102.927 116.238
116.005 123.055 140.761 138.32 156.134 148.042
102.927 116.238 113.595 122.865 116.005 123.055
140.761 138.32 116.005 123.055 62.9752 90.2145
116.005 123.055 102.927 116.238 62.9752 90.2145
218.518 197.216 271.131 232.317 280.945 238.975
208.863 191.905 218.518 197.216 280.945 238.975
218.518 197.216 208.863 191.905 158.968 161.905
171.122 156.649 181.487 160.912 207.61 178.463
156.134 148.042 171.122 156.649 207.61 178.463
140.761 138.32 156.134 148.042 171.122 156.649
171.122 156.649 140.761 138.32 126.608 128.769
251.122 210.409 287.97 243.413 292.156 246.994
231.525 193.068 239.616 198.067 251.122 210.409
231.525 193.068 251.122 210.409 287.97 243.413
217.824 181.666 222.669 189.337 231.525 193.068
217.824 181.666 231.525 193.068 239.616 198.067
222.669 189.337 217.824 181.666 202.562 170.428
251.122 210.409 261.053 217.093 276.358 227.239
276.358 227.239 251.122 210.409 239.616 198.067
217.824 181.666 271.782 218.427 292.178 233.797
271.782 218.427 217.824 181.666 202.562 170.428
280.945 238.975 287.97 243.413 292.156 246.994
230.798 209.767 280.945 238.975 292.156 246.994
280.945 238.975 230.798 209.767 199.889 188.644
230.798 209.767 207.562 197.053 199.889 188.644
251.011 222.828 259.006 231.889 272.304 239.836
241.8 217.585 251.011 222.828 259.006 231.889
230.798 209.767 241.8 217.585 251.011 222.828
241.8 217.585 230.798 209.767 207.562 197.053
266.682 213.28 271.782 218.427 292.178 233.797
257.106 201.469 263.925 206.288 266.682 213.28
271.782 218.427 266.682 213.28 248.18 199.672
266.682 213.28 257.106 201.469 248.18 199.672
279.368 219.863 266.682 213.28 263.925 206.288
253.462 249.492 263.444 260.458 289.04 282.754
240.961 240.162 253.462 249.492 263.444 260.458
263.444 260.458 240.961 240.162 228.333 229.262
253.462 249.492 270.202 263.117 276.762 269.778
270.202 263.117 253.462 249.492 222.536 223.704
253.462 249.492 240.961 240.162 222.536 223.704
279.654 261.401 270.202 263.117 276.762 269.778
270.202 263.117 279.654 261.401 260.654 246.697
197.146 206.824 210.948 218.112 232.703 236.128
180.022 193.265 197.146 206.824 232.703 236.128
197.146 206.824 180.022 193.265 149.12 167.459
278.363 276.672 273.685 277.884 290.49 286.253
180.022 193.265 278.363 276.672 290.49 286.253
278.363 276.672 180.022 193.265 149.12 167.459
219.808 251.345 273.685 277.884 290.49 286.253
196.619 240.425 219.808 251.345 290.49 286.253
157.188 220.973 196.619 240.425 219.808 251.345
219.808 251.345 157.188 220.973 143.598 213.97
253.495 271.389 273.849 286.971 283.948 289.509
229.101 258.928 253.495 271.389 273.849 286.971
207.362 247.573 229.101 258.928 253.495 271.389
143.598 213.97 157.188 220.973 207.362 247.573
229.101 258.928 207.362 247.573 21.7692 151.885
207.362 247.573 143.598 213.97 21.7692 151.885
257.233 272.177 207.362 247.573 157.188 220.973
239.867 278.976 251.435 280.507 273.849 286.971
239.867 278.976 273.849 286.971 283.948 289.509
106.604 248.378 239.867 278.976 283.948 289.509
62.6911 237.483 100.929 247.805 106.604 248.378
62.6911 237.483 106.604 248.378 239.867 278.976
40.3948 228.962 47.5996 231.074 62.6911 237.483
100.929 247.805 62.6911 237.483 -1.65095 220.387
62.6911 237.483 40.3948 228.962 -1.65095 220.387
166.405 257.512 181.477 259.157 199.575 266.084
127.031 249.853 166.405 257.512 199.575 266.084
121.353 247.182 127.031 249.853 166.405 257.512
47.5996 231.074 121.353 247.182 127.031 249.853
121.353 247.182 47.5996 231.074 40.3948 228.962
159.87 253.315 40.3948 228.962 -1.65095 220.387
186.65 270.672 208.028 273.229 233.999 278.824
183.472 268.166 186.65 270.672 208.028 273.229
159.45 261.877 183.472 268.166 208.028 273.229
106.604 248.378 159.45 261.877 183.472 268.166
100.929 247.805 106.604 248.378 183.472 268.166
78.3322 242.989 100.929 247.805 183.472 268.166
100.929 247.805 78.3322 242.989 20.2051 228.702
78.3322 242.989 30.9161 232.913 20.2051 228.702
30.9161 232.913 52.838 239.549 71.2506 243.443
52.838 239.549 30.9161 232.913 6.21918 227.271
30.9161 232.913 20.2051 228.702 6.21918 227.271
219.073 279.983 249.719 291.039 258.163 293.166
210.282 276.615 219.073 279.983 258.163 293.166
186.65 270.672 210.282 276.615 219.073 279.983
152.532 262.666 183.472 268.166 186.65 270.672
152.532 262.666 186.65 270.672 219.073 279.983
136.35 259.571 152.532 262.666 183.472 268.166
131.135 258.59 136.35 259.571 152.532 262.666
152.532 262.666 131.135 258.59 26.4057 239.423
167.562 271.42 249.719 291.039 258.163 293.166
158.669 269.31 167.562 271.42 258.163 293.166
152.367 268.181 158.669 269.31 258.163 293.166
158.669 269.31 152.367 268.181 92.4731 253.643
152.367 268.181 136.997 266.072 92.4731 253.643
152.367 268.181 177.861 276.02 197.51 279.999
136.997 266.072 152.367 268.181 177.861 276.02
120.451 262.19 136.997 266.072 177.861 276.02
110.1 259.138 120.451 262.19 136.997 266.072
100.033 256.685 110.1 259.138 120.451 262.19
120.451 262.19 100.033 256.685 80.4903 253.248
66.8081 253.573 177.861 276.02 197.51 279.999
177.861 276.02 66.8081 253.573 61.709 252.456
171.952 293.956 17.7482 293.969 238.527 293.987
232.502 293.762 171.952 293.956 238.527 293.987
217.584 287.248 232.502 293.762 238.527 293.987
210.65 286.303 217.584 287.248 232.502 293.762
66.8081 253.573 210.65 286.303 217.584 287.248
61.709 252.456 66.8081 253.573 210.65 286.303
48.8922 250.082 61.709 252.456 210.65 286.303
37.2453 247.153 48.8922 250.082 61.709 252.456
61.709 252.456 37.2453 247.153 7.20296 238.232
12.0343 252.02 20.417 252.807 57.4702 258.934
-1.16734 250.185 12.0343 252.02 57.4702 258.934
31.2577 247.529 -1.16734 250.185 12.0343 252.02
37.2453 247.153 31.2577 247.529 12.0343 252.02
31.2577 247.529 37.2453 247.153 7.20296 238.232
89.0275 261.844 139.209 281.888 149.702 283.397
82.5229 259.51 89.0275 261.844 149.702 283.397
71.2939 256.228 82.5229 259.51 89.0275 261.844
48.8922 250.082 71.2939 256.228 89.0275 261.844
89.0275 261.844 48.8922 250.082 37.2453 247.153
181.195 287.637 191.226 288.112 198.845 293.217
129.04 273.94 181.195 287.637 198.845 293.217
82.5229 259.51 129.04 273.94 181.195 287.637
181.195 287.637 82.5229 259.51 71.2939 256.228
123.881 269.009 71.2939 256.228 48.8922 250.082
17.7482 293.969 171.952 293.956 86.7626 293.794
129.334 292.206 232.502 293.762 171.952 293.956
99.6612 291.597 129.334 292.206 171.952 293.956
72.7351 291.103 2.39663 291.403 99.6612 291.597
56.9149 290.598 72.7351 291.103 99.6612 291.597
56.9149 290.598 99.6612 291.597 129.334 292.206
50.9661 290.477 56.9149 290.598 72.7351 291.103
13.6663 289.745 118.511 290.341 50.9661 290.477
13.6663 289.745 50.9661 290.477 72.7351 291.103
156.706 289.617 13.6663 289.745 118.511 290.341
76.3391 289.398 156.706 289.617 13.6663 289.745
13.6663 289.745 76.3391 289.398 111.768 288.324
143.203 291.436 56.9149 290.598 50.9661 290.477
191.226 288.112 181.195 287.637 163.21 280.681
192.708 283.192 191.226 288.112 198.845 293.217
191.226 288.112 192.708 283.192 172.544 279.235
139.209 281.888 149.702 283.397 151.95 286.237
108.51 273.7 139.209 281.888 151.95 286.237
139.209 281.888 108.51 273.7 102.691 271.701
102.691 271.701 108.51 273.7 133.066 282.81
88.6641 269.143 102.691 271.701 133.066 282.81
102.691 271.701 88.6641 269.143 31.2897 257.677
88.6641 269.143 50.7171 263.804 31.2897 257.677
103.548 279.171 107.614 281.814 117.118 282.088
81.5099 272.434 103.548 279.171 117.118 282.088
69.3172 268.841 81.5099 272.434 117.118 282.088
50.7171 263.804 69.3172 268.841 81.5099 272.434
81.5099 272.434 50.7171 263.804 20.9775 256.868
50.7171 263.804 31.2897 257.677 20.9775 256.868
40.145 280.769 107.614 281.814 117.118 282.088
52.5399 279.854 40.145 280.769 107.614 281.814
107.614 281.814 52.5399 279.854 9.37833 277.069
26.7171 282.861 82.74 283.043 93.5967 283.842
82.74 283.043 26.7171 282.861 40.145 280.769
-0.467924 283.189 38.4217 286.741 28.6895 286.857
26.7171 282.861 -0.467924 283.189 38.4217 286.741
40.145 280.769 26.7171 282.861 -0.467924 283.189
52.5399 279.854 40.145 280.769 -0.467924 283.189
-0.467924 283.189 52.5399 279.854 18.9046 279.69
93.5967 283.842 82.74 283.043 72.8647 281.743
57.4831 267.004 81.5099 272.434 103.548 279.171
53.6021 266.266 57.4831 267.004 103.548 279.171
57.4831 267.004 53.6021 266.266 38.012 263.118
33.3058 269.046 23.812 269.611 -3.57234 271.582
38.023 268.421 33.3058 269.046 23.812 269.611
53.6021 266.266 38.023 268.421 23.812 269.611
23.812 269.611 53.6021 266.266 38.012 263.118
63.04 276.781 33.3058 269.046 38.023 268.421
6.57805 267.099 23.812 269.611 -3.57234 271.582
8.71585 263.709 6.57805 267.099 -3.57234 271.582
-0.990566 262.801 8.71585 263.709 -3.57234 271.582
-3.5718 242.672 -0.990566 262.801 -3.57234 271.582
-1.80273 212.925 -3.5718 242.672 -0.990566 262.801
-2.47997 192.552 0.354569 197.613 -1.80273 212.925
-2.47997 192.552 -1.80273 212.925 -3.5718 242.672
-3.5718 242.672 -2.47997 192.552 -2.23064 181.035
0.354569 197.613 -2.47997 192.552 0.582444 171.401
7.51268 186.769 0.354569 197.613 -1.80273 212.925
0.354569 197.613 7.51268 186.769 6.15826 181.484
7.51268 186.769 19.8958 198.424 9.14037 203.089
19.8958 198.424 7.51268 186.769 6.15826 181.484
9.14037 203.089 21.8061 209.062 11.3065 210.805
19.8958 198.424 9.14037 203.089 21.8061 209.062
21.8061 209.062 19.8958 198.424 20.7821 181.93
19.8958 198.424 17.0066 186.173 20.7821 181.93
27.4773 196.077 26.8483 206.7 21.8061 209.062
21.8061 209.062 27.4773 196.077 27.2773 179.17
21.8061 209.062 11.3065 210.805 21.4037 216.668
26.8483 206.7 21.8061 209.062 21.4037 216.668
37.4234 200.732 26.8483 206.7 21.4037 216.668
33.4856 193.631 37.4234 200.732 26.8483 206.7
26.8483 206.7 33.4856 193.631 36.5726 183.873
40.2003 212.639 47.8624 216.712 38.8207 220.024
37.4234 200.732 40.2003 212.639 38.8207 220.024
40.2003 212.639 37.4234 200.732 38.6956 188.871
37.4234 200.732 33.4856 193.631 38.6956 188.871
47.8624 216.712 56.3422 223.158 57.2524 226.529
56.3422 223.158 47.8624 216.712 48.0835 212.521
47.8624 216.712 40.2003 212.639 48.0835 212.521
56.3422 223.158 57.2524 226.529 70.3725 232.72
70.3725 232.72 56.3422 223.158 66.1649 222.19
30.9801 221.96 57.2524 226.529 70.3725 232.72
89.6171 236.743 70.3725 232.72 8.00629 219.777
70.3725 232.72 30.9801 221.96 8.00629 219.777
136.35 259.571 131.135 258.59 21.621 236.577
41.0281 237.476 52.838 239.549 71.2506 243.443
52.838 239.549 41.0281 237.476 -0.569896 227.681
118.673 236.146 136.506 241.336 181.477 259.157
106.15 231.029 118.673 236.146 136.506 241.336
103.929 229.148 106.15 231.029 136.506 241.336
79.6028 208.694 91.4966 217.496 103.929 229.148
79.6028 208.694 103.929 229.148 106.15 231.029
106.15 231.029 79.6028 208.694 71.6874 203.502
116.487 230.459 127.136 232.508 149.075 243.225
116.487 230.459 149.075 243.225 172.718 252.735
111.649 220.202 116.487 230.459 127.136 232.508
100.86 219.668 111.649 220.202 116.487 230.459
79.6028 208.694 100.86 219.668 116.487 230.459
71.6874 203.502 79.6028 208.694 100.86 219.668
100.86 219.668 71.6874 203.502 49.2619 190.354
71.6874 203.502 57.9711 197.546 49.2619 190.354
77.9054 221.399 83.7051 226.823 100.219 239.94
66.4898 208.471 77.9054 221.399 100.219 239.94
77.9054 221.399 66.4898 208.471 49.2619 190.354
66.4898 208.471 57.9711 197.546 49.2619 190.354
136.506 241.336 181.477 259.157 199.575 266.084
199.575 266.084 136.506 241.336 127.902 237.878
112.834 239.988 141.732 248.179 152.204 249.242
118.673 236.146 112.834 239.988 152.204 249.242
106.15 231.029 118.673 236.146 112.834 239.988
112.834 239.988 106.15 231.029 93.6106 226.444
100.219 239.94 83.7051 226.823 56.0902 207.487
83.7051 226.823 77.9054 221.399 53.5686 201.044
111.649 220.202 183.529 253.026 190.086 257.014
183.529 253.026 111.649 220.202 90.3162 209.085
111.649 220.202 100.86 219.668 90.3162 209.085
239.867 278.976 251.435 280.507 257.077 281.103
242.525 272.911 239.867 278.976 257.077 281.103
257.077 281.103 242.525 272.911 167.341 230.191
242.525 272.911 186.945 241.93 167.341 230.191
186.945 241.93 179.286 239.631 167.341 230.191
186.945 241.93 202.138 252.968 220.492 263.41
202.138 252.968 186.945 241.93 179.286 239.631
119.352 207.801 202.138 252.968 220.492 263.41
202.138 252.968 119.352 207.801 106.59 200.295
226.85 268.875 119.352 207.801 99.1644 196.357
119.352 207.801 106.59 200.295 99.1644 196.357
99.1644 196.357 106.59 200.295 140.018 216.353
88.983 191.025 99.1644 196.357 140.018 216.353
51.4846 171.793 68.3128 180.11 88.983 191.025
51.4846 171.793 88.983 191.025 99.1644 196.357
68.3128 180.11 51.4846 171.793 13.9285 153.076
51.4846 171.793 33.6644 163.882 13.9285 153.076
33.6644 163.882 173.83 240.865 191.123 251.498
191.123 251.498 33.6644 163.882 13.9285 153.076
191.123 251.498 210.51 262.483 221.437 267.657
173.83 240.865 191.123 251.498 221.437 267.657
221.437 267.657 173.83 240.865 157.099 230.374
106.968 213.971 210.51 262.483 221.437 267.657
210.51 262.483 106.968 213.971 101.076 210.711
157.674 238.579 139.348 229.781 13.1174 169.53
139.348 229.781 106.968 213.971 13.1174 169.53
106.968 213.971 101.076 210.711 13.1174 169.53
202.143 259.415 139.348 229.781 106.968 213.971
119.03 218.564 132.119 223.376 149.711 233.099
101.076 210.711 119.03 218.564 149.711 233.099
119.03 218.564 101.076 210.711 13.1174 169.53
83.4415 198.165 119.03 218.564 132.119 223.376
71.6612 190.96 83.4415 198.165 132.119 223.376
62.4877 187.019 71.6612 190.96 83.4415 198.165
26.8596 173.449 62.4877 187.019 83.4415 198.165
83.4415 198.165 26.8596 173.449 16.4076 169.962
76.2069 190.893 132.119 223.376 149.711 233.099
50.7272 178.714 60.3922 183.899 76.2069 190.893
149.711 233.099 76.2069 190.893 38.0751 168.538
76.2069 190.893 50.7272 178.714 38.0751 168.538
76.2069 190.893 60.3922 183.899 -2.49253 157.713
16.8924 161.174 50.7272 178.714 60.3922 183.899
60.3922 183.899 16.8924 161.174 2.66744 153.743
16.8924 161.174 11.3794 157.115 2.66744 153.743
0.051436 136.624 11.3794 157.115 16.8924 161.174
2.28607 128.692 0.051436 136.624 16.8924 161.174
0.051436 136.624 2.28607 128.692 -2.84921 118.612
6.91033 132.603 17.36 139.974 11.2627 140.137
2.28607 128.692 6.91033 132.603 11.2627 140.137
6.91033 132.603 2.28607 128.692 -2.84921 118.612
31.6655 148.608 17.36 139.974 6.91033 132.603
210.51 262.483 191.123 251.498 91.5293 198.354
150.789 216.294 219.808 251.345 273.685 277.884
151.122 209.504 159.47 212.61 150.789 216.294
219.808 251.345 150.789 216.294 129.439 206.639
150.789 216.294 151.122 209.504 129.439 206.639
120.203 197.322 127.813 198.889 151.122 209.504
127.813 198.889 120.203 197.322 110.553 193.044
127.813 198.889 151.122 209.504 159.47 212.61
101.293 187.326 127.813 198.889 159.47 212.61
82.1557 179.06 101.293 187.326 127.813 198.889
71.1054 173.871 82.1557 179.06 101.293 187.326
101.293 187.326 71.1054 173.871 38.5832 159.213
90.6966 183.707 82.1557 179.06 71.1054 173.871
159.47 212.61 150.789 216.294 166.842 219.024
89.3638 148.498 159.47 212.61 166.842 219.024
159.47 212.61 89.3638 148.498 81.6599 142.555
89.3638 148.498 107.877 163.21 126.417 178.584
107.877 163.21 89.3638 148.498 38.8636 103.811
89.3638 148.498 81.6599 142.555 38.8636 103.811
81.6599 142.555 66.326 132.375 38.8636 103.811
81.6599 142.555 108.659 170.118 133.892 191.97
66.326 132.375 81.6599 142.555 108.659 170.118
20.0624 91.7848 66.326 132.375 108.659 170.118
13.3859 86.3199 20.0624 91.7848 108.659 170.118
20.0624 91.7848 13.3859 86.3199 6.97458 80.7464
97.5026 160.724 108.659 170.118 133.892 191.97
46.5717 119.759 97.5026 160.724 133.892 191.97
97.5026 160.724 46.5717 119.759 36.925 110.348
46.5717 119.759 56.1766 128.727 76.0368 148.208
76.0368 148.208 46.5717 119.759 26.6244 101.892
46.5717 119.759 36.925 110.348 26.6244 101.892
119.77 182.49 122.414 188.02 139.257 201.125
102.77 168.443 119.77 182.49 122.414 188.02
92.355 160.852 102.77 168.443 122.414 188.02
56.1766 128.727 92.355 160.852 122.414 188.02
92.355 160.852 56.1766 128.727 46.5717 119.759
40.6455 127.016 122.414 188.02 139.257 201.125
122.414 188.02 40.6455 127.016 30.3208 117.805
40.6455 127.016 56.1901 141.542 70.7829 153.477
30.3208 117.805 40.6455 127.016 56.1901 141.542
56.1901 141.542 30.3208 117.805 2.65347 93.6856
30.3208 117.805 23.5368 109.727 2.65347 93.6856
70.7829 153.477 78.3635 160.251 106.045 180.065
56.1901 141.542 70.7829 153.477 78.3635 160.251
78.3635 160.251 56.1901 141.542 -0.414894 96.998
61.0398 148.666 78.3635 160.251 106.045 180.065
49.8749 142.194 61.0398 148.666 106.045 180.065
16.3148 120.741 49.8749 142.194 61.0398 148.666
9.52109 120.675 16.3148 120.741 49.8749 142.194
16.3148 120.741 9.52109 120.675 -1.40498 113.229
51.9236 157.931 57.6748 163.703 63.7308 166.156
49.6217 151.54 51.9236 157.931 63.7308 166.156
40.0225 146.633 49.6217 151.54 51.9236 157.931
32.862 139.383 40.0225 146.633 49.6217 151.54
27.9379 133.757 32.862 139.383 49.6217 151.54
9.52109 120.675 27.9379 133.757 32.862 139.383
32.862 139.383 9.52109 120.675 -1.40498 113.229
77.4293 167.403 39.1786 140.495 27.9379 133.757
92.4247 173.914 71.7809 160.775 9.52109 120.675
71.7809 160.775 39.1786 140.495 9.52109 120.675
39.1786 140.495 27.9379 133.757 9.52109 120.675
102.201 181.93 71.7809 160.775 39.1786 140.495
57.6748 163.703 51.9236 157.931 22.9035 133.605
78.3635 160.251 61.0398 148.666 8.25947 111.322
18.7349 102.542 23.5368 109.727 30.3208 117.805
23.5368 109.727 18.7349 102.542 12.7483 97.276
31.3983 113.611 39.2475 117.864 66.8141 143.674
18.7349 102.542 31.3983 113.611 39.2475 117.864
39.2475 117.864 18.7349 102.542 12.7483 97.276
48.2957 128.752 31.3983 113.611 18.7349 102.542
108.659 170.118 97.5026 160.724 -2.47452 76.3046
97.8587 151.139 107.877 163.21 126.417 178.584
107.877 163.21 97.8587 151.139 62.6719 122.066
271.733 271.831 278.363 276.672 273.685 277.884
273.685 277.884 271.733 271.831 250.216 262.824
159.464 189.522 271.733 271.831 278.363 276.672
148.281 181.144 159.464 189.522 278.363 276.672
159.464 189.522 148.281 181.144 77.481 128.142
148.281 181.144 106.607 149.842 77.481 128.142
77.481 128.142 106.607 149.842 132.713 168.953
77.481 128.142 132.713 168.953 238.155 246.755
238.155 246.755 77.481 128.142 -2.23989 69.2339
77.481 128.142 50.4562 108.532 -2.23989 69.2339
139.267 186.703 182.077 227.714 187.288 233.497
117.934 167.051 139.267 186.703 187.288 233.497
92.2068 142.387 117.934 167.051 139.267 186.703
77.481 128.142 92.2068 142.387 139.267 186.703
92.2068 142.387 77.481 128.142 50.4562 108.532
152.781 201.14 117.934 167.051 92.2068 142.387
178.804 219.057 182.077 227.714 187.288 233.497
163.281 202.729 178.804 219.057 182.077 227.714
147.593 186.506 163.281 202.729 182.077 227.714
182.077 227.714 147.593 186.506 139.586 182.05
171.195 209.147 176.311 212.97 210.151 241.107
163.281 202.729 171.195 209.147 210.151 241.107
171.195 209.147 163.281 202.729 147.593 186.506
201.483 231.362 230.023 248.766 243.815 259.867
176.311 212.97 201.483 231.362 230.023 248.766
230.023 248.766 176.311 212.97 171.195 209.147
190.24 216.795 217.979 238.369 230.023 248.766
217.979 238.369 190.24 216.795 172.711 203.067
217.979 238.369 230.023 248.766 243.815 259.867
213.017 232.107 217.979 238.369 243.815 259.867
217.979 238.369 213.017 232.107 188.299 213.607
198.682 216.095 182.032 202.326 123.559 161.047
72.8316 118.464 86.4128 127.903 100.636 137.889
56.0194 106.329 72.8316 118.464 86.4128 127.903
52.5408 100.285 56.0194 106.329 86.4128 127.903
40.171 87.0211 52.5408 100.285 86.4128 127.903
30.964 79.2762 40.171 87.0211 52.5408 100.285
52.5408 100.285 30.964 79.2762 22.7209 73
72.8316 118.464 56.0194 106.329 20.1297 83.625
33.6679 89.6758 52.5408 100.285 56.0194 106.329
10.3222 69.4976 33.6679 89.6758 52.5408 100.285
33.6679 89.6758 10.3222 69.4976 3.63877 63.9145
40.171 87.0211 30.964 79.2762 8.46934 59.499
217.541 167.593 142.195 127.269 -0.782179 51.6208
142.195 127.269 76.8682 92.1735 -0.782179 51.6208
142.195 127.269 217.541 167.593 231.52 173.976
112.95 109.511 142.195 127.269 231.52 173.976
28.5052 63.01 112.95 109.511 231.52 173.976
112.95 109.511 28.5052 63.01 9.16221 52.6611
127.749 116.488 146.896 126.898 166.601 137.703
28.5052 63.01 121.023 112.109 127.749 116.488
28.5052 63.01 127.749 116.488 166.601 137.703
121.023 112.109 28.5052 63.01 9.16221 52.6611
59.7977 80.7156 112.95 109.511 142.195 127.269
142.195 127.269 59.7977 80.7156 38.9615 69.9457
100.405 96.0061 250.904 181.542 259.254 186.485
250.904 181.542 100.405 96.0061 51.6857 68.145
53.1156 63.7682 70.7543 73.0448 87.2297 81.2162
56.7176 63.46 53.1156 63.7682 87.2297 81.2162
87.2297 81.2162 56.7176 63.46 0.92377 29.8681
206.509 146.752 119.022 97.1618 18.9664 40.4664
119.022 97.1618 206.509 146.752 216.666 149.764
216.666 149.764 119.022 97.1618 77.2082 73.3801
141.894 106.807 130.896 100.277 13.0022 29.6573
199.889 133.648 212.228 140.495 258.432 162.521
180.083 123.2 199.889 133.648 212.228 140.495
212.228 140.495 180.083 123.2 150.305 107.791
172.928 118.173 258.432 162.521 267.163 167.037
258.432 162.521 172.928 118.173 137.049 99.9998
172.928 118.173 220.302 141.032 251.296 157.207
220.302 141.032 172.928 118.173 137.049 99.9998
156.337 107.444 220.302 141.032 251.296 157.207
220.302 141.032 156.337 107.444 99.7717 79.2426
156.337 107.444 239.17 147.584 267.106 162.552
239.17 147.584 156.337 107.444 99.7717 79.2426
89.2609 67.583 231.717 142.985 239.17 147.584
231.717 142.985 89.2609 67.583 39.5844 40.6315
111.317 80.0835 133.273 92.3525 137.558 93.7476
89.2609 67.583 111.317 80.0835 137.558 93.7476
111.317 80.0835 89.2609 67.583 39.5844 40.6315
231.717 142.985 239.17 147.584 267.106 162.552
70.4361 53.603 231.717 142.985 267.106 162.552
231.717 142.985 70.4361 53.603 27.4418 29.7931
160.834 103.58 179.574 113.359 246.977 149.596
79.6901 57.9157 160.834 103.58 179.574 113.359
160.834 103.58 79.6901 57.9157 70.4361 53.603
102.625 69.853 123.743 80.5033 169.225 106.037
79.6901 57.9157 102.625 69.853 169.225 106.037
102.625 69.853 79.6901 57.9157 27.4418 29.7931
79.6901 57.9157 70.4361 53.603 27.4418 29.7931
133.273 92.3525 137.558 93.7476 152.688 102.456
121.063 86.6908 133.273 92.3525 152.688 102.456
133.273 92.3525 121.063 86.6908 53.4035 50.8149
133.273 92.3525 111.317 80.0835 73.2553 59.5681
191.71 116.365 210.454 126.127 277.164 163.274
123.743 80.5033 191.71 116.365 277.164 163.274
23.6725 26.8407 102.625 69.853 123.743 80.5033
23.6725 26.8407 123.743 80.5033 191.71 116.365
7.71654 18.0555 23.6725 26.8407 191.71 116.365
191.71 116.365 7.71654 18.0555 -3.3968 11.9035
7.71654 18.0555 46.1646 41.7409 61.4484 50.9162
46.1646 41.7409 7.71654 18.0555 -3.3968 11.9035
61.4484 50.9162 46.1646 41.7409 -0.263805 17.1553
41.277 33.6641 191.71 116.365 210.454 126.127
191.71 116.365 41.277 33.6641 18.3659 22.1258
187.89 113.395 210.454 126.127 277.164 163.274
131.883 82.3256 187.89 113.395 210.454 126.127
91.7155 57.4111 131.883 82.3256 187.89 113.395
131.883 82.3256 91.7155 57.4111 76.7825 49.6267
110.871 67.7661 202.659 117.802 221.93 128.091
202.659 117.802 110.871 67.7661 91.7155 57.4111
147.482 86.8567 217.166 121.913 242.921 136.546
110.871 67.7661 147.482 86.8567 217.166 121.913
91.7155 57.4111 110.871 67.7661 217.166 121.913
217.166 121.913 91.7155 57.4111 76.7825 49.6267
217.166 121.913 242.921 136.546 269.499 149.823
118.147 68.1798 160.028 91.5686 217.166 121.913
118.147 68.1798 217.166 121.913 269.499 149.823
160.028 91.5686 118.147 68.1798 32.0724 21.2144
118.147 68.1798 63.5301 37.4468 32.0724 21.2144
63.5301 37.4468 168.689 92.9618 198.561 108.789
168.689 92.9618 63.5301 37.4468 10.023 9.18016
63.5301 37.4468 32.0724 21.2144 10.023 9.18016
168.689 92.9618 198.561 108.789 238.997 130.202
71.1804 40.5015 168.689 92.9618 238.997 130.202
168.689 92.9618 71.1804 40.5015 37.3708 22.5111
71.1804 40.5015 276.997 148.589 292.522 156.884
276.997 148.589 71.1804 40.5015 37.3708 22.5111
210.517 112.713 276.997 148.589 292.522 156.884
136.795 72.9387 210.517 112.713 276.997 148.589
89.5892 47.6082 113.538 59.0744 136.795 72.9387
89.5892 47.6082 136.795 72.9387 276.997 148.589
276.997 148.589 89.5892 47.6082 -0.273306 -0.185046
183.518 96.4955 186.165 98.1421 250.469 131.95
178.665 93.9824 183.518 96.4955 186.165 98.1421
113.538 59.0744 178.665 93.9824 186.165 98.1421
53.5412 26.5997 89.5892 47.6082 113.538 59.0744
53.5412 26.5997 113.538 59.0744 178.665 93.9824
89.5892 47.6082 53.5412 26.5997 20.3395 9.2006
117.839 59.9162 237.046 121.893 278.294 143.348
237.046 121.893 117.839 59.9162 20.3395 9.2006
117.839 59.9162 53.5412 26.5997 20.3395 9.2006
183.518 96.4955 269.302 140.332 293.47 152.365
293.47 152.365 183.518 96.4955 178.665 93.9824
152.538 77.4183 237.046 121.893 278.294 143.348
76.7834 36.9412 152.538 77.4183 278.294 143.348
152.538 77.4183 76.7834 36.9412 69.0143 32.9728
76.7834 36.9412 160.158 77.6966 197.111 97.8629
160.158 77.6966 76.7834 36.9412 69.0143 32.9728
227.982 110.66 260.83 127.224 278.919 132.509
216.3 106.146 227.982 110.66 260.83 127.224
197.111 97.8629 216.3 106.146 260.83 127.224
160.158 77.6966 197.111 97.8629 216.3 106.146
131.666 62.7786 160.158 77.6966 216.3 106.146
98.5 46.0286 113.327 51.3989 131.666 62.7786
98.5 46.0286 131.666 62.7786 160.158 77.6966
88.6911 39.3163 98.5 46.0286 113.327 51.3989
113.327 51.3989 88.6911 39.3163 29.681 8.97044
273.651 128.243 227.982 110.66 216.3 106.146
169.198 79.3221 176.446 82.669 217.465 102.924
150.365 71.3321 169.198 79.3221 217.465 102.924
131.666 62.7786 150.365 71.3321 217.465 102.924
150.365 71.3321 131.666 62.7786 113.327 51.3989
242.916 112.374 251.882 116.925 292.117 132.208
176.446 82.669 242.916 112.374 251.882 116.925
242.916 112.374 176.446 82.669 169.198 79.3221
190.764 88.1972 212.389 97.4293 262.226 118.156
212.389 97.4293 190.764 88.1972 169.198 79.3221
169.198 79.3221 190.764 88.1972 200.084 89.8819
169.198 79.3221 200.084 89.8819 209.948 93.1725
209.948 93.1725 169.198 79.3221 150.365 71.3321
200.084 89.8819 269.447 119.174 279.351 123.621
279.351 123.621 200.084 89.8819 190.764 88.1972
269.447 119.174 251.275 110.186 63.4534 26.0972
251.275 110.186 269.447 119.174 279.351 123.621
147.115 60.871 156.214 66.7614 168.822 71.9055
147.115 60.871 168.822 71.9055 251.275 110.186
279.351 123.621 251.275 110.186 90.5115 32.9408
251.275 110.186 147.115 60.871 90.5115 32.9408
127.893 52.1182 147.115 60.871 156.214 66.7614
122.854 49.4502 127.893 52.1182 147.115 60.871
50.9369 17.2255 122.854 49.4502 127.893 52.1182
42.7088 13.6618 50.9369 17.2255 127.893 52.1182
21.5535 3.34332 42.7088 13.6618 50.9369 17.2255
42.7088 13.6618 21.5535 3.34332 11.6527 -0.983553
101.735 36.7975 229.877 91.0301 246.539 97.8567
21.5535 3.34332 101.735 36.7975 229.877 91.0301
101.735 36.7975 21.5535 3.34332 11.6527 -0.983553
258.736 103.814 261.051 106.572 268.862 108.332
246.539 97.8567 258.736 103.814 268.862 108.332
146.169 50.0246 246.539 97.8567 268.862 108.332
246.539 97.8567 146.169 50.0246 138.087 46.3071
158.576 53.985 181.632 61.374 196.112 70.9954
146.169 50.0246 158.576 53.985 196.112 70.9954
138.087 46.3071 146.169 50.0246 158.576 53.985
121.661 40.0141 138.087 46.3071 158.576 53.985
98.0525 31.5852 121.661 40.0141 138.087 46.3071
70.6031 22.5412 79.1726 26.0195 98.0525 31.5852
61.2393 17.2608 70.6031 22.5412 98.0525 31.5852
61.2393 17.2608 98.0525 31.5852 121.661 40.0141
49.2128 8.98953 58.1131 11.5606 61.2393 17.2608
70.6031 22.5412 61.2393 17.2608 27.2972 -0.409522
61.2393 17.2608 49.2128 8.98953 27.2972 -0.409522
79.1726 26.0195 172.528 63.8259 182.464 68.8427
182.464 68.8427 79.1726 26.0195 70.6031 22.5412
110.717 37.0144 98.0525 31.5852 79.1726 26.0195
229.877 91.0301 246.539 97.8567 258.736 103.814
220.937 87.3432 229.877 91.0301 258.736 103.814
206.533 81.8814 220.937 87.3432 258.736 103.814
201.573 80.3372 206.533 81.8814 258.736 103.814
258.736 103.814 201.573 80.3372 193.269 77.1629
41.1428 3.34263 49.2128 8.98953 58.1131 11.5606
41.1428 3.34263 58.1131 11.5606 80.0831 20.6813
80.0831 20.6813 41.1428 3.34263 47.3435 1.71474
128.314 37.8104 158.576 53.985 181.632 61.374
113.388 30.916 119.128 33.8747 128.314 37.8104
113.388 30.916 128.314 37.8104 181.632 61.374
119.128 33.8747 113.388 30.916 66.1937 7.51529
113.388 30.916 93.6583 19.1288 66.1937 7.51529
93.6583 19.1288 98.5407 18.4507 66.1937 7.51529
98.5407 18.4507 93.6583 19.1288 107.447 23.1824
82.7148 7.84573 98.5407 18.4507 107.447 23.1824
98.5407 18.4507 82.7148 7.84573 60.8064 -3.22999
89.1232 10.1897 193.998 67.0628 268.862 108.332
268.862 108.332 89.1232 10.1897 68.9657 -0.595931
132.858 30.0334 89.1232 10.1897 68.9657 -0.595931
268.862 108.332 277.572 113.148 291.617 121.276
261.051 106.572 268.862 108.332 291.617 121.276
233.398 98.3993 261.051 106.572 291.617 121.276
261.051 106.572 233.398 98.3993 242.223 98.3724
277.572 113.148 268.862 108.332 142.916 38.4349
268.862 108.332 193.998 67.0628 142.916 38.4349
146.341 36.5721 277.572 113.148 291.617 121.276
277.572 113.148 146.341 36.5721 98.4093 8.89977
146.341 36.5721 107.826 13.7878 98.4093 8.89977
270.225 97.7714 276.523 102.474 288.469 111.965
259.714 92.5914 270.225 97.7714 288.469 111.965
182.283 52.5968 259.714 92.5914 270.225 97.7714
107.826 13.7878 182.283 52.5968 270.225 97.7714
270.225 97.7714 107.826 13.7878 98.4093 8.89977
241.09 90.703 146.341 36.5721 107.826 13.7878
197.971 61.3532 222.674 77.0997 251.09 90.5469
182.283 52.5968 197.971 61.3532 251.09 90.5469
197.971 61.3532 182.283 52.5968 107.826 13.7878
193.164 39.2337 270.225 97.7714 276.523 102.474
162.954 16.8246 193.164 39.2337 270.225 97.7714
193.164 39.2337 162.954 16.8246 156.414 11.5486
162.954 16.8246 168.314 22.6626 176.105 32.5094
156.414 11.5486 162.954 16.8246 176.105 32.5094
153.586 8.56938 156.414 11.5486 176.105 32.5094
180.998 37.5224 176.105 32.5094 146.744 3.77049
176.105 32.5094 153.586 8.56938 146.744 3.77049
230.372 69.9985 209.078 53.326 162.954 16.8246
209.078 53.326 168.314 22.6626 162.954 16.8246
240.97 71.6409 156.414 11.5486 153.586 8.56938
233.516 63.6855 263.611 83.0899 268.065 89.5114
153.586 8.56938 233.516 63.6855 263.611 83.0899
263.611 83.0899 153.586 8.56938 146.744 3.77049
219.42 63.8591 221.536 69.6768 241.117 81.0984
209.078 53.326 219.42 63.8591 241.117 81.0984
219.42 63.8591 209.078 53.326 168.314 22.6626
211.118 66.5282 221.536 69.6768 241.117 81.0984
221.536 69.6768 211.118 66.5282 193.243 56.4258
212.223 60.611 219.42 63.8591 221.536 69.6768
199.035 53.3069 212.223 60.611 219.42 63.8591
163.479 33.4076 199.035 53.3069 219.42 63.8591
128.869 10.317 167.601 32.2441 163.479 33.4076
116.421 8.60356 139.431 9.45614 128.869 10.317
116.421 8.60356 128.869 10.317 163.479 33.4076
116.421 8.60356 163.479 33.4076 199.035 53.3069
127.541 3.07471 116.421 8.60356 139.431 9.45614
139.431 9.45614 127.541 3.07471 141.917 -2.39861
151.306 18.0003 128.869 10.317 139.431 9.45614
188.761 49.6775 199.035 53.3069 212.223 60.611
142.588 29.2371 188.761 49.6775 212.223 60.611
188.761 49.6775 142.588 29.2371 119.722 18.8716
142.588 29.2371 146.814 33.4972 156.66 36.314
146.814 33.4972 142.588 29.2371 119.722 18.8716
172.129 41.7288 188.761 49.6775 199.035 53.3069
138.131 23.3545 172.129 41.7288 199.035 53.3069
172.129 41.7288 138.131 23.3545 97.1546 1.59956
138.131 23.3545 127.609 16.6004 97.1546 1.59956
121.062 2.46735 127.541 3.07471 116.421 8.60356
112.157 1.4892 121.062 2.46735 127.541 3.07471
127.541 3.07471 112.157 1.4892 82.9721 -1.77837
121.062 2.46735 112.157 1.4892 88.5578 -0.232856
263.611 83.0899 250.773 73.6817 207.167 42.074
263.611 83.0899 268.065 89.5114 287.936 101.062
190.417 28.5747 250.773 73.6817 263.611 83.0899
190.417 28.5747 263.611 83.0899 287.936 101.062
287.936 101.062 190.417 28.5747 180.556 20.0782
241.872 59.9052 258.102 70.8784 268.007 82.3786
219.989 47.6281 241.872 59.9052 268.007 82.3786
180.556 20.0782 219.989 47.6281 268.007 82.3786
219.989 47.6281 180.556 20.0782 170.715 12.0263
180.556 20.0782 190.417 28.5747 200.823 39.2417
170.715 12.0263 180.556 20.0782 200.823 39.2417
200.823 39.2417 170.715 12.0263 157.458 3.77891
258.102 70.8784 277.133 83.0366 283.743 87.2236
283.743 87.2236 258.102 70.8784 241.872 59.9052
200.752 29.9527 227.316 47.1768 290.094 87.7426
227.316 47.1768 200.752 29.9527 170.715 12.0263
200.752 29.9527 216.625 39.1127 238.609 51.6391
170.715 12.0263 200.752 29.9527 238.609 51.6391
238.609 51.6391 170.715 12.0263 157.458 3.77891
256.324 63.4091 266.454 66.5717 292.237 82.931
247.703 58.7369 256.324 63.4091 292.237 82.931
216.625 39.1127 247.703 58.7369 256.324 63.4091
247.703 58.7369 216.625 39.1127 200.752 29.9527
187.068 16.0494 266.454 66.5717 292.237 82.931
266.454 66.5717 187.068 16.0494 178.311 11.2409
262.09 52.0567 271.142 53.4752 272.045 58.1247
252.008 48.2485 262.09 52.0567 272.045 58.1247
238.74 43.002 252.008 48.2485 262.09 52.0567
231.222 37.6991 238.74 43.002 262.09 52.0567
187.068 16.0494 231.222 37.6991 238.74 43.002
231.222 37.6991 187.068 16.0494 178.311 11.2409
262.09 52.0567 216.753 27.8411 188.645 13.4936
216.753 27.8411 262.09 52.0567 271.142 53.4752
271.142 53.4752 216.753 27.8411 196.959 17.093
271.142 53.4752 272.045 58.1247 282.206 62.4871
261.037 43.2686 271.142 53.4752 282.206 62.4871
230.939 21.6263 261.037 43.2686 271.142 53.4752
261.037 43.2686 230.939 21.6263 219.051 9.09567
230.939 21.6263 227.649 26.5745 242.923 32.5619
219.051 9.09567 230.939 21.6263 227.649 26.5745
227.649 26.5745 219.051 9.09567 208.605 2.20181
266.905 38.1783 278.357 48.5351 290.356 49.753
239.168 21.1945 266.905 38.1783 290.356 49.753
266.905 38.1783 239.168 21.1945 219.051 9.09567
258.831 27.445 276.263 36.0313 286.694 41.9232
219.051 9.09567 239.168 21.1945 258.831 27.445
276.263 36.0313 258.831 27.445 208.605 2.20181
258.831 27.445 219.051 9.09567 208.605 2.20181
227.649 26.5745 242.923 32.5619 248.573 40.8435
216.178 19.1545 227.649 26.5745 248.573 40.8435
206.521 17.7498 216.178 19.1545 248.573 40.8435
196.452 12.0049 206.521 17.7498 216.178 19.1545
216.178 19.1545 196.452 12.0049 178.102 -3.6213
206.521 17.7498 196.452 12.0049 170.431 -0.718143
216.178 19.1545 206.456 9.54515 191.92 -0.591516
206.456 9.54515 216.178 19.1545 227.649 26.5745
227.649 26.5745 206.456 9.54515 196.24 -0.948863
250.154 16.1411 269.98 30.5954 276.263 36.0313
236.311 9.90371 250.154 16.1411 276.263 36.0313
230.241 1.23358 233.182 9.63909 236.311 9.90371
230.241 1.23358 236.311 9.90371 250.154 16.1411
233.182 9.63909 230.241 1.23358 222.582 -3.53387
230.241 1.23358 250.282 -1.39803 222.582 -3.53387
273.729 21.4316 283.28 23.5754 278.779 26.2502
269.215 8.46052 273.729 21.4316 283.28 23.5754
260.577 8.32609 269.215 8.46052 273.729 21.4316
277.614 7.86974 260.577 8.32609 269.215 8.46052
291.121 6.12471 277.614 7.86974 260.577 8.32609
289.86 3.49 291.121 6.12471 260.577 8.32609
259.78 1.55224 289.86 3.49 260.577 8.32609
266.142 0.074051 259.78 1.55224 289.86 3.49
278.013 -0.352646 266.142 0.074051 289.86 3.49
250.282 -1.39803 278.013 -0.352646 266.142 0.074051
278.013 -0.352646 250.282 -1.39803 222.582 -3.53387
269.98 30.5954 276.263 36.0313 286.694 41.9232
259.585 19.4802 269.98 30.5954 286.694 41.9232
286.694 41.9232 259.585 19.4802 250.065 11.0597
283.28 23.5754 278.779 26.2502 286.687 28.9519
286.687 28.9519 283.28 23.5754 291.457 19.5128
269.98 30.5954 250.154 16.1411 237.641 2.75189
293.582 59.1093 278.357 48.5351 248.787 29.738
278.357 48.5351 266.905 38.1783 248.787 29.738
252.008 48.2485 290.12 69.2278 283.405 71.1234
238.74 43.002 252.008 48.2485 283.405 71.1234
283.405 71.1234 238.74 43.002 207.257 28.0733
288.469 111.965 276.523 102.474 246.905 78.5584
197.971 61.3532 222.674 77.0997 231.394 82.8267
231.394 82.8267 197.971 61.3532 172.659 49.0289
158.351 63.041 206.533 81.8814 220.937 87.3432
206.533 81.8814 158.351 63.041 143.825 57.6232
260.83 127.224 278.919 132.509 293.604 140.593
293.604 140.593 260.83 127.224 230.933 117.192
128.41 71.964 198.561 108.789 238.997 130.202
198.561 108.789 128.41 71.964 101.829 57.9372
128.41 71.964 252.405 139.042 258.763 142.458
252.405 139.042 128.41 71.964 101.829 57.9372
242.921 136.546 269.499 149.823 260.726 150.093
233.006 133.003 242.921 136.546 260.726 150.093
287.706 166.281 260.726 150.093 212.176 123.783
260.726 150.093 233.006 133.003 212.176 123.783
167.979 100.168 202.659 117.802 221.93 128.091
202.659 117.802 167.979 100.168 137.687 83.2049
291.099 179.593 276.687 173.248 258.31 168.709
