91.0112 13.6562 88.1966 14.9256 84.0044 28.1765
90.0906 9.05694 91.0112 13.6562 88.1966 14.9256
71.3186 3.11137 90.0906 9.05694 88.1966 14.9256
70.0659 1.93419 71.3186 3.11137 90.0906 9.05694
90.0906 9.05694 70.0659 1.93419 66.075 0.209302
91.0112 13.6562 93.2611 21.7069 93.0809 28.797
93.2611 21.7069 91.0112 13.6562 90.0906 9.05694
70.0659 1.93419 64.6012 7.13842 61.1932 12.1476
64.6012 7.13842 70.0659 1.93419 66.075 0.209302
78.2774 10.2492 71.3186 3.11137 70.0659 1.93419
61.1932 12.1476 63.5886 21.4901 61.5453 22.7455
59.1335 6.92252 64.6012 7.13842 61.1932 12.1476
59.1335 6.92252 61.1932 12.1476 61.5453 22.7455
53.3818 6.21245 59.1335 6.92252 64.6012 7.13842
64.6012 7.13842 53.3818 6.21245 41.6211 3.92363
67.8418 21.0169 63.5886 21.4901 61.5453 22.7455
72.1394 16.9689 67.8418 21.0169 63.5886 21.4901
69.4479 16.2551 72.1394 16.9689 63.5886 21.4901
63.5886 21.4901 69.4479 16.2551 73.6581 11.453
70.2106 28.1479 67.8418 21.0169 72.1394 16.9689
13.2492 5.97387 53.3818 6.21245 59.1335 6.92252
5.13095 5.15142 13.2492 5.97387 53.3818 6.21245
53.3818 6.21245 5.13095 5.15142 24.2657 4.19661
17.5282 9.58429 22.7965 11.0832 21.5493 19.4895
14.1155 6.72733 17.5282 9.58429 22.7965 11.0832
13.2492 5.97387 16.5281 6.30886 14.1155 6.72733
17.5282 9.58429 14.1155 6.72733 5.13095 5.15142
14.1155 6.72733 13.2492 5.97387 5.13095 5.15142
24.928 7.06169 16.5281 6.30886 13.2492 5.97387
1.13313 10.4316 1.14396 18.904 2.31202 29.7142
5.13095 5.15142 5.98971 6.96039 1.13313 10.4316
10.2852 3.3932 24.2657 4.19661 5.13095 5.15142
0.914629 3.06375 10.2852 3.3932 5.13095 5.15142
0.914629 3.06375 5.13095 5.15142 1.13313 10.4316
0.914629 3.06375 1.13313 10.4316 1.14396 18.904
10.2852 3.3932 0.914629 3.06375 35.0188 1.84003
30.5952 23.7711 12.7941 24.6786 21.2853 25.5849
12.503 19.2948 30.5952 23.7711 12.7941 24.6786
5.98971 6.96039 12.503 19.2948 12.7941 24.6786
12.503 19.2948 5.98971 6.96039 5.13095 5.15142
40.4196 25.4536 30.5952 23.7711 12.503 19.2948
41.3291 8.8532 14.1155 6.72733 16.5281 6.30886
94.7401 19.5228 93.2611 21.7069 93.0809 28.797
97.713 14.8681 94.7401 19.5228 93.2611 21.7069
93.2611 21.7069 97.713 14.8681 97.4496 11.8336
98.3646 25.4695 97.713 14.8681 97.573 5.61936
97.713 14.8681 97.4496 11.8336 97.573 5.61936
97.4496 11.8336 93.3141 7.4851 97.573 5.61936
