-11.7308 -7.03553 -11.2504 -12.7882 -5.68727 -36.5143
-11.7308 -7.03553 -15.1776 11.5268 -17.018 12.0268
-11.2504 -12.7882 -11.7308 -7.03553 -17.018 12.0268
-9.76934 -19.9664 -11.2504 -12.7882 -17.018 12.0268
-11.2504 -12.7882 -9.76934 -19.9664 -4.90676 -43.2268
-9.76934 -19.9664 -9.59305 -22.1488 -4.90676 -43.2268
-22.1768 42.6659 -12.5422 45.0554 -17.2801 45.9313
-23.052 42.5573 -22.1768 42.6659 -17.2801 45.9313
-17.1698 19.4651 -23.052 42.5573 -22.1768 42.6659
-15.1776 11.5268 -17.018 12.0268 -17.1698 19.4651
-15.1776 11.5268 -17.1698 19.4651 -22.1768 42.6659
-13.6881 5.71322 -15.1776 11.5268 -22.1768 42.6659
-12.8538 2.57902 -12.0059 4.75393 -13.6881 5.71322
-15.1776 11.5268 -13.6881 5.71322 -11.515 -3.04822
-13.6881 5.71322 -12.8538 2.57902 -11.515 -3.04822
-12.8538 2.57902 -12.1855 0.448886 -1.39585 -37.8441
-12.3654 8.02925 -14.4017 21.803 -15.7243 25.115
-12.1855 0.448886 -12.8538 2.57902 -12.0059 4.75393
-9.99103 -3.70926 -12.1855 0.448886 -12.0059 4.75393
-9.99103 -3.70926 -12.0059 4.75393 -12.3654 8.02925
-9.99103 -3.70926 -12.3654 8.02925 -14.4017 21.803
-10.0775 -5.36255 -9.99103 -3.70926 -12.1855 0.448886
-3.49071 -26.8928 -10.0775 -5.36255 -12.1855 0.448886
-10.0775 -5.36255 -3.49071 -26.8928 -0.289843 -37.2484
-13.9689 11.6441 -12.3654 8.02925 -12.0059 4.75393
-9.51801 4.73109 -9.27212 10.5792 -8.26205 49.0539
-8.26205 49.0539 -9.51801 4.73109 -9.99103 -3.70926
-9.51801 4.73109 -7.19892 32.1508 -6.69631 48.1542
-9.99103 -3.70926 -9.51801 4.73109 -7.19892 32.1508
-7.19892 32.1508 -9.99103 -3.70926 -10.0775 -5.36255
-7.64226 -1.90061 -7.19892 32.1508 -6.69631 48.1542
-7.19892 32.1508 -7.64226 -1.90061 -8.57684 -4.93254
-5.46679 4.92233 4.32107 34.0798 8.1537 47.0787
-7.64226 -1.90061 -5.46679 4.92233 4.32107 34.0798
4.32107 34.0798 -7.64226 -1.90061 -8.57684 -4.93254
4.83198 38.1381 5.53674 42.104 6.34813 44.1758
2.53724 33.0555 4.83198 38.1381 5.53674 42.104
1.12433 26.3394 2.53724 33.0555 4.83198 38.1381
-5.46679 4.92233 1.12433 26.3394 4.83198 38.1381
1.12433 26.3394 -5.46679 4.92233 -7.64226 -1.90061
-0.158918 17.4082 0.543642 21.9335 4.32107 34.0798
-0.158918 17.4082 4.32107 34.0798 8.1537 47.0787
0.217842 11.6117 0.867418 16.2617 -0.158918 17.4082
-1.86157 5.14776 0.217842 11.6117 -0.158918 17.4082
-2.33735 4.89692 -1.86157 5.14776 -0.158918 17.4082
-2.33735 4.89692 -0.158918 17.4082 0.543642 21.9335
-5.12588 -5.76123 -2.33735 4.89692 0.543642 21.9335
-6.74747 -10.6779 0.225524 -7.59224 -5.12588 -5.76123
-6.74747 -10.6779 -5.12588 -5.76123 0.543642 21.9335
-4.21467 -12.1878 -6.74747 -10.6779 0.225524 -7.59224
10.0354 -21.3184 -4.21467 -12.1878 -6.74747 -10.6779
17.6087 -26.3837 17.7067 -24.893 10.0354 -21.3184
17.6087 -26.3837 10.0354 -21.3184 -6.74747 -10.6779
17.7067 -24.893 17.6087 -26.3837 22.6513 -30.0203
17.6087 -26.3837 15.537 -27.0105 22.6513 -30.0203
6.33059 36.4964 0.867418 16.2617 0.217842 11.6117
10.053 45.7291 2.50831 18.5366 0.217842 11.6117
2.50831 18.5366 2.16857 12.9529 0.217842 11.6117
5.45653 17.9598 2.16857 12.9529 -1.86157 5.14776
2.16857 12.9529 0.217842 11.6117 -1.86157 5.14776
11.0198 35.3254 10.2263 36.1466 13.5262 37.0436
14.15 35.3216 11.0198 35.3254 13.5262 37.0436
14.15 35.3216 13.5262 37.0436 13.6788 43.314
8.95219 31.1993 14.15 35.3216 11.0198 35.3254
5.02895 23.1513 13.103 25.0845 8.52691 26.0716
5.02895 23.1513 8.52691 26.0716 8.95219 31.1993
2.50831 18.5366 5.02895 23.1513 8.95219 31.1993
2.50831 18.5366 8.95219 31.1993 11.0198 35.3254
5.02895 23.1513 2.50831 18.5366 2.16857 12.9529
14.15 35.3216 15.8086 36.6544 18.0503 38.1703
18.0503 38.1703 14.15 35.3216 8.95219 31.1993
32.7454 20.8364 35.1681 21.1909 38.065 23.8684
7.4119 9.35093 32.7454 20.8364 38.065 23.8684
-1.86157 5.14776 7.4119 9.35093 38.065 23.8684
7.4119 9.35093 -1.86157 5.14776 -2.33735 4.89692
10.0354 -21.3184 9.9718 -19.7235 7.96332 -19.053
9.9718 -19.7235 10.0354 -21.3184 17.7067 -24.893
15.537 -27.0105 -1.76929 -19.8846 -3.42666 -19.21
-3.42666 -19.21 15.537 -27.0105 22.6513 -30.0203
-3.42666 -19.21 -1.76929 -19.8846 10.793 -24.3166
23.9173 -24.0823 9.9718 -19.7235 7.96332 -19.053
24.0916 -24.6968 23.9173 -24.0823 9.9718 -19.7235
24.7855 -25.2984 24.0916 -24.6968 9.9718 -19.7235
24.0916 -24.6968 24.7855 -25.2984 31.9518 -31.133
24.7855 -25.2984 25.135 -25.9351 31.9518 -31.133
28.0146 -38.0854 25.135 -25.9351 24.7855 -25.2984
25.135 -25.9351 28.0146 -38.0854 29.2734 -39.7485
28.0146 -38.0854 27.8866 -38.5932 29.2734 -39.7485
27.8866 -38.5932 28.0146 -38.0854 20.9852 -31.0888
25.8947 -41.1414 27.8866 -38.5932 20.9852 -31.0888
27.8866 -38.5932 25.8947 -41.1414 25.5185 -42.5319
25.8947 -41.1414 22.2826 -41.7622 25.5185 -42.5319
1.76591 -29.846 4.81649 -29.2468 8.78166 -26.1257
4.02126 -30.7994 1.76591 -29.846 4.81649 -29.2468
12.0546 -39.6571 4.02126 -30.7994 4.81649 -29.2468
13.2155 -41.6861 12.0546 -39.6571 4.02126 -30.7994
22.2826 -41.7622 13.2155 -41.6861 12.0546 -39.6571
25.5185 -42.5319 22.2826 -41.7622 13.2155 -41.6861
15.9054 -43.4276 25.5185 -42.5319 13.2155 -41.6861
17.7837 -45.4307 17.9328 -43.9296 15.9054 -43.4276
17.7837 -45.4307 15.9054 -43.4276 13.2155 -41.6861
17.9328 -43.9296 17.7837 -45.4307 19.1073 -45.6466
20.6559 -39.9847 15.3184 -37.7364 10.0515 -35.456
25.8947 -41.1414 20.6559 -39.9847 10.0515 -35.456
20.6559 -39.9847 25.8947 -41.1414 22.2826 -41.7622
1.76591 -29.846 4.02126 -30.7994 4.13431 -40.2346
16.2285 -20.2746 12.9457 -19.601 8.82386 -18.7988
18.2324 -21.7011 16.2285 -20.2746 8.82386 -18.7988
23.9173 -24.0823 18.2324 -21.7011 8.82386 -18.7988
18.2324 -21.7011 23.9173 -24.0823 37.0139 -28.5608
23.9173 -24.0823 24.0916 -24.6968 37.0139 -28.5608
7.0051 -7.69213 5.59357 -4.53507 2.76779 -0.101783
13.932 -17.2195 7.0051 -7.69213 5.59357 -4.53507
5.59357 -4.53507 13.932 -17.2195 16.2285 -20.2746
13.932 -17.2195 12.9457 -19.601 16.2285 -20.2746
0.406822 -1.03715 7.0051 -7.69213 13.932 -17.2195
29.4736 -24.3917 18.2324 -21.7011 16.2285 -20.2746
32.0239 -25.3437 29.4736 -24.3917 18.2324 -21.7011
18.2324 -21.7011 32.0239 -25.3437 31.2946 -25.7293
33.4 -24.4055 34.8947 -24.1348 38.1123 -21.42
32.0239 -25.3437 33.4 -24.4055 34.8947 -24.1348
34.8947 -24.1348 32.0239 -25.3437 31.2946 -25.7293
15.0071 -17.1827 29.4736 -24.3917 32.0239 -25.3437
42.2609 -9.01487 45.846 -3.12789 49.49 -2.62717
41.5441 -12.6888 42.2609 -9.01487 49.49 -2.62717
35.8531 -20.8877 41.5441 -12.6888 49.49 -2.62717
33.4 -24.4055 35.8531 -20.8877 41.5441 -12.6888
41.5441 -12.6888 33.4 -24.4055 32.0239 -25.3437
42.2609 -9.01487 38.9599 -8.22732 41.2809 -7.49868
42.2609 -9.01487 41.2809 -7.49868 42.6082 -1.16557
42.2609 -9.01487 42.6082 -1.16557 44.598 20.3471
38.9599 -8.22732 42.2609 -9.01487 41.5441 -12.6888
42.1762 1.66842 42.6082 -1.16557 41.2809 -7.49868
45.8383 3.37875 45.846 -3.12789 42.2609 -9.01487
38.4629 -20.2266 35.8531 -20.8877 33.4 -24.4055
39.4194 -5.05474 35.86 2.62472 37.0369 4.39954
41.2809 -7.49868 39.4194 -5.05474 37.0369 4.39954
38.9599 -8.22732 41.2809 -7.49868 39.4194 -5.05474
37.4363 -11.2978 38.9599 -8.22732 39.4194 -5.05474
35.7083 -12.4566 37.4363 -11.2978 39.4194 -5.05474
30.3704 -15.5555 22.7053 -14.3675 35.7083 -12.4566
37.4363 -11.2978 35.7083 -12.4566 30.0813 -18.2132
35.7083 -12.4566 30.3704 -15.5555 30.0813 -18.2132
15.9557 -5.34263 19.0898 -8.94764 22.7053 -14.3675
19.0898 -8.94764 23.5355 -12.1972 22.7053 -14.3675
23.5355 -12.1972 35.7083 -12.4566 22.7053 -14.3675
20.172 -7.58233 19.0898 -8.94764 23.5355 -12.1972
28.4991 -7.81585 35.86 2.62472 37.0369 4.39954
35.86 2.62472 28.4991 -7.81585 28.0749 -9.35294
28.4991 -7.81585 27.1435 -6.92788 22.7369 -6.50226
4.8502 2.86718 22.7369 -6.50226 28.0749 -9.35294
22.7369 -6.50226 28.4991 -7.81585 28.0749 -9.35294
27.1435 -6.92788 26.6898 -5.73329 27.9742 -3.93913
27.9742 -3.93913 27.1435 -6.92788 28.4991 -7.81585
22.7369 -6.50226 21.2196 -5.44165 19.5362 -0.67237
19.5362 -0.67237 22.7369 -6.50226 27.1435 -6.92788
26.6898 -5.73329 25.0522 -0.235601 24.3162 0.494222
24.3162 0.494222 26.6898 -5.73329 27.1435 -6.92788
22.7053 -14.3675 30.3704 -15.5555 25.1259 -17.3081
9.78534 -7.31271 5.59357 -4.53507 2.76779 -0.101783
15.9778 -15.3294 9.78534 -7.31271 5.59357 -4.53507
9.78534 -7.31271 15.9778 -15.3294 19.3367 -17.9874
2.03935 5.91068 32.7454 20.8364 35.1681 21.1909
32.7454 20.8364 2.03935 5.91068 -0.545396 4.79393
2.03935 5.91068 26.5951 16.0914 32.7592 19.1351
26.5951 16.0914 2.03935 5.91068 -0.545396 4.79393
10.8994 8.07794 26.5951 16.0914 32.7592 19.1351
26.5951 16.0914 10.8994 8.07794 5.40138 5.35125
10.8994 8.07794 12.4886 6.95692 5.40138 5.35125
31.8451 13.5355 37.5714 16.0388 41.0366 17.7282
27.056 13.0479 31.8451 13.5355 41.0366 17.7282
23.8762 12.8335 27.056 13.0479 41.0366 17.7282
20.0385 12.215 23.8762 12.8335 41.0366 17.7282
10.8994 8.07794 20.0385 12.215 23.8762 12.8335
23.8762 12.8335 10.8994 8.07794 12.4886 6.95692
27.7241 10.794 31.8166 12.3482 23.8762 12.8335
31.8166 12.3482 27.7241 10.794 12.6343 4.02861
31.8166 12.3482 23.8762 12.8335 27.056 13.0479
27.056 13.0479 31.8166 12.3482 39.2266 11.4996
38.065 23.8684 30.2657 24.1823 39.9242 24.2598
35.1681 21.1909 38.065 23.8684 39.9242 24.2598
39.9242 24.2598 35.1681 21.1909 39.8042 19.9081
35.2705 23.1729 38.065 23.8684 30.2657 24.1823
30.2657 24.1823 35.2705 23.1729 22.296 21.1763
9.99635 12.3463 35.2705 23.1729 38.065 23.8684
3.41263 10.4049 9.99635 12.3463 35.2705 23.1729
9.99635 12.3463 3.41263 10.4049 3.5516 10.3999
18.376 28.404 26.8032 32.6139 34.6534 33.5088
13.4895 27.4587 18.376 28.404 26.8032 32.6139
8.52691 26.0716 13.4895 27.4587 26.8032 32.6139
13.103 25.0845 8.52691 26.0716 13.4895 27.4587
14.8348 22.6389 13.103 25.0845 13.4895 27.4587
13.4895 27.4587 14.8348 22.6389 16.2527 18.6716
38.9539 29.7787 37.7149 30.0893 35.0505 35.5004
19.0409 28.4156 38.9539 29.7787 37.7149 30.0893
18.376 28.404 19.0409 28.4156 37.7149 30.0893
13.4895 27.4587 18.376 28.404 19.0409 28.4156
25.8934 27.3284 13.4895 27.4587 19.0409 28.4156
35.4851 26.4806 25.8934 27.3284 19.0409 28.4156
25.8934 27.3284 35.4851 26.4806 40.541 25.9724
26.8032 32.6139 34.6534 33.5088 25.9027 34.7386
25.9027 34.7386 26.8032 32.6139 20.6336 31.5736
1.28457 36.405 5.53674 42.104 6.34813 44.1758
1.28457 36.405 6.34813 44.1758 8.30065 48.659
-1.55735 34.0996 1.28457 36.405 8.30065 48.659
1.28457 36.405 -1.55735 34.0996 -5.38663 30.5141
-5.85393 44.8033 -4.81877 38.5406 -5.38663 30.5141
-4.81877 38.5406 -3.30686 34.4599 -5.38663 30.5141
-3.30686 34.4599 -1.55735 34.0996 -5.38663 30.5141
-2.42744 41.9224 2.74273 45.3796 1.80067 46.8235
-4.81877 38.5406 -2.42744 41.9224 2.74273 45.3796
2.74273 45.3796 -4.81877 38.5406 -3.30686 34.4599
-2.75389 28.6103 -2.62768 28.7444 1.28457 36.405
-2.62768 28.7444 -2.75389 28.6103 -3.66046 26.041
-2.62768 28.7444 1.28457 36.405 5.53674 42.104
5.53674 42.104 -2.62768 28.7444 -4.74359 19.5408
2.53724 33.0555 1.12433 26.3394 -4.00135 12.9259
-14.4017 21.803 -15.7243 25.115 -17.008 32.1892
-11.1125 11.429 -14.4017 21.803 -17.008 32.1892
-14.4017 21.803 -11.1125 11.429 -10.4078 8.74313
-10.9456 13.0947 -12.1155 29.3458 -12.9183 41.0202
-12.9183 41.0202 -10.9456 13.0947 -10.4078 8.74313
-10.9456 13.0947 -11.1125 11.429 -10.4078 8.74313
-15.3485 29.385 -12.5297 17.7619 -11.1125 11.429
-12.5297 17.7619 -10.9456 13.0947 -11.1125 11.429
-17.008 32.1892 -15.7243 25.115 -16.311 22.0832
-21.055 40.5819 -22.1768 42.6659 -12.5422 45.0554
-22.1768 42.6659 -21.055 40.5819 -20.5734 39.4839
-12.5422 45.0554 -17.2801 45.9313 -12.1292 48.199
-9.39193 41.5535 -12.5422 45.0554 -12.1292 48.199
-12.5422 45.0554 -9.39193 41.5535 -11.7131 38.353
-16.896 -13.4479 -17.018 12.0268 -17.1698 19.4651
-16.3139 -27.7811 -17.0782 -17.6614 -16.896 -13.4479
-16.3139 -27.7811 -16.896 -13.4479 -17.018 12.0268
-17.018 12.0268 -16.3139 -27.7811 -15.9796 -28.3413
-34.0188 1.19379 -38.4036 9.21959 -38.6066 9.74628
-25.2455 -13.7415 -34.0188 1.19379 -38.6066 9.74628
-16.3139 -27.7811 -25.2455 -13.7415 -38.6066 9.74628
-25.2455 -13.7415 -16.3139 -27.7811 -15.9796 -28.3413
-23.0881 3.12784 -19.6172 -12.6948 -16.896 -13.4479
-19.6172 -12.6948 -22.1994 -5.06542 -35.3364 33.6746
-17.0782 -17.6614 -16.896 -13.4479 -19.6172 -12.6948
-35.3364 33.6746 -19.6172 -12.6948 -17.9617 -17.6865
-19.6172 -12.6948 -17.0782 -17.6614 -17.9617 -17.6865
-32.4103 25.6384 -23.0576 -1.58149 -22.1994 -5.06542
-23.0576 -1.58149 -29.4556 20.09 -29.937 20.5865
-29.4556 20.09 -23.0576 -1.58149 -19.6172 -12.6948
-23.0576 -1.58149 -22.1994 -5.06542 -19.6172 -12.6948
-28.9859 21.2384 -27.6584 23.3389 -30.5122 27.2295
-29.937 20.5865 -28.9859 21.2384 -30.5122 27.2295
-29.4556 20.09 -29.937 20.5865 -28.9859 21.2384
-23.9883 13.9149 -29.4556 20.09 -28.9859 21.2384
-29.4556 20.09 -23.9883 13.9149 -19.3018 6.75638
-31.4004 31.0724 -27.5677 31.6039 -23.1673 32.2353
-29.7654 30.261 -31.4004 31.0724 -27.5677 31.6039
-24.5174 26.2045 -29.7654 30.261 -31.4004 31.0724
-22.6437 25.7724 -24.5174 26.2045 -29.7654 30.261
-27.6584 23.3389 -22.6437 25.7724 -24.5174 26.2045
-22.6437 25.7724 -27.6584 23.3389 -28.9859 21.2384
-26.5882 33.8386 -24.3873 33.8447 -22.9483 34.5169
-23.1673 32.2353 -26.5882 33.8386 -24.3873 33.8447
-24.2068 31.4797 -27.5677 31.6039 -23.1673 32.2353
-20.1635 29.2339 -24.2068 31.4797 -23.1673 32.2353
-20.1635 29.2339 -23.1673 32.2353 -24.3873 33.8447
-19.8941 22.1778 -20.1635 29.2339 -24.2068 31.4797
-20.5165 18.2199 -19.8941 22.1778 -24.2068 31.4797
-19.8941 22.1778 -20.5165 18.2199 -20.7309 16.3062
-27.2812 -19.639 -37.5338 7.04357 -38.4036 9.21959
-27.2812 -19.639 -38.4036 9.21959 -38.6066 9.74628
-26.6359 -21.5728 -27.2812 -19.639 -38.6066 9.74628
-23.9144 -28.9876 -26.6359 -21.5728 -27.2812 -19.639
-27.2812 -19.639 -23.9144 -28.9876 -18.164 -44.4145
-24.7306 -33.5875 -23.9144 -28.9876 -26.6359 -21.5728
-24.6325 -34.1209 -24.7306 -33.5875 -23.9144 -28.9876
-23.479 -36.8172 -24.6325 -34.1209 -23.9144 -28.9876
-23.9144 -28.9876 -23.479 -36.8172 -21.4037 -39.2624
-40.0418 5.44007 -39.4459 12.5562 -43.1756 13.5325
-39.8289 4.78887 -40.0418 5.44007 -43.1756 13.5325
-37.7778 -2.25726 -39.8289 4.78887 -43.1756 13.5325
-36.8065 -3.21316 -37.7778 -2.25726 -39.8289 4.78887
-29.0012 -21.5455 -36.8065 -3.21316 -37.7778 -2.25726
-27.0879 -25.5638 -29.0012 -21.5455 -36.8065 -3.21316
-24.7306 -33.5875 -27.0879 -25.5638 -29.0012 -21.5455
-29.0012 -21.5455 -24.7306 -33.5875 -24.6325 -34.1209
-25.3958 -35.6425 -34.8329 -27.2663 -41.2484 -20.2852
-34.8329 -27.2663 -25.3958 -35.6425 -21.4037 -39.2624
-25.3958 -35.6425 -23.479 -36.8172 -21.4037 -39.2624
-38.0658 -19.198 -41.8384 -15.0851 -45.6419 -9.56639
-29.9795 -29.6258 -38.0658 -19.198 -41.8384 -15.0851
-41.8384 -15.0851 -29.9795 -29.6258 -25.3958 -35.6425
-25.3958 -35.6425 -29.9795 -29.6258 -33.5325 -23.1766
-42.9275 -10.3501 -33.5325 -23.1766 -23.479 -36.8172
-33.5325 -23.1766 -25.3958 -35.6425 -23.479 -36.8172
-45.6079 -8.7588 -38.0658 -19.198 -29.9795 -29.6258
-24.6325 -34.1209 -28.7189 -26.0277 -35.9685 -13.2791
-35.9685 -13.2791 -24.6325 -34.1209 -23.479 -36.8172
-36.2172 -9.47359 -38.3567 -4.4582 -37.9145 -3.78332
-28.7189 -26.0277 -36.2172 -9.47359 -37.9145 -3.78332
-37.9145 -3.78332 -28.7189 -26.0277 -24.6325 -34.1209
-40.0418 5.44007 -39.8289 4.78887 -33.5837 -7.16389
-30.5303 16.6228 -30.5388 17.4095 -36.3673 18.1227
-40.4085 15.9183 -30.5303 16.6228 -36.3673 18.1227
-40.4085 15.9183 -36.3673 18.1227 -37.3454 21.2301
-43.1756 13.5325 -40.4085 15.9183 -37.3454 21.2301
-39.4459 12.5562 -43.1756 13.5325 -40.4085 15.9183
-32.1018 12.0285 -39.4459 12.5562 -40.4085 15.9183
-34.8176 11.8538 -32.1018 12.0285 -39.4459 12.5562
-29.0213 9.90855 -34.8176 11.8538 -39.4459 12.5562
-30.1591 6.30181 -29.0213 9.90855 -39.4459 12.5562
-30.6331 -0.995045 -30.1591 6.30181 -29.0213 9.90855
-29.0213 9.90855 -30.6331 -0.995045 -26.6269 -1.58603
-33.8649 5.80226 -30.6331 -0.995045 -29.5806 -3.28367
-30.6331 -0.995045 -26.6269 -1.58603 -29.5806 -3.28367
-30.5388 17.4095 -30.5303 16.6228 -26.7698 0.929375
-43.0533 -6.67604 -38.3567 -4.4582 -37.9145 -3.78332
-38.3567 -4.4582 -43.0533 -6.67604 -42.9881 -6.90995
-43.0533 -6.67604 -46.7473 -0.671672 -45.1291 0.843316
-42.9881 -6.90995 -43.0533 -6.67604 -46.7473 -0.671672
-46.7473 -0.671672 -42.9881 -6.90995 -38.8555 -14.4667
-45.6419 -9.56639 -41.8384 -15.0851 -43.9647 -16.4637
-34.9834 -28.2642 -34.8329 -27.2663 -41.2484 -20.2852
-24.7363 -41.5018 -25.9756 -38.7523 -34.9834 -28.2642
-24.7363 -41.5018 -34.9834 -28.2642 -41.2484 -20.2852
-25.9756 -38.7523 -24.7363 -41.5018 -21.4572 -44.8276
-39.446 -27.4842 -41.2083 -27.3649 -41.6866 -25.1521
-39.446 -27.4842 -41.6866 -25.1521 -45.0953 -21.4273
-24.7363 -41.5018 -39.446 -27.4842 -45.0953 -21.4273
-39.446 -27.4842 -24.7363 -41.5018 -21.4572 -44.8276
-41.2083 -27.3649 -41.6866 -25.1521 -43.3442 -24.4205
-38.5022 -31.5302 -41.2083 -27.3649 -43.3442 -24.4205
-41.2083 -27.3649 -38.5022 -31.5302 -32.5934 -37.5238
-37.5338 7.04357 -29.7828 -10.3676 -28.8189 -14.1762
-29.7828 -10.3676 -37.5338 7.04357 -38.4036 9.21959
-22.1438 -27.2617 -29.7828 -10.3676 -38.4036 9.21959
-38.4036 9.21959 -22.1438 -27.2617 -14.0363 -44.6739
-29.7828 -10.3676 -22.1438 -27.2617 -17.56 -39.7373
-34.0188 1.19379 -25.2455 -13.7415 -10.5125 -38.9151
-25.2455 -13.7415 -11.1833 -37.5398 -10.5125 -38.9151
-12.6595 -25.6542 -15.2701 -7.64608 -15.3131 -3.14905
-11.1833 -37.5398 -10.0853 -34.5228 -12.6595 -25.6542
-11.1833 -37.5398 -12.6595 -25.6542 -15.2701 -7.64608
-10.5125 -38.9151 -11.1833 -37.5398 -10.0853 -34.5228
-9.85763 -39.3264 -10.5125 -38.9151 -10.0853 -34.5228
-10.5125 -38.9151 -9.85763 -39.3264 -13.7932 -47.8278
-12.6595 -25.6542 -11.2224 -19.7003 -12.579 -18.4827
-11.2224 -19.7003 -12.6595 -25.6542 -10.0853 -34.5228
-15.3131 -3.14905 -15.2701 -7.64608 -15.2857 -12.0748
-9.76934 -19.9664 -9.59305 -22.1488 -7.92861 -48.058
