198.369 67.2156 137.865 78.6062 87.3847 86.6081
198.369 67.2156 87.3847 86.6081 71.3729 89.2812
137.865 78.6062 198.369 67.2156 262.389 56.9955
198.369 67.2156 168.309 71.9326 61.2752 89.941
168.309 71.9326 198.369 67.2156 262.389 56.9955
220.74 70.4715 87.3847 86.6081 71.3729 89.2812
273.705 63.5099 220.74 70.4715 87.3847 86.6081
87.3847 86.6081 273.705 63.5099 322.318 57.0595
99.8557 89.3199 220.74 70.4715 273.705 63.5099
162.445 82.7607 117.11 90.3605 111.784 91.1752
239.902 69.5256 162.445 82.7607 111.784 91.1752
273.705 63.5099 239.902 69.5256 111.784 91.1752
239.902 69.5256 273.705 63.5099 322.318 57.0595
163.033 71.8531 168.309 71.9326 61.2752 89.941
231.161 61.3848 163.033 71.8531 168.309 71.9326
168.309 71.9326 231.161 61.3848 321.983 46.1558
39.6734 87.4644 21.6285 87.5751 28.5191 87.6344
39.6734 87.4644 28.5191 87.6344 50.5086 89.1716
83.7537 83.9082 39.6734 87.4644 50.5086 89.1716
130.137 76.7209 122.139 76.8878 83.7537 83.9082
130.137 76.7209 83.7537 83.9082 50.5086 89.1716
163.033 71.8531 130.137 76.7209 50.5086 89.1716
231.161 61.3848 163.033 71.8531 130.137 76.7209
130.137 76.7209 231.161 61.3848 283.078 52.5167
39.9014 83.6668 39.6734 87.4644 21.6285 87.5751
39.6734 87.4644 39.9014 83.6668 69.6642 79.8062
90.6468 82.2547 83.7537 83.9082 39.6734 87.4644
133.19 72.2857 90.6468 82.2547 83.7537 83.9082
270.761 42.6618 133.19 72.2857 83.7537 83.9082
296.647 36.566 270.761 42.6618 133.19 72.2857
310.545 32.6261 296.647 36.566 133.19 72.2857
133.19 72.2857 310.545 32.6261 323.452 28.5879
196.008 57.2925 133.19 72.2857 90.6468 82.2547
133.19 72.2857 196.008 57.2925 299.949 32.7908
196.008 57.2925 262.591 41.2967 299.949 32.7908
110.347 77.307 196.008 57.2925 262.591 41.2967
216.755 50.7842 190.066 57.436 97.0787 79.8109
232.639 47.9569 216.755 50.7842 190.066 57.436
262.591 41.2967 232.639 47.9569 190.066 57.436
232.639 47.9569 262.591 41.2967 299.949 32.7908
196.769 53.8549 178.001 56.6902 158.904 60.2608
216.755 50.7842 196.769 53.8549 178.001 56.6902
178.001 56.6902 216.755 50.7842 232.639 47.9569
91.8306 72.5705 61.1538 77.8982 48.7553 79.911
196.769 53.8549 91.8306 72.5705 48.7553 79.911
91.8306 72.5705 196.769 53.8549 216.755 50.7842
112.633 71.5318 61.1538 77.8982 48.7553 79.911
61.1538 77.8982 112.633 71.5318 123.992 68.9119
207.418 50.7156 178.001 56.6902 158.904 60.2608
247.768 41.8116 207.418 50.7156 158.904 60.2608
207.418 50.7156 247.768 41.8116 278.284 36.1869
118.544 63.5191 96.3505 68.2867 73.2763 72.0822
133.587 61.4084 118.544 63.5191 96.3505 68.2867
137.629 61.1689 133.587 61.4084 96.3505 68.2867
247.768 41.8116 137.629 61.1689 133.587 61.4084
133.587 61.4084 247.768 41.8116 278.284 36.1869
118.544 63.5191 81.013 66.1864 51.9942 72.8833
81.013 66.1864 118.544 63.5191 133.587 61.4084
73.2763 72.0822 96.3505 68.2867 172.472 56.7501
29.6007 76.2877 17.3121 78.3637 -0.518279 81.2682
17.3121 78.3637 29.6007 76.2877 51.9942 72.8833
51.9942 72.8833 29.6007 76.2877 10.1972 78.4939
81.013 66.1864 51.9942 72.8833 10.1972 78.4939
113.709 60.2891 81.013 66.1864 10.1972 78.4939
81.013 66.1864 113.709 60.2891 156.046 53.4284
156.046 53.4284 113.709 60.2891 37.7062 72.0656
193.097 47.0585 156.046 53.4284 37.7062 72.0656
156.046 53.4284 193.097 47.0585 227.992 41.9255
193.097 47.0585 92.0702 61.0536 60.611 66.0862
227.992 41.9255 193.097 47.0585 92.0702 61.0536
92.0702 61.0536 227.992 41.9255 279.9 33.3456
227.992 41.9255 239.617 40.4424 279.9 33.3456
149.619 56.3241 239.617 40.4424 279.9 33.3456
60.611 66.0862 26.9619 70.1884 20.0475 70.3159
92.0702 61.0536 60.611 66.0862 20.0475 70.3159
96.2503 58.2628 92.0702 61.0536 20.0475 70.3159
138.492 53.0443 96.2503 58.2628 92.0702 61.0536
222.936 39.0923 138.492 53.0443 92.0702 61.0536
138.492 53.0443 222.936 39.0923 292.034 26.3416
222.936 39.0923 212.522 42.0159 182.455 46.8163
212.522 42.0159 222.936 39.0923 292.034 26.3416
96.2503 58.2628 72.8415 59.9832 11.6936 68.4896
138.492 53.0443 96.2503 58.2628 72.8415 59.9832
149.103 50.9686 138.492 53.0443 72.8415 59.9832
138.492 53.0443 149.103 50.9686 258.593 30.8418
149.103 50.9686 171.668 46.5218 258.593 30.8418
110.217 53.4077 72.8415 59.9832 11.6936 68.4896
72.8415 59.9832 110.217 53.4077 117.96 53.3112
110.217 53.4077 82.5666 56.4175 59.5988 56.6833
88.2547 53.2702 117.96 53.3112 110.217 53.4077
88.2547 53.2702 110.217 53.4077 59.5988 56.6833
103.167 53.0704 88.2547 53.2702 117.96 53.3112
9.18113 50.5075 103.167 53.0704 117.96 53.3112
0.444628 50.4726 9.18113 50.5075 103.167 53.0704
67.5863 50.1261 0.444628 50.4726 9.18113 50.5075
31.1061 50.114 67.5863 50.1261 0.444628 50.4726
41.9817 49.4343 31.1061 50.114 0.444628 50.4726
21.1027 48.2344 41.9817 49.4343 0.444628 50.4726
37.6888 43.4579 21.1027 48.2344 0.444628 50.4726
57.6923 39.492 37.6888 43.4579 0.444628 50.4726
92.2745 33.159 57.6923 39.492 37.6888 43.4579
37.6888 43.4579 92.2745 33.159 101.11 32.1756
47.817 60.2438 33.3459 60.8345 23.6997 61.5999
82.5666 56.4175 47.817 60.2438 33.3459 60.8345
47.817 60.2438 82.5666 56.4175 110.217 53.4077
92.2745 33.159 21.5271 36.1216 29.9203 38.137
21.5271 36.1216 92.2745 33.159 101.11 32.1756
39.3776 63.2559 7.45853 62.0664 23.6997 61.5999
33.3459 60.8345 23.6997 61.5999 7.45853 62.0664
-1.31226 67.1489 7.45853 62.0664 -2.78184 60.2177
7.45853 62.0664 33.3459 60.8345 -2.78184 60.2177
0.140738 38.208 46.7296 38.8604 7.18952 39.7443
29.9203 38.137 0.140738 38.208 46.7296 38.8604
21.5271 36.1216 29.9203 38.137 0.140738 38.208
62.5825 29.3812 73.0507 31.406 21.5271 36.1216
62.5825 29.3812 21.5271 36.1216 0.140738 38.208
77.5659 29.0069 62.5825 29.3812 73.0507 31.406
88.9185 23.5746 77.5659 29.0069 73.0507 31.406
100.042 22.1409 88.9185 23.5746 73.0507 31.406
108.643 20.0356 100.042 22.1409 73.0507 31.406
73.0507 31.406 108.643 20.0356 123.272 17.0229
28.1215 31.0979 18.7977 31.5062 0.719836 32.8139
62.5825 29.3812 39.4308 29.5766 28.1215 31.0979
62.5825 29.3812 28.1215 31.0979 0.719836 32.8139
39.4308 29.5766 62.5825 29.3812 77.5659 29.0069
13.8008 28.5776 28.1215 31.0979 18.7977 31.5062
29.636 23.1402 13.8008 28.5776 28.1215 31.0979
13.8008 28.5776 29.636 23.1402 101.053 -1.55408
29.636 23.1402 59.1042 13.2405 101.053 -1.55408
70.7374 10.9709 59.1042 13.2405 29.636 23.1402
92.9306 3.74296 70.7374 10.9709 59.1042 13.2405
59.1042 13.2405 92.9306 3.74296 108.268 -2.07534
38.9757 11.6368 13.7892 17.0809 1.15092 17.5361
30.4433 11.4747 38.9757 11.6368 1.15092 17.5361
58.4821 3.89464 30.4433 11.4747 1.15092 17.5361
68.5283 2.45683 58.4821 3.89464 30.4433 11.4747
82.4439 -0.631295 49.0346 1.11984 68.5283 2.45683
82.4439 -0.631295 68.5283 2.45683 30.4433 11.4747
108.268 -2.07534 82.4439 -0.631295 49.0346 1.11984
49.0346 1.11984 108.268 -2.07534 120.529 -3.03643
108.268 -2.07534 92.9306 3.74296 86.0331 7.89426
86.0331 7.89426 108.268 -2.07534 120.529 -3.03643
70.7374 10.9709 58.6147 16.2793 43.3529 20.3692
58.6147 16.2793 70.7374 10.9709 92.9306 3.74296
58.4821 3.89464 12.3306 6.10708 18.459 9.7259
12.3306 6.10708 58.4821 3.89464 68.5283 2.45683
21.6569 19.2474 38.9757 11.6368 53.165 8.06528
38.9757 11.6368 30.4433 11.4747 53.165 8.06528
20.3628 -0.695587 30.2748 -0.595929 49.0346 1.11984
20.3628 -0.695587 49.0346 1.11984 68.5283 2.45683
30.2748 -0.595929 20.3628 -0.695587 1.98842 -1.02974
20.3628 -0.695587 11.9202 1.96593 -1.16253 9.86812
11.9202 1.96593 20.3628 -0.695587 1.98842 -1.02974
49.0346 1.11984 30.2748 -0.595929 40.0752 -2.59551
43.3529 20.3692 58.6147 16.2793 82.7172 12.105
47.3649 28.2971 39.4308 29.5766 28.1215 31.0979
72.9776 19.7074 47.3649 28.2971 28.1215 31.0979
47.3649 28.2971 72.9776 19.7074 78.6629 18.4233
78.6629 18.4233 72.9776 19.7074 48.6053 22.8186
48.6053 22.8186 78.6629 18.4233 98.7952 13.687
113.132 10.7359 88.9185 23.5746 77.5659 29.0069
77.5659 29.0069 113.132 10.7359 140.714 -3.90618
121.079 8.75235 100.042 22.1409 88.9185 23.5746
100.042 22.1409 121.079 8.75235 133.519 3.74734
142.924 7.89508 108.643 20.0356 100.042 22.1409
162.845 1.71942 148.759 3.46737 142.924 7.89508
162.845 1.71942 142.924 7.89508 108.643 20.0356
148.759 3.46737 162.845 1.71942 170.705 -1.44401
129.971 10.6806 142.924 7.89508 148.759 3.46737
162.845 1.71942 146.447 13.1507 129.351 16.7669
170.705 -1.44401 162.845 1.71942 146.447 13.1507
146.447 13.1507 170.705 -1.44401 177.981 -2.79209
160.891 10.977 146.447 13.1507 129.351 16.7669
146.447 13.1507 160.891 10.977 189.62 2.74777
140.521 18.528 160.891 10.977 189.62 2.74777
51.5849 46.9845 60.8698 48.5575 41.9817 49.4343
89.4142 37.3187 51.5849 46.9845 41.9817 49.4343
117.33 29.8594 89.4142 37.3187 41.9817 49.4343
89.4142 37.3187 117.33 29.8594 182.148 13.082
117.33 29.8594 151.997 19.2874 182.148 13.082
60.8698 48.5575 41.9817 49.4343 31.1061 50.114
31.1061 50.114 60.8698 48.5575 133.055 46.3294
158.951 16.725 151.997 19.2874 117.33 29.8594
117.33 29.8594 158.951 16.725 198.7 3.83566
158.951 16.725 170.548 13.4085 220.814 -2.65498
170.548 13.4085 158.951 16.725 151.997 19.2874
210.473 3.99145 170.548 13.4085 151.997 19.2874
170.548 13.4085 210.473 3.99145 230.495 -1.98486
112.113 32.3711 89.4142 37.3187 51.5849 46.9845
142.094 26.9236 112.113 32.3711 51.5849 46.9845
168.478 18.6995 142.094 26.9236 112.113 32.3711
112.113 32.3711 168.478 18.6995 190.598 12.3537
200.711 10.7985 178.744 16.2596 168.478 18.6995
168.478 18.6995 200.711 10.7985 248.363 -1.51931
178.744 16.2596 168.478 18.6995 142.094 26.9236
212.174 8.43424 178.744 16.2596 142.094 26.9236
216.857 8.22211 212.174 8.43424 142.094 26.9236
246.692 6.49257 240.369 7.4586 216.857 8.22211
246.692 6.49257 216.857 8.22211 212.174 8.43424
240.369 7.4586 246.692 6.49257 289.996 1.55352
246.692 6.49257 271.483 2.51033 289.996 1.55352
226.834 12.0818 216.857 8.22211 240.369 7.4586
289.996 1.55352 271.483 2.51033 241.602 2.62775
241.602 2.62775 289.996 1.55352 281.218 -1.02919
178.744 16.2596 200.711 10.7985 259.727 -3.27193
71.2802 43.6933 82.471 46.2708 51.5849 46.9845
82.6911 41.5684 71.2802 43.6933 51.5849 46.9845
187.699 23.2567 82.6911 41.5684 51.5849 46.9845
82.6911 41.5684 187.699 23.2567 263.441 10.08
130.158 32.2693 187.699 23.2567 263.441 10.08
82.471 46.2708 51.5849 46.9845 60.8698 48.5575
142.759 40.3497 82.471 46.2708 60.8698 48.5575
181.346 37.3272 142.759 40.3497 60.8698 48.5575
142.759 40.3497 181.346 37.3272 218.771 33.4338
181.346 37.3272 201.214 37.865 191.771 38.145
218.771 33.4338 181.346 37.3272 201.214 37.865
249.056 27.9309 229.72 30.5945 218.771 33.4338
249.056 27.9309 218.771 33.4338 201.214 37.865
277.213 20.8597 249.056 27.9309 229.72 30.5945
298.584 16.3568 277.213 20.8597 249.056 27.9309
277.213 20.8597 298.584 16.3568 309.477 12.8492
107.038 38.0456 82.6911 41.5684 71.2802 43.6933
71.2802 43.6933 107.038 38.0456 221.019 20.2069
107.038 38.0456 198.701 23.4748 221.019 20.2069
151.875 29.9829 198.701 23.4748 221.019 20.2069
102.726 42.3246 71.2802 43.6933 82.471 46.2708
120.105 39.9116 102.726 42.3246 82.471 46.2708
149.82 36.2431 120.105 39.9116 82.471 46.2708
182.18 32.4447 159.669 36.1015 149.82 36.2431
120.105 39.9116 149.82 36.2431 191.328 30.6455
149.82 36.2431 182.18 32.4447 191.328 30.6455
168.932 36.1526 182.18 32.4447 191.328 30.6455
128.107 38.4032 120.105 39.9116 102.726 42.3246
102.726 42.3246 128.107 38.4032 161.413 30.3615
172.753 30.0779 128.107 38.4032 120.105 39.9116
210.733 22.7329 172.753 30.0779 128.107 38.4032
172.753 30.0779 210.733 22.7329 233.913 19.7257
260.066 22.2493 229.72 30.5945 218.771 33.4338
272.34 17.9701 260.066 22.2493 218.771 33.4338
260.066 22.2493 272.34 17.9701 303.372 10.2901
272.34 17.9701 213.291 29.699 201.263 32.7684
213.291 29.699 272.34 17.9701 303.372 10.2901
243.868 21.0693 213.291 29.699 201.263 32.7684
252.147 18.7412 243.868 21.0693 213.291 29.699
272.55 12.7063 252.147 18.7412 243.868 21.0693
281.148 7.58771 272.55 12.7063 243.868 21.0693
243.868 21.0693 281.148 7.58771 303.636 -0.863034
288.389 8.26403 272.55 12.7063 252.147 18.7412
313.226 0.0377769 288.389 8.26403 272.55 12.7063
272.55 12.7063 313.226 0.0377769 318.995 -2.36972
229.72 30.5945 260.066 22.2493 317.072 6.99683
241.403 31.9353 171.668 46.5218 149.103 50.9686
289.095 22.6328 241.403 31.9353 171.668 46.5218
310.883 18.0347 289.095 22.6328 241.403 31.9353
241.403 31.9353 310.883 18.0347 316.736 16.7341
268.695 29.4267 310.883 18.0347 316.736 16.7341
137.467 73.3699 122.139 76.8878 83.7537 83.9082
209.903 57.9353 137.467 73.3699 83.7537 83.9082
217.923 56.2987 209.903 57.9353 137.467 73.3699
209.903 57.9353 217.923 56.2987 313.048 36.5963
217.923 56.2987 288.37 42.2835 313.048 36.5963
263.103 49.8276 288.37 42.2835 313.048 36.5963
137.467 73.3699 153.917 70.8159 240.129 53.486
153.917 70.8159 137.467 73.3699 122.139 76.8878
122.139 76.8878 153.917 70.8159 287.192 46.1539
251.92 53.7944 130.137 76.7209 122.139 76.8878
273.19 50.5027 251.92 53.7944 130.137 76.7209
251.92 53.7944 273.19 50.5027 322.598 42.7303
273.19 50.5027 300.017 48.0151 322.598 42.7303
147.745 77.6726 137.865 78.6062 87.3847 86.6081
179.42 72.5419 147.745 77.6726 137.865 78.6062
186.343 71.3304 179.42 72.5419 137.865 78.6062
241.49 61.8555 186.343 71.3304 179.42 72.5419
186.343 71.3304 241.49 61.8555 253.687 59.7043
253.687 59.7043 241.49 61.8555 207.48 68.5502
207.48 68.5502 253.687 59.7043 308.905 53.5988
226.601 67.3926 179.42 72.5419 147.745 77.6726
179.42 72.5419 226.601 67.3926 276.704 60.2183
198.199 77.3904 162.445 82.7607 117.11 90.3605
291.172 62.9509 198.199 77.3904 162.445 82.7607
198.199 77.3904 291.172 62.9509 306.494 61.3702
117.11 90.3605 168.72 82.933 300.055 63.1057
168.72 82.933 117.11 90.3605 111.784 91.1752
221.366 76.4361 168.72 82.933 111.784 91.1752
250.204 72.8857 221.366 76.4361 111.784 91.1752
221.366 76.4361 250.204 72.8857 262.485 70.5675
250.204 72.8857 213.185 80.7093 192.962 83.8332
213.185 80.7093 250.204 72.8857 262.485 70.5675
307.509 92.6861 303.459 93.8066 188.492 93.9133
209.244 92.5503 307.509 92.6861 188.492 93.9133
128.628 92.4161 82.9801 92.4169 209.244 92.5503
128.628 92.4161 209.244 92.5503 307.509 92.6861
150.307 92.1024 128.628 92.4161 82.9801 92.4169
139.873 91.8605 150.307 92.1024 82.9801 92.4169
162.477 89.4045 139.873 91.8605 150.307 92.1024
192.962 83.8332 162.477 89.4045 150.307 92.1024
213.185 80.7093 192.962 83.8332 150.307 92.1024
233.61 78.3242 213.185 80.7093 150.307 92.1024
242.562 76.7437 233.61 78.3242 213.185 80.7093
282.341 70.0947 242.562 76.7437 213.185 80.7093
242.562 76.7437 282.341 70.0947 310.156 67.2247
209.244 92.5503 -0.578148 93.5757 8.6379 93.7879
-0.578148 93.5757 209.244 92.5503 82.9801 92.4169
271.707 73.0632 242.562 76.7437 233.61 78.3242
233.61 78.3242 271.707 73.0632 296.286 70.5426
202.657 89.6362 170.41 91.6053 150.307 92.1024
182.219 88.8065 202.657 89.6362 150.307 92.1024
257.94 79.6011 252.482 81.6945 182.219 88.8065
257.94 79.6011 182.219 88.8065 150.307 92.1024
288.737 76.9681 257.94 79.6011 252.482 81.6945
276.654 76.393 320.99 76.6704 288.737 76.9681
276.654 76.393 288.737 76.9681 257.94 79.6011
287.742 73.7127 276.654 76.393 257.94 79.6011
276.654 76.393 287.742 73.7127 323.244 70.1638
309.001 81.5804 288.737 76.9681 320.99 76.6704
256.811 90.9121 170.41 91.6053 150.307 92.1024
256.811 90.9121 150.307 92.1024 128.628 92.4161
170.41 91.6053 256.811 90.9121 231.67 90.6729
256.811 90.9121 283.763 91.3173 242.53 92.0637
283.763 91.3173 256.811 90.9121 251.863 89.5984
256.811 90.9121 231.67 90.6729 251.863 89.5984
182.219 88.8065 252.482 81.6945 273.73 79.6329
220.873 88.4868 182.219 88.8065 202.657 89.6362
202.657 89.6362 220.873 88.4868 302.882 83.8346
267.835 88.5363 202.657 89.6362 170.41 91.6053
316.45 86.3816 267.835 88.5363 202.657 89.6362
202.657 89.6362 316.45 86.3816 293.349 86.0316
139.873 91.8605 162.477 89.4045 180.313 83.1721
