77.2591 6.20958 72.9682 9.3715 72.41 9.93227
85.657 1.78989 77.2591 6.20958 72.41 9.93227
77.2591 6.20958 85.657 1.78989 85.2053 1.75942
85.9872 5.64173 86.1743 10.7133 86.9454 19.1895
86.1743 10.7133 85.9872 5.64173 85.657 1.78989
85.9872 5.64173 86.9911 2.81172 85.657 1.78989
86.9911 2.81172 94.756 14.0922 98.6958 18.1015
98.6958 18.1015 86.9911 2.81172 86.0632 1.5836
86.9911 2.81172 85.657 1.78989 86.0632 1.5836
85.657 1.78989 85.2053 1.75942 86.0632 1.5836
88.1544 12.9261 85.9872 5.64173 86.9911 2.81172
71.2068 18.3788 69.0236 23.3822 70.2025 24.2572
72.41 9.93227 71.2068 18.3788 69.0236 23.3822
72.968 7.31212 72.9682 9.3715 72.41 9.93227
72.968 7.31212 72.41 9.93227 69.0236 23.3822
72.8467 7.02195 72.968 7.31212 69.0236 23.3822
72.968 7.31212 72.8467 7.02195 72.4929 1.34173
21.9225 9.37314 11.4274 9.55357 9.51394 9.77954
30.5269 9.31209 21.9225 9.37314 9.51394 9.77954
55.1025 8.01255 30.5269 9.31209 21.9225 9.37314
67.5363 7.1599 55.1025 8.01255 21.9225 9.37314
71.27 7.03285 67.5363 7.1599 55.1025 8.01255
72.8467 7.02195 71.27 7.03285 55.1025 8.01255
71.27 7.03285 72.8467 7.02195 72.4929 1.34173
29.354 9.60067 7.04992 13.4814 2.04822 15.2187
30.5269 9.31209 29.354 9.60067 7.04992 13.4814
29.354 9.60067 30.5269 9.31209 55.1025 8.01255
70.2025 24.2572 74.5168 19.4629 75.8898 14.9028
69.0236 23.3822 70.2025 24.2572 67.4019 27.1583
67.4019 27.1583 69.0236 23.3822 67.4237 17.7491
68.3802 28.8489 43.628 29.1533 70.9616 29.19
67.4019 27.1583 68.3802 28.8489 70.9616 29.19
70.2025 24.2572 67.4019 27.1583 70.9616 29.19
74.5168 19.4629 70.2025 24.2572 70.9616 29.19
81.1427 9.39236 74.5168 19.4629 70.9616 29.19
74.5168 19.4629 81.1427 9.39236 81.5433 6.96887
81.1427 9.39236 79.7474 18.1315 77.004 28.7243
79.7474 18.1315 81.1427 9.39236 81.5433 6.96887
77.004 28.7243 79.7474 18.1315 83.0574 14.9541
64.8501 24.8798 67.4019 27.1583 68.3802 28.8489
63.3965 22.4348 64.8501 24.8798 67.4019 27.1583
63.1917 21.9125 49.2417 21.9386 63.3965 22.4348
63.1917 21.9125 63.3965 22.4348 67.4019 27.1583
60.4683 17.0355 63.1917 21.9125 67.4019 27.1583
63.1917 21.9125 60.4683 17.0355 57.3468 14.9805
63.9518 20.5697 64.1705 20.5743 65.9547 21.8827
60.4683 17.0355 63.9518 20.5697 64.1705 20.5743
64.1705 20.5743 60.4683 17.0355 56.6929 11.9631
60.4683 17.0355 57.3468 14.9805 56.6929 11.9631
25.2558 20.0124 9.30417 20.1647 17.5032 20.6671
57.0991 17.4878 25.2558 20.0124 17.5032 20.6671
58.3363 17.4172 57.0991 17.4878 17.5032 20.6671
57.3468 14.9805 58.3363 17.4172 57.0991 17.4878
57.0991 17.4878 57.3468 14.9805 56.6929 11.9631
47.4066 25.7476 47.4022 25.8592 53.0624 26.0881
60.5374 22.8748 47.4066 25.7476 53.0624 26.0881
63.3965 22.4348 60.5374 22.8748 53.0624 26.0881
60.5374 22.8748 63.3965 22.4348 49.2417 21.9386
47.4022 25.8592 47.4066 25.7476 44.5725 21.1002
15.5414 21.4022 28.2368 22.5222 21.592 22.8564
9.30417 20.1647 17.5032 20.6671 15.5414 21.4022
9.30417 20.1647 15.5414 21.4022 21.592 22.8564
3.56727 19.6109 9.30417 20.1647 21.592 22.8564
18.1758 19.3973 3.56727 19.6109 9.30417 20.1647
26.8483 18.658 18.1758 19.3973 9.30417 20.1647
25.7979 17.7732 26.8483 18.658 18.1758 19.3973
28.4196 17.4552 25.7979 17.7732 26.8483 18.658
30.6107 16.9261 28.4196 17.4552 25.7979 17.7732
20.3769 15.5827 30.6107 16.9261 25.7979 17.7732
9.30351 15.1941 20.3769 15.5827 25.7979 17.7732
20.3769 15.5827 9.30351 15.1941 13.8171 15.086
9.30351 15.1941 8.25089 15.1599 13.8171 15.086
26.1627 22.9344 30.6325 23.4206 55.9546 28.1778
28.2368 22.5222 21.592 22.8564 26.1627 22.9344
28.2368 22.5222 26.1627 22.9344 30.6325 23.4206
30.6325 23.4206 28.2368 22.5222 40.9919 22.0103
12.7787 28.1152 15.0021 29.528 22.8923 29.5725
13.0564 27.6294 12.7787 28.1152 22.8923 29.5725
26.1627 22.9344 3.83307 26.9168 13.0564 27.6294
26.1627 22.9344 13.0564 27.6294 22.8923 29.5725
3.83307 26.9168 26.1627 22.9344 21.592 22.8564
13.0564 27.6294 2.58144 27.8668 0.657183 29.3772
3.83307 26.9168 13.0564 27.6294 2.58144 27.8668
2.58144 27.8668 3.83307 26.9168 0.439585 7.33057
9.30351 15.1941 6.62695 15.2108 7.50375 16.814
8.25089 15.1599 9.30351 15.1941 6.62695 15.2108
25.4677 13.1121 8.25089 15.1599 6.62695 15.2108
34.2283 12.4533 25.4677 13.1121 8.25089 15.1599
35.1089 12.28 34.2283 12.4533 25.4677 13.1121
34.2283 12.4533 35.1089 12.28 53.3363 9.32299
65.9547 21.8827 64.1705 20.5743 61.0246 13.7508
2.04822 15.2187 7.04992 13.4814 9.7723 12.353
23.4706 7.82214 11.4274 9.55357 9.51394 9.77954
9.51394 9.77954 23.4706 7.82214 48.0266 3.89371
70.1067 6.29619 71.27 7.03285 67.5363 7.1599
65.8841 5.55571 70.1067 6.29619 67.5363 7.1599
70.1067 6.29619 65.8841 5.55571 52.1277 2.22153
65.8841 5.55571 53.9585 3.72552 52.1277 2.22153
40.615 1.89033 53.9585 3.72552 65.8841 5.55571
33.7199 1.79947 40.615 1.89033 65.8841 5.55571
40.615 1.89033 33.7199 1.79947 30.0054 0.496296
37.3686 3.14285 33.4284 3.31012 13.2621 4.67964
33.7199 1.79947 37.3686 3.14285 33.4284 3.31012
33.4284 3.31012 33.7199 1.79947 30.0054 0.496296
33.4284 3.31012 13.2621 4.67964 3.88441 5.13591
32.3857 3.2721 33.4284 3.31012 3.88441 5.13591
2.7073 2.07835 32.3857 3.2721 33.4284 3.31012
9.76887 1.0753 2.7073 2.07835 33.4284 3.31012
33.4284 3.31012 9.76887 1.0753 12.1317 0.951099
9.71193 3.32494 32.3857 3.2721 2.7073 2.07835
70.1067 6.29619 70.2927 4.80421 67.4343 3.56251
70.2927 4.80421 70.1067 6.29619 71.27 7.03285
69.7569 0.741997 70.2927 4.80421 71.27 7.03285
71.27 7.03285 69.7569 0.741997 69.9833 0.53072
63.6178 3.76042 69.7569 0.741997 69.9833 0.53072
72.9682 9.3715 77.2591 6.20958 84.2809 0.787135
92.1411 5.69361 97.4368 15.5068 98.6958 18.1015
97.4368 15.5068 92.1411 5.69361 90.5115 1.10199
92.712 9.03124 92.1411 5.69361 90.5115 1.10199
94.756 14.0922 98.6958 18.1015 99.2633 19.5612
91.0691 11.2822 94.756 14.0922 99.2633 19.5612
94.756 14.0922 91.0691 11.2822 88.2271 7.7439
91.0691 11.2822 90.4433 11.1289 88.2271 7.7439
92.1875 21.0511 93.3112 22.1845 96.332 25.6201
91.46 15.1271 92.1875 21.0511 93.3112 22.1845
90.4433 11.1289 91.46 15.1271 93.3112 22.1845
91.46 15.1271 90.4433 11.1289 88.2271 7.7439
89.149 26.4451 92.1875 21.0511 91.46 15.1271
91.0691 11.2822 92.4214 12.9614 98.1622 21.8497
98.1622 21.8497 91.0691 11.2822 90.4433 11.1289
96.7783 11.9204 97.4368 15.5068 98.6958 18.1015
96.7783 11.9204 98.6958 18.1015 99.2633 19.5612
96.0163 5.96135 96.7783 11.9204 99.2633 19.5612
96.7783 11.9204 96.0163 5.96135 93.5337 1.45717
96.0163 5.96135 99.5864 7.68977 98.0819 10.276
99.5864 7.68977 96.0163 5.96135 93.5337 1.45717
97.4368 15.5068 96.7783 11.9204 93.874 6.74226
86.9454 19.1895 86.1743 10.7133 85.5564 6.56123
