-11.7649 15.5055 -14.3283 24.9768 -20.1132 44.7395
-11.3941 14.0219 -11.7649 15.5055 -20.1132 44.7395
-11.7649 15.5055 -11.3941 14.0219 -5.57316 -5.87374
-14.3283 24.9768 -14.9093 32.2614 -16.2753 35.6994
-14.9093 32.2614 -14.3283 24.9768 -11.7649 15.5055
-17.4372 30.9385 -18.4059 34.0328 -20.404 41.0869
-13.0243 18.9111 -17.4372 30.9385 -20.404 41.0869
-11.3941 14.0219 -13.0243 18.9111 -17.4372 30.9385
-5.57316 -5.87374 -11.3941 14.0219 -17.4372 30.9385
-4.99394 -7.85061 -2.22303 -6.41055 -5.57316 -5.87374
-4.99394 -7.85061 -5.57316 -5.87374 -17.4372 30.9385
-2.22303 -6.41055 -4.99394 -7.85061 -29.9631 -21.114
-4.99394 -7.85061 -21.7472 -16.3265 -29.9631 -21.114
-19.3419 40.9888 -13.0243 18.9111 -11.3941 14.0219
10.0737 -8.37849 -2.22303 -6.41055 -5.57316 -5.87374
-5.57316 -5.87374 10.0737 -8.37849 44.8919 -13.4795
-14.9093 32.2614 -9.25664 20.8334 -8.67387 16.0481
-9.25664 20.8334 -14.9093 32.2614 -16.2753 35.6994
-5.09485 12.1534 -9.25664 20.8334 -16.2753 35.6994
-9.25664 20.8334 -5.09485 12.1534 -2.09016 3.62614
-12.1451 43.8734 -2.42779 46.6114 -13.4629 46.6206
-11.2906 41.3842 -12.1451 43.8734 -13.4629 46.6206
-8.24232 26.487 -11.2906 41.3842 -13.4629 46.6206
-7.47185 21.2436 -6.91076 22.777 -8.24232 26.487
-7.47185 21.2436 -8.24232 26.487 -13.4629 46.6206
-5.09485 12.1534 -7.47185 21.2436 -6.91076 22.777
-2.09016 3.62614 -5.09485 12.1534 -6.91076 22.777
-6.91076 22.777 -2.09016 3.62614 -1.51322 3.48344
-2.09016 3.62614 -4.20832 3.77343 -4.53588 4.13206
-1.51322 3.48344 -2.09016 3.62614 -4.20832 3.77343
0.273951 2.70805 -1.51322 3.48344 -4.20832 3.77343
21.8272 -3.34199 0.273951 2.70805 -4.20832 3.77343
25.5444 -3.94964 17.5942 -3.82011 21.8272 -3.34199
25.5444 -3.94964 21.8272 -3.34199 0.273951 2.70805
19.9583 -4.23893 25.5444 -3.94964 17.5942 -3.82011
34.5253 -7.6273 19.9583 -4.23893 17.5942 -3.82011
19.9583 -4.23893 34.5253 -7.6273 35.8378 -7.82268
34.5253 -7.6273 22.2063 -7.55963 11.9315 -7.1194
22.2063 -7.55963 34.5253 -7.6273 35.8378 -7.82268
-5.33435 1.19642 -4.20832 3.77343 -4.53588 4.13206
-4.20832 3.77343 -5.33435 1.19642 -3.05613 -2.45196
21.8272 -3.34199 15.4996 -3.23417 18.9938 -2.84938
21.8272 -3.34199 18.9938 -2.84938 18.4997 -2.65123
21.8272 -3.34199 18.4997 -2.65123 -1.14706 1.44404
17.5942 -3.82011 21.8272 -3.34199 15.4996 -3.23417
15.8683 -5.65295 17.5942 -3.82011 15.4996 -3.23417
17.5942 -3.82011 15.8683 -5.65295 23.8705 -6.75412
18.4997 -2.65123 5.61756 -2.51977 6.15678 -2.2761
5.61756 -2.51977 18.4997 -2.65123 18.9938 -2.84938
26.6396 -5.11357 19.9583 -4.23893 25.5444 -3.94964
25.5444 -3.94964 26.6396 -5.11357 49.1961 -6.66697
-1.51322 3.48344 0.273951 2.70805 37.3799 -4.99862
-4.08609 14.9327 -6.91076 22.777 -8.24232 26.487
-6.91076 22.777 -4.08609 14.9327 -3.31397 12.7097
-4.08609 14.9327 -2.60696 13.7402 -3.31397 12.7097
-6.22672 21.73 -4.08609 14.9327 -2.60696 13.7402
-6.74094 31.4352 -11.2906 41.3842 -12.1451 43.8734
-11.2906 41.3842 -6.74094 31.4352 -7.03538 30.5205
-6.74094 31.4352 -7.91315 38.9445 -9.20504 41.3444
-3.54666 29.2094 -7.03538 30.5205 -6.74094 31.4352
-3.54666 29.2094 -6.74094 31.4352 -7.91315 38.9445
-3.53001 23.0382 -3.54666 29.2094 -7.03538 30.5205
2.7463 9.5206 -3.53001 23.0382 -7.03538 30.5205
-3.53001 23.0382 2.7463 9.5206 6.67041 2.93869
-1.95466 22.715 -3.53001 23.0382 -3.54666 29.2094
-3.53001 23.0382 -1.95466 22.715 7.75467 8.50607
0.31421 25.5979 -7.91315 38.9445 -9.20504 41.3444
-7.91315 38.9445 0.31421 25.5979 7.1599 12.0957
0.31421 25.5979 3.38041 28.0405 0.687867 28.9339
3.38041 28.0405 0.31421 25.5979 7.1599 12.0957
3.38041 28.0405 0.687867 28.9339 1.48879 29.9093
14.665 17.1329 11.2124 18.7859 3.38041 28.0405
14.665 17.1329 3.38041 28.0405 1.48879 29.9093
11.2124 18.7859 14.665 17.1329 10.118 15.5879
15.6982 22.1512 15.4551 18.6215 14.665 17.1329
18.3181 20.2825 19.262 21.3957 9.44453 28.8737
18.6238 19.8829 18.3181 20.2825 19.262 21.3957
15.4551 18.6215 18.6238 19.8829 18.3181 20.2825
14.665 17.1329 15.4551 18.6215 18.6238 19.8829
14.3345 15.3695 10.118 15.5879 14.665 17.1329
14.3345 15.3695 14.665 17.1329 18.6238 19.8829
10.9811 14.4679 14.3345 15.3695 10.118 15.5879
10.118 15.5879 10.9811 14.4679 11.1623 12.4889
-9.00992 42.8611 -12.1451 43.8734 -2.42779 46.6114
3.78142 38.6047 -9.00992 42.8611 -12.1451 43.8734
28.3585 30.3955 3.78142 38.6047 -12.1451 43.8734
-12.1451 43.8734 28.3585 30.3955 37.2063 27.1721
8.50129 34.0213 0.431409 35.984 -0.727583 36.5725
10.3347 33.7561 8.50129 34.0213 -0.727583 36.5725
27.4833 29.6005 10.3347 33.7561 -0.727583 36.5725
37.2063 27.1721 27.4833 29.6005 10.3347 33.7561
10.3347 33.7561 37.2063 27.1721 40.0265 26.3941
25.0006 30.3402 12.3254 33.6959 5.2445 35.5109
27.4833 29.6005 25.0006 30.3402 5.2445 35.5109
25.0006 30.3402 27.4833 29.6005 37.2063 27.1721
37.2063 27.1721 28.3585 30.3955 30.3597 30.5795
30.3597 30.5795 37.2063 27.1721 40.0265 26.3941
5.2445 35.5109 5.6789 36.1033 -5.42983 39.7396
12.3254 33.6959 5.2445 35.5109 5.6789 36.1033
5.6789 36.1033 12.3254 33.6959 22.0354 31.6403
15.177 27.99 0.431409 35.984 -0.727583 36.5725
24.3276 21.8847 15.177 27.99 -0.727583 36.5725
23.9623 21.4832 24.3276 21.8847 -0.727583 36.5725
13.3551 8.94069 23.9623 21.4832 24.3276 21.8847
23.9623 21.4832 13.3551 8.94069 9.38477 4.6823
13.3551 8.94069 26.3773 14.7025 25.444 15.0802
26.3773 14.7025 13.3551 8.94069 9.38477 4.6823
25.444 15.0802 28.6128 16.1632 28.7027 16.6867
26.3773 14.7025 25.444 15.0802 28.6128 16.1632
22.5161 8.68085 26.3773 14.7025 28.6128 16.1632
25.147 6.8071 25.7458 8.01902 22.5161 8.68085
26.3773 14.7025 22.5161 8.68085 21.04 6.62281
22.5161 8.68085 25.147 6.8071 21.04 6.62281
28.2292 10.5934 29.3997 12.5558 28.6128 16.1632
29.3997 12.5558 28.2292 10.5934 22.0566 -0.488054
29.3997 12.5558 28.6128 16.1632 28.7027 16.6867
31.6275 7.51214 29.3997 12.5558 28.7027 16.6867
32.1 6.0455 31.6275 7.51214 28.7027 16.6867
32.7801 5.59445 32.1 6.0455 28.7027 16.6867
34.1812 3.24202 41.1613 3.49261 32.7801 5.59445
34.1812 3.24202 32.7801 5.59445 32.1 6.0455
32.1 6.0455 34.1812 3.24202 37.6417 -3.43152
32.7801 5.59445 32.8408 8.26033 31.7782 15.0466
32.8408 8.26033 32.7801 5.59445 41.1613 3.49261
26.0951 5.16715 32.1 6.0455 31.6275 7.51214
32.1 6.0455 26.0951 5.16715 25.045 2.87125
45.726 5.42221 38.2687 8.12026 41.1833 8.82593
46.2718 4.24858 45.726 5.42221 38.2687 8.12026
41.1613 3.49261 46.2718 4.24858 38.2687 8.12026
40.0745 2.69342 34.1812 3.24202 41.1613 3.49261
40.0745 2.69342 41.1613 3.49261 46.2718 4.24858
36.5068 1.80272 40.0745 2.69342 34.1812 3.24202
41.5166 -3.37777 36.5068 1.80272 34.1812 3.24202
36.5068 1.80272 41.5166 -3.37777 46.2422 -5.26568
36.9712 18.6713 45.5675 19.6922 44.5641 19.7632
39.1533 17.9524 36.9712 18.6713 45.5675 19.6922
45.8964 17.1712 39.1533 17.9524 45.5675 19.6922
47.3202 12.5902 45.8964 17.1712 45.5675 19.6922
45.726 5.42221 47.3202 12.5902 45.8964 17.1712
47.3202 12.5902 45.726 5.42221 46.2718 4.24858
40.0745 2.69342 36.5068 1.80272 48.1344 -0.584056
0.431409 35.984 15.177 27.99 43.7159 12.7529
10.3347 33.7561 8.50129 34.0213 4.55663 34.5212
23.0189 29.2609 10.3347 33.7561 4.55663 34.5212
37.3069 23.3581 23.0189 29.2609 4.55663 34.5212
23.0189 29.2609 37.3069 23.3581 38.8788 23.3234
37.3069 23.3581 25.191 25.9452 21.1407 26.9202
25.191 25.9452 37.3069 23.3581 30.3835 21.9933
37.3069 23.3581 38.8788 23.3234 30.3835 21.9933
10.3347 33.7561 23.0189 29.2609 35.6555 26.4407
6.44221 37.9214 3.78142 38.6047 -9.00992 42.8611
3.78142 38.6047 6.44221 37.9214 40.8386 28.7196
6.44221 37.9214 26.6669 32.8573 40.8386 28.7196
9.26802 38.0126 26.6669 32.8573 40.8386 28.7196
1.16545 49.0405 4.04242 49.1004 -6.04248 49.2433
3.24021 48.0005 1.16545 49.0405 -6.04248 49.2433
-0.445111 47.9798 3.24021 48.0005 -6.04248 49.2433
-2.75017 47.6694 -0.445111 47.9798 -6.04248 49.2433
-13.4629 46.6206 -2.75017 47.6694 -6.04248 49.2433
-2.42779 46.6114 -13.4629 46.6206 -2.75017 47.6694
13.2356 39.5122 -2.42779 46.6114 -2.75017 47.6694
-2.42779 46.6114 13.2356 39.5122 13.409 38.7484
15.4125 41.1181 20.0168 41.2947 19.8162 42.7332
13.2356 39.5122 15.4125 41.1181 20.0168 41.2947
20.0168 41.2947 13.2356 39.5122 13.409 38.7484
23.8724 39.9533 20.0168 41.2947 19.8162 42.7332
20.0168 41.2947 23.8724 39.9533 18.5492 39.668
18.5492 39.668 23.8724 39.9533 29.721 40.1903
21.0136 39.5719 18.5492 39.668 29.721 40.1903
25.9884 37.9831 21.0136 39.5719 18.5492 39.668
32.0887 36.7895 25.9884 37.9831 21.0136 39.5719
32.5361 34.9224 32.0887 36.7895 25.9884 37.9831
31.5726 34.725 32.5361 34.9224 25.9884 37.9831
32.5361 34.9224 31.5726 34.725 37.5187 31.3242
-2.75017 47.6694 1.35067 45.936 12.9134 40.6204
1.35067 45.936 -2.75017 47.6694 -0.445111 47.9798
-0.445111 47.9798 1.35067 45.936 11.6308 41.5982
-20.2782 31.7739 -18.4059 34.0328 -20.404 41.0869
-21.6395 29.4521 -20.2782 31.7739 -18.4059 34.0328
-17.3691 26.7926 -21.6395 29.4521 -18.4059 34.0328
-16.0731 18.0502 -17.6543 26.4432 -17.3691 26.7926
-16.0731 18.0502 -17.3691 26.7926 -18.4059 34.0328
-16.3949 16.2453 -16.0731 18.0502 -17.6543 26.4432
-15.1734 15.9563 -16.3949 16.2453 -16.0731 18.0502
-14.5652 15.1115 -15.1734 15.9563 -16.0731 18.0502
-17.8871 13.527 -14.5652 15.1115 -15.1734 15.9563
-30.0037 2.99357 -17.8871 13.527 -15.1734 15.9563
-15.1734 15.9563 -30.0037 2.99357 -43.2873 -8.43781
-21.6463 31.9971 -28.9188 34.9687 -26.3883 36.2552
-20.2782 31.7739 -21.6463 31.9971 -26.3883 36.2552
-21.6395 29.4521 -20.2782 31.7739 -21.6463 31.9971
-21.6463 31.9971 -21.6395 29.4521 -25.5236 24.2878
-23.8941 39.8678 -25.8822 38.4307 -26.3883 36.2552
-25.8822 38.4307 -27.9005 37.1052 -26.3883 36.2552
-26.3883 36.2552 -27.9005 37.1052 -29.9885 37.3324
-28.9188 34.9687 -26.3883 36.2552 -29.9885 37.3324
-29.9885 37.3324 -28.9188 34.9687 -37.0236 32.7596
-29.5287 40.1393 -25.8822 38.4307 -27.9005 37.1052
-40.9901 -1.64768 -17.6543 26.4432 -17.3691 26.7926
-17.3691 26.7926 -40.9901 -1.64768 -42.4895 -3.26476
-33.4907 6.09115 -32.8094 6.77519 -19.5232 20.8343
-40.9901 -1.64768 -33.4907 6.09115 -32.8094 6.77519
-32.8094 6.77519 -40.9901 -1.64768 -42.4895 -3.26476
-20.363 14.8648 -15.1734 15.9563 -16.3949 16.2453
-24.8667 13.0867 -20.363 14.8648 -15.1734 15.9563
-26.4262 12.3272 -24.8667 13.0867 -15.1734 15.9563
-25.9623 11.8247 -26.4262 12.3272 -15.1734 15.9563
-24.9885 9.90087 -25.9623 11.8247 -26.4262 12.3272
-26.4262 12.3272 -24.9885 9.90087 -29.1344 4.58544
-24.8667 13.0867 -20.8553 18.4246 -18.5715 20.4795
-20.8553 18.4246 -24.8667 13.0867 -26.4262 12.3272
-32.8369 -0.0082126 -30.0037 2.99357 -17.8871 13.527
-38.1583 -4.61452 -32.8369 -0.0082126 -30.0037 2.99357
-37.0141 -4.69137 -38.1583 -4.61452 -32.8369 -0.0082126
-37.1068 -6.01333 -37.0141 -4.69137 -38.1583 -4.61452
-37.5667 -7.77737 -37.1068 -6.01333 -38.1583 -4.61452
-39.2734 -8.18881 -37.5667 -7.77737 -38.1583 -4.61452
-40.2115 -9.01841 -39.2734 -8.18881 -37.5667 -7.77737
-43.068 -11.4058 -40.2115 -9.01841 -39.2734 -8.18881
-40.2115 -9.01841 -43.068 -11.4058 -43.0969 -14.5792
-40.2068 13.1976 -40.6236 23.3542 -40.8013 23.6686
-41.9289 11.8478 -40.2068 13.1976 -40.8013 23.6686
-42.972 8.15269 -41.9289 11.8478 -40.8013 23.6686
-44.1282 -3.1016 -42.972 8.15269 -41.9289 11.8478
-44.8145 -8.3298 -44.1282 -3.1016 -42.972 8.15269
-43.068 -11.4058 -44.8145 -8.3298 -44.1282 -3.1016
-44.8145 -8.3298 -43.068 -11.4058 -43.0969 -14.5792
-40.0386 9.72862 -40.5363 10.1567 -40.2068 13.1976
-40.0386 9.72862 -40.2068 13.1976 -40.6236 23.3542
-38.3812 5.12592 -40.0386 9.72862 -40.5363 10.1567
-40.5363 10.1567 -38.3812 5.12592 -40.4013 1.69375
-37.6199 10.7781 -38.2555 11.4709 -38.9401 18.0029
-40.0386 9.72862 -37.6199 10.7781 -38.2555 11.4709
-37.6199 10.7781 -40.0386 9.72862 -38.3812 5.12592
-41.823 25.3244 -40.8013 23.6686 -33.0423 12.5648
-40.8013 23.6686 -40.6236 23.3542 -33.0423 12.5648
-43.9388 18.1376 -40.8013 23.6686 -41.823 25.3244
-44.5053 17.9241 -43.9388 18.1376 -41.823 25.3244
-43.9388 18.1376 -44.5053 17.9241 -49.7578 -2.44311
-37.5667 -7.77737 -39.3945 -12.9313 -39.9788 -13.3892
-39.2348 -17.9124 -39.3945 -12.9313 -37.5667 -7.77737
-39.2348 -17.9124 -37.5667 -7.77737 -37.1068 -6.01333
-39.3945 -12.9313 -39.2348 -17.9124 -39.3625 -24.0385
-37.1068 -6.01333 -36.5269 -10.311 -37.5039 -16.7396
-36.5269 -10.311 -37.1068 -6.01333 -37.0141 -4.69137
-37.0141 -4.69137 -36.5269 -10.311 -34.9169 -15.0422
-20.888 8.09459 -17.8871 13.527 -14.5652 15.1115
-23.6384 3.12978 -20.888 8.09459 -17.8871 13.527
-31.3422 -9.94933 -23.6384 3.12978 -17.8871 13.527
-23.6384 3.12978 -31.3422 -9.94933 -32.8873 -13.0835
-28.8116 -3.5923 -31.3422 -9.94933 -32.8873 -13.0835
-24.317 -2.35973 -23.6384 3.12978 -20.888 8.09459
-28.5523 -10.3543 -24.317 -2.35973 -23.6384 3.12978
-23.6384 3.12978 -28.5523 -10.3543 -31.5156 -15.3936
-16.0819 25.0001 -17.4372 30.9385 -18.4059 34.0328
-18.4059 34.0328 -16.0819 25.0001 -13.5723 15.0505
-30.1784 -20.3532 -21.7472 -16.3265 -4.99394 -7.85061
-35.7383 -23.0995 -30.1784 -20.3532 -4.99394 -7.85061
-38.0671 -25.9677 -35.7383 -23.0995 -30.1784 -20.3532
-36.771 -26.1162 -38.0671 -25.9677 -30.1784 -20.3532
4.33969 -31.0037 -36.771 -26.1162 -38.0671 -25.9677
-38.0671 -25.9677 4.33969 -31.0037 21.5284 -33.2719
-16.905 4.0559 -15.334 5.9028 -14.758 8.02764
-31.9596 -17.2053 -16.905 4.0559 -14.758 8.02764
-31.2894 -17.7297 -27.3138 -17.2643 -31.9596 -17.2053
-35.7383 -23.0995 -31.2894 -17.7297 -31.9596 -17.2053
-14.758 8.02764 -31.9596 -17.2053 -38.0671 -25.9677
-31.9596 -17.2053 -35.7383 -23.0995 -38.0671 -25.9677
4.33969 -31.0037 -14.1033 -28.563 -29.6403 -26.7339
21.5284 -33.2719 4.33969 -31.0037 -14.1033 -28.563
-14.1033 -28.563 21.5284 -33.2719 26.7478 -33.7767
-30.4455 -28.7879 21.5284 -33.2719 26.7478 -33.7767
-23.1779 -14.0038 -13.3177 -8.35124 -13.2561 -6.64501
-24.7478 -15.2256 -23.1779 -14.0038 -13.3177 -8.35124
-13.3177 -8.35124 -24.7478 -15.2256 -27.3138 -17.2643
-24.7478 -15.2256 -31.9596 -17.2053 -27.3138 -17.2643
-18.2113 -8.11941 -16.1753 -1.73069 -11.0444 9.34088
-20.0438 -10.0969 -18.2113 -8.11941 -16.1753 -1.73069
-21.3071 -12.0871 -20.0438 -10.0969 -18.2113 -8.11941
-23.1779 -14.0038 -21.3071 -12.0871 -20.0438 -10.0969
-20.0438 -10.0969 -23.1779 -14.0038 -24.7478 -15.2256
-9.74524 -2.58847 -21.3071 -12.0871 -23.1779 -14.0038
-27.3138 -17.2643 -31.2894 -17.7297 -30.2175 -17.9292
-13.3177 -8.35124 -13.2561 -6.64501 -9.51417 -3.92137
-9.51417 -3.92137 -13.3177 -8.35124 -12.345 -9.86969
2.99191 -30.1056 -14.1033 -28.563 -29.6403 -26.7339
-14.1033 -28.563 2.99191 -30.1056 21.015 -32.6874
20.0082 -24.9674 11.0317 -24.8779 32.5406 -24.0038
-4.38315 -27.752 20.0082 -24.9674 32.5406 -24.0038
-11.473 -27.79 -4.38315 -27.752 20.0082 -24.9674
-12.9012 -27.9174 -11.473 -27.79 20.0082 -24.9674
-2.75157 -29.1085 -12.9012 -27.9174 -11.473 -27.79
-11.473 -27.79 -2.75157 -29.1085 21.015 -32.6874
-2.75157 -29.1085 2.99191 -30.1056 21.015 -32.6874
14.1539 -27.8069 -11.473 -27.79 -4.38315 -27.752
14.1539 -27.8069 -4.38315 -27.752 24.9604 -26.5901
24.9604 -26.5901 14.1539 -27.8069 13.5816 -29.9639
32.5406 -24.0038 31.2096 -26.2051 26.6975 -30.4775
2.6156 -22.6552 1.8218 -22.6117 35.7457 -20.6714
39.8231 -22.8588 2.6156 -22.6552 35.7457 -20.6714
23.8667 -22.9025 39.8231 -22.8588 2.6156 -22.6552
22.1048 -23.2865 23.8667 -22.9025 2.6156 -22.6552
38.9064 -23.73 -23.7758 -23.521 22.1048 -23.2865
38.9064 -23.73 22.1048 -23.2865 23.8667 -22.9025
41.2416 -23.7329 38.9064 -23.73 23.8667 -22.9025
32.5406 -24.0038 41.2416 -23.7329 38.9064 -23.73
11.0317 -24.8779 32.5406 -24.0038 38.9064 -23.73
38.9064 -23.73 11.0317 -24.8779 -7.89042 -25.4282
-19.6697 -23.2037 38.6019 -18.6647 42.9066 -18.3307
38.6019 -18.6647 -19.6697 -23.2037 -23.7758 -23.521
-19.6697 -23.2037 22.1048 -23.2865 -23.7758 -23.521
31.2096 -26.2051 32.5406 -24.0038 41.2416 -23.7329
36.8985 -27.2098 31.2096 -26.2051 41.2416 -23.7329
32.8724 -32.3058 36.8985 -27.2098 41.2416 -23.7329
31.332 -37.1962 32.8724 -32.3058 41.2416 -23.7329
32.8724 -32.3058 31.332 -37.1962 28.6115 -37.2973
31.332 -37.1962 37.5537 -32.0779 38.5209 -30.1398
37.5537 -32.0779 31.332 -37.1962 32.2562 -38.03
31.332 -37.1962 28.6115 -37.2973 32.2562 -38.03
27.7288 -35.2956 32.8724 -32.3058 36.8985 -27.2098
21.8462 -40.0431 27.7288 -35.2956 36.8985 -27.2098
27.7288 -35.2956 21.8462 -40.0431 12.9238 -47.7889
21.8462 -40.0431 12.5356 -47.4641 12.9238 -47.7889
8.91753 -44.4646 6.48704 -43.1537 0.471815 -37.4997
12.5356 -47.4641 8.91753 -44.4646 6.48704 -43.1537
6.48704 -43.1537 12.5356 -47.4641 12.9238 -47.7889
-5.07082 -32.021 -34.7065 -31.516 -32.0873 -31.0756
-5.24206 -32.0263 -5.07082 -32.021 -34.7065 -31.516
7.70392 -43.2751 -5.24206 -32.0263 -5.07082 -32.021
10.5085 -44.2705 7.70392 -43.2751 -5.07082 -32.021
7.70392 -43.2751 10.5085 -44.2705 8.91753 -44.4646
10.5085 -44.2705 18.8544 -38.8209 15.855 -38.5266
18.8544 -38.8209 10.5085 -44.2705 12.5356 -47.4641
10.5085 -44.2705 8.91753 -44.4646 12.5356 -47.4641
-34.7065 -31.516 -32.0873 -31.0756 -35.4818 -29.8462
-34.7065 -31.516 -35.4818 -29.8462 -37.794 -26.8785
-33.9763 -33.403 -27.4795 -32.834 -34.7065 -31.516
-33.9763 -33.403 -34.7065 -31.516 -37.794 -26.8785
-30.2904 -33.5661 -33.9763 -33.403 -27.4795 -32.834
-29.0197 -36.5762 -30.2904 -33.5661 -33.9763 -33.403
-33.9763 -33.403 -29.0197 -36.5762 -30.0901 -36.7407
-29.0197 -36.5762 -14.1153 -35.5649 -12.8092 -35.2491
-14.1153 -35.5649 -29.0197 -36.5762 -30.0901 -36.7407
-25.2912 -37.5208 -11.5273 -36.2983 -14.1153 -35.5649
-11.5273 -36.2983 -25.2912 -37.5208 -25.3666 -38.3106
-11.5273 -36.2983 -14.1153 -35.5649 -12.8092 -35.2491
-7.08662 -36.3155 -11.5273 -36.2983 -12.8092 -35.2491
-13.0548 -38.2982 -7.08662 -36.3155 -11.5273 -36.2983
-10.4896 -39.2302 -14.8091 -38.7282 -13.0548 -38.2982
-10.4896 -39.2302 -13.0548 -38.2982 -7.08662 -36.3155
-12.7215 -43.4452 -16.0011 -43.4007 -10.4896 -39.2302
-12.7215 -43.4452 -10.4896 -39.2302 -7.08662 -36.3155
-16.0011 -43.4007 -12.7215 -43.4452 -13.1151 -43.6015
-13.0548 -38.2982 -14.8091 -38.7282 -21.3493 -39.5493
-14.8091 -38.7282 -10.4896 -39.2302 -19.4906 -40.5298
-34.7065 -31.516 -27.4795 -32.834 -21.4978 -33.648
6.80934 -44.4689 6.48704 -43.1537 0.471815 -37.4997
6.48704 -43.1537 6.80934 -44.4689 8.51645 -48.189
6.80934 -44.4689 4.57228 -47.8357 8.51645 -48.189
8.51645 -48.189 4.57228 -47.8357 -6.94358 -47.5593
1.7742 -49.158 8.51645 -48.189 -6.94358 -47.5593
1.7742 -49.158 -6.94358 -47.5593 -18.0281 -45.7253
-18.0281 -45.7253 1.7742 -49.158 2.72795 -49.4767
-6.94358 -47.5593 -6.11477 -47.3693 -4.08942 -45.1424
-6.11477 -47.3693 -6.94358 -47.5593 4.57228 -47.8357
21.3153 -19.6826 38.6019 -18.6647 42.9066 -18.3307
42.9066 -18.3307 21.3153 -19.6826 -1.00279 -20.4269
15.0128 -23.8935 38.9064 -23.73 -23.7758 -23.521
38.9064 -23.73 15.0128 -23.8935 -10.5353 -24.1769
16.3791 -25.1075 20.0082 -24.9674 11.0317 -24.8779
11.0317 -24.8779 16.3791 -25.1075 0.819377 -25.707
20.0082 -24.9674 16.3791 -25.1075 -17.9117 -27.2385
11.7145 -9.34883 10.0737 -8.37849 -2.22303 -6.41055
20.101 -10.6028 11.7145 -9.34883 10.0737 -8.37849
23.3906 -11.6016 20.101 -10.6028 11.7145 -9.34883
24.3553 -13.8322 23.3906 -11.6016 11.7145 -9.34883
31.5752 -16.231 24.3553 -13.8322 23.3906 -11.6016
23.3906 -11.6016 31.5752 -16.231 32.5463 -16.2326
0.0341472 -15.8006 -0.999051 -15.7997 16.444 -15.4145
31.5752 -16.231 0.0341472 -15.8006 -0.999051 -15.7997
35.4347 -16.2834 32.5463 -16.2326 31.5752 -16.231
35.4347 -16.2834 31.5752 -16.231 -0.999051 -15.7997
13.9839 -16.6291 35.4347 -16.2834 -0.999051 -15.7997
-0.999051 -15.7997 13.9839 -16.6291 17.7634 -16.8481
24.3553 -13.8322 14.7123 -12.1968 -4.13183 -9.30142
-4.13183 -9.30142 24.3553 -13.8322 31.5752 -16.231
16.4992 -14.8822 4.1252 -15.2592 16.444 -15.4145
-0.999051 -15.7997 16.444 -15.4145 4.1252 -15.2592
-0.999051 -15.7997 4.1252 -15.2592 5.72225 -13.251
-10.7563 -17.1085 -0.999051 -15.7997 5.72225 -13.251
-2.44195 -17.5951 -10.7563 -17.1085 -0.999051 -15.7997
2.85141 -17.6001 -2.44195 -17.5951 -0.999051 -15.7997
-2.44195 -17.5951 2.85141 -17.6001 0.139562 -19.6657
-6.47358 -13.8383 -7.22564 -12.4745 2.25299 -10.6762
-10.7563 -17.1085 -6.47358 -13.8383 2.25299 -10.6762
-6.47358 -13.8383 -10.7563 -17.1085 -16.6992 -19.2871
-10.7563 -17.1085 -2.44195 -17.5951 -16.6992 -19.2871
2.25299 -10.6762 -7.22564 -12.4745 -13.5724 -13.6421
