67.8971 81.252 63.7198 81.3636 31.1926 86.582
176.865 67.5173 67.8971 81.252 31.1926 86.582
21.2765 87.8559 31.1926 86.582 223.479 61.9515
31.1926 86.582 176.865 67.5173 223.479 61.9515
239.102 62.4552 192.089 68.0803 157.346 71.8701
39.9502 89.1695 157.346 71.8701 223.479 61.9515
157.346 71.8701 239.102 62.4552 223.479 61.9515
167.1 67.6073 91.5006 68.6219 122.607 68.8691
176.865 67.5173 167.1 67.6073 122.607 68.8691
223.479 61.9515 176.865 67.5173 167.1 67.6073
268.12 57.6916 253.797 60.6135 223.479 61.9515
333.589 50.3874 268.12 57.6916 223.479 61.9515
333.589 50.3874 223.479 61.9515 167.1 67.6073
167.1 67.6073 333.589 50.3874 337.186 49.6836
239.102 62.4552 198.073 69.2917 123.573 80.3915
239.102 62.4552 123.573 80.3915 60.0541 90.1457
198.073 69.2917 239.102 62.4552 253.797 60.6135
239.102 62.4552 223.479 61.9515 253.797 60.6135
108.35 80.9774 99.6469 81.8629 47.2801 90.2314
192.089 68.0803 108.35 80.9774 99.6469 81.8629
108.35 80.9774 192.089 68.0803 239.102 62.4552
253.797 60.6135 220.827 67.8081 210.201 68.8469
253.797 60.6135 210.201 68.8469 163.254 76.6786
253.797 60.6135 163.254 76.6786 130.907 82.3248
220.827 67.8081 253.797 60.6135 268.12 57.6916
147.871 80.3059 163.254 76.6786 210.201 68.8469
176.652 81.1935 252.597 67.5256 333.589 50.3874
206.217 77.3851 153.828 89.332 141.975 91.3253
252.597 67.5256 206.217 77.3851 153.828 89.332
333.589 50.3874 252.597 67.5256 153.828 89.332
153.828 89.332 333.589 50.3874 337.186 49.6836
29.1944 83.9397 31.1926 86.582 21.2765 87.8559
29.1944 83.9397 21.2765 87.8559 6.94301 93.5878
20.2492 70.0774 29.1944 83.9397 31.1926 86.582
17.9852 60.6132 20.2492 70.0774 31.1926 86.582
17.1854 42.0978 17.9852 60.6132 31.1926 86.582
12.2885 26.3158 17.1854 42.0978 31.1926 86.582
17.1854 42.0978 12.2885 26.3158 0.796685 -0.309631
12.2885 26.3158 23.9622 49.6248 28.4531 58.9474
23.9622 49.6248 12.2885 26.3158 0.796685 -0.309631
52.7324 80.9002 67.8971 81.252 63.7198 81.3636
79.914 77.3438 52.7324 80.9002 67.8971 81.252
52.7324 80.9002 79.914 77.3438 111.479 72.3639
79.914 77.3438 93.4917 76.2751 111.479 72.3639
151.173 69.0566 140.081 69.4933 68.2177 69.5881
122.607 68.8691 151.173 69.0566 68.2177 69.5881
91.5006 68.6219 122.607 68.8691 68.2177 69.5881
53.606 68.251 91.5006 68.6219 68.2177 69.5881
62.2724 67.3376 53.606 68.251 91.5006 68.6219
101.535 67.3144 62.2724 67.3376 91.5006 68.6219
178.878 58.5864 101.535 67.3144 91.5006 68.6219
196.237 57.4263 178.878 58.5864 91.5006 68.6219
292.653 47.7515 196.237 57.4263 91.5006 68.6219
300.921 46.8879 292.653 47.7515 196.237 57.4263
317.004 46.4747 300.921 46.8879 292.653 47.7515
342.927 43.4442 317.004 46.4747 300.921 46.8879
300.921 46.8879 342.927 43.4442 346.834 41.1884
80.7452 72.7652 140.081 69.4933 151.173 69.0566
262.203 53.1329 233.904 57.5505 212.999 60.7698
267.508 53.036 262.203 53.1329 233.904 57.5505
277.515 51.3757 267.508 53.036 262.203 53.1329
317.004 46.4747 277.515 51.3757 262.203 53.1329
277.515 51.3757 317.004 46.4747 342.927 43.4442
327.959 72.9055 322.471 80.6855 319.434 90.6626
330.957 63.6347 322.31 72.7626 327.959 72.9055
338.782 58.2765 330.957 63.6347 327.959 72.9055
338.782 58.2765 327.959 72.9055 319.434 90.6626
330.957 63.6347 338.782 58.2765 342.927 43.4442
331.215 77.7537 338.782 58.2765 346.834 41.1884
338.782 58.2765 342.927 43.4442 346.834 41.1884
322.31 72.7626 309.127 80.4589 296.519 91.3584
309.127 80.4589 322.31 72.7626 330.957 63.6347
306.894 91.8102 322.471 80.6855 327.959 72.9055
299.089 41.7863 62.2724 67.3376 53.606 68.251
62.2724 67.3376 299.089 41.7863 333.006 38.2416
120.208 59.7897 110.711 61.3909 92.5862 63.074
136.72 57.4909 120.208 59.7897 110.711 61.3909
158.767 56.4596 136.72 57.4909 110.711 61.3909
197.147 52.2419 158.767 56.4596 136.72 57.4909
299.089 41.7863 197.147 52.2419 158.767 56.4596
197.147 52.2419 299.089 41.7863 333.006 38.2416
120.208 59.7897 98.4233 61.5905 83.7962 63.3549
136.72 57.4909 120.208 59.7897 98.4233 61.5905
188.581 51.7002 136.72 57.4909 98.4233 61.5905
280.773 41.041 188.581 51.7002 98.4233 61.5905
188.581 51.7002 280.773 41.041 323.605 36.2313
280.773 41.041 311.091 36.5988 323.605 36.2313
223.752 46.1514 98.4233 61.5905 83.7962 63.3549
98.4233 61.5905 223.752 46.1514 291.264 38.2996
162.138 53.1221 127.859 57.2574 73.4725 63.4287
166.577 52.6074 162.138 53.1221 127.859 57.2574
183.33 50.9246 166.577 52.6074 127.859 57.2574
223.752 46.1514 183.33 50.9246 166.577 52.6074
166.577 52.6074 223.752 46.1514 291.264 38.2996
207.029 46.216 166.577 52.6074 162.138 53.1221
266.842 36.218 207.029 46.216 162.138 53.1221
207.029 46.216 266.842 36.218 289.647 33.0769
266.842 36.218 226.398 40.5103 211.446 43.8527
289.647 33.0769 266.842 36.218 226.398 40.5103
316.027 31.6 302.483 32.7595 289.647 33.0769
346.238 27.7081 316.027 31.6 289.647 33.0769
226.398 40.5103 289.647 33.0769 328.546 26.4753
289.647 33.0769 346.238 27.7081 328.546 26.4753
350.494 58.877 351.235 67.55 342.985 73.6509
350.494 58.877 342.985 73.6509 337.292 80.7144
347.471 53.8227 350.494 58.877 337.292 80.7144
347.471 53.8227 337.292 80.7144 332.425 91.8591
346.238 27.7081 347.471 53.8227 350.494 58.877
350.494 58.877 346.238 27.7081 353.92 19.5965
346.238 27.7081 328.546 26.4753 353.92 19.5965
340.884 86.6055 337.292 80.7144 342.985 73.6509
342.985 73.6509 350.355 79.148 346.192 93.2752
350.355 79.148 342.985 73.6509 351.235 67.55
129.297 48.2195 136.952 49.1058 100.779 50.3996
170.119 43.4748 129.297 48.2195 100.779 50.3996
189.024 40.5341 170.119 43.4748 100.779 50.3996
219.417 37.7573 189.024 40.5341 170.119 43.4748
306.752 28.7319 219.417 37.7573 170.119 43.4748
328.546 26.4753 306.752 28.7319 170.119 43.4748
306.752 28.7319 328.546 26.4753 353.92 19.5965
58.5427 60.0746 48.6909 62.178 42.4852 62.3155
122.703 52.8917 58.5427 60.0746 48.6909 62.178
147.561 50.2538 122.703 52.8917 48.6909 62.178
136.952 49.1058 147.561 50.2538 122.703 52.8917
147.561 50.2538 136.952 49.1058 129.297 48.2195
237.846 38.1946 170.119 43.4748 129.297 48.2195
170.119 43.4748 237.846 38.1946 247.611 36.1555
189.024 40.5341 182.264 41.1364 93.7282 50.1726
219.417 37.7573 189.024 40.5341 182.264 41.1364
182.264 41.1364 219.417 37.7573 282.128 30.9919
197.052 38.7806 182.264 41.1364 93.7282 50.1726
248.646 31.2888 197.052 38.7806 182.264 41.1364
182.264 41.1364 248.646 31.2888 269.809 28.5467
248.646 31.2888 223.315 33.2657 163.735 41.1796
269.809 28.5467 248.646 31.2888 223.315 33.2657
223.315 33.2657 269.809 28.5467 331.324 21.0536
163.735 41.1796 147.56 42.4769 112.091 47.0015
223.315 33.2657 163.735 41.1796 147.56 42.4769
241.71 30.9916 223.315 33.2657 147.56 42.4769
147.56 42.4769 241.71 30.9916 339.704 18.3127
229.87 31.2584 147.56 42.4769 112.091 47.0015
147.56 42.4769 229.87 31.2584 258.104 27.8531
229.87 31.2584 67.2354 50.4726 57.508 51.9156
67.2354 50.4726 229.87 31.2584 258.104 27.8531
109.322 43.7836 67.2354 50.4726 57.508 51.9156
242.406 23.3276 109.322 43.7836 67.2354 50.4726
109.322 43.7836 242.406 23.3276 310.432 11.8078
242.406 23.3276 211.809 29.6686 200.17 31.367
310.432 11.8078 242.406 23.3276 211.809 29.6686
211.809 29.6686 310.432 11.8078 337.219 7.65144
310.432 11.8078 323.039 9.40684 337.219 7.65144
83.8766 36.8958 39.0075 37.558 56.9261 39.9696
83.8766 36.8958 56.9261 39.9696 51.6475 41.2059
83.377 33.8576 83.8766 36.8958 39.0075 37.558
97.3267 32.3858 83.377 33.8576 39.0075 37.558
111.62 31.2307 97.3267 32.3858 83.377 33.8576
143.288 28.452 111.62 31.2307 83.377 33.8576
201.68 22.7542 143.288 28.452 111.62 31.2307
218.588 20.7813 201.68 22.7542 111.62 31.2307
323.039 9.40684 218.588 20.7813 201.68 22.7542
218.588 20.7813 323.039 9.40684 337.219 7.65144
97.3267 32.3858 53.3211 33.9313 26.5703 37.0434
53.3211 33.9313 97.3267 32.3858 111.62 31.2307
116.604 39.5225 97.517 42.3739 91.8861 42.4725
116.604 39.5225 91.8861 42.4725 50.3607 47.1278
171.179 31.489 116.604 39.5225 97.517 42.3739
227.219 23.3597 171.179 31.489 97.517 42.3739
171.179 31.489 227.219 23.3597 323.039 9.40684
227.219 23.3597 279.298 16.1033 323.039 9.40684
279.298 16.1033 310.432 11.8078 323.039 9.40684
247.236 21.0377 136.273 37.4773 40.42 51.5738
40.42 51.5738 247.236 21.0377 279.298 16.1033
279.298 16.1033 247.236 21.0377 83.8046 46.5438
83.8046 46.5438 279.298 16.1033 310.432 11.8078
180.478 29.0478 171.179 31.489 116.604 39.5225
171.179 31.489 180.478 29.0478 189.711 26.9422
153.866 32.5933 129.391 36.5379 68.1467 42.4064
156.032 32.3675 153.866 32.5933 129.391 36.5379
180.478 29.0478 156.032 32.3675 153.866 32.5933
153.866 32.5933 180.478 29.0478 189.711 26.9422
143.288 28.452 201.68 22.7542 269.849 16.1304
61.1038 31.9916 53.3211 33.9313 26.5703 37.0434
218.402 13.8836 61.1038 31.9916 53.3211 33.9313
53.3211 33.9313 218.402 13.8836 231.772 12.766
148.066 23.4069 131.212 26.0464 119.191 26.5501
231.772 12.766 148.066 23.4069 119.191 26.5501
148.066 23.4069 231.772 12.766 257.532 10.1986
131.323 23.1535 90.2655 27.1179 42.3905 32.6273
218.402 13.8836 131.323 23.1535 42.3905 32.6273
257.532 10.1986 231.772 12.766 218.402 13.8836
131.323 23.1535 218.402 13.8836 313.916 3.03697
218.402 13.8836 257.532 10.1986 313.916 3.03697
257.532 10.1986 240.062 12.6544 190.17 18.6883
240.062 12.6544 257.532 10.1986 313.916 3.03697
321.678 -1.48037 90.2655 27.1179 42.3905 32.6273
90.2655 27.1179 321.678 -1.48037 327.561 -1.72534
246.516 1.71219 121.282 6.74366 40.8594 10.4137
321.678 -1.48037 282.75 0.831561 246.516 1.71219
321.678 -1.48037 246.516 1.71219 121.282 6.74366
121.282 6.74366 321.678 -1.48037 327.561 -1.72534
203.379 6.81288 147.728 10.8159 107.13 13.71
147.728 10.8159 203.379 6.81288 321.678 -1.48037
203.379 6.81288 282.75 0.831561 321.678 -1.48037
176.221 6.26954 130.26 8.19262 90.1001 9.34483
246.516 1.71219 176.221 6.26954 90.1001 9.34483
246.516 1.71219 90.1001 9.34483 70.5065 10.1952
176.221 6.26954 246.516 1.71219 282.75 0.831561
90.1001 9.34483 61.1643 11.7763 23.2325 13.2749
61.1643 11.7763 90.1001 9.34483 130.26 8.19262
76.3595 12.4461 130.26 8.19262 176.221 6.26954
203.379 6.81288 142.072 9.84263 48.7874 16.1443
142.072 9.84263 203.379 6.81288 282.75 0.831561
107.13 13.71 63.6528 17.3533 29.393 19.4224
147.728 10.8159 107.13 13.71 63.6528 17.3533
160.696 10.6155 147.728 10.8159 63.6528 17.3533
63.6528 17.3533 160.696 10.6155 269.588 3.31994
170.681 11.4279 63.6528 17.3533 29.393 19.4224
63.6528 17.3533 170.681 11.4279 191.25 10.1351
170.681 11.4279 100.739 16.1651 67.5635 18.1621
100.739 16.1651 170.681 11.4279 191.25 10.1351
90.6732 23.0307 20.9167 23.2985 73.5496 26.6391
122.455 21.5516 90.6732 23.0307 73.5496 26.6391
122.455 21.5516 73.5496 26.6391 31.6944 31.2624
108.511 19.178 122.455 21.5516 90.6732 23.0307
79.4343 18.6929 108.511 19.178 90.6732 23.0307
67.5635 18.1621 79.4343 18.6929 90.6732 23.0307
100.739 16.1651 67.5635 18.1621 79.4343 18.6929
79.4343 18.6929 100.739 16.1651 209.399 11.1559
137.014 18.1398 79.4343 18.6929 108.511 19.178
79.4343 18.6929 137.014 18.1398 158.255 16.6853
20.9167 23.2985 90.6732 23.0307 36.8456 22.3548
196.123 2.19058 121.282 6.74366 40.8594 10.4137
121.282 6.74366 196.123 2.19058 303.949 -3.09334
196.123 2.19058 52.35 8.56533 10.2804 10.5267
52.35 8.56533 196.123 2.19058 303.949 -3.09334
100.822 6.08021 52.35 8.56533 10.2804 10.5267
170.301 1.81372 100.822 6.08021 10.2804 10.5267
193.11 0.357678 170.301 1.81372 10.2804 10.5267
170.301 1.81372 193.11 0.357678 231.678 -1.45478
180.536 0.883041 148.875 1.64261 30.7217 6.77782
193.11 0.357678 180.536 0.883041 148.875 1.64261
231.678 -1.45478 193.11 0.357678 148.875 1.64261
148.875 1.64261 231.678 -1.45478 261.092 -2.90283
206.363 -3.29374 148.875 1.64261 30.7217 6.77782
148.875 1.64261 206.363 -3.29374 236.497 -3.67622
89.9982 0.0294634 36.4831 1.08962 13.7227 1.77576
122.57 -0.806628 89.9982 0.0294634 36.4831 1.08962
206.363 -3.29374 122.57 -0.806628 36.4831 1.08962
36.4831 1.08962 206.363 -3.29374 223.853 -3.78172
206.363 -3.29374 236.497 -3.67622 223.853 -3.78172
111.79 0.409388 28.2896 3.21596 22.1949 3.62566
89.9982 0.0294634 111.79 0.409388 28.2896 3.21596
111.79 0.409388 89.9982 0.0294634 122.57 -0.806628
78.7391 -0.709095 36.4831 1.08962 13.7227 1.77576
128.573 -2.00382 62.1861 -1.13459 78.7391 -0.709095
128.573 -2.00382 78.7391 -0.709095 36.4831 1.08962
97.7766 -2.62787 128.573 -2.00382 62.1861 -1.13459
157.818 -3.29365 97.7766 -2.62787 128.573 -2.00382
97.7766 -2.62787 157.818 -3.29365 139.25 -3.74731
62.1861 -1.13459 78.7391 -0.709095 69.0111 -0.460777
69.0111 -0.460777 62.1861 -1.13459 46.2959 -2.69139
52.35 8.56533 100.822 6.08021 288.997 -3.46832
167.199 18.5655 131.323 23.1535 90.2655 27.1179
90.2655 27.1179 167.199 18.5655 350.1 -1.84163
167.199 18.5655 266.328 7.61514 350.1 -1.84163
190.17 18.6883 240.062 12.6544 340.567 0.74619
206.743 18.2331 179.363 21.269 148.066 23.4069
148.066 23.4069 206.743 18.2331 251.033 12.8688
179.363 21.269 148.066 23.4069 131.212 26.0464
276.607 12.2001 179.363 21.269 131.212 26.0464
292.117 10.7898 276.607 12.2001 131.212 26.0464
276.607 12.2001 292.117 10.7898 302.1 8.99431
211.809 29.6686 262.271 21.8587 330.153 10.5078
307.826 16.458 262.271 21.8587 211.809 29.6686
307.826 16.458 211.809 29.6686 200.17 31.367
262.271 21.8587 307.826 16.458 353.855 9.82359
307.826 16.458 300.604 19.2151 289.308 22.2735
300.604 19.2151 307.826 16.458 353.855 9.82359
289.308 22.2735 300.604 19.2151 323.869 16.4567
166.577 52.6074 207.029 46.216 258.471 41.4791
280.773 41.041 311.091 36.5988 343.158 31.7384
193.34 56.672 178.878 58.5864 101.535 67.3144
178.878 58.5864 193.34 56.672 226.378 52.5308
193.34 56.672 167.239 58.0296 151.826 59.0322
226.378 52.5308 193.34 56.672 167.239 58.0296
167.239 58.0296 226.378 52.5308 238.334 49.3909
178.878 58.5864 196.237 57.4263 253.905 50.4323
312.439 71.4463 309.127 80.4589 296.519 91.3584
296.519 91.3584 312.439 71.4463 320.051 60.9256
267.508 53.036 277.515 51.3757 306.849 49.9248
91.5006 68.6219 167.1 67.6073 131.057 67.3314
292.136 62.3545 193.887 81.804 153.828 89.332
193.887 81.804 292.136 62.3545 297.438 62.0838
153.828 89.332 141.975 91.3253 131.06 93.7486
193.887 81.804 153.828 89.332 131.06 93.7486
236.23 73.9186 193.887 81.804 131.06 93.7486
260.409 69.8089 236.23 73.9186 131.06 93.7486
278.24 67.5177 266.106 69.281 260.409 69.8089
236.23 73.9186 260.409 69.8089 306.331 61.0829
260.409 69.8089 278.24 67.5177 306.331 61.0829
201.198 81.345 260.409 69.8089 266.106 69.281
221.448 79.776 187.624 87.8341 157.796 93.5668
266.106 69.281 221.448 79.776 187.624 87.8341
187.624 87.8341 266.106 69.281 278.24 67.5177
240.576 76.889 228.864 79.9182 172.705 93.5518
291.811 67.9961 249.814 76.1841 240.576 76.889
278.24 67.5177 291.811 67.9961 240.576 76.889
278.24 67.5177 240.576 76.889 172.705 93.5518
291.811 67.9961 278.24 67.5177 306.331 61.0829
183.893 92.2406 228.864 79.9182 240.576 76.889
248.114 88.61 233.753 91.014 223.688 91.501
257.84 86.7399 248.114 88.61 223.688 91.501
260.882 83.4947 257.84 86.7399 223.688 91.501
268.339 82.173 260.882 83.4947 257.84 86.7399
286.6 79.0846 268.339 82.173 257.84 86.7399
296.248 77.4417 282.413 77.4487 286.6 79.0846
296.248 77.4417 286.6 79.0846 257.84 86.7399
240.576 76.889 296.248 77.4417 282.413 77.4487
296.248 77.4417 240.576 76.889 249.814 76.1841
208.255 87.9465 268.339 82.173 286.6 79.0846
199.729 90.6464 260.882 83.4947 268.339 82.173
249.814 76.1841 291.811 67.9961 301.804 67.1083
233.753 91.014 241.73 90.559 289.129 86.4647
273.402 90.181 241.73 90.559 233.753 91.014
273.402 90.181 233.753 91.014 223.688 91.501
241.73 90.559 273.402 90.181 277.547 89.0221
233.482 66.6636 220.827 67.8081 210.201 68.8469
256.575 62.6376 233.482 66.6636 220.827 67.8081
220.827 67.8081 256.575 62.6376 276.327 58.9673
110.707 93.4854 256.575 62.6376 276.327 58.9673
92.3278 89.2725 96.5482 90.3772 72.8568 93.7892
118.894 86.5547 92.3278 89.2725 96.5482 90.3772
140.283 83.095 118.894 86.5547 96.5482 90.3772
233.482 66.6636 140.283 83.095 118.894 86.5547
140.283 83.095 233.482 66.6636 256.575 62.6376
78.0941 90.2348 92.3278 89.2725 118.894 86.5547
72.8568 93.7892 96.5482 90.3772 168.664 80.9261
17.9852 60.6132 20.2492 70.0774 21.1545 79.199
9.71327 37.6824 17.9852 60.6132 21.1545 79.199
17.9852 60.6132 9.71327 37.6824 -0.774701 7.0624
9.71327 37.6824 0.745876 18.0587 -0.774701 7.0624
-2.5095 70.7229 -1.00323 29.6131 -0.774701 7.0624
-1.00323 29.6131 0.745876 18.0587 -0.774701 7.0624
0.326403 59.7421 1.86459 81.586 2.86869 91.53
2.51512 48.8134 0.326403 59.7421 2.86869 91.53
2.35677 38.9757 2.51512 48.8134 0.326403 59.7421
0.326403 59.7421 2.35677 38.9757 -1.00323 29.6131
6.98933 81.646 2.35677 38.9757 0.745876 18.0587
2.35677 38.9757 -1.00323 29.6131 0.745876 18.0587
6.3597 46.7725 11.9474 58.3385 11.4573 68.8697
9.71327 37.6824 6.3597 46.7725 11.9474 58.3385
6.3597 46.7725 9.71327 37.6824 0.745876 18.0587
28.4531 58.9474 30.3932 73.094 38.5574 79.2636
23.9622 49.6248 28.4531 58.9474 38.5574 79.2636
18.197 31.9634 23.9622 49.6248 38.5574 79.2636
23.9622 49.6248 18.197 31.9634 12.5472 21.8408
18.197 31.9634 31.1343 53.8697 43.2354 72.8121
43.2354 72.8121 18.197 31.9634 12.5472 21.8408
