69.9156 19.5559 71.244 23.1621 70.7067 26.4311
71.244 23.1621 69.9156 19.5559 70.8702 17.781
69.9156 19.5559 66.3917 18.7006 70.8702 17.781
62.3111 22.5423 59.7138 23.7662 52.5806 26.5561
69.4036 19.8323 62.3111 22.5423 59.7138 23.7662
69.9156 19.5559 69.4036 19.8323 62.3111 22.5423
62.3111 22.5423 69.9156 19.5559 66.3917 18.7006
55.6941 27.3566 55.6732 28.4713 50.6606 29.8374
69.4036 19.8323 55.6941 27.3566 50.6606 29.8374
55.6941 27.3566 69.4036 19.8323 69.9156 19.5559
55.6732 28.4713 59.9052 28.6505 60.2619 28.9755
59.9052 28.6505 55.6732 28.4713 55.6941 27.3566
74.4744 21.0585 71.244 23.1621 70.7067 26.4311
72.59 20.0181 74.4744 21.0585 71.244 23.1621
71.244 23.1621 72.59 20.0181 72.4371 16.563
60.2619 28.9755 59.9052 28.6505 65.14 25.2316
59.7138 23.7662 52.5806 26.5561 51.1405 28.6708
51.1405 28.6708 59.7138 23.7662 60.2162 23.7335
74.1543 16.7438 72.59 20.0181 74.4744 21.0585
77.9358 10.7558 74.1543 16.7438 74.4744 21.0585
74.4744 21.0585 77.9358 10.7558 80.5225 6.80696
79.8275 23.7267 78.8305 24.7445 78.9749 26.7686
80.6324 21.9312 79.8275 23.7267 78.9749 26.7686
81.5842 15.9565 80.6324 21.9312 79.8275 23.7267
83.1634 7.37435 82.9224 12.916 81.5842 15.9565
83.1634 7.37435 81.5842 15.9565 79.8275 23.7267
82.9224 12.916 83.1634 7.37435 83.3673 5.30035
83.1634 7.37435 80.5225 6.80696 83.3673 5.30035
75.5794 12.1444 68.0993 16.3293 63.6376 19.2067
75.5794 12.1444 63.6376 19.2067 52.6099 25.8848
77.9358 10.7558 76.3858 10.8875 75.5794 12.1444
77.9358 10.7558 75.5794 12.1444 52.6099 25.8848
80.5225 6.80696 77.9358 10.7558 76.3858 10.8875
76.3858 10.8875 80.5225 6.80696 82.1685 4.49257
80.5225 6.80696 83.3673 5.30035 82.1685 4.49257
80.183 26.2848 80.4263 27.9726 83.7751 29.3529
79.8255 25.599 80.183 26.2848 80.4263 27.9726
80.6324 21.9312 79.8255 25.599 80.183 26.2848
80.183 26.2848 80.6324 21.9312 81.5842 15.9565
84.1675 18.8181 86.8287 24.1256 88.9907 26.4911
81.5842 15.9565 84.1675 18.8181 86.8287 24.1256
84.1675 18.8181 81.5842 15.9565 82.9224 12.916
87.48 7.90603 93.6875 13.1555 96.7855 13.9724
84.4367 5.7412 87.48 7.90603 93.6875 13.1555
93.6875 13.1555 84.4367 5.7412 83.3673 5.30035
87.7221 6.3229 93.7203 9.28771 94.0494 10.7467
84.4367 5.7412 87.7221 6.3229 94.0494 10.7467
83.3673 5.30035 84.4367 5.7412 87.7221 6.3229
87.7221 6.3229 83.3673 5.30035 82.1685 4.49257
67.4534 16.6042 65.2508 17.643 53.2196 23.4128
68.0993 16.3293 67.4534 16.6042 53.2196 23.4128
67.4534 16.6042 68.0993 16.3293 75.5794 12.1444
44.547 25.309 35.1852 27.7079 23.2415 29.9153
49.6597 22.5348 49.6242 24.3642 44.547 25.309
49.6597 22.5348 44.547 25.309 23.2415 29.9153
55.5306 21.6527 49.6597 22.5348 49.6242 24.3642
65.2508 17.643 55.5306 21.6527 49.6242 24.3642
55.5306 21.6527 65.2508 17.643 67.4534 16.6042
45.5874 28.6852 44.547 25.309 49.6242 24.3642
54.1428 24.6634 63.6376 19.2067 68.0993 16.3293
24.7833 28.2845 22.1767 28.6575 20.7627 29.323
40.8859 24.569 24.7833 28.2845 20.7627 29.323
49.6597 22.5348 40.8859 24.569 20.7627 29.323
55.534 20.9275 55.5306 21.6527 49.6597 22.5348
55.534 20.9275 49.6597 22.5348 40.8859 24.569
55.7609 18.9716 55.534 20.9275 55.5306 21.6527
56.7211 17.0808 55.7609 18.9716 55.5306 21.6527
55.9716 16.6723 56.7211 17.0808 55.7609 18.9716
55.7609 18.9716 55.9716 16.6723 57.09 2.19655
56.7211 17.0808 58.7447 17.6608 57.8885 17.9238
58.7447 17.6608 56.7211 17.0808 55.9716 16.6723
29.2014 25.0065 22.1767 28.6575 20.7627 29.323
32.3889 23.0041 29.2014 25.0065 20.7627 29.323
29.2014 25.0065 32.3889 23.0041 41.8254 18.5363
32.3889 23.0041 33.6948 21.892 41.8254 18.5363
33.6948 21.892 32.3889 23.0041 30.7511 23.5037
39.5803 18.298 33.6948 21.892 30.7511 23.5037
33.6948 21.892 39.5803 18.298 44.3612 16.0014
39.5803 18.298 33.8827 20.597 28.4262 23.5682
33.8827 20.597 39.5803 18.298 44.3612 16.0014
33.8827 20.597 28.4262 23.5682 24.4335 25.3808
42.1023 15.4046 33.8827 20.597 24.4335 25.3808
33.8827 20.597 42.1023 15.4046 44.9459 14.6053
28.0778 18.7739 13.503 22.3407 10.0482 23.2234
32.5002 17.69 28.0778 18.7739 13.503 22.3407
13.503 22.3407 32.5002 17.69 44.9459 14.6053
32.5002 17.69 42.1023 15.4046 44.9459 14.6053
28.0778 18.7739 32.5002 17.69 37.0507 17.3914
17.3365 22.8944 10.0482 23.2234 4.15416 24.6766
24.5784 21.4295 17.3365 22.8944 10.0482 23.2234
25.7796 21.4018 29.272 21.4093 24.5784 21.4295
10.0482 23.2234 24.5784 21.4295 22.5606 21.085
24.5784 21.4295 25.7796 21.4018 22.5606 21.085
11.3165 26.0491 6.20485 26.0561 4.57679 26.6764
11.0092 24.9916 11.3165 26.0491 6.20485 26.0561
17.3365 22.8944 11.0092 24.9916 6.20485 26.0561
11.0092 24.9916 17.3365 22.8944 24.5784 21.4295
13.1561 26.6679 12.4463 28.3345 2.02045 29.7648
11.3165 26.0491 13.1561 26.6679 2.02045 29.7648
13.1561 26.6679 11.3165 26.0491 11.0092 24.9916
13.503 22.3407 10.0482 23.2234 4.15416 24.6766
20.2698 20.4484 13.503 22.3407 4.15416 24.6766
25.1561 18.6304 20.2698 20.4484 4.15416 24.6766
35.6825 14.9914 31.3167 15.9878 25.1561 18.6304
35.6825 14.9914 25.1561 18.6304 20.2698 20.4484
31.3167 15.9878 35.6825 14.9914 40.642 12.9076
35.6825 14.9914 37.7318 14.5867 40.642 12.9076
35.8934 15.2529 35.6825 14.9914 37.7318 14.5867
12.4463 28.3345 13.1561 26.6679 21.0106 24.9181
5.61866 28.3241 4.57679 26.6764 0.502462 23.1409
4.57679 26.6764 6.20485 26.0561 0.502462 23.1409
35.6525 14.0502 31.3167 15.9878 25.1561 18.6304
25.1561 18.6304 35.6525 14.0502 40.229 11.9778
13.503 22.3407 20.2698 20.4484 42.8079 14.1555
40.8114 20.5958 29.2014 25.0065 22.1767 28.6575
45.3012 18.7222 41.4049 20.4938 40.8114 20.5958
45.3012 18.7222 40.8114 20.5958 29.2014 25.0065
29.2014 25.0065 45.3012 18.7222 45.2609 17.9852
48.0424 20.8979 50.3141 20.9011 44.8377 20.9195
40.8114 20.5958 48.0424 20.8979 44.8377 20.9195
40.8114 20.5958 44.8377 20.9195 36.3009 23.6828
48.0424 20.8979 40.8114 20.5958 41.4049 20.4938
22.1767 28.6575 24.7833 28.2845 43.5404 23.2333
54.0036 17.2076 55.7609 18.9716 55.534 20.9275
45.2159 7.6089 54.0036 17.2076 55.7609 18.9716
43.4395 5.56979 45.2159 7.6089 55.7609 18.9716
43.5698 5.54083 43.4395 5.56979 55.7609 18.9716
39.2649 1.00377 43.5698 5.54083 43.4395 5.56979
43.4395 5.56979 39.2649 1.00377 35.6258 0.678772
50.4633 12.7635 43.5698 5.54083 39.2649 1.00377
54.8086 8.49776 54.3528 8.50145 54.5414 9.74338
50.3462 6.60932 54.8086 8.49776 54.3528 8.50145
50.9774 5.71448 50.3462 6.60932 54.8086 8.49776
49.9852 5.68205 50.9774 5.71448 50.3462 6.60932
51.7161 4.24313 49.9852 5.68205 50.9774 5.71448
53.9716 2.9676 51.7161 4.24313 50.9774 5.71448
46.9719 1.27487 53.9716 2.9676 51.7161 4.24313
51.7161 4.24313 46.9719 1.27487 39.2649 1.00377
46.9719 1.27487 51.3964 1.42338 70.4985 2.07653
39.2649 1.00377 46.9719 1.27487 51.3964 1.42338
35.6258 0.678772 39.2649 1.00377 51.3964 1.42338
51.3964 1.42338 35.6258 0.678772 29.1962 0.182676
35.6258 0.678772 27.2337 0.472283 29.1962 0.182676
23.2782 0.83123 12.7024 2.80637 9.8843 2.96811
27.2337 0.472283 23.2782 0.83123 12.7024 2.80637
23.2782 0.83123 27.2337 0.472283 29.1962 0.182676
50.8853 15.0497 45.2159 7.6089 43.4395 5.56979
9.8843 2.96811 4.13218 3.33853 11.6044 3.40058
12.7024 2.80637 9.8843 2.96811 11.6044 3.40058
26.4027 1.38301 12.7024 2.80637 11.6044 3.40058
12.7024 2.80637 26.4027 1.38301 27.9713 1.08773
25.207 3.61597 11.9772 6.2566 9.30801 6.54033
29.8248 2.28044 30.2862 3.15989 25.207 3.61597
29.8248 2.28044 25.207 3.61597 9.30801 6.54033
31.7714 1.91019 29.8248 2.28044 30.2862 3.15989
26.4027 1.38301 31.7714 1.91019 29.8248 2.28044
31.7714 1.91019 26.4027 1.38301 27.9713 1.08773
22.7666 5.0448 25.207 3.61597 30.2862 3.15989
9.30801 6.54033 11.9772 6.2566 37.0182 3.96115
19.7812 11.7205 24.317 12.3948 21.6239 13.6064
17.9434 10.5346 19.7812 11.7205 21.6239 13.6064
16.5032 9.47154 17.9434 10.5346 19.7812 11.7205
16.3116 9.10925 16.5032 9.47154 19.7812 11.7205
7.49756 7.54637 16.3116 9.10925 16.5032 9.47154
6.84178 7.46031 7.49756 7.54637 16.5032 9.47154
7.43619 4.35653 6.84178 7.46031 7.49756 7.54637
10.4304 3.50696 7.43619 4.35653 7.49756 7.54637
7.49756 7.54637 10.4304 3.50696 11.6044 3.40058
16.3116 9.10925 30.1803 10.5973 30.6171 10.699
30.1803 10.5973 16.3116 9.10925 7.49756 7.54637
3.49719 3.9878 5.68908 11.5163 7.35563 17.0367
11.6044 3.40058 10.4304 3.50696 3.49719 3.9878
4.13218 3.33853 11.6044 3.40058 3.49719 3.9878
3.20685 2.98808 4.13218 3.33853 3.49719 3.9878
3.16241 2.87932 3.20685 2.98808 3.49719 3.9878
3.16241 2.87932 3.49719 3.9878 5.68908 11.5163
6.17368 1.76941 3.16241 2.87932 3.20685 2.98808
3.20685 2.98808 6.17368 1.76941 9.07983 1.07707
13.6255 10.936 8.95124 11.2229 6.95147 12.4125
17.7985 10.7544 13.6255 10.936 6.95147 12.4125
17.9434 10.5346 17.7985 10.7544 13.6255 10.936
13.6255 10.936 17.9434 10.5346 16.5032 9.47154
9.31939 12.9399 13.1287 12.5055 17.7985 10.7544
17.7985 10.7544 13.1287 12.5055 15.3175 13.0829
17.7985 10.7544 15.3175 13.0829 15.4257 15.6126
15.4257 15.6126 17.7985 10.7544 17.9434 10.5346
8.81035 16.1055 12.1467 17.449 10.2545 19.6199
8.81035 16.1055 10.2545 19.6199 10.6587 20.9267
10.1099 15.6879 8.81035 16.1055 12.1467 17.449
13.7983 13.7049 10.1099 15.6879 8.81035 16.1055
8.81035 16.1055 13.7983 13.7049 13.1287 12.5055
13.7983 13.7049 15.3175 13.0829 13.1287 12.5055
13.2972 15.6386 11.5808 15.9928 17.4264 16.8503
13.7983 13.7049 13.2972 15.6386 11.5808 15.9928
13.2972 15.6386 13.7983 13.7049 15.3175 13.0829
30.6171 10.699 34.5793 11.7197 36.049 12.6295
34.5793 11.7197 30.6171 10.699 24.5032 9.02675
30.6171 10.699 30.1803 10.5973 24.5032 9.02675
36.6425 10.8081 34.5793 11.7197 36.049 12.6295
31.0304 8.61982 36.6425 10.8081 34.5793 11.7197
28.6821 7.88688 31.0304 8.61982 34.5793 11.7197
34.5793 11.7197 28.6821 7.88688 26.58 7.58526
31.0304 8.61982 38.1796 9.2921 40.1646 9.96802
38.1796 9.2921 31.0304 8.61982 28.6821 7.88688
37.3022 8.43457 36.6918 8.80048 38.1796 9.2921
37.3022 8.43457 38.1796 9.2921 40.1646 9.96802
36.6918 8.80048 37.3022 8.43457 40.0431 6.39469
4.7653 10.5416 5.68908 11.5163 7.35563 17.0367
5.68908 11.5163 4.7653 10.5416 3.52703 5.21816
4.7653 10.5416 4.48497 10.8794 4.7046 12.8845
4.48497 10.8794 4.7653 10.5416 3.52703 5.21816
4.10356 10.2809 4.48497 10.8794 4.7046 12.8845
4.7046 12.8845 4.10356 10.2809 0.879045 9.46422
70.1823 1.40045 70.3463 1.41172 51.3964 1.42338
65.2928 0.64788 70.1823 1.40045 70.3463 1.41172
70.3463 1.41172 65.2928 0.64788 63.2693 0.337387
70.3463 1.41172 51.3964 1.42338 70.4985 2.07653
72.7973 1.03332 70.3463 1.41172 70.4985 2.07653
70.3463 1.41172 72.7973 1.03332 72.3986 0.074446
86.5722 2.80004 72.7973 1.03332 72.3986 0.074446
70.1823 1.40045 65.2928 0.64788 55.5706 0.0392917
57.8885 17.9238 58.7447 17.6608 64.0989 16.5294
79.1534 5.92428 76.3858 10.8875 75.5794 12.1444
76.3858 10.8875 79.1534 5.92428 81.2607 2.47413
79.1534 5.92428 78.188 4.54611 81.2607 2.47413
70.4701 9.0032 72.1532 9.09063 67.8545 12.209
70.8117 8.16905 70.4701 9.0032 67.8545 12.209
73.3212 7.21639 70.8117 8.16905 70.4701 9.0032
78.188 4.54611 73.3212 7.21639 70.4701 9.0032
73.3212 7.21639 78.188 4.54611 81.2607 2.47413
66.5718 10.1654 66.8575 10.4915 68.4329 14.204
66.8344 10.0493 66.5718 10.1654 66.8575 10.4915
67.3441 8.57528 66.8344 10.0493 66.8575 10.4915
70.8117 8.16905 67.3441 8.57528 66.8575 10.4915
73.3212 7.21639 70.8117 8.16905 67.3441 8.57528
72.592 6.04869 73.3212 7.21639 67.3441 8.57528
73.3212 7.21639 72.592 6.04869 74.4309 5.99262
60.4525 7.03979 61.0782 7.33064 62.4777 9.14392
66.9964 6.51384 60.4525 7.03979 61.0782 7.33064
72.592 6.04869 60.6287 6.2508 66.9964 6.51384
72.592 6.04869 66.9964 6.51384 61.0782 7.33064
74.4309 5.99262 72.592 6.04869 60.6287 6.2508
58.9344 5.17774 74.4309 5.99262 60.6287 6.2508
62.49 4.96449 58.9344 5.17774 74.4309 5.99262
70.9267 4.48112 70.0417 4.65513 62.49 4.96449
70.6856 3.65349 70.9267 4.48112 62.49 4.96449
70.6856 3.65349 62.49 4.96449 58.9344 5.17774
75.0551 3.63247 70.6856 3.65349 70.9267 4.48112
70.6856 3.65349 75.0551 3.63247 64.1047 3.4898
70.3122 4.96301 70.0417 4.65513 70.9267 4.48112
66.5718 10.1654 58.8308 10.5497 62.1566 10.9705
58.8308 10.5497 66.5718 10.1654 66.8344 10.0493
95.4078 7.43166 93.7203 9.28771 94.0494 10.7467
96.6914 6.66506 95.4078 7.43166 94.0494 10.7467
96.7962 6.20353 96.6914 6.66506 95.4078 7.43166
95.4078 7.43166 96.7962 6.20353 96.6924 2.80354
92.0687 13.005 93.6875 13.1555 96.7855 13.9724
93.6875 13.1555 92.0687 13.005 89.7799 11.4357
92.0687 13.005 87.1439 14.4442 88.6375 15.2105
87.1439 14.4442 92.0687 13.005 89.7799 11.4357
88.9907 26.4911 87.3299 27.1222 88.1475 27.9834
93.6265 20.7038 88.9907 26.4911 88.1475 27.9834
88.1475 27.9834 93.6265 20.7038 94.8643 19.171
94.8643 19.171 93.6265 20.7038 89.7762 21.7795
94.6398 19.0752 96.9733 19.162 94.8643 19.171
94.6398 19.0752 94.8643 19.171 89.7762 21.7795
96.9733 19.162 94.6398 19.0752 90.2848 18.0883
86.8287 24.1256 88.9907 26.4911 87.3299 27.1222
87.3299 27.1222 86.8287 24.1256 86.4517 23.7962
97.9296 28.9226 97.443 29.7022 96.3491 29.8308
93.6123 27.618 97.9296 28.9226 96.3491 29.8308
94.2457 26.5554 93.6123 27.618 97.9296 28.9226
93.159 26.3586 94.2457 26.5554 93.6123 27.618
92.0764 25.8829 93.159 26.3586 93.6123 27.618
93.2844 23.0173 92.0764 25.8829 93.159 26.3586
96.2745 19.826 93.2844 23.0173 93.159 26.3586
96.9733 19.162 94.8643 19.171 96.2745 19.826
96.9733 19.162 96.2745 19.826 93.159 26.3586
98.7173 16.5524 96.9733 19.162 93.159 26.3586
96.9733 19.162 98.7173 16.5524 99.7214 12.366
94.2457 26.5554 93.159 26.3586 96.755 24.6259
73.7775 25.3538 80.4263 27.9726 83.7751 29.3529
80.4263 27.9726 73.7775 25.3538 73.8746 24.1597
68.4063 28.1814 73.7775 25.3538 73.8746 24.1597
78.9749 26.7686 78.8305 24.7445 76.7454 16.5334
79.4243 18.8914 79.8275 23.7267 78.8305 24.7445
78.8305 24.7445 79.4243 18.8914 80.0246 11.4602
79.8275 23.7267 79.4243 18.8914 80.6068 18.0739
