9.54595 21.2133 9.905 22.0281 12.7244 25.5764
-12.1805 -15.145 9.54595 21.2133 12.7244 25.5764
9.54595 21.2133 -12.1805 -15.145 -15.8879 -20.6384
-2.79326 -1.21718 -1.44159 0.442037 0.702388 4.77073
-12.1805 -15.145 -2.79326 -1.21718 -1.44159 0.442037
-1.44159 0.442037 -12.1805 -15.145 -15.8879 -20.6384
-3.82848 3.12159 9.54595 21.2133 9.905 22.0281
9.905 22.0281 -3.82848 3.12159 -18.7495 -17.0416
9.54595 21.2133 -3.82848 3.12159 -29.2655 -32.0282
-14.6674 -23.1788 -8.04646 -11.966 -1.44159 0.442037
-21.1576 -35.0417 -17.8422 -26.9821 -14.6674 -23.1788
-21.1576 -35.0417 -14.6674 -23.1788 -8.04646 -11.966
-22.6904 -35.489 -21.1576 -35.0417 -17.8422 -26.9821
-14.5602 -36.1308 -22.6904 -35.489 -21.1576 -35.0417
-2.96255 -37.5512 -14.5602 -36.1308 -21.1576 -35.0417
7.35164 -38.5929 -2.96255 -37.5512 -21.1576 -35.0417
12.0357 -39.4213 15.1072 -39.2117 7.35164 -38.5929
12.0357 -39.4213 7.35164 -38.5929 -2.96255 -37.5512
2.96142 -40.1658 12.0357 -39.4213 15.1072 -39.2117
7.68828 -40.6327 2.96142 -40.1658 15.1072 -39.2117
6.30453 -43.2671 7.68828 -40.6327 15.1072 -39.2117
-0.546973 -44.5846 6.30453 -43.2671 7.68828 -40.6327
1.38228 -44.7893 -0.546973 -44.5846 6.30453 -43.2671
-1.34552 -46.5286 1.38228 -44.7893 -0.546973 -44.5846
-0.546973 -44.5846 -1.34552 -46.5286 -3.83101 -46.7143
10.8724 -45.4078 14.5235 -44.0569 20.3904 -43.6415
6.36969 -46.4877 10.8724 -45.4078 20.3904 -43.6415
-1.34552 -46.5286 6.36969 -46.4877 10.8724 -45.4078
-3.83101 -46.7143 -1.34552 -46.5286 6.36969 -46.4877
6.74277 -47.3695 -3.83101 -46.7143 6.36969 -46.4877
6.36969 -46.4877 6.74277 -47.3695 10.4398 -48.0823
-13.3342 -39.1001 2.96142 -40.1658 7.68828 -40.6327
0.702388 4.77073 1.54663 5.63066 26.9517 33.1038
-1.44159 0.442037 0.702388 4.77073 1.54663 5.63066
-8.04646 -11.966 -1.44159 0.442037 1.54663 5.63066
-9.76501 -16.3708 -8.04646 -11.966 1.54663 5.63066
-13.8581 -25.8494 -9.76501 -16.3708 -8.04646 -11.966
-8.04646 -11.966 -13.8581 -25.8494 -16.0544 -30.4855
-10.1324 -20.2266 -3.2338 -8.3086 3.90934 3.98585
-16.0544 -30.4855 -13.8581 -25.8494 -10.1324 -20.2266
-16.0544 -30.4855 -10.1324 -20.2266 3.90934 3.98585
3.90934 3.98585 -16.0544 -30.4855 -18.439 -34.9203
-2.66508 -7.03583 -0.245773 -2.44815 7.04757 10.8058
-3.2338 -8.3086 -2.66508 -7.03583 7.04757 10.8058
-2.66508 -7.03583 -3.2338 -8.3086 -10.1324 -20.2266
1.61482 3.16534 -0.245773 -2.44815 -2.66508 -7.03583
-22.6904 -35.489 -30.5172 -35.3244 -23.1893 -34.7871
-22.6904 -35.489 -23.1893 -34.7871 -14.4628 -13.5526
-14.5602 -36.1308 -22.6904 -35.489 -30.5172 -35.3244
-13.7169 -37.3956 -14.5602 -36.1308 -30.5172 -35.3244
-15.0669 -37.733 -13.7169 -37.3956 -30.5172 -35.3244
-19.3653 -43.0113 -15.0669 -37.733 -13.7169 -37.3956
-17.6376 -44.0445 -19.3653 -43.0113 -13.7169 -37.3956
-13.7169 -37.3956 -17.6376 -44.0445 -15.5221 -44.4703
-42.1486 -24.0841 -42.3483 -21.3789 -46.7493 -17.1896
-36.5801 -30.3223 -42.1486 -24.0841 -42.3483 -21.3789
-27.2603 -40.7772 -26.2083 -39.9616 -36.5801 -30.3223
-27.2603 -40.7772 -36.5801 -30.3223 -42.1486 -24.0841
-19.3653 -43.0113 -27.2603 -40.7772 -26.2083 -39.9616
-27.2603 -40.7772 -19.3653 -43.0113 -17.6376 -44.0445
-36.1583 -26.5319 -42.3483 -21.3789 -46.7493 -17.1896
-42.3483 -21.3789 -36.1583 -26.5319 -35.4963 -28.1713
-30.8687 -31.853 -35.4963 -28.1713 -36.7293 -28.089
-36.7293 -28.089 -30.8687 -31.853 -30.7409 -32.3929
-36.1583 -26.5319 -43.6254 -18.8522 -45.9651 -16.3184
-45.9651 -16.3184 -36.1583 -26.5319 -30.8687 -31.853
-36.1583 -26.5319 -35.4963 -28.1713 -30.8687 -31.853
-36.1861 -9.14933 -36.8263 -4.79607 -37.5927 -3.51712
-30.8687 -31.853 -36.1861 -9.14933 -37.5927 -3.51712
-36.1861 -9.14933 -30.8687 -31.853 -30.7409 -32.3929
-36.8263 -4.79607 -36.1861 -9.14933 -31.3412 -27.8505
-39.952 -0.737809 -42.9905 0.390581 -41.0848 0.630792
-37.5927 -3.51712 -40.4855 -3.50285 -39.952 -0.737809
-37.5927 -3.51712 -39.952 -0.737809 -41.0848 0.630792
-36.2692 -4.8106 -36.8263 -4.79607 -37.5927 -3.51712
-36.2692 -4.8106 -37.5927 -3.51712 -41.0848 0.630792
-32.7012 -11.5177 -36.2692 -4.8106 -36.8263 -4.79607
-31.9099 -13.555 -32.7012 -11.5177 -36.8263 -4.79607
-36.8263 -4.79607 -31.9099 -13.555 -31.4891 -19.3953
-31.9099 -13.555 -32.4418 -4.55394 -31.9558 0.259279
-31.9558 0.259279 -31.9099 -13.555 -31.4891 -19.3953
-40.4447 3.04492 -36.2692 -4.8106 -32.7012 -11.5177
-41.8987 8.24567 -35.9049 -4.04779 -32.7012 -11.5177
-37.848 2.05528 -37.5064 7.38302 -38.1921 7.72558
-35.9049 -4.04779 -37.848 2.05528 -37.5064 7.38302
-32.7012 -11.5177 -35.9049 -4.04779 -37.5064 7.38302
-37.5064 7.38302 -32.7012 -11.5177 -31.9099 -13.555
-30.3808 5.30222 -37.5064 7.38302 -38.1921 7.72558
-20.2063 5.26501 -30.3808 5.30222 -38.1921 7.72558
-30.3808 5.30222 -20.2063 5.26501 -12.0729 5.16205
-27.4112 14.2148 -4.32991 14.5027 -23.4138 14.5685
-27.4112 14.2148 -23.4138 14.5685 -23.3555 15.05
-10.8449 13.5814 -27.4112 14.2148 -4.32991 14.5027
-18.8322 9.3413 -10.8449 13.5814 -4.32991 14.5027
-23.8741 7.87993 -15.1011 8.93245 -18.8322 9.3413
-23.8741 7.87993 -18.8322 9.3413 -10.8449 13.5814
-17.7975 7.61259 -23.8741 7.87993 -15.1011 8.93245
-18.3913 7.1617 -17.7975 7.61259 -23.8741 7.87993
-10.1524 6.15188 -18.3913 7.1617 -17.7975 7.61259
-15.3455 6.03096 -10.1524 6.15188 -18.3913 7.1617
-11.0416 5.93845 -15.3455 6.03096 -10.1524 6.15188
-12.0729 5.16205 -20.2063 5.26501 -11.0416 5.93845
-12.0729 5.16205 -11.0416 5.93845 -10.1524 6.15188
-21.7328 -2.77238 -12.0729 5.16205 -10.1524 6.15188
-20.3241 -2.9614 -21.7328 -2.77238 -10.1524 6.15188
-22.2214 -3.58341 -20.3241 -2.9614 -21.7328 -2.77238
-24.9784 -6.99944 -22.2214 -3.58341 -21.7328 -2.77238
-29.2184 -12.1393 -24.9784 -6.99944 -21.7328 -2.77238
-21.7328 -2.77238 -29.2184 -12.1393 -29.9472 -12.4165
-18.8322 9.3413 -6.35785 10.2229 -5.80524 10.8472
-6.35785 10.2229 -18.8322 9.3413 -15.1011 8.93245
-27.6919 -11.1676 -24.9784 -6.99944 -22.2214 -3.58341
-22.2214 -3.58341 -27.6919 -11.1676 -28.9418 -13.7324
-19.4229 -3.72034 -22.2214 -3.58341 -20.3241 -2.9614
-22.2214 -3.58341 -19.4229 -3.72034 -19.604 -7.21763
-5.80524 10.8472 -6.35785 10.2229 -18.9211 -4.41324
-42.9905 0.390581 -41.9923 3.53928 -44.7365 6.61287
-45.0399 -1.05228 -39.952 -0.737809 -42.9905 0.390581
-45.0399 -1.05228 -42.9905 0.390581 -44.7365 6.61287
-44.7365 6.61287 -45.0399 -1.05228 -49.2762 -6.94419
-43.506 -1.07878 -45.0399 -1.05228 -39.952 -0.737809
-45.3614 -3.98142 -43.506 -1.07878 -45.0399 -1.05228
-45.0399 -1.05228 -45.3614 -3.98142 -46.7999 -13.1232
-42.9436 -8.05745 -45.3614 -3.98142 -43.506 -1.07878
-45.3614 -3.98142 -42.9436 -8.05745 -44.2897 -10.3883
-39.952 -0.737809 -40.4855 -3.50285 -43.3286 -15.3861
-40.4855 -3.50285 -40.6076 -5.27178 -43.3286 -15.3861
-39.9318 -6.37855 -40.6076 -5.27178 -40.4855 -3.50285
-40.6715 -6.89215 -39.9318 -6.37855 -40.6076 -5.27178
-40.8439 -10.6453 -40.6715 -6.89215 -40.6076 -5.27178
-40.6076 -5.27178 -40.8439 -10.6453 -41.7209 -13.4866
-40.6715 -6.89215 -40.8439 -10.6453 -36.5516 -24.5008
-39.9318 -6.37855 -40.6715 -6.89215 -37.9572 -9.36571
-14.5602 -36.1308 -2.96255 -37.5512 7.26711 -39.4619
25.0907 -39.4968 15.1072 -39.2117 7.35164 -38.5929
15.1072 -39.2117 25.0907 -39.4968 27.1032 -39.6474
19.4898 -34.931 9.21214 -33.9662 -1.24108 -33.4489
28.1683 -35.7874 19.4898 -34.931 -1.24108 -33.4489
26.9383 -35.9948 28.1683 -35.7874 -1.24108 -33.4489
22.9619 -37.1017 26.9383 -35.9948 28.1683 -35.7874
20.2669 -37.9406 31.1844 -37.2967 22.9619 -37.1017
16.5783 -38.1453 20.2669 -37.9406 22.9619 -37.1017
16.5783 -38.1453 22.9619 -37.1017 26.9383 -35.9948
25.0907 -39.4968 16.5783 -38.1453 20.2669 -37.9406
20.2669 -37.9406 25.0907 -39.4968 27.1032 -39.6474
-11.6127 -34.1733 16.5783 -38.1453 25.0907 -39.4968
-3.03519 -31.4914 5.84905 -31.2831 -7.81466 -31.2512
9.21214 -33.9662 -3.03519 -31.4914 -7.81466 -31.2512
-3.03519 -31.4914 9.21214 -33.9662 19.4898 -34.931
34.1422 -34.0558 19.4898 -34.931 28.1683 -35.7874
5.84905 -31.2831 7.81903 -30.8831 -11.3257 -29.7784
7.81903 -30.8831 5.84905 -31.2831 15.0654 -32.037
5.84905 -31.2831 -3.03519 -31.4914 15.0654 -32.037
12.1889 -27.2156 33.1706 -23.7133 37.5021 -23.5476
16.5911 -27.3448 28.6624 -27.2465 12.1889 -27.2156
-5.83311 -29.1933 16.5911 -27.3448 12.1889 -27.2156
-5.83311 -29.1933 12.1889 -27.2156 33.1706 -23.7133
-11.3257 -29.7784 0.449469 -29.3544 -5.83311 -29.1933
-11.3257 -29.7784 -5.83311 -29.1933 33.1706 -23.7133
7.81903 -30.8831 -11.3257 -29.7784 0.449469 -29.3544
0.449469 -29.3544 7.81903 -30.8831 24.064 -31.7201
12.1889 -27.2156 36.2936 -26.3339 37.7058 -25.9243
28.6624 -27.2465 12.1889 -27.2156 36.2936 -26.3339
36.2936 -26.3339 28.6624 -27.2465 16.2974 -29.7993
44.9169 -7.27982 48.0851 4.27843 47.7231 7.19166
41.9519 -15.8669 45.3604 -10.2204 44.9169 -7.27982
41.9519 -15.8669 44.9169 -7.27982 47.7231 7.19166
39.4698 -22.3915 26.7145 -21.9999 36.1052 -21.6155
39.4698 -22.3915 36.1052 -21.6155 41.9519 -15.8669
39.4698 -22.3915 41.9519 -15.8669 45.3604 -10.2204
20.0098 -23.0544 39.4698 -22.3915 26.7145 -21.9999
19.7719 -23.463 20.0098 -23.0544 39.4698 -22.3915
39.4698 -22.3915 19.7719 -23.463 37.5021 -23.5476
-6.60722 -21.9389 -2.48182 -21.6263 -9.64211 -21.6001
-3.90363 -22.1531 -6.60722 -21.9389 -2.48182 -21.6263
11.4893 -23.3371 -3.90363 -22.1531 -2.48182 -21.6263
19.7719 -23.463 11.4893 -23.3371 -2.48182 -21.6263
33.1706 -23.7133 37.5021 -23.5476 19.7719 -23.463
33.1706 -23.7133 19.7719 -23.463 11.4893 -23.3371
27.366 -23.9273 33.1706 -23.7133 11.4893 -23.3371
2.85971 -24.8836 27.366 -23.9273 33.1706 -23.7133
-6.36545 -25.196 2.85971 -24.8836 27.366 -23.9273
2.85971 -24.8836 -6.36545 -25.196 -2.10924 -26.0039
27.5362 -10.5745 28.5231 -8.23212 43.0511 24.6053
20.0098 -23.0544 27.5362 -10.5745 28.5231 -8.23212
28.5231 -8.23212 20.0098 -23.0544 19.7719 -23.463
27.5362 -10.5745 30.5958 -5.94054 40.8493 11.1455
30.5958 -5.94054 27.5362 -10.5745 20.0098 -23.0544
44.0804 -1.42598 44.4136 -0.327407 40.4638 3.56931
41.5332 -5.66333 44.0804 -1.42598 40.4638 3.56931
40.4748 -10.1676 41.5332 -5.66333 44.0804 -1.42598
41.824 -15.2216 40.4748 -10.1676 44.0804 -1.42598
41.9519 -15.8669 41.824 -15.2216 44.0804 -1.42598
41.824 -15.2216 41.9519 -15.8669 36.1052 -21.6155
44.2758 2.62493 44.4342 7.69287 43.5929 12.5668
44.4136 -0.327407 45.195 2.00241 44.2758 2.62493
44.4136 -0.327407 44.2758 2.62493 43.5929 12.5668
45.195 2.00241 44.4136 -0.327407 44.0804 -1.42598
45.0938 11.3103 45.4852 14.6003 44.1682 21.5167
45.4852 14.6003 45.0938 11.3103 44.2758 2.62493
45.0938 11.3103 44.4342 7.69287 44.2758 2.62493
46.1404 6.35501 44.2758 2.62493 45.195 2.00241
49.7662 1.9749 44.9169 -7.27982 45.3604 -10.2204
44.1682 21.5167 45.4852 14.6003 46.5845 11.9217
40.1767 -4.1392 35.7382 -3.30036 36.2026 1.85147
41.5332 -5.66333 40.1767 -4.1392 36.2026 1.85147
40.4748 -10.1676 41.5332 -5.66333 40.1767 -4.1392
40.195 -12.19 40.4748 -10.1676 40.1767 -4.1392
40.4748 -10.1676 40.195 -12.19 39.9721 -14.5315
40.195 -12.19 37.506 -14.5125 39.9721 -14.5315
34.6101 -4.48684 35.7382 -3.30036 36.2026 1.85147
35.7382 -3.30036 34.6101 -4.48684 35.2619 -6.14777
35.2619 -6.14777 34.6101 -4.48684 32.9817 -3.51224
32.9817 -3.51224 35.2619 -6.14777 31.9212 -8.7902
40.8493 11.1455 30.5958 -5.94054 21.2793 -21.6248
15.0965 -20.5125 14.725 -19.9037 20.5916 -19.869
-5.79021 -21.545 15.0965 -20.5125 14.725 -19.9037
-9.64211 -21.6001 -5.79021 -21.545 14.725 -19.9037
-2.48182 -21.6263 -9.64211 -21.6001 -5.79021 -21.545
-5.79021 -21.545 -2.48182 -21.6263 17.9851 -21.8173
20.2456 16.3294 26.3241 26.5122 32.6319 35.99
19.0364 13.9142 20.2456 16.3294 32.6319 35.99
17.211 10.8116 19.0364 13.9142 32.6319 35.99
13.086 3.86218 17.211 10.8116 19.0364 13.9142
-0.90012 -18.5681 13.086 3.86218 19.0364 13.9142
14.725 -19.9037 20.5916 -19.869 -0.517171 -19.5828
19.0364 13.9142 -0.90012 -18.5681 -1.96074 -20.2222
-0.90012 -18.5681 -0.517171 -19.5828 -1.96074 -20.2222
-0.517171 -19.5828 14.725 -19.9037 -1.96074 -20.2222
4.08741 -17.9765 11.6895 -16.9384 14.3866 -16.5934
-0.90012 -18.5681 4.08741 -17.9765 11.6895 -16.9384
4.08741 -17.9765 -0.90012 -18.5681 -0.517171 -19.5828
20.2456 16.3294 23.2163 24.8406 23.6106 25.9181
23.2163 24.8406 20.2456 16.3294 19.0364 13.9142
29.9331 30.5768 16.978 9.03421 13.086 3.86218
24.1889 19.8308 30.6105 29.7538 33.4786 34.902
16.978 9.03421 24.1889 19.8308 33.4786 34.902
24.1889 19.8308 16.978 9.03421 -0.90012 -18.5681
16.978 9.03421 13.086 3.86218 -0.90012 -18.5681
20.8767 -12.099 23.9284 -10.4009 24.1921 -9.78705
18.1478 -15.0724 20.8767 -12.099 23.9284 -10.4009
14.3866 -16.5934 8.81935 -15.6687 18.1478 -15.0724
23.9284 -10.4009 18.1478 -15.0724 14.3591 -18.644
18.1478 -15.0724 14.3866 -16.5934 14.3591 -18.644
18.971 -3.80616 27.049 9.14851 31.4773 18.4705
12.5101 -14.4048 13.8157 -11.4162 18.971 -3.80616
12.5101 -14.4048 18.971 -3.80616 27.049 9.14851
13.8157 -11.4162 12.5101 -14.4048 8.81935 -15.6687
12.5101 -14.4048 18.1478 -15.0724 8.81935 -15.6687
32.6524 10.2707 32.1259 14.5958 33.1967 15.15
31.5849 0.626504 31.0162 1.32847 32.6524 10.2707
31.5849 0.626504 32.6524 10.2707 33.1967 15.15
23.2329 -9.20053 31.5849 0.626504 31.0162 1.32847
20.8767 -12.099 23.2329 -9.20053 31.0162 1.32847
31.0162 1.32847 20.8767 -12.099 18.1478 -15.0724
13.3462 -8.40804 18.6037 1.78253 21.5537 5.49335
13.3462 -8.40804 21.5537 5.49335 32.6261 21.8592
8.81935 -15.6687 13.3462 -8.40804 18.6037 1.78253
11.6895 -16.9384 14.3866 -16.5934 8.81935 -15.6687
18.6037 1.78253 8.81935 -15.6687 7.75869 -17.136
8.81935 -15.6687 11.6895 -16.9384 7.75869 -17.136
23.8743 5.72298 13.3462 -8.40804 8.81935 -15.6687
24.1921 -9.78705 23.9284 -10.4009 20.5639 -19.0843
23.9284 -10.4009 19.4909 -17.3182 20.5639 -19.0843
36.2206 19.9545 37.1524 21.3992 40.2019 26.9974
33.1967 15.15 32.6613 15.5639 36.2206 19.9545
33.1967 15.15 36.2206 19.9545 37.1524 21.3992
32.1259 14.5958 33.1967 15.15 32.6613 15.5639
26.9306 6.17617 32.1259 14.5958 32.6613 15.5639
20.8863 -6.85884 26.9306 6.17617 32.1259 14.5958
32.1259 14.5958 20.8863 -6.85884 21.4866 -8.34572
27.049 9.14851 31.4773 18.4705 37.3285 30.7168
22.884 0.081015 27.049 9.14851 37.3285 30.7168
37.3285 30.7168 22.884 0.081015 20.7456 -5.55133
29.0432 19.9802 31.9363 22.6342 30.3127 25.1575
21.5537 5.49335 29.0432 19.9802 31.9363 22.6342
18.6037 1.78253 21.5537 5.49335 29.0432 19.9802
11.0578 -9.15711 18.6037 1.78253 29.0432 19.9802
18.6037 1.78253 11.0578 -9.15711 8.1042 -14.2207
11.0578 -9.15711 10.4992 -9.35623 8.1042 -14.2207
30.3127 25.1575 34.0257 26.4174 33.8603 27.405
31.9363 22.6342 30.3127 25.1575 34.0257 26.4174
34.0257 26.4174 31.9363 22.6342 31.7681 21.5337
10.4992 -9.35623 11.0578 -9.15711 10.7054 -6.12975
5.29144 -10.0714 10.4992 -9.35623 10.7054 -6.12975
5.29144 -10.0714 10.7054 -6.12975 11.2528 -5.69117
10.4992 -9.35623 5.29144 -10.0714 6.47254 -10.4481
16.0655 4.79965 24.1889 19.8308 30.6105 29.7538
24.1889 19.8308 16.0655 4.79965 13.5371 0.684323
33.4786 34.902 30.6105 29.7538 16.8713 3.50759
24.1727 28.3378 23.6106 25.9181 24.2006 23.0409
23.2163 24.8406 23.6106 25.9181 24.1727 28.3378
18.9084 18.3917 23.2163 24.8406 24.1727 28.3378
13.2762 12.18 15.133 14.8489 18.9084 18.3917
13.6937 10.8704 13.2762 12.18 18.9084 18.3917
6.66627 -1.18756 13.6937 10.8704 18.9084 18.3917
6.66627 -1.18756 18.9084 18.3917 23.2163 24.8406
5.02508 -3.30895 6.67028 -2.84323 6.66627 -1.18756
5.02508 -3.30895 6.66627 -1.18756 13.6937 10.8704
0.573851 -6.61521 3.66992 -3.63647 5.02508 -3.30895
0.573851 -6.61521 5.02508 -3.30895 6.67028 -2.84323
-1.26406 -9.74025 0.573851 -6.61521 6.67028 -2.84323
-0.117882 -12.3357 0.0892287 -12.1589 -1.26406 -9.74025
0.573851 -6.61521 -1.26406 -9.74025 -4.97139 -14.6276
-1.26406 -9.74025 -0.117882 -12.3357 -4.97139 -14.6276
3.49515 0.0486975 5.02508 -3.30895 3.66992 -3.63647
18.9084 18.3917 15.133 14.8489 11.5866 14.0344
15.133 14.8489 13.2762 12.18 6.40478 2.82284
0.0892287 -12.1589 1.63093 -11.0592 4.0844 -8.84507
-0.117882 -12.3357 0.0892287 -12.1589 1.63093 -11.0592
1.63093 -11.0592 -0.117882 -12.3357 0.711645 -12.8277
12.7244 25.5764 18.4253 29.1351 20.6816 29.3252
14.4509 24.6835 12.7244 25.5764 20.6816 29.3252
14.8163 23.3834 14.4509 24.6835 12.7244 25.5764
12.7244 25.5764 14.8163 23.3834 11.535 18.3593
18.2306 30.7895 20.8241 33.4229 28.5206 40.4791
15.9671 29.8707 14.5535 30.2906 18.2306 30.7895
18.4253 29.1351 15.9671 29.8707 18.2306 30.7895
18.4253 29.1351 18.2306 30.7895 28.5206 40.4791
12.7244 25.5764 18.4253 29.1351 15.9671 29.8707
9.905 22.0281 12.7244 25.5764 15.9671 29.8707
-16.7539 -11.5664 9.905 22.0281 15.9671 29.8707
9.905 22.0281 -16.7539 -11.5664 -21.8369 -19.111
-4.33916 5.15783 -2.03745 8.65596 3.88499 16.2578
-16.7539 -11.5664 -4.33916 5.15783 -2.03745 8.65596
-2.03745 8.65596 -16.7539 -11.5664 -28.9861 -27.7351
-16.7539 -11.5664 -21.8369 -19.111 -28.9861 -27.7351
-21.8369 -19.111 -25.3717 -24.5842 -28.9861 -27.7351
2.1821 13.5636 -4.33916 5.15783 -16.7539 -11.5664
13.3833 44.1642 13.17 47.1268 11.8327 48.4337
12.9195 42.2198 13.3833 44.1642 11.8327 48.4337
14.6837 41.87 12.9195 42.2198 13.3833 44.1642
23.7938 41.2381 14.6837 41.87 13.3833 44.1642
21.0518 40.6156 23.7938 41.2381 14.6837 41.87
16.6618 36.5933 21.0518 40.6156 23.7938 41.2381
19.7406 36.0912 16.6618 36.5933 23.7938 41.2381
14.5535 30.2906 19.7406 36.0912 16.6618 36.5933
11.474 29.4257 15.9671 29.8707 14.5535 30.2906
11.474 29.4257 14.5535 30.2906 16.6618 36.5933
13.1274 28.9679 11.474 29.4257 15.9671 29.8707
15.9671 29.8707 13.1274 28.9679 -49.1118 8.17736
5.0227 30.6205 -6.5941 32.9151 -17.1013 35.2895
-6.5941 32.9151 5.0227 30.6205 13.1274 28.9679
5.0227 30.6205 11.474 29.4257 13.1274 28.9679
4.46627 33.3806 -4.39753 38.9586 -9.53673 41.0922
-4.39753 38.9586 4.46627 33.3806 11.474 29.4257
4.46627 33.3806 5.0227 30.6205 11.474 29.4257
11.8327 48.4337 13.17 47.1268 16.7808 44.9663
19.3471 40.0199 14.6837 41.87 12.9195 42.2198
12.9195 42.2198 19.3471 40.0199 19.1175 39.2844
-9.49621 41.9195 -7.22964 42.9886 -6.29232 43.1894
-9.53673 41.0922 -9.49621 41.9195 -6.29232 43.1894
-4.39753 38.9586 -9.53673 41.0922 -6.29232 43.1894
-6.29232 43.1894 -4.39753 38.9586 8.53752 33.1576
-10.8424 39.6559 -9.53673 41.0922 -9.49621 41.9195
-5.1955 36.9906 -10.8424 39.6559 -9.53673 41.0922
-10.8424 39.6559 -5.1955 36.9906 -6.16437 36.6417
-24.7287 35.8075 -18.0116 44.2576 -19.659 44.4602
-24.951 35.5071 -24.7287 35.8075 -19.659 44.4602
-17.1013 35.2895 -24.951 35.5071 -24.7287 35.8075
-24.7287 35.8075 -17.1013 35.2895 0.870718 34.7524
-6.5941 32.9151 -17.1013 35.2895 -24.951 35.5071
-10.6896 32.6878 -6.5941 32.9151 -24.951 35.5071
-20.4067 31.7391 -10.6896 32.6878 -6.5941 32.9151
-35.7671 30.8274 -17.6401 31.5325 -20.4067 31.7391
-35.7671 30.8274 -20.4067 31.7391 -10.6896 32.6878
-24.5633 30.6962 -35.7671 30.8274 -17.6401 31.5325
-33.7876 30.6515 -24.5633 30.6962 -35.7671 30.8274
-24.3905 28.98 -33.7876 30.6515 -35.7671 30.8274
-7.68269 26.6473 -24.3905 28.98 -33.7876 30.6515
-10.3717 26.5538 -7.68269 26.6473 -24.3905 28.98
-8.19229 26.3755 -10.3717 26.5538 -7.68269 26.6473
-9.67398 24.1101 -11.8437 24.8526 -8.19229 26.3755
-9.67398 24.1101 -8.19229 26.3755 -7.68269 26.6473
-9.72969 23.4947 -9.67398 24.1101 -7.68269 26.6473
-7.68269 26.6473 -9.72969 23.4947 -6.28751 23.266
-10.3717 26.5538 -35.0042 27.2079 -30.147 27.2241
-10.3717 26.5538 -30.147 27.2241 -37.1309 28.6586
-35.0042 27.2079 -10.3717 26.5538 -8.19229 26.3755
-19.659 44.4602 -19.0177 45.4165 -18.5117 45.9955
-18.0116 44.2576 -19.659 44.4602 -18.5117 45.9955
-16.716 41.4773 -18.0116 44.2576 -18.5117 45.9955
-18.0116 44.2576 -16.716 41.4773 -15.1206 38.0187
-16.716 41.4773 -15.2006 42.1317 -5.14313 49.4929
-15.2006 42.1317 -16.716 41.4773 -15.1206 38.0187
-28.2641 33.2179 -19.659 44.4602 -19.0177 45.4165
-19.0177 45.4165 -28.2641 33.2179 -29.7532 32.6899
-35.0042 27.2079 -30.147 27.2241 -36.4712 27.6534
-34.3093 25.7108 -35.0042 27.2079 -36.4712 27.6534
-34.7203 23.2715 -34.3093 25.7108 -36.4712 27.6534
-32.0977 21.8278 -42.9493 21.8345 -34.7203 23.2715
-32.0977 21.8278 -34.7203 23.2715 -34.3093 25.7108
-30.3677 18.843 -32.9234 20.6392 -32.0977 21.8278
-30.3677 18.843 -32.0977 21.8278 -34.3093 25.7108
-32.9234 20.6392 -30.3677 18.843 -32.6771 17.8536
-23.1813 24.7732 -27.7113 20.6971 -30.3677 18.843
-14.9906 24.9748 -17.5138 25.0905 -18.3248 25.1287
-27.7113 20.6971 -14.9906 24.9748 -17.5138 25.0905
-30.3677 18.843 -27.7113 20.6971 -14.9906 24.9748
-32.6771 17.8536 -30.3677 18.843 -14.9906 24.9748
-14.9906 24.9748 -32.6771 17.8536 -35.5189 16.559
-39.5308 21.2271 -32.0977 21.8278 -42.9493 21.8345
-37.5195 20.0132 -39.5308 21.2271 -42.9493 21.8345
-40.6333 19.1776 -37.5195 20.0132 -42.9493 21.8345
-43.2169 16.3338 -40.6333 19.1776 -37.5195 20.0132
-37.5195 20.0132 -43.2169 16.3338 -42.7287 14.6131
-32.0977 21.8278 -32.9234 20.6392 -39.4682 14.6798
-25.033 23.4422 -34.3093 25.7108 -35.0042 27.2079
-29.018 22.2401 -25.033 23.4422 -34.3093 25.7108
-34.3093 25.7108 -29.018 22.2401 -28.0689 21.3999
-8.19229 26.3755 -11.8437 24.8526 -40.9495 12.8307
-14.0872 23.5898 -9.67398 24.1101 -11.8437 24.8526
-11.8437 24.8526 -14.0872 23.5898 -33.2 15.2601
-12.6429 23.3045 -14.0872 23.5898 -9.67398 24.1101
-14.0872 23.5898 -12.6429 23.3045 -20.5897 18.3508
-28.2814 30.5759 -33.7876 30.6515 -24.5633 30.6962
-21.3528 29.9883 -28.2814 30.5759 -33.7876 30.6515
-4.01439 28.5981 -13.6611 29.0064 -21.3528 29.9883
-4.01439 28.5981 -21.3528 29.9883 -28.2814 30.5759
-13.6611 29.0064 -4.01439 28.5981 -0.685894 27.9168
-0.685894 27.9168 -4.01439 28.5981 -0.848271 29.6289
-0.848271 29.6289 -0.685894 27.9168 0.537131 25.7488
-21.3528 29.9883 -13.6611 29.0064 -2.05418 27.0756
-4.59413 5.92908 -2.03745 8.65596 3.88499 16.2578
-9.16747 0.936235 -4.59413 5.92908 3.88499 16.2578
-4.59413 5.92908 -9.16747 0.936235 -30.5165 -22.7728
-9.16747 0.936235 -13.4272 -3.48723 -30.5165 -22.7728
-13.8689 -3.74101 -13.4272 -3.48723 -9.16747 0.936235
-9.16747 0.936235 -13.8689 -3.74101 -15.0249 -4.86449
-23.8009 -14.1139 -13.8689 -3.74101 -13.4272 -3.48723
-13.4272 -3.48723 -23.8009 -14.1139 -24.4929 -14.8707
3.26207 19.1866 1.17845 19.2695 3.49499 20.0655
3.26207 19.1866 3.49499 20.0655 8.23732 25.1821
-17.7964 -6.97645 3.26207 19.1866 8.23732 25.1821
-23.8009 -14.1139 -17.7964 -6.97645 3.26207 19.1866
3.26207 19.1866 -23.8009 -14.1139 -24.4929 -14.8707
6.74405 21.5434 -17.7964 -6.97645 -23.8009 -14.1139
1.0966 20.9593 -2.88127 22.7219 3.92178 22.9333
3.49499 20.0655 1.0966 20.9593 3.92178 22.9333
1.0966 20.9593 3.49499 20.0655 1.17845 19.2695
-2.88127 22.7219 1.0966 20.9593 -1.2074 20.6377
-7.29038 19.0345 3.26207 19.1866 1.17845 19.2695
-14.1015 18.8741 -7.29038 19.0345 1.17845 19.2695
-7.29038 19.0345 -14.1015 18.8741 -0.487157 16.2224
-29.7379 -25.2963 -19.3658 -12.8124 -4.59413 5.92908
-4.59413 5.92908 -29.7379 -25.2963 -30.4732 -26.1289
-19.3658 -12.8124 -4.59413 5.92908 -2.03745 8.65596
-2.03745 8.65596 -19.3658 -12.8124 -26.4638 -22.48
