318.424 57.2995 343.545 68.9066 368.526 79.2112
283.798 40.0254 310.871 51.111 318.424 57.2995
250.584 27.4164 283.798 40.0254 318.424 57.2995
250.584 27.4164 318.424 57.2995 343.545 68.9066
239.716 23.3571 250.584 27.4164 343.545 68.9066
246.758 23.2864 239.716 23.3571 250.584 27.4164
238.962 9.60242 246.758 23.2864 250.584 27.4164
246.758 23.2864 238.962 9.60242 233.255 8.61927
238.962 9.60242 361.556 31.487 371.505 33.4765
223.319 6.76946 233.255 8.61927 238.962 9.60242
223.319 6.76946 238.962 9.60242 361.556 31.487
176.078 2.18425 223.319 6.76946 233.255 8.61927
223.319 6.76946 176.078 2.18425 196.382 2.08013
181.505 23.43 119.653 23.4444 1.40196 23.9451
239.716 23.3571 181.505 23.43 119.653 23.4444
119.653 23.4444 239.716 23.3571 246.758 23.2864
-1.59734 47.3905 48.4899 47.9067 18.5034 49.5948
33.0869 46.3713 -1.59734 47.3905 48.4899 47.9067
22.4394 40.9201 33.0869 46.3713 48.4899 47.9067
8.06455 36.9874 -3.05667 37.7869 22.4394 40.9201
8.06455 36.9874 22.4394 40.9201 48.4899 47.9067
0.546752 33.0538 8.06455 36.9874 -3.05667 37.7869
28.2172 32.6982 0.546752 33.0538 8.06455 36.9874
48.5936 30.7066 28.2172 32.6982 8.06455 36.9874
71.9403 26.9798 48.5936 30.7066 28.2172 32.6982
93.7232 26.119 122.794 26.6284 71.9403 26.9798
76.5053 26.0412 93.7232 26.119 71.9403 26.9798
76.5053 26.0412 71.9403 26.9798 28.2172 32.6982
136.637 23.9089 76.5053 26.0412 93.7232 26.119
181.505 23.43 136.637 23.9089 93.7232 26.119
93.7232 26.119 181.505 23.43 239.716 23.3571
68.747 42.0158 103.766 42.1137 51.3827 43.0179
81.022 39.564 68.747 42.0158 51.3827 43.0179
86.8952 38.9452 81.022 39.564 68.747 42.0158
121.933 37.8471 32.8879 37.8998 86.8952 38.9452
121.933 37.8471 86.8952 38.9452 68.747 42.0158
42.855 37.7628 121.933 37.8471 32.8879 37.8998
58.0909 31.7766 42.855 37.7628 32.8879 37.8998
42.855 37.7628 58.0909 31.7766 71.9403 26.9798
58.0909 31.7766 48.5936 30.7066 71.9403 26.9798
108.142 29.5385 140.002 30.3328 96.6587 32.5625
148.431 28.9996 108.142 29.5385 140.002 30.3328
183.953 27.9071 148.431 28.9996 140.002 30.3328
71.9403 26.9798 183.953 27.9071 148.431 28.9996
183.953 27.9071 71.9403 26.9798 122.794 26.6284
226.005 27.4404 207.928 29.9029 158.746 36.7173
226.005 27.4404 158.746 36.7173 11.8067 57.0099
189.757 27.2122 226.005 27.4404 207.928 29.9029
222.863 26.7703 189.757 27.2122 226.005 27.4404
122.794 26.6284 222.863 26.7703 189.757 27.2122
222.863 26.7703 122.794 26.6284 93.7232 26.119
158.746 36.7173 148.311 38.1283 112.863 42.2876
158.746 36.7173 112.863 42.2876 68.8317 47.5006
68.8317 47.5006 158.746 36.7173 207.928 29.9029
112.863 42.2876 58.4008 50.4054 38.9824 52.5835
58.4008 50.4054 112.863 42.2876 148.311 38.1283
-0.0961337 58.5542 148.311 38.1283 158.746 36.7173
353.322 69.8004 318.424 57.2995 310.871 51.111
346.459 63.5655 292.791 42.8558 283.798 40.0254
292.791 42.8558 331.972 56.4927 340.17 59.9597
331.972 56.4927 292.791 42.8558 250.584 27.4164
292.791 42.8558 283.798 40.0254 250.584 27.4164
196.382 2.08013 297.031 17.0769 311.186 19.5212
297.031 17.0769 196.382 2.08013 169.97 -1.87898
191.623 7.51893 201.37 9.84332 209.545 11.1262
176.078 2.18425 191.623 7.51893 209.545 11.1262
169.97 -1.87898 196.382 2.08013 176.078 2.18425
158.274 -3.25386 169.97 -1.87898 176.078 2.18425
158.274 -3.25386 176.078 2.18425 191.623 7.51893
191.623 7.51893 158.274 -3.25386 151.492 -3.58185
263.556 -0.578775 158.274 -3.25386 151.492 -3.58185
126.933 -0.540974 201.37 9.84332 209.545 11.1262
201.37 9.84332 126.933 -0.540974 112.77 -3.10303
106.737 9.30298 39.2773 10.1256 49.9544 10.1396
120.678 8.53484 106.737 9.30298 39.2773 10.1256
167.724 8.11612 120.678 8.53484 106.737 9.30298
179.291 7.97482 167.724 8.11612 106.737 9.30298
163.637 6.57801 179.291 7.97482 167.724 8.11612
137.682 3.23177 163.637 6.57801 167.724 8.11612
126.933 -0.540974 121.843 3.12621 137.682 3.23177
126.933 -0.540974 137.682 3.23177 163.637 6.57801
121.843 3.12621 126.933 -0.540974 112.77 -3.10303
49.9544 10.1396 62.6615 10.4349 103.887 11.6035
39.2773 10.1256 49.9544 10.1396 103.887 11.6035
13.5598 9.99113 39.2773 10.1256 103.887 11.6035
39.2773 10.1256 13.5598 9.99113 -2.49768 8.89952
52.5466 16.8454 13.4003 17.4059 76.8748 18.0276
17.0563 16.5442 52.5466 16.8454 13.4003 17.4059
13.5598 9.99113 17.0563 16.5442 13.4003 17.4059
13.4003 17.4059 13.5598 9.99113 -2.49768 8.89952
52.5466 16.8454 17.0563 16.5442 36.5262 16.5122
126.279 6.5673 93.91 7.23821 67.4778 7.41588
140.659 6.54225 126.279 6.5673 93.91 7.23821
147.654 6.5114 140.659 6.54225 93.91 7.23821
137.682 3.23177 147.654 6.5114 140.659 6.54225
121.843 3.12621 137.682 3.23177 140.659 6.54225
97.4602 1.04205 121.843 3.12621 140.659 6.54225
82.9185 -1.6264 97.4602 1.04205 121.843 3.12621
121.843 3.12621 82.9185 -1.6264 86.5685 -3.0301
69.3338 0.498915 49.1015 2.56464 63.987 2.71412
82.9185 -1.6264 69.3338 0.498915 63.987 2.71412
69.3338 0.498915 82.9185 -1.6264 86.5685 -3.0301
28.138 6.68593 126.279 6.5673 140.659 6.54225
49.1015 2.56464 63.987 2.71412 36.7571 3.15936
26.7949 1.52265 49.1015 2.56464 36.7571 3.15936
0.0831298 -2.13668 9.78652 -1.88766 26.7949 1.52265
0.0831298 -2.13668 26.7949 1.52265 36.7571 3.15936
9.78652 -1.88766 0.0831298 -2.13668 22.4286 -2.90378
311.186 19.5212 297.031 17.0769 187.78 -1.8731
297.031 17.0769 246.978 8.98593 187.78 -1.8731
353.905 28.0791 361.556 31.487 371.505 33.4765
332.941 20.3105 353.905 28.0791 361.556 31.487
280.862 0.20863 332.941 20.3105 361.556 31.487
332.941 20.3105 280.862 0.20863 270.949 -3.69574
293.791 7.61579 300.946 10.2747 323.847 18.3556
280.862 0.20863 293.791 7.61579 323.847 18.3556
293.791 7.61579 280.862 0.20863 270.949 -3.69574
279.815 6.32622 293.791 7.61579 300.946 10.2747
231.662 0.89986 247.242 3.61125 279.815 6.32622
231.662 0.89986 279.815 6.32622 293.791 7.61579
293.791 7.61579 231.662 0.89986 239.069 0.592879
231.662 0.89986 209.194 0.643701 239.069 0.592879
221.334 2.85667 231.662 0.89986 209.194 0.643701
247.242 3.61125 260.396 6.1488 273.365 8.7181
273.365 8.7181 247.242 3.61125 231.662 0.89986
313.746 10.9563 332.941 20.3105 353.905 28.0791
332.941 20.3105 313.746 10.9563 288.746 1.52928
340.289 18.416 359.473 22.986 376.836 29.3806
313.746 10.9563 340.289 18.416 376.836 29.3806
340.289 18.416 313.746 10.9563 288.746 1.52928
329.523 11.4707 351.803 19.8085 359.473 22.986
351.803 19.8085 329.523 11.4707 308.391 3.27649
329.523 11.4707 319.48 9.64391 308.391 3.27649
351.803 19.8085 359.473 22.986 376.836 29.3806
376.836 29.3806 351.803 19.8085 298.987 -2.57178
340.17 59.9597 362.479 67.9603 380.366 80.2419
331.972 56.4927 340.17 59.9597 362.479 67.9603
318.123 49.5308 331.972 56.4927 362.479 67.9603
268.037 31.4901 318.123 49.5308 331.972 56.4927
331.972 56.4927 268.037 31.4901 259.605 28.8838
268.037 31.4901 326.194 50.6233 360.045 59.6878
360.045 59.6878 268.037 31.4901 259.605 28.8838
326.194 50.6233 372.719 66.1196 378.593 68.0972
378.593 68.0972 326.194 50.6233 268.037 31.4901
347.41 52.3174 370.604 58.0329 372.719 66.1196
307.491 32.7154 347.41 52.3174 372.719 66.1196
303.534 30.544 307.491 32.7154 347.41 52.3174
347.41 52.3174 303.534 30.544 291.623 22.4205
309.856 38.8639 317.35 43.6087 343.315 51.4147
307.491 32.7154 309.856 38.8639 343.315 51.4147
309.856 38.8639 307.491 32.7154 303.534 30.544
370.604 58.0329 372.719 66.1196 378.593 68.0972
368.488 50.8961 370.604 58.0329 378.593 68.0972
358.791 38.0043 380.652 47.2047 368.488 50.8961
358.791 38.0043 368.488 50.8961 370.604 58.0329
378.345 36.8963 358.791 38.0043 380.652 47.2047
376.785 18.7707 378.345 36.8963 380.652 47.2047
373.725 7.35697 376.785 18.7707 378.345 36.8963
376.785 18.7707 373.725 7.35697 378.939 7.2092
376.884 59.0962 368.488 50.8961 380.652 47.2047
369.41 3.12138 378.939 7.2092 373.725 7.35697
369.41 3.12138 373.725 7.35697 371.411 16.1116
378.939 7.2092 369.41 3.12138 377.288 2.78275
347.72 9.82747 343.175 10.3758 356.855 11.5554
361.423 3.306 347.72 9.82747 343.175 10.3758
369.41 3.12138 361.423 3.306 347.72 9.82747
377.288 2.78275 369.41 3.12138 361.423 3.306
331.564 2.61207 377.288 2.78275 361.423 3.306
322.566 0.399644 331.564 2.61207 377.288 2.78275
349.724 -0.223835 322.566 0.399644 377.288 2.78275
377.288 2.78275 349.724 -0.223835 336.786 -3.00407
277.309 22.8803 309.856 38.8639 317.35 43.6087
309.856 38.8639 277.309 22.8803 268.947 17.5392
286.515 29.2288 279.842 29.6165 299.26 36.7411
277.309 22.8803 286.515 29.2288 299.26 36.7411
286.515 29.2288 277.309 22.8803 268.947 17.5392
279.842 29.6165 286.515 29.2288 257.569 20.4657
329.716 39.5142 360.06 51.9043 347.41 52.3174
360.06 51.9043 329.716 39.5142 322.443 31.6551
360.06 51.9043 347.41 52.3174 370.604 58.0329
349.008 41.5739 360.06 51.9043 370.604 58.0329
370.604 58.0329 349.008 41.5739 337.137 29.5975
340.992 39.2847 349.008 41.5739 360.06 51.9043
349.008 41.5739 340.992 39.2847 327.45 28.8784
358.791 38.0043 378.345 36.8963 367.468 36.2429
301.404 53.4274 343.545 68.9066 368.526 79.2112
343.545 68.9066 301.404 53.4274 270.647 41.8836
301.404 53.4274 290.512 49.4342 270.647 41.8836
261.213 42.7893 290.512 49.4342 301.404 53.4274
231.66 37.4443 261.213 42.7893 301.404 53.4274
261.213 42.7893 231.66 37.4443 236.6 36.9862
89.7089 53.7783 67.1446 56.3867 36.8984 59.9664
127.932 48.8679 89.7089 53.7783 67.1446 56.3867
123.102 48.5211 150.215 48.7597 127.932 48.8679
123.102 48.5211 127.932 48.8679 67.1446 56.3867
171.727 40.3816 123.102 48.5211 67.1446 56.3867
183.61 38.3055 171.727 40.3816 67.1446 56.3867
203.763 37.8572 183.61 38.3055 171.727 40.3816
236.6 36.9862 231.66 37.4443 203.763 37.8572
236.6 36.9862 203.763 37.8572 183.61 38.3055
216.494 36.3842 236.6 36.9862 183.61 38.3055
236.6 36.9862 216.494 36.3842 198.161 32.7255
193.268 53.2321 286.179 60.1334 299.677 60.925
127.932 48.8679 173.64 50.8432 193.268 53.2321
127.932 48.8679 193.268 53.2321 286.179 60.1334
173.64 50.8432 127.932 48.8679 150.215 48.7597
123.102 48.5211 150.215 48.7597 210.667 48.9562
249.645 48.4555 123.102 48.5211 210.667 48.9562
249.645 48.4555 210.667 48.9562 197.585 49.923
123.102 48.5211 249.645 48.4555 230.666 47.7506
249.645 48.4555 270.749 51.8325 278.192 52.1943
216.458 46.2061 230.666 47.7506 249.645 48.4555
211.678 43.1188 216.458 46.2061 249.645 48.4555
211.678 43.1188 249.645 48.4555 278.192 52.1943
216.458 46.2061 211.678 43.1188 188.432 42.3271
211.678 43.1188 246.021 42.4796 188.432 42.3271
230.666 47.7506 216.458 46.2061 179.07 46.0876
242.599 51.7228 270.749 51.8325 278.192 52.1943
270.749 51.8325 242.599 51.7228 262.48 51.6313
272.128 60.1126 286.179 60.1334 299.677 60.925
166.372 57.3656 272.128 60.1126 299.677 60.925
272.128 60.1126 166.372 57.3656 128.54 56.279
306.846 61.9457 166.372 57.3656 128.54 56.279
251.657 58.4111 258.318 58.5788 272.128 60.1126
258.318 58.5788 251.657 58.4111 209.639 56.5793
258.318 58.5788 272.128 60.1126 286.179 60.1334
159.263 52.5807 258.318 58.5788 286.179 60.1334
258.318 58.5788 159.263 52.5807 142.044 51.812
81.0525 63.2023 91.5422 63.8742 197.608 69.8765
47.9623 62.5465 81.0525 63.2023 91.5422 63.8742
22.8493 62.1714 47.9623 62.5465 91.5422 63.8742
58.8647 61.7301 22.8493 62.1714 47.9623 62.5465
153.569 60.8165 58.8647 61.7301 47.9623 62.5465
192.66 60.5774 153.569 60.8165 47.9623 62.5465
136.076 60.24 192.66 60.5774 153.569 60.8165
36.8984 59.9664 29.6951 60.1364 136.076 60.24
98.8707 59.9362 36.8984 59.9664 136.076 60.24
98.8707 59.9362 136.076 60.24 192.66 60.5774
36.8984 59.9664 98.8707 59.9362 197.586 59.6382
197.586 59.6382 98.8707 59.9362 228.92 60.164
108.598 57.9005 197.586 59.6382 228.92 60.164
228.92 60.164 108.598 57.9005 121.7 57.1624
32.0988 88.2843 53.3675 88.8443 -2.75509 90.255
92.8307 83.3653 32.0988 88.2843 -2.75509 90.255
101.369 82.7538 78.69 83.1707 92.8307 83.3653
101.369 82.7538 92.8307 83.3653 32.0988 88.2843
131.054 81.9714 101.369 82.7538 78.69 83.1707
247.733 79.0197 131.054 81.9714 78.69 83.1707
290.792 76.8588 258.884 78.0463 247.733 79.0197
343.561 76.6423 183.82 76.6888 290.792 76.8588
343.561 76.6423 290.792 76.8588 247.733 79.0197
343.561 76.6423 247.733 79.0197 131.054 81.9714
353.155 76.4362 343.561 76.6423 131.054 81.9714
330.278 72.487 353.155 76.4362 343.561 76.6423
311.969 71.4031 330.278 72.487 343.561 76.6423
268.682 67.9182 311.969 71.4031 330.278 72.487
258.709 67.1787 268.682 67.9182 311.969 71.4031
293.555 67.1233 217.116 67.1389 258.709 67.1787
293.555 67.1233 258.709 67.1787 268.682 67.9182
278.661 67.0023 293.555 67.1233 217.116 67.1389
156.829 63.6587 278.661 67.0023 293.555 67.1233
81.0525 63.2023 178.112 63.6127 156.829 63.6587
81.0525 63.2023 156.829 63.6587 278.661 67.0023
178.112 63.6127 81.0525 63.2023 47.9623 62.5465
258.884 78.0463 193.018 78.8762 142.535 79.9467
193.018 78.8762 258.884 78.0463 290.792 76.8588
147.596 80.9527 247.733 79.0197 258.884 78.0463
67.1446 56.3867 36.8984 59.9664 29.6951 60.1364
82.7643 53.1836 67.1446 56.3867 29.6951 60.1364
96.1084 50.8283 82.7643 53.1836 67.1446 56.3867
108.154 46.1485 96.1084 50.8283 82.7643 53.1836
142.772 42.4445 108.154 46.1485 96.1084 50.8283
108.154 46.1485 142.772 42.4445 126.507 42.2483
323.894 70.2619 330.278 72.487 353.155 76.4362
296.594 66.478 323.894 70.2619 330.278 72.487
282.907 63.7823 296.594 66.478 323.894 70.2619
219.492 62.3389 282.907 63.7823 296.594 66.478
282.907 63.7823 219.492 62.3389 242.87 62.2601
210.644 80.5058 131.054 81.9714 101.369 82.7538
101.369 82.7538 210.644 80.5058 277.696 79.4158
53.3675 88.8443 32.0988 88.2843 121.751 83.5764
270.037 83.5913 97.9787 88.6181 53.3675 88.8443
198.317 82.4895 226.026 83.2168 270.037 83.5913
321.894 82.3613 198.317 82.4895 270.037 83.5913
321.894 82.3613 270.037 83.5913 97.9787 88.6181
239.567 82.3085 321.894 82.3613 198.317 82.4895
220.641 81.876 239.567 82.3085 198.317 82.4895
239.567 82.3085 220.641 81.876 332.036 80.1834
170.157 83.5149 226.026 83.2168 198.317 82.4895
97.9787 88.6181 53.3675 88.8443 -2.75509 90.255
132.209 88.2317 97.9787 88.6181 -2.75509 90.255
138.343 87.6477 132.209 88.2317 97.9787 88.6181
172.731 87.5345 138.343 87.6477 132.209 88.2317
138.343 87.6477 172.731 87.5345 192.685 87.002
93.2969 89.6969 113.735 89.1977 172.731 87.5345
113.735 89.1977 69.0155 90.7974 36.9645 91.3642
172.731 87.5345 113.735 89.1977 69.0155 90.7974
69.0155 90.7974 172.731 87.5345 192.685 87.002
341.882 89.6045 350.157 91.9919 366.208 93.3486
307.209 83.6828 341.882 89.6045 350.157 91.9919
303.722 83.3107 307.209 83.6828 350.157 91.9919
321.894 82.3613 303.722 83.3107 307.209 83.6828
307.209 83.6828 321.894 82.3613 363.459 82.1869
321.894 82.3613 239.567 82.3085 363.459 82.1869
303.722 83.3107 253.725 86.0531 116.382 92.7367
116.382 92.7367 303.722 83.3107 321.894 82.3613
203.538 89.2062 183.9 90.6637 156.901 92.7126
253.725 86.0531 203.538 89.2062 156.901 92.7126
156.901 92.7126 253.725 86.0531 303.722 83.3107
341.882 89.6045 358.288 89.9734 381.761 93.5784
358.288 89.9734 341.882 89.6045 307.209 83.6828
283.488 87.2505 310.15 87.8421 350.157 91.9919
283.488 87.2505 350.157 91.9919 366.208 93.3486
310.15 87.8421 283.488 87.2505 291.967 86.2025
259.489 89.2147 216.568 91.5108 226.362 91.9618
283.488 87.2505 259.489 89.2147 226.362 91.9618
259.489 89.2147 283.488 87.2505 291.967 86.2025
226.362 91.9618 320.062 92.0341 206.404 92.0887
216.568 91.5108 226.362 91.9618 206.404 92.0887
206.404 92.0887 216.568 91.5108 242.629 88.0961
206.404 92.0887 333.346 92.4064 302.201 93.3629
320.062 92.0341 206.404 92.0887 333.346 92.4064
333.346 92.4064 320.062 92.0341 266.315 89.8901
69.0155 90.7974 36.9645 91.3642 58.8012 91.5385
69.0155 90.7974 58.8012 91.5385 80.1116 91.7786
80.1116 91.7786 69.0155 90.7974 151.618 89.5118
58.8012 91.5385 22.7802 91.99 12.8383 93.6342
22.7802 91.99 58.8012 91.5385 36.9645 91.3642
37.7048 82.8041 78.69 83.1707 92.8307 83.3653
50.9854 82.4872 37.7048 82.8041 78.69 83.1707
57.0911 81.4702 50.9854 82.4872 78.69 83.1707
78.69 83.1707 57.0911 81.4702 68.2319 78.3129
50.9854 82.4872 37.7048 82.8041 7.58959 83.4036
7.58959 83.4036 50.9854 82.4872 3.68547 82.2387
20.2208 80.9975 57.0911 81.4702 50.9854 82.4872
28.788 80.2153 20.2208 80.9975 57.0911 81.4702
113.557 71.7165 28.788 80.2153 20.2208 80.9975
28.788 80.2153 113.557 71.7165 118.639 71.3012
1.09549 72.818 93.8771 72.9514 41.2967 73.8452
102.565 72.2738 1.09549 72.818 93.8771 72.9514
113.557 71.7165 102.565 72.2738 93.8771 72.9514
102.565 72.2738 113.557 71.7165 118.639 71.3012
57.5905 72.1435 102.565 72.2738 1.09549 72.818
9.36502 70.81 57.5905 72.1435 1.09549 72.818
1.09549 72.818 9.36502 70.81 17.1763 68.8514
81.9262 71.494 57.5905 72.1435 102.565 72.2738
69.2127 68.9447 81.9262 71.494 57.5905 72.1435
48.3038 67.5633 69.2127 68.9447 57.5905 72.1435
57.5905 72.1435 48.3038 67.5633 31.9462 66.7347
48.3038 67.5633 158.768 69.9427 141.99 70.4972
158.768 69.9427 48.3038 67.5633 31.9462 66.7347
162.941 77.7616 193.018 78.8762 142.535 79.9467
176.787 73.8554 162.941 77.7616 142.535 79.9467
162.941 77.7616 176.787 73.8554 208.072 71.7082
113.184 76.0107 176.787 73.8554 208.072 71.7082
236.324 68.2284 146.902 72.4338 130.498 73.1534
146.902 72.4338 236.324 68.2284 258.709 67.1787
236.324 68.2284 246.882 67.299 258.709 67.1787
258.709 67.1787 246.882 67.299 193.682 67.5997
217.116 67.1389 258.709 67.1787 193.682 67.5997
193.682 67.5997 217.116 67.1389 170.221 66.5045
130.498 73.1534 146.902 72.4338 226.112 69.0976
290.512 49.4342 261.213 42.7893 236.208 32.933
96.6587 32.5625 140.002 30.3328 161.793 30.0203
61.4711 37.5521 42.855 37.7628 121.933 37.8471
128.748 33.6376 61.4711 37.5521 42.855 37.7628
42.855 37.7628 128.748 33.6376 166.802 31.6544
-1.59734 47.3905 33.0869 46.3713 6.45378 46.2392
41.8924 30.1564 28.2172 32.6982 0.546752 33.0538
11.6412 29.5393 41.8924 30.1564 0.546752 33.0538
41.8924 30.1564 11.6412 29.5393 20.7697 28.5857
203.447 23.0151 119.653 23.4444 1.40196 23.9451
72.8284 22.9212 203.447 23.0151 1.40196 23.9451
126.308 21.3478 72.8284 22.9212 1.40196 23.9451
219.516 19.2062 148.691 21.0235 126.308 21.3478
219.516 19.2062 126.308 21.3478 1.40196 23.9451
148.691 21.0235 219.516 19.2062 229.78 19.1206
219.516 19.2062 100.156 19.2593 93.8104 19.5256
100.156 19.2593 219.516 19.2062 229.78 19.1206
93.8104 19.5256 27.6447 21.0071 61.2274 21.5216
100.156 19.2593 93.8104 19.5256 27.6447 21.0071
190.185 16.7431 158.814 18.2231 100.156 19.2593
190.185 16.7431 100.156 19.2593 27.6447 21.0071
172.616 16.505 190.185 16.7431 27.6447 21.0071
76.0326 13.9964 172.616 16.505 190.185 16.7431
190.185 16.7431 76.0326 13.9964 19.6762 11.8698
113.086 16.2743 76.0326 13.9964 19.6762 11.8698
203.447 23.0151 72.8284 22.9212 206.699 22.8416
