96.5284 20.076 96.6176 21.1249 97.4598 21.8672
95.3692 17.4184 96.5284 20.076 97.4598 21.8672
95.2154 17.1338 95.3692 17.4184 96.5284 20.076
93.5592 16.4391 95.2154 17.1338 96.5284 20.076
84.6175 5.51776 93.5592 16.4391 96.5284 20.076
82.2889 2.68256 84.6175 5.51776 96.5284 20.076
80.8783 0.742749 82.2889 2.68256 84.6175 5.51776
75.279 0.350038 72.576 0.681043 80.8783 0.742749
84.6175 5.51776 80.8783 0.742749 80.5686 0.311862
80.8783 0.742749 75.279 0.350038 80.5686 0.311862
43.0999 4.40598 9.82902 8.73481 7.32921 9.17907
48.7601 3.73423 43.0999 4.40598 7.32921 9.17907
51.7875 3.16415 48.7601 3.73423 43.0999 4.40598
55.4336 2.63216 51.7875 3.16415 43.0999 4.40598
57.8333 2.3155 55.4336 2.63216 51.7875 3.16415
60.8089 1.9287 57.8333 2.3155 51.7875 3.16415
68.7589 1.17867 60.8089 1.9287 51.7875 3.16415
72.576 0.681043 68.7589 1.17867 60.8089 1.9287
60.8089 1.9287 72.576 0.681043 75.279 0.350038
21.8211 6.09269 1.93139 7.97351 1.59173 8.17795
37.6379 4.50646 21.8211 6.09269 1.59173 8.17795
51.222 3.03333 37.6379 4.50646 21.8211 6.09269
21.8211 6.09269 51.222 3.03333 57.8333 2.3155
51.222 3.03333 55.4336 2.63216 57.8333 2.3155
4.65817 8.12183 37.6379 4.50646 51.222 3.03333
25.7195 5.99023 51.222 3.03333 55.4336 2.63216
39.7805 5.03363 68.7589 1.17867 72.576 0.681043
72.9849 1.56418 74.8561 5.36736 77.4626 11.7348
77.4626 11.7348 72.9849 1.56418 72.576 0.681043
72.9849 1.56418 80.8783 0.742749 72.576 0.681043
74.8561 5.36736 83.0701 21.715 84.0132 24.0228
83.0701 21.715 74.8561 5.36736 72.9849 1.56418
90.5808 14.4953 95.0511 21.1853 99.3102 26.7946
82.2889 2.68256 90.5808 14.4953 99.3102 26.7946
90.5808 14.4953 82.2889 2.68256 80.8783 0.742749
93.7338 15.9545 93.5592 16.4391 95.2154 17.1338
90.4663 12.4676 93.7338 15.9545 93.5592 16.4391
93.5592 16.4391 90.4663 12.4676 85.3038 6.04926
93.7338 15.9545 90.4663 12.4676 83.8046 3.90784
91.8557 11.8962 93.8516 14.5547 95.2154 17.1338
93.8516 14.5547 91.8557 11.8962 86.2404 3.76798
95.2154 17.1338 95.3692 17.4184 96.2741 18.1779
93.8516 14.5547 95.2154 17.1338 96.2741 18.1779
90.6887 7.71391 93.8516 14.5547 96.2741 18.1779
93.8516 14.5547 90.6887 7.71391 89.6485 6.29534
94.6466 13.1332 94.9415 13.7404 98.1907 18.0124
93.3462 10.8337 94.6466 13.1332 94.9415 13.7404
90.6887 7.71391 93.3196 10.623 93.3462 10.8337
90.6887 7.71391 93.3462 10.8337 94.9415 13.7404
93.3196 10.623 90.6887 7.71391 89.6485 6.29534
97.6366 15.968 94.6466 13.1332 93.3462 10.8337
94.1519 8.82973 95.9156 10.3437 93.3196 10.623
90.4849 5.84737 91.4288 6.64756 94.1519 8.82973
90.3861 4.49724 90.4849 5.84737 94.1519 8.82973
90.3861 4.49724 94.1519 8.82973 95.9156 10.3437
89.4661 1.90273 91.4654 2.33098 90.3861 4.49724
89.4661 1.90273 90.3861 4.49724 90.4849 5.84737
90.8921 1.87805 89.4661 1.90273 91.4654 2.33098
92.4301 1.36646 90.8921 1.87805 91.4654 2.33098
90.8921 1.87805 92.4301 1.36646 93.0545 0.297166
93.0545 0.297166 92.4301 1.36646 93.6986 4.41719
93.6986 4.41719 93.0545 0.297166 93.2317 0.245424
93.3196 10.623 93.3462 10.8337 93.604 10.8534
93.3196 10.623 93.604 10.8534 95.8893 12.2774
95.9156 10.3437 93.3196 10.623 95.8893 12.2774
96.3061 9.12635 95.9156 10.3437 95.8893 12.2774
96.2702 8.77004 96.3061 9.12635 95.9156 10.3437
95.9156 10.3437 96.2702 8.77004 97.4766 1.17835
97.9596 13.7628 94.0728 11.2538 93.3462 10.8337
94.0728 11.2538 93.604 10.8534 93.3462 10.8337
89.4661 1.90273 90.8921 1.87805 89.2515 0.90318
96.4945 10.6213 96.945 10.797 99.713 12.4094
96.3061 9.12635 96.4945 10.6213 96.945 10.797
96.2702 8.77004 96.3061 9.12635 96.945 10.797
98.2322 4.9707 96.2702 8.77004 96.945 10.797
96.2702 8.77004 98.2322 4.9707 99.5096 2.41121
98.2322 4.9707 99.7865 5.78607 99.6693 7.8611
99.7865 5.78607 98.2322 4.9707 99.5096 2.41121
97.4598 21.8672 96.6176 21.1249 95.8041 20.6286
95.522 22.0685 96.6705 25.1721 98.158 26.5625
95.0511 21.1853 95.522 22.0685 98.158 26.5625
90.5808 14.4953 95.0511 21.1853 95.522 22.0685
89.9834 13.9025 90.5808 14.4953 95.522 22.0685
95.522 22.0685 89.9834 13.9025 89.0002 13.5333
98.158 26.5625 96.6705 25.1721 86.6821 16.1865
96.6705 25.1721 93.936 22.3829 86.6821 16.1865
91.6685 19.8325 93.936 22.3829 96.6705 25.1721
91.0698 19.5617 91.6685 19.8325 93.936 22.3829
83.9145 11.8219 91.0698 19.5617 91.6685 19.8325
81.2614 9.37387 83.9145 11.8219 91.0698 19.5617
83.9145 11.8219 81.2614 9.37387 79.1256 7.12125
88.9413 21.458 94.0294 28.1154 93.9946 28.3915
87.0624 18.7845 88.9413 21.458 94.0294 28.1154
85.1114 15.278 85.3153 18.4159 87.0624 18.7845
85.1114 15.278 87.0624 18.7845 94.0294 28.1154
81.2614 9.37387 85.1114 15.278 94.0294 28.1154
79.1256 7.12125 81.2614 9.37387 85.1114 15.278
85.1114 15.278 79.1256 7.12125 76.388 3.53731
79.1256 7.12125 78.3583 4.40196 76.388 3.53731
80.3876 5.50276 80.8455 6.05 86.2019 11.9781
78.3583 4.40196 80.3876 5.50276 80.8455 6.05
80.3876 5.50276 78.3583 4.40196 77.8783 3.28349
78.3583 4.40196 76.388 3.53731 77.8783 3.28349
91.2679 28.6156 92.8289 29.1091 83.2649 29.9101
89.5352 27.2208 91.2679 28.6156 92.8289 29.1091
89.2247 26.0032 89.5352 27.2208 92.8289 29.1091
90.8241 25.2404 89.2247 26.0032 92.8289 29.1091
90.7631 24.2414 90.8241 25.2404 92.8289 29.1091
88.9413 21.458 90.7631 24.2414 90.8241 25.2404
90.8241 25.2404 88.9413 21.458 87.0624 18.7845
94.4948 27.6506 94.0294 28.1154 93.9946 28.3915
93.8427 26.3829 94.4948 27.6506 94.0294 28.1154
92.9387 22.9656 93.8427 26.3829 94.4948 27.6506
93.8427 26.3829 92.9387 22.9656 91.8173 22.0605
87.0624 18.7845 86.0942 19.1344 86.3097 22.4118
85.3153 18.4159 87.0624 18.7845 86.0942 19.1344
83.9549 17.3884 85.3153 18.4159 86.0942 19.1344
86.0942 19.1344 83.9549 17.3884 81.281 15.8737
83.9549 17.3884 83.7726 16.6196 80.6634 14.4497
83.7726 16.6196 83.9549 17.3884 85.3153 18.4159
85.3153 18.4159 83.7726 16.6196 78.7106 10.6432
83.7726 16.6196 79.072 11.7743 78.7106 10.6432
90.5808 14.4953 89.9834 13.9025 79.7593 1.44116
83.0701 21.715 84.0132 24.0228 86.7 29.1239
81.8465 18.3631 83.0701 21.715 86.7 29.1239
83.0701 21.715 81.8465 18.3631 81.0938 17.676
81.8465 18.3631 84.4809 22.8179 88.0218 28.2581
88.0218 28.2581 81.8465 18.3631 80.3889 15.9167
81.8465 18.3631 81.0938 17.676 80.3889 15.9167
86.7 29.1239 84.0132 24.0228 73.676 4.70229
19.122 16.8008 23.078 18.4991 33.9073 24.024
5.23639 9.97767 19.122 16.8008 23.078 18.4991
1.59173 8.17795 0.319082 8.73969 5.23639 9.97767
1.59173 8.17795 5.23639 9.97767 23.078 18.4991
1.93139 7.97351 1.59173 8.17795 0.319082 8.73969
7.5173 4.59334 1.93139 7.97351 0.319082 8.73969
6.43624 4.52691 7.5173 4.59334 0.319082 8.73969
7.16502 3.23156 6.43624 4.52691 0.319082 8.73969
6.43624 4.52691 7.16502 3.23156 10.8174 1.41862
4.95894 4.04345 1.14365 4.69672 1.99069 6.08289
7.16502 3.23156 4.95894 4.04345 1.99069 6.08289
4.95894 4.04345 7.16502 3.23156 10.8174 1.41862
8.45816 12.75 17.1487 21.9692 24.688 29.8728
6.99704 11.2014 2.91406 12.0936 8.45816 12.75
6.99704 11.2014 8.45816 12.75 24.688 29.8728
5.23639 9.97767 6.99704 11.2014 2.91406 12.0936
2.91406 12.0936 5.23639 9.97767 0.319082 8.73969
8.70035 20.722 10.2884 26.7946 11.3624 29.1151
7.94545 18.675 8.70035 20.722 10.2884 26.7946
6.6848 14.9422 9.23038 17.8269 7.94545 18.675
6.6848 14.9422 7.94545 18.675 10.2884 26.7946
5.95481 13.3082 6.6848 14.9422 10.2884 26.7946
6.40726 13.1568 5.95481 13.3082 6.6848 14.9422
8.45816 12.75 6.40726 13.1568 6.6848 14.9422
6.40726 13.1568 8.45816 12.75 2.91406 12.0936
0.0285573 14.0756 5.95481 13.3082 6.40726 13.1568
12.6059 29.6145 8.70035 20.722 7.94545 18.675
11.059 23.3087 10.3967 19.8736 7.94545 18.675
13.3913 24.6045 14.8319 24.9968 15.6879 29.5021
13.087 24.0675 13.3913 24.6045 15.6879 29.5021
12.5959 23.4574 13.087 24.0675 15.6879 29.5021
10.3967 19.8736 12.5959 23.4574 13.087 24.0675
13.087 24.0675 10.3967 19.8736 9.23038 17.8269
10.3967 19.8736 7.94545 18.675 9.23038 17.8269
24.0664 22.0674 26.6375 24.0378 33.4131 27.5831
8.42365 12.0647 24.0664 22.0674 33.4131 27.5831
24.0664 22.0674 8.42365 12.0647 6.99704 11.2014
30.1638 25.0772 33.4016 26.5614 34.36 27.4002
27.5932 22.9456 30.1638 25.0772 33.4016 26.5614
25.4904 21.7462 27.5932 22.9456 30.1638 25.0772
23.0182 20.7827 25.4904 21.7462 30.1638 25.0772
8.42365 12.0647 23.0182 20.7827 30.1638 25.0772
6.99704 11.2014 8.42365 12.0647 23.0182 20.7827
23.0182 20.7827 6.99704 11.2014 5.23639 9.97767
42.3651 28.4922 19.122 16.8008 5.23639 9.97767
22.6404 18.0685 23.078 18.4991 33.9073 24.024
23.078 18.4991 22.6404 18.0685 12.8584 13.1963
22.6404 18.0685 25.1799 19.3226 30.1422 21.9457
12.8584 13.1963 22.6404 18.0685 25.1799 19.3226
25.1799 19.3226 12.8584 13.1963 7.72935 10.4894
32.1061 22.7254 35.9335 24.0935 48.806 29.3958
30.1422 21.9457 32.1061 22.7254 48.806 29.3958
25.1799 19.3226 30.1422 21.9457 32.1061 22.7254
18.8723 16.0042 25.1799 19.3226 32.1061 22.7254
18.9412 15.9233 18.8723 16.0042 32.1061 22.7254
18.7427 15.4048 18.9412 15.9233 18.8723 16.0042
17.2455 14.0693 18.7427 15.4048 18.8723 16.0042
15.9616 12.6303 16.8842 12.8085 17.2455 14.0693
15.9616 12.6303 17.2455 14.0693 18.8723 16.0042
16.8842 12.8085 15.9616 12.6303 12.1657 10.9976
15.9616 12.6303 14.1153 12.4277 12.1657 10.9976
52.4077 29.8053 35.9335 24.0935 32.1061 22.7254
19.7479 10.4429 16.8842 12.8085 17.2455 14.0693
19.8568 10.1295 19.7479 10.4429 16.8842 12.8085
22.1827 8.08197 19.8568 10.1295 19.7479 10.4429
25.0833 7.94545 22.1827 8.08197 19.7479 10.4429
33.5204 7.51534 33.4423 7.58096 25.0833 7.94545
33.5204 7.51534 25.0833 7.94545 22.1827 8.08197
47.0174 6.17299 33.5204 7.51534 22.1827 8.08197
55.7195 6.02954 47.0174 6.17299 33.5204 7.51534
47.0174 6.17299 55.7195 6.02954 57.0825 5.76363
26.039 14.0821 32.3773 15.729 38.1859 19.5087
23.8569 13.1772 26.039 14.0821 38.1859 19.5087
22.4641 12.4162 23.8569 13.1772 26.039 14.0821
27.478 12.0137 22.4641 12.4162 26.039 14.0821
28.1901 11.9718 27.478 12.0137 26.039 14.0821
33.4423 7.58096 28.1901 11.9718 26.039 14.0821
26.039 14.0821 33.4423 7.58096 33.5204 7.51534
22.0226 14.1409 23.8569 13.1772 22.4641 12.4162
55.7195 6.02954 53.761 6.70036 45.9464 7.89611
57.0825 5.76363 55.7195 6.02954 53.761 6.70036
53.761 6.70036 57.0825 5.76363 72.0431 2.42381
57.0825 5.76363 58.0863 5.30932 72.0431 2.42381
56.6533 5.18838 58.0863 5.30932 57.0825 5.76363
48.9911 4.96097 56.6533 5.18838 57.0825 5.76363
56.6533 5.18838 48.9911 4.96097 45.1859 4.78491
47.9753 5.10715 34.479 6.0073 33.1472 6.56587
47.9753 5.10715 33.1472 6.56587 15.0191 8.63598
48.9911 4.96097 47.9753 5.10715 34.479 6.0073
34.479 6.0073 48.9911 4.96097 45.1859 4.78491
37.9505 6.7486 47.9753 5.10715 48.9911 4.96097
56.6533 5.18838 56.8773 4.88852 53.1433 4.25936
56.8773 4.88852 56.6533 5.18838 58.0863 5.30932
65.1324 2.57199 56.8773 4.88852 58.0863 5.30932
58.0863 5.30932 65.1324 2.57199 68.9829 1.90303
53.761 6.70036 45.9464 7.89611 44.9744 8.27697
44.9744 8.27697 53.761 6.70036 70.7076 3.88037
34.5791 11.2883 32.7603 11.4742 30.2777 13.3429
39.9216 9.32021 34.5791 11.2883 30.2777 13.3429
44.9744 8.27697 46.8245 8.49908 39.9216 9.32021
45.9464 7.89611 44.9744 8.27697 39.9216 9.32021
44.1798 7.69465 45.9464 7.89611 39.9216 9.32021
44.1798 7.69465 39.9216 9.32021 34.5791 11.2883
48.5694 7.05607 44.1798 7.69465 45.9464 7.89611
44.1798 7.69465 48.5694 7.05607 48.6537 6.96767
51.7643 7.69714 47.5719 8.41519 46.8245 8.49908
70.3116 4.95395 51.7643 7.69714 47.5719 8.41519
51.7643 7.69714 70.3116 4.95395 71.7195 4.68575
70.3116 4.95395 55.3674 8.05908 51.7783 8.76498
55.3674 8.05908 70.3116 4.95395 71.7195 4.68575
40.9184 9.34808 63.6755 9.45512 47.0821 9.55502
40.9184 9.34808 47.0821 9.55502 63.3752 10.1623
39.9216 9.32021 40.9184 9.34808 63.3752 10.1623
46.8245 8.49908 39.9216 9.32021 40.9184 9.34808
47.5719 8.41519 46.8245 8.49908 40.9184 9.34808
40.9184 9.34808 47.5719 8.41519 48.9367 8.2892
53.4469 12.6854 41.1337 12.8942 39.0535 13.2767
46.1319 12.5805 53.4469 12.6854 41.1337 12.8942
67.6494 9.95943 46.1319 12.5805 41.1337 12.8942
69.116 9.8056 67.6494 9.95943 46.1319 12.5805
67.6494 9.95943 69.116 9.8056 47.0821 9.55502
69.116 9.8056 76.1294 9.89145 67.2266 11.2776
76.1294 9.89145 69.116 9.8056 63.6755 9.45512
69.116 9.8056 47.0821 9.55502 63.6755 9.45512
58.1828 8.0343 55.3674 8.05908 51.7783 8.76498
74.2154 7.80062 58.1828 8.0343 55.3674 8.05908
60.5358 7.74636 74.2154 7.80062 55.3674 8.05908
65.3679 7.36993 64.3501 7.58241 60.5358 7.74636
65.3679 7.36993 60.5358 7.74636 55.3674 8.05908
64.3501 7.58241 65.3679 7.36993 72.7663 6.57789
65.3679 7.36993 66.855 7.02408 72.7663 6.57789
62.7745 7.28743 66.855 7.02408 72.7663 6.57789
67.2991 13.9959 67.1963 14.2075 73.5159 14.7713
63.4516 13.2833 67.2991 13.9959 67.1963 14.2075
62.2398 13.224 63.4516 13.2833 67.1963 14.2075
54.612 12.8603 62.2398 13.224 67.1963 14.2075
54.4782 12.8475 54.612 12.8603 67.1963 14.2075
53.4469 12.6854 54.4782 12.8475 54.612 12.8603
58.1059 12.1552 46.1319 12.5805 53.4469 12.6854
58.1059 12.1552 53.4469 12.6854 54.612 12.8603
46.1319 12.5805 58.1059 12.1552 76.5187 11.2449
65.6646 19.5904 67.3268 20.0713 68.7305 21.3283
63.8107 18.5172 65.6646 19.5904 67.3268 20.0713
60.5005 15.0964 63.8107 18.5172 67.3268 20.0713
59.8737 14.6975 60.5005 15.0964 63.8107 18.5172
62.3634 14.4215 59.8737 14.6975 60.5005 15.0964
54.4782 12.8475 62.3634 14.4215 59.8737 14.6975
59.8737 14.6975 54.4782 12.8475 53.4469 12.6854
63.9483 20.1453 64.1095 23.2849 64.444 25.293
64.1095 23.2849 63.9483 20.1453 63.8107 18.5172
63.9483 20.1453 65.6646 19.5904 63.8107 18.5172
65.152 23.9508 65.4555 23.9995 69.0543 24.6986
65.099 22.1338 65.152 23.9508 65.4555 23.9995
65.4801 21.5757 65.099 22.1338 65.4555 23.9995
64.4273 20.6698 65.4801 21.5757 65.099 22.1338
63.9483 20.1453 64.4273 20.6698 65.099 22.1338
64.4273 20.6698 63.9483 20.1453 65.6646 19.5904
72.0485 19.2004 72.6441 22.8004 73.0672 25.6614
71.9127 16.1286 72.0485 19.2004 72.6441 22.8004
72.1461 15.7444 71.9127 16.1286 72.6441 22.8004
62.3634 14.4215 72.1461 15.7444 71.9127 16.1286
72.1461 15.7444 62.3634 14.4215 54.4782 12.8475
67.2991 13.9959 71.0598 14.0635 77.7952 14.8699
71.0598 14.0635 67.2991 13.9959 63.4516 13.2833
68.7305 13.2005 62.2398 13.224 63.4516 13.2833
62.2398 13.224 68.7305 13.2005 72.2723 12.9704
73.5159 14.7713 67.1963 14.2075 65.9494 14.1759
73.0672 25.6614 72.6441 22.8004 73.7683 18.4752
68.5241 19.3511 67.3268 20.0713 68.7305 21.3283
65.0438 17.9359 68.5241 19.3511 67.3268 20.0713
64.5026 16.8997 65.4905 17.4307 65.0438 17.9359
62.6792 16.0621 64.5026 16.8997 65.0438 17.9359
62.6792 16.0621 65.0438 17.9359 67.3268 20.0713
67.3268 20.0713 62.6792 16.0621 62.2435 16.0106
65.4905 17.4307 64.5026 16.8997 65.1892 16.1787
65.0438 17.9359 65.4905 17.4307 67.0303 16.833
63.8788 25.7043 79.0993 26.0884 80.8457 26.2093
65.2517 25.6208 63.8788 25.7043 79.0993 26.0884
64.444 25.293 65.2517 25.6208 63.8788 25.7043
64.1095 23.2849 64.444 25.293 63.8788 25.7043
62.2815 21.2973 64.1095 23.2849 63.8788 25.7043
64.1095 23.2849 62.2815 21.2973 62.9554 21.1088
62.2815 21.2973 58.4954 21.2018 62.9554 21.1088
64.7243 28.927 56.2156 29.3663 55.9877 29.5921
68.8764 28.6091 64.7243 28.927 56.2156 29.3663
81.474 28.5446 68.8764 28.6091 64.7243 28.927
79.0425 28.5416 81.474 28.5446 68.8764 28.6091
79.3458 28.5163 79.0425 28.5416 81.474 28.5446
78.4422 28.1745 79.3458 28.5163 79.0425 28.5416
80.8457 26.2093 78.4422 28.1745 79.3458 28.5163
82.6627 24.6656 79.0993 26.0884 80.8457 26.2093
82.6627 24.6656 80.8457 26.2093 79.3458 28.5163
81.644 24.4436 82.6627 24.6656 79.0993 26.0884
81.5727 22.9035 81.644 24.4436 82.6627 24.6656
81.4183 22.3713 81.5727 22.9035 81.644 24.4436
78.4346 18.4574 81.4183 22.3713 81.644 24.4436
77.7761 17.0417 76.0426 17.6978 78.4346 18.4574
77.7761 17.0417 78.4346 18.4574 81.4183 22.3713
76.0426 17.6978 77.7761 17.0417 78.0628 16.1944
78.4346 18.4574 77.1209 18.7595 76.4665 21.6667
77.1209 18.7595 78.4346 18.4574 76.0426 17.6978
55.9877 29.5921 53.5801 29.6019 66.3001 29.9007
56.2156 29.3663 55.9877 29.5921 53.5801 29.6019
53.2153 29.2473 56.2156 29.3663 53.5801 29.6019
48.7782 27.1482 53.2153 29.2473 53.5801 29.6019
46.9105 26.7984 48.7782 27.1482 53.5801 29.6019
53.5801 29.6019 46.9105 26.7984 40.2123 24.2317
46.6222 25.9003 48.7782 27.1482 53.2153 29.2473
43.6196 24.6647 50.5471 25.1946 46.6222 25.9003
43.6196 24.6647 46.6222 25.9003 48.7782 27.1482
42.4288 24.2761 43.6196 24.6647 48.7782 27.1482
36.8888 22.1701 42.4288 24.2761 43.6196 24.6647
30.224 20.7917 36.8888 22.1701 42.4288 24.2761
42.4288 24.2761 30.224 20.7917 29.4706 20.7232
51.6527 26.6112 46.6222 25.9003 50.5471 25.1946
54.5848 29.0849 53.2153 29.2473 56.2156 29.3663
53.2153 29.2473 54.5848 29.0849 56.8424 28.1577
55.1808 22.8545 61.0741 23.1048 57.5509 23.1734
62.2815 21.2973 55.1808 22.8545 61.0741 23.1048
58.4954 21.2018 62.2815 21.2973 55.1808 22.8545
58.2824 20.8118 58.4954 21.2018 55.1808 22.8545
57.0989 20.5298 58.2824 20.8118 55.1808 22.8545
55.8357 20.1299 52.568 20.1665 57.0989 20.5298
55.8357 20.1299 57.0989 20.5298 58.2824 20.8118
53.4068 19.1871 55.8357 20.1299 58.2824 20.8118
47.6285 17.1772 53.4068 19.1871 58.2824 20.8118
45.5871 16.8038 47.6285 17.1772 53.4068 19.1871
43.9218 16.1059 45.5871 16.8038 47.6285 17.1772
46.6771 15.6717 43.9218 16.1059 47.6285 17.1772
47.6285 17.1772 46.6771 15.6717 46.1886 13.8541
45.8787 19.2644 48.3153 20.9652 50.0746 21.0404
47.6654 18.7822 45.8787 19.2644 50.0746 21.0404
45.5871 16.8038 47.6654 18.7822 45.8787 19.2644
45.8787 19.2644 45.5871 16.8038 43.9218 16.1059
54.6164 21.6099 47.6654 18.7822 45.5871 16.8038
48.3153 20.9652 45.8787 19.2644 45.099 19.0868
60.5006 20.6906 58.2824 20.8118 58.4954 21.2018
58.136 20.5921 60.5006 20.6906 58.2824 20.8118
52.4638 17.2056 58.136 20.5921 58.2824 20.8118
54.6985 16.0636 52.4638 17.2056 58.136 20.5921
52.4638 17.2056 54.6985 16.0636 50.3241 13.8974
59.7624 20.1903 58.136 20.5921 60.5006 20.6906
60.5006 20.6906 59.7624 20.1903 59.9164 18.8897
39.0535 13.2767 36.8005 15.5563 38.9227 16.7203
39.2034 12.2537 41.1337 12.8942 39.0535 13.2767
39.2034 12.2537 39.0535 13.2767 36.8005 15.5563
36.8005 15.5563 39.2034 12.2537 37.9664 10.8789
38.6952 17.7171 38.9227 16.7203 40.6623 15.6574
38.9227 16.7203 38.6952 17.7171 36.7208 17.8253
36.8005 15.5563 38.9227 16.7203 36.7208 17.8253
36.7208 17.8253 36.8005 15.5563 34.6073 12.8157
53.9176 10.6864 39.2034 12.2537 41.1337 12.8942
54.1982 10.6361 53.9176 10.6864 39.2034 12.2537
53.9176 10.6864 54.1982 10.6361 57.1374 10.5211
32.7603 11.4742 31.0516 12.0581 29.4544 12.3731
29.4544 12.3731 32.7603 11.4742 34.0995 11.061
32.7603 11.4742 34.5791 11.2883 34.0995 11.061
27.478 12.0137 28.1901 11.9718 26.4461 9.1088
27.019 17.9169 38.1269 20.6626 66.2426 27.6782
20.4916 16.2815 25.929 17.5654 27.019 17.9169
18.9412 15.9233 20.4916 16.2815 27.019 17.9169
18.9412 15.9233 27.019 17.9169 66.2426 27.6782
18.7427 15.4048 18.9412 15.9233 20.4916 16.2815
19.4723 13.6264 18.7427 15.4048 20.4916 16.2815
18.7427 15.4048 19.4723 13.6264 18.6819 12.4237
22.194 16.3544 19.4723 13.6264 18.6819 12.4237
68.4026 28.1291 38.1269 20.6626 27.019 17.9169
44.8828 22.2598 27.019 17.9169 25.929 17.5654
25.929 17.5654 39.2525 20.594 58.8163 25.0631
39.2525 20.594 25.929 17.5654 20.4916 16.2815
27.5932 22.9456 25.4904 21.7462 25.6315 21.0872
29.9413 23.1691 33.4016 26.5614 34.36 27.4002
26.3525 20.6383 29.9413 23.1691 33.4016 26.5614
33.4016 26.5614 26.3525 20.6383 26.2185 20.5637
42.1319 28.6207 26.3525 20.6383 26.2185 20.5637
35.0094 25.9967 29.9413 23.1691 26.3525 20.6383
19.6331 20.564 20.8637 20.9602 26.6375 24.0378
19.6331 20.564 26.6375 24.0378 33.4131 27.5831
20.8637 20.9602 19.6331 20.564 13.9429 17.4217
26.0323 27.3743 27.7301 28.5691 26.9331 29.1714
21.0966 24.4276 26.0323 27.3743 26.9331 29.1714
19.7997 22.9655 21.27 23.3277 21.0966 24.4276
18.8185 22.6334 19.7997 22.9655 21.0966 24.4276
18.8185 22.6334 21.0966 24.4276 26.9331 29.1714
19.3268 20.7025 18.8185 22.6334 19.7997 22.9655
19.6331 20.564 19.3268 20.7025 19.7997 22.9655
19.3268 20.7025 19.6331 20.564 13.9429 17.4217
21.0966 24.4276 28.0468 26.3068 28.676 26.6244
28.0468 26.3068 21.0966 24.4276 21.27 23.3277
21.27 23.3277 19.7997 22.9655 21.4556 22.426
34.4351 29.6916 28.676 26.6244 26.4239 24.9964
28.676 26.6244 28.0468 26.3068 26.4239 24.9964
28.8006 28.4082 27.7301 28.5691 26.9331 29.1714
27.7301 28.5691 28.8006 28.4082 27.572 27.7547
26.6375 24.0378 20.8637 20.9602 14.5015 17.494
24.688 29.8728 17.1487 21.9692 8.26586 13.7446
13.3913 24.6045 13.087 24.0675 11.1146 20.4441
14.8319 24.9968 13.3913 24.6045 11.0932 18.591
14.4621 21.5215 14.8319 24.9968 15.6879 29.5021
14.8319 24.9968 14.4621 21.5215 13.4184 20.1676
22.021 28.8726 22.1954 29.3623 22.626 29.8883
16.3791 22.623 22.021 28.8726 22.1954 29.3623
14.4621 21.5215 16.3791 22.623 22.1954 29.3623
16.3791 22.623 14.4621 21.5215 13.4184 20.1676
17.5159 27.3136 22.1954 29.3623 22.626 29.8883
22.1954 29.3623 17.5159 27.3136 16.2973 25.8738
7.94406 24.4509 10.2884 26.7946 11.3624 29.1151
10.2884 26.7946 7.94406 24.4509 5.22799 20.3382
7.94406 24.4509 1.40019 22.7176 5.22799 20.3382
1.80976 23.8138 1.89221 25.3922 3.36208 28.9585
1.40019 22.7176 1.80976 23.8138 1.89221 25.3922
0.342539 18.8889 5.22799 20.3382 1.40019 22.7176
0.342539 18.8889 1.40019 22.7176 1.89221 25.3922
5.22799 20.3382 0.342539 18.8889 2.4464 18.6754
1.80976 23.8138 4.95671 27.8461 4.08914 28.3582
4.95671 27.8461 1.80976 23.8138 1.40019 22.7176
1.87937 2.74799 4.95894 4.04345 1.14365 4.69672
2.24498 0.831 1.87937 2.74799 1.14365 4.69672
1.14365 4.69672 2.24498 0.831 1.67487 0.0447868
2.24498 0.831 14.3779 1.33944 17.7934 1.52728
14.3779 1.33944 2.24498 0.831 1.67487 0.0447868
21.5708 2.35889 23.1559 2.73407 19.9794 3.07948
19.3092 1.75206 21.5708 2.35889 23.1559 2.73407
16.7986 1.00659 14.3779 1.33944 17.7934 1.52728
16.7986 1.00659 17.7934 1.52728 19.3092 1.75206
16.7986 1.00659 19.3092 1.75206 23.1559 2.73407
18.3064 0.888675 16.7986 1.00659 23.1559 2.73407
16.7986 1.00659 18.3064 0.888675 21.9626 0.532387
19.3092 1.75206 18.0458 1.88466 14.4641 3.44738
18.0458 1.88466 19.3092 1.75206 17.7934 1.52728
25.2493 0.92404 18.3064 0.888675 21.9626 0.532387
11.6444 1.84659 6.43624 4.52691 7.5173 4.59334
11.6444 1.84659 7.5173 4.59334 5.88749 6.51376
6.43624 4.52691 11.6444 1.84659 11.7432 1.59021
11.6444 1.84659 11.2353 5.29033 11.8709 5.57278
11.8709 5.57278 11.6444 1.84659 11.7432 1.59021
8.28174 5.00648 11.2353 5.29033 11.8709 5.57278
11.2353 5.29033 8.28174 5.00648 9.69659 4.29738
22.5808 5.84123 21.8211 6.09269 1.93139 7.97351
26.4425 4.57646 22.5808 5.84123 21.8211 6.09269
31.2285 3.71765 26.4425 4.57646 21.8211 6.09269
33.965 2.8476 31.2285 3.71765 26.4425 4.57646
35.0671 2.62521 33.965 2.8476 31.2285 3.71765
35.7554 2.51152 35.0671 2.62521 31.2285 3.71765
31.2285 3.71765 35.7554 2.51152 49.0006 0.379595
32.0551 2.36105 26.4425 4.57646 22.5808 5.84123
26.4425 4.57646 32.0551 2.36105 35.7429 1.41853
13.8312 5.36288 8.2737 6.32943 8.98889 6.58705
21.6744 4.52738 13.8312 5.36288 8.98889 6.58705
26.0733 4.00159 21.6744 4.52738 8.98889 6.58705
32.0551 2.36105 26.0733 4.00159 21.6744 4.52738
21.6744 4.52738 32.0551 2.36105 35.7429 1.41853
8.2737 6.32943 13.8312 5.36288 27.5798 2.42706
33.965 2.8476 35.0671 2.62521 39.6964 1.38081
46.1278 0.50047 35.7554 2.51152 35.0671 2.62521
35.0671 2.62521 46.1278 0.50047 47.1638 0.188
63.108 1.35596 60.8089 1.9287 57.8333 2.3155
60.8089 1.9287 63.108 1.35596 71.5467 0.206503
63.108 1.35596 51.0483 2.46101 41.9603 3.78056
51.0483 2.46101 63.108 1.35596 71.5467 0.206503
51.0483 2.46101 41.9603 3.78056 36.5206 4.18241
51.5373 2.19004 51.0483 2.46101 36.5206 4.18241
50.0502 1.83899 49.1321 2.12421 51.5373 2.19004
52.8076 1.52871 50.0502 1.83899 51.5373 2.19004
52.8076 1.52871 51.5373 2.19004 51.0483 2.46101
51.0483 2.46101 52.8076 1.52871 55.1816 0.279741
38.8772 3.11715 51.5373 2.19004 49.1321 2.12421
49.1321 2.12421 50.0502 1.83899 48.9598 1.43029
