6.63169 -12.9638 4.45928 -10.54 2.38258 -6.43976
12.7874 -22.6681 6.63169 -12.9638 4.45928 -10.54
4.45928 -10.54 12.7874 -22.6681 22.4012 -37.5541
2.85675 -6.18064 -7.51736 11.8974 -10.4264 16.5145
-7.51736 11.8974 2.85675 -6.18064 12.7874 -22.6681
2.85675 -6.18064 6.63169 -12.9638 12.7874 -22.6681
-15.3601 23.4585 -21.3634 34.6446 -20.2337 34.8334
-11.4251 17.1364 -15.3601 23.4585 -20.2337 34.8334
2.85675 -6.18064 -11.4251 17.1364 -15.3601 23.4585
-15.3601 23.4585 2.85675 -6.18064 6.63169 -12.9638
8.13048 -11.6648 -7.51736 11.8974 -10.4264 16.5145
-7.51736 11.8974 8.13048 -11.6648 15.6319 -24.3671
8.13048 -11.6648 11.0507 -15.7715 15.6319 -24.3671
7.75969 -9.85677 -3.54443 12.6332 -10.7094 25.5082
11.0507 -15.7715 7.75969 -9.85677 -3.54443 12.6332
-3.54443 12.6332 11.0507 -15.7715 15.6319 -24.3671
8.13048 -11.6648 -0.321436 2.57218 -9.66634 18.5036
-9.66634 18.5036 8.13048 -11.6648 11.0507 -15.7715
7.75969 -9.85677 -9.78872 21.1919 -11.1585 24.4471
-9.78872 21.1919 7.75969 -9.85677 11.0507 -15.7715
-10.7094 25.5082 -3.54443 12.6332 -1.16861 9.15773
-10.7066 28.1451 -6.92466 30.9476 -2.72466 36.4782
-13.179 26.3855 -10.7066 28.1451 -2.72466 36.4782
-11.1585 24.4471 -13.179 26.3855 -10.7066 28.1451
-9.78872 21.1919 -11.1585 24.4471 -13.179 26.3855
-13.179 26.3855 -9.78872 21.1919 -4.30898 10.6037
-6.92466 30.9476 2.02575 35.3758 3.00522 37.0135
2.02575 35.3758 -6.92466 30.9476 -10.7066 28.1451
1.39621 31.3308 2.02575 35.3758 3.00522 37.0135
2.02575 35.3758 1.39621 31.3308 -1.57111 30.8488
1.39621 31.3308 5.77112 34.4956 6.49838 37.0267
-3.26901 26.3767 -1.57111 30.8488 1.39621 31.3308
-3.26901 26.3767 1.39621 31.3308 5.77112 34.4956
-4.33592 23.5122 -7.66349 25.1836 -3.26901 26.3767
-4.33592 23.5122 -3.26901 26.3767 5.77112 34.4956
-2.7214 20.9602 -4.33592 23.5122 -7.66349 25.1836
-7.66349 25.1836 -2.7214 20.9602 -5.2448 17.7042
-4.27736 30.6275 -3.26901 26.3767 -7.66349 25.1836
8.18971 4.10071 -2.7214 20.9602 -4.33592 23.5122
-2.7214 20.9602 8.18971 4.10071 19.4535 -13.9389
6.67135 5.1562 3.74589 6.5814 2.92515 11.6747
11.5198 -2.00991 6.67135 5.1562 2.92515 11.6747
19.4535 -13.9389 11.5198 -2.00991 6.67135 5.1562
6.67135 5.1562 19.4535 -13.9389 25.1757 -22.6585
0.574418 17.4763 -0.346614 18.5602 -1.02803 18.8403
4.95215 11.1933 0.574418 17.4763 -1.02803 18.8403
6.86368 6.25741 4.95215 11.1933 -1.02803 18.8403
8.18971 4.10071 6.86368 6.25741 -1.02803 18.8403
19.4535 -13.9389 8.18971 4.10071 6.86368 6.25741
25.1757 -22.6585 19.4535 -13.9389 6.86368 6.25741
25.69 -23.4166 24.7016 -22.7912 25.1757 -22.6585
25.69 -23.4166 25.1757 -22.6585 6.86368 6.25741
29.7001 -24.9877 29.8549 -23.6956 25.69 -23.4166
28.1679 -25.0678 29.7001 -24.9877 25.69 -23.4166
28.1679 -25.0678 25.69 -23.4166 24.7016 -22.7912
32.7961 -29.0614 28.1679 -25.0678 24.7016 -22.7912
28.1679 -25.0678 32.7961 -29.0614 37.2645 -32.0849
2.92515 11.6747 3.74589 6.5814 3.60494 3.80565
7.06037 -4.79064 9.86026 -4.63072 5.72817 -4.03012
21.2974 -19.337 7.06037 -4.79064 5.72817 -4.03012
23.3152 -21.1333 21.2974 -19.337 7.06037 -4.79064
25.1757 -22.6585 23.3152 -21.1333 7.06037 -4.79064
24.7016 -22.7912 25.1757 -22.6585 23.3152 -21.1333
26.9799 -29.6102 24.7016 -22.7912 23.3152 -21.1333
27.3436 -30.6601 26.9799 -29.6102 23.3152 -21.1333
27.3938 -34.819 27.3436 -30.6601 23.3152 -21.1333
27.3436 -30.6601 27.3938 -34.819 28.9471 -38.6497
27.3938 -34.819 24.8003 -32.7519 25.1606 -30.7455
27.3938 -34.819 25.1606 -30.7455 25.0037 -29.9697
24.8003 -32.7519 27.3938 -34.819 28.9471 -38.6497
25.1606 -30.7455 22.222 -28.9113 23.9303 -28.2598
22.222 -28.9113 25.1606 -30.7455 24.8003 -32.7519
12.2662 -12.2388 21.2974 -19.337 23.3152 -21.1333
24.7016 -22.7912 26.9799 -29.6102 30.9782 -33.9387
35.9677 -28.9411 28.1679 -25.0678 29.7001 -24.9877
28.1679 -25.0678 35.9677 -28.9411 37.0495 -30.6726
25.69 -23.4166 29.8549 -23.6956 41.5416 -24.138
0.574418 17.4763 4.95215 11.1933 14.7794 -2.84244
-0.346614 18.5602 0.574418 17.4763 19.9107 -4.87374
0.574418 17.4763 18.3729 -3.73244 19.9107 -4.87374
11.5654 2.7659 18.3729 -3.73244 22.1724 -8.19762
18.3729 -3.73244 19.9107 -4.87374 22.1724 -8.19762
28.5977 -14.1523 22.1724 -8.19762 19.9107 -4.87374
28.5977 -14.1523 19.9107 -4.87374 12.0755 4.77772
31.5912 -18.8249 28.5977 -14.1523 22.1724 -8.19762
28.5977 -14.1523 31.5912 -18.8249 33.9494 -19.2189
26.1209 -14.4176 19.9829 -11.0109 16.6177 -7.31093
30.3496 -18.4894 26.1209 -14.4176 19.9829 -11.0109
31.5912 -18.8249 30.3496 -18.4894 26.1209 -14.4176
32.8366 -19.8662 33.9494 -19.2189 31.5912 -18.8249
32.8366 -19.8662 31.5912 -18.8249 30.3496 -18.4894
29.3651 -21.2613 32.8366 -19.8662 30.3496 -18.4894
32.8366 -19.8662 29.3651 -21.2613 26.4413 -22.5145
29.3651 -21.2613 26.6201 -21.4521 26.4413 -22.5145
22.6893 -13.4203 26.6201 -21.4521 26.4413 -22.5145
36.7477 -17.602 38.1067 -17.0224 36.5699 -16.1024
33.9494 -19.2189 36.7477 -17.602 38.1067 -17.0224
32.8366 -19.8662 33.9494 -19.2189 38.1067 -17.0224
38.1067 -17.0224 32.8366 -19.8662 35.4946 -21.3111
30.6384 -10.9072 45.901 -10.8714 30.9153 -10.5988
30.6384 -10.9072 30.9153 -10.5988 27.5918 -9.08881
36.7477 -17.602 30.6384 -10.9072 27.5918 -9.08881
27.5918 -9.08881 36.7477 -17.602 33.9494 -19.2189
34.213 -9.25958 33.9768 -10.1465 30.9153 -10.5988
42.715 -9.28259 39.3402 -8.972 33.4056 -6.14792
33.9768 -10.1465 42.715 -9.28259 39.3402 -8.972
30.9153 -10.5988 33.9768 -10.1465 42.715 -9.28259
42.715 -9.28259 30.9153 -10.5988 45.901 -10.8714
39.6173 -15.4696 44.0551 -15.1593 42.7324 -15.1049
36.5699 -16.1024 39.6173 -15.4696 44.0551 -15.1593
38.1067 -17.0224 36.5699 -16.1024 44.0551 -15.1593
43.1308 -19.1357 38.1067 -17.0224 44.0551 -15.1593
44.0551 -15.1593 43.1308 -19.1357 45.7557 -20.1522
22.7474 8.78006 15.1055 12.262 -0.346614 18.5602
26.92 7.05354 22.7474 8.78006 15.1055 12.262
34.3118 3.96083 26.92 7.05354 22.7474 8.78006
45.9734 -2.05138 34.3118 3.96083 22.7474 8.78006
36.3338 -2.89108 43.9252 -2.18542 45.9734 -2.05138
34.3118 3.96083 45.9734 -2.05138 49.7111 -3.27106
45.9734 -2.05138 36.3338 -2.89108 49.7111 -3.27106
45.9734 -2.05138 39.3214 -0.310387 40.9773 -0.0372048
45.9734 -2.05138 40.9773 -0.0372048 3.62543 15.477
39.3214 -0.310387 45.9734 -2.05138 43.9252 -2.18542
15.1055 12.262 -0.346614 18.5602 -1.02803 18.8403
32.7519 5.20979 15.1055 12.262 -1.02803 18.8403
46.6748 -0.139124 35.1537 4.79366 32.7519 5.20979
15.1055 12.262 32.7519 5.20979 47.7931 -0.823849
32.7519 5.20979 46.6748 -0.139124 47.7931 -0.823849
32.7519 5.20979 4.29742 16.8295 2.81086 17.5848
2.81086 17.5848 32.7519 5.20979 35.1537 4.79366
6.62327 17.6861 35.1537 4.79366 46.6748 -0.139124
46.6748 -0.139124 25.072 13.2254 11.7928 21.4813
11.7928 21.4813 46.6748 -0.139124 47.7931 -0.823849
28.1531 -0.667469 39.3214 -0.310387 40.9773 -0.0372048
35.3712 -0.958704 28.1531 -0.667469 39.3214 -0.310387
32.5539 -1.65481 35.3712 -0.958704 39.3214 -0.310387
39.3214 -0.310387 32.5539 -1.65481 30.7465 -5.1448
23.8722 -1.06539 35.3712 -0.958704 28.1531 -0.667469
23.8722 -1.06539 28.1531 -0.667469 36.7218 1.34053
22.971 -1.66965 23.8722 -1.06539 35.3712 -0.958704
35.3712 -0.958704 22.971 -1.66965 24.0531 -1.95121
19.4032 4.18636 15.6544 5.64123 15.3875 8.57095
24.9797 0.897975 19.4032 4.18636 15.6544 5.64123
23.8722 -1.06539 24.9797 0.897975 15.6544 5.64123
15.6544 5.64123 23.8722 -1.06539 22.971 -1.66965
35.3712 -0.958704 32.5539 -1.65481 21.7045 -3.72456
6.14104 22.3525 6.80155 30.7358 5.77112 34.4956
4.11927 22.2026 6.14104 22.3525 5.77112 34.4956
6.14104 22.3525 4.11927 22.2026 5.10172 20.7869
6.80155 30.7358 5.77112 34.4956 6.49838 37.0267
9.50795 24.3549 6.80155 30.7358 6.49838 37.0267
6.80155 30.7358 9.50795 24.3549 7.94464 18.8389
9.50795 24.3549 11.8702 22.4597 7.94464 18.8389
10.2411 32.2379 11.0181 25.829 9.50795 24.3549
11.0181 25.829 11.1938 27.0392 12.1998 32.146
12.1998 32.146 11.0181 25.829 11.8702 22.4597
11.0181 25.829 9.50795 24.3549 11.8702 22.4597
11.6091 34.0738 11.1938 27.0392 11.0181 25.829
14.9309 28.765 16.9833 31.509 17.1962 35.6176
11.8702 22.4597 14.9309 28.765 17.1962 35.6176
14.9309 28.765 11.8702 22.4597 9.68355 17.1237
11.8702 22.4597 7.94464 18.8389 9.68355 17.1237
16.9833 31.509 14.9309 28.765 16.2503 27.9261
16.8646 22.7237 16.9833 31.509 17.1962 35.6176
16.9833 31.509 16.8646 22.7237 16.663 22.1264
16.7716 20.7613 16.663 22.1264 16.8646 22.7237
16.7716 20.7613 16.8646 22.7237 17.9805 26.6418
16.663 22.1264 16.7716 20.7613 15.3398 20.0955
28.6566 30.5928 32.6841 31.4675 34.8589 33.6129
26.2689 29.3898 23.4763 30.0399 28.6566 30.5928
26.2689 29.3898 28.6566 30.5928 32.6841 31.4675
28.1877 29.3409 26.2689 29.3898 32.6841 31.4675
21.5778 24.3328 28.1877 29.3409 32.6841 31.4675
28.1877 29.3409 21.5778 24.3328 16.7716 20.7613
21.5778 24.3328 20.6991 22.8449 16.7716 20.7613
31.4302 25.3122 33.4463 25.5234 34.598 27.3883
20.6991 22.8449 31.4302 25.3122 34.598 27.3883
16.7716 20.7613 20.6991 22.8449 31.4302 25.3122
31.4302 25.3122 16.7716 20.7613 15.3398 20.0955
24.0637 32.1985 25.8333 37.1 25.6149 37.6019
28.6566 30.5928 24.0637 32.1985 25.8333 37.1
24.0637 32.1985 28.6566 30.5928 23.4763 30.0399
27.48 22.8509 31.4302 25.3122 33.4463 25.5234
31.4302 25.3122 27.48 22.8509 20.0004 19.7611
31.7014 22.489 34.7487 24.8998 33.4463 25.5234
33.4463 25.5234 31.7014 22.489 23.603 17.2884
34.7487 24.8998 33.4463 25.5234 34.598 27.3883
34.598 27.3883 34.7487 24.8998 35.7521 13.5272
29.537 18.397 31.7014 22.489 34.7487 24.8998
30.8492 15.2855 29.537 18.397 34.7487 24.8998
29.537 18.397 30.8492 15.2855 28.9451 13.1869
36.1962 26.4971 32.6841 31.4675 34.8589 33.6129
37.5595 20.2654 36.1962 26.4971 34.8589 33.6129
36.1962 26.4971 37.5595 20.2654 38.5349 14.09
37.5595 20.2654 39.7293 15.1183 38.5349 14.09
37.5982 26.4423 37.5595 20.2654 39.7293 15.1183
41.3361 25.688 41.6301 26.5691 41.4148 26.7565
39.9792 20.3721 41.3361 25.688 41.4148 26.7565
40.2712 18.4683 39.9792 20.3721 41.3361 25.688
39.7293 15.1183 40.2712 18.4683 39.9792 20.3721
41.9495 13.491 38.5349 14.09 39.7293 15.1183
41.9495 13.491 39.7293 15.1183 40.2712 18.4683
45.7336 12.7594 46.0795 13.0692 41.9495 13.491
45.7336 12.7594 41.9495 13.491 38.5349 14.09
41.9083 10.7156 45.7336 12.7594 38.5349 14.09
38.5349 14.09 41.9083 10.7156 41.8901 9.7125
46.0795 13.0692 45.7336 12.7594 45.0068 4.89023
45.3128 15.8573 41.3361 25.688 41.6301 26.5691
41.3361 25.688 45.3128 15.8573 48.5028 7.6992
26.3009 38.877 24.4439 38.8863 -1.44857 39.7204
-0.889209 38.6314 26.3009 38.877 24.4439 38.8863
1.62869 38.5601 -0.889209 38.6314 26.3009 38.877
-20.2337 34.8334 1.62869 38.5601 -0.889209 38.6314
-21.3634 34.6446 -20.2337 34.8334 -0.889209 38.6314
-30.974 33.012 -27.6065 33.366 -21.3634 34.6446
-30.974 33.012 -21.3634 34.6446 -0.889209 38.6314
-23.5725 32.3275 -36.1004 32.8921 -30.974 33.012
-23.5725 32.3275 -30.974 33.012 -27.6065 33.366
-25.5872 30.8653 -23.5725 32.3275 -36.1004 32.8921
-30.212 26.6903 -25.5872 30.8653 -23.5725 32.3275
-32.4215 22.3791 -30.212 26.6903 -23.5725 32.3275
-37.2658 16.7128 -32.4215 22.3791 -23.5725 32.3275
-32.4215 22.3791 -37.2658 16.7128 -38.5618 15.6401
-37.2658 16.7128 -32.9218 20.5667 -29.3914 24.2841
-40.2017 13.9376 -38.5618 15.6401 -37.2658 16.7128
-40.2017 13.9376 -37.2658 16.7128 -32.9218 20.5667
-40.7325 13.0545 -40.2017 13.9376 -32.9218 20.5667
-32.9218 20.5667 -40.7325 13.0545 -48.4016 4.92738
-5.46705 44.4734 3.98967 48.2911 7.58912 49.3611
-7.1648 43.2415 -6.27756 44.3593 -5.46705 44.4734
-7.1648 43.2415 -5.46705 44.4734 7.58912 49.3611
-11.2101 41.4596 -7.1648 43.2415 7.58912 49.3611
-30.0463 34.7568 -11.2101 41.4596 -7.1648 43.2415
-32.6462 33.8804 -30.0463 34.7568 -7.1648 43.2415
-7.1648 43.2415 -32.6462 33.8804 -36.1004 32.8921
-32.6462 33.8804 -30.974 33.012 -36.1004 32.8921
-30.0463 34.7568 0.25045 43.8195 -0.425933 44.4498
0.25045 43.8195 -30.0463 34.7568 -32.6462 33.8804
-8.93076 38.4671 -32.6462 33.8804 -30.974 33.012
11.2385 43.1699 0.25045 43.8195 -0.425933 44.4498
21.2983 42.8929 11.2385 43.1699 -0.425933 44.4498
11.2385 43.1699 21.2983 42.8929 -0.843343 41.3174
-0.647607 47.7832 3.98967 48.2911 7.58912 49.3611
-0.315819 47.1046 -0.647607 47.7832 3.98967 48.2911
-10.1569 44.1534 -0.315819 47.1046 3.98967 48.2911
3.98967 48.2911 -10.1569 44.1534 -12.3267 43.4756
-1.99027 49.1091 -0.647607 47.7832 -0.315819 47.1046
-10.1569 44.1534 -10.403 44.6845 -10.8135 48.0069
-10.403 44.6845 -10.1569 44.1534 -12.3267 43.4756
-14.3392 42.0007 -7.1648 43.2415 -6.27756 44.3593
-7.1648 43.2415 -14.3392 42.0007 -13.7632 41.5511
-14.3392 42.0007 -22.1858 41.5749 -13.7632 41.5511
-18.2414 44.9546 -14.3392 42.0007 -22.1858 41.5749
-42.3643 16.6914 -30.212 26.6903 -25.5872 30.8653
-25.5872 30.8653 -42.3643 16.6914 -44.3718 15.4024
-40.6191 23.9886 -38.1999 28.395 -36.5068 29.0245
-41.4467 20.9678 -40.6191 23.9886 -36.5068 29.0245
-41.1766 20.9305 -41.4467 20.9678 -36.5068 29.0245
-41.2493 19.884 -41.1766 20.9305 -36.5068 29.0245
-44.3718 15.4024 -41.2493 19.884 -41.1766 20.9305
-41.1766 20.9305 -44.3718 15.4024 -47.1463 12.905
-34.2315 22.5035 -42.3643 16.6914 -47.1463 12.905
-42.3643 16.6914 -44.3718 15.4024 -47.1463 12.905
-41.4467 20.9678 -41.1766 20.9305 -43.1338 20.57
-40.8096 11.6655 -32.9218 20.5667 -29.3914 24.2841
-40.8738 10.6287 -40.8096 11.6655 -29.3914 24.2841
-42.7863 -13.9256 -40.8738 10.6287 -40.8096 11.6655
-40.8738 10.6287 -42.7863 -13.9256 -42.5683 -14.476
-42.7863 -13.9256 -43.7932 -9.0894 -48.3823 -0.790744
-42.5683 -14.476 -42.7863 -13.9256 -48.3823 -0.790744
-37.6836 -27.0429 -41.2134 -17.1323 -42.5683 -14.476
-37.6836 -27.0429 -42.5683 -14.476 -48.3823 -0.790744
-41.2134 -17.1323 -37.6836 -27.0429 -37.0106 -28.4506
-37.6836 -27.0429 -47.3845 -7.17638 -49.8021 -1.55706
-37.0106 -28.4506 -37.6836 -27.0429 -47.3845 -7.17638
-47.3845 -7.17638 -37.0106 -28.4506 -34.6925 -33.5063
-43.7932 -9.0894 -45.2977 2.4973 -43.8773 5.47176
-43.8773 5.47176 -43.7932 -9.0894 -42.7863 -13.9256
-40.453 -25.7097 -47.3845 -7.17638 -49.8021 -1.55706
-39.5899 -27.9907 -42.5386 -25.8544 -40.453 -25.7097
-39.5899 -27.9907 -40.453 -25.7097 -47.3845 -7.17638
-40.2157 -28.9713 -37.7897 -28.0263 -39.5899 -27.9907
-40.2157 -28.9713 -39.5899 -27.9907 -42.5386 -25.8544
-36.3318 -31.8275 -40.2157 -28.9713 -37.7897 -28.0263
-37.7897 -28.0263 -36.3318 -31.8275 -35.352 -33.6422
-48.5227 -11.4485 -48.2087 -10.2538 -48.5895 -7.67258
-47.8142 -13.4985 -48.5227 -11.4485 -48.2087 -10.2538
-40.453 -25.7097 -47.8142 -13.4985 -48.2087 -10.2538
-47.8142 -13.4985 -40.453 -25.7097 -42.5386 -25.8544
-38.4183 -27.0746 -39.5899 -27.9907 -37.7897 -28.0263
-41.3781 -14.1814 -40.6491 -13.5044 -40.2805 -12.7312
-42.5683 -14.476 -41.3781 -14.1814 -40.2805 -12.7312
-42.5683 -14.476 -40.2805 -12.7312 -27.7123 -1.32436
-41.2134 -17.1323 -42.5683 -14.476 -41.3781 -14.1814
-37.5656 -23.9713 -41.2134 -17.1323 -41.3781 -14.1814
-41.3781 -14.1814 -37.5656 -23.9713 -32.3493 -33.2513
-40.2805 -12.7312 -26.2009 -5.84381 -22.9939 -3.58133
-26.2009 -5.84381 -40.2805 -12.7312 -40.6491 -13.5044
-19.0879 -7.99463 -13.0142 -6.72863 -10.46 -5.48489
-27.2297 -10.3511 -19.0879 -7.99463 -10.46 -5.48489
-40.6491 -13.5044 -27.2297 -10.3511 -10.46 -5.48489
-27.2297 -10.3511 -40.6491 -13.5044 -41.3781 -14.1814
-34.7133 -12.9089 -19.0879 -7.99463 -13.0142 -6.72863
-35.4237 -13.9993 -34.7133 -12.9089 -13.0142 -6.72863
-37.031 -15.8219 -35.4237 -13.9993 -34.7133 -12.9089
-34.7382 -20.9626 -37.031 -15.8219 -35.4237 -13.9993
-35.4237 -13.9993 -34.7382 -20.9626 -33.6358 -27.4222
-34.7382 -20.9626 -34.8448 -22.6525 -33.6358 -27.4222
-13.0142 -6.72863 -22.9724 -11.9583 -34.3436 -16.7638
-12.7716 -4.66195 -6.77496 -3.4853 -8.3774 -2.55304
-10.46 -5.48489 -12.7716 -4.66195 -6.77496 -3.4853
-22.9724 -11.9583 -13.0142 -6.72863 -10.46 -5.48489
-29.1264 -16.1144 -22.9724 -11.9583 -10.46 -5.48489
-29.1264 -16.1144 -10.46 -5.48489 -6.77496 -3.4853
-22.9724 -11.9583 -29.1264 -16.1144 -32.3721 -17.3528
-12.7716 -4.66195 -32.9504 0.795574 -35.9963 2.44016
-32.9504 0.795574 -12.7716 -4.66195 -10.46 -5.48489
-15.0742 -12.5343 -8.75833 -10.4374 -8.62204 -10.1333
-16.1513 -14.3381 -15.0713 -12.8552 -15.0742 -12.5343
-29.1264 -16.1144 -16.1513 -14.3381 -15.0742 -12.5343
-29.1264 -16.1144 -15.0742 -12.5343 -8.62204 -10.1333
-16.1513 -14.3381 -29.1264 -16.1144 -32.3721 -17.3528
-24.3675 -27.7263 -16.1513 -14.3381 -15.0713 -12.8552
-15.0713 -12.8552 -24.3675 -27.7263 -27.8823 -33.9406
-24.2998 -24.3921 -23.957 -22.5695 -18.5276 -16.8345
-24.3675 -27.7263 -24.2998 -24.3921 -18.5276 -16.8345
-27.8823 -33.9406 -24.3675 -27.7263 -24.2998 -24.3921
-24.2998 -24.3921 -27.8823 -33.9406 -29.2521 -36.1813
-21.0611 -24.75 -24.1358 -30.7533 -27.8823 -33.9406
-20.5211 -29.6281 -16.4886 -24.2785 -16.3309 -22.4825
-24.1358 -30.7533 -20.5211 -29.6281 -16.3309 -22.4825
-27.8823 -33.9406 -24.1358 -30.7533 -20.5211 -29.6281
-20.5211 -29.6281 -27.8823 -33.9406 -29.2521 -36.1813
-23.957 -22.5695 -28.4055 -22.0136 -29.1747 -21.1738
-24.2998 -24.3921 -23.957 -22.5695 -28.4055 -22.0136
-25.8048 -24.677 -24.2998 -24.3921 -28.4055 -22.0136
-30.0469 -26.0209 -25.8048 -24.677 -28.4055 -22.0136
-25.8048 -24.677 -30.0469 -26.0209 -28.9933 -26.7287
-25.6304 -19.8142 -32.3902 -19.5834 -29.1303 -19.4143
-25.6304 -19.8142 -29.1303 -19.4143 -29.0441 -18.8572
-29.1747 -21.1738 -25.6304 -19.8142 -32.3902 -19.5834
-28.4055 -22.0136 -29.1747 -21.1738 -32.3902 -19.5834
-32.3902 -19.5834 -28.4055 -22.0136 -31.7509 -22.2169
-24.2998 -24.3921 -25.8048 -24.677 -30.6642 -32.063
-22.2266 -33.7245 -20.5211 -29.6281 -16.4886 -24.2785
-20.5211 -29.6281 -22.2266 -33.7245 -24.4156 -35.4397
-22.2266 -33.7245 -20.5036 -33.5415 -19.2352 -32.7435
-20.5036 -33.5415 -22.2266 -33.7245 -24.4156 -35.4397
-21.6226 -39.3254 -20.5036 -33.5415 -19.2352 -32.7435
-20.5036 -33.5415 -21.6226 -39.3254 -23.0695 -42.3656
-21.6226 -39.3254 -18.9026 -41.6851 -23.0695 -42.3656
-16.3309 -22.4825 -16.4886 -24.2785 -15.3507 -39.9394
-14.4949 -19.5841 -15.0713 -12.8552 -15.0742 -12.5343
-14.7098 -20.4878 -14.4949 -19.5841 -15.0713 -12.8552
-15.0713 -12.8552 -14.7098 -20.4878 -14.5853 -47.8062
-13.5229 -18.7959 -14.0032 -15.7419 -11.823 -13.3966
-14.4949 -19.5841 -13.5229 -18.7959 -14.0032 -15.7419
-14.7098 -20.4878 -14.4949 -19.5841 -13.5229 -18.7959
-13.5229 -18.7959 -14.7098 -20.4878 -13.0253 -33.8303
-10.2335 -16.4565 -7.98032 -12.4911 -8.75833 -10.4374
-10.5814 -17.406 -10.2335 -16.4565 -8.75833 -10.4374
-11.3249 -21.5255 -10.5814 -17.406 -10.2335 -16.4565
-10.2335 -16.4565 -11.3249 -21.5255 -11.2834 -24.0191
-11.2834 -24.0191 -11.3249 -21.5255 -11.5153 -12.2984
-10.8225 -32.8359 -10.133 -30.674 -10.8397 -28.3527
-10.8225 -32.8359 -10.8397 -28.3527 -11.2834 -24.0191
-11.5153 -12.2984 -11.2834 -24.0191 -10.9508 -42.9688
-11.2834 -24.0191 -10.8225 -32.8359 -10.9508 -42.9688
-7.98032 -12.4911 -8.75833 -10.4374 -8.62204 -10.1333
-6.23206 -16.1858 -7.98032 -12.4911 -8.62204 -10.1333
-4.05974 -20.916 -6.23206 -16.1858 -8.62204 -10.1333
3.46355 -35.131 -4.05974 -20.916 -8.62204 -10.1333
5.32292 -39.2998 3.46355 -35.131 -4.05974 -20.916
-4.05974 -20.916 5.32292 -39.2998 7.83575 -45.6771
-8.05445 -7.51866 3.46355 -35.131 5.32292 -39.2998
2.30668 -27.6619 0.361239 -24.0426 -0.643073 -22.7796
3.01266 -31.7044 2.30668 -27.6619 -0.643073 -22.7796
5.32292 -39.2998 3.01266 -31.7044 -0.643073 -22.7796
3.01266 -31.7044 5.32292 -39.2998 7.83575 -45.6771
-9.05968 -33.3077 -9.0902 -33.0892 -10.133 -30.674
-10.133 -30.674 -9.05968 -33.3077 -9.08335 -38.9676
-9.0902 -33.0892 -10.133 -30.674 -10.8397 -28.3527
-4.69995 -43.8725 -9.0902 -33.0892 -10.8397 -28.3527
-9.0902 -33.0892 -4.69995 -43.8725 -2.88639 -49.3241
-7.92967 -29.3671 -4.69995 -43.8725 -2.88639 -49.3241
-9.05968 -33.3077 -8.38887 -37.6316 -6.8973 -47.254
-8.38887 -37.6316 -9.05968 -33.3077 -9.0902 -33.0892
-7.21607 -42.7328 -8.38887 -37.6316 -9.0902 -33.0892
-9.0902 -33.0892 -7.21607 -42.7328 -6.10656 -45.839
-10.305 -29.1385 -10.8397 -28.3527 -11.2834 -24.0191
-10.8397 -28.3527 -10.305 -29.1385 -7.15298 -34.2789
-7.42904 -18.2615 -10.2335 -16.4565 -7.98032 -12.4911
-6.47595 -21.3446 -8.16256 -19.6076 -7.42904 -18.2615
-6.47595 -21.3446 -7.42904 -18.2615 -7.98032 -12.4911
-7.98032 -12.4911 -6.47595 -21.3446 -1.75536 -46.3802
-8.16256 -19.6076 -6.47595 -21.3446 -8.25826 -23.2362
-4.49126 -27.5503 -6.23206 -16.1858 -7.98032 -12.4911
-6.23206 -16.1858 -4.49126 -27.5503 -2.04212 -33.6506
0.0226674 -30.9017 -4.05974 -20.916 -6.23206 -16.1858
4.47162 -45.1497 0.0226674 -30.9017 -6.23206 -16.1858
0.0226674 -30.9017 4.47162 -45.1497 4.89183 -45.7421
4.47162 -45.1497 2.8509 -44.2905 2.45393 -41.2983
4.47162 -45.1497 2.45393 -41.2983 -0.324648 -35.7243
2.8509 -44.2905 4.47162 -45.1497 4.89183 -45.7421
-4.05974 -20.916 0.0226674 -30.9017 5.96226 -43.4949
4.35194 -32.3206 3.01266 -31.7044 2.30668 -27.6619
5.72626 -34.429 4.35194 -32.3206 3.01266 -31.7044
4.35194 -32.3206 5.72626 -34.429 8.92325 -36.0967
0.361239 -24.0426 2.30668 -27.6619 6.30481 -31.8736
16.2279 -42.9163 0.361239 -24.0426 -0.643073 -22.7796
0.361239 -24.0426 16.2279 -42.9163 16.2837 -43.4605
7.43484 -27.689 8.40978 -27.5715 -2.04223 -13.6338
9.36363 -30.0605 7.43484 -27.689 8.40978 -27.5715
16.2279 -42.9163 9.36363 -30.0605 8.40978 -27.5715
18.0831 -43.9352 16.2837 -43.4605 16.2279 -42.9163
18.0831 -43.9352 16.2279 -42.9163 8.40978 -27.5715
11.5366 -46.126 18.0831 -43.9352 16.2837 -43.4605
16.2837 -43.4605 11.5366 -46.126 4.79299 -47.1256
-18.1007 12.7328 -20.2265 15.0016 -23.5894 17.8709
-16.088 8.97248 -18.1007 12.7328 -23.5894 17.8709
-8.12434 -1.86071 -16.088 8.97248 -23.5894 17.8709
-6.77496 -3.4853 -8.3774 -2.55304 -8.12434 -1.86071
-6.77496 -3.4853 -8.12434 -1.86071 -16.088 8.97248
-1.3655 -9.95575 -6.77496 -3.4853 -16.088 8.97248
-6.77496 -3.4853 -1.3655 -9.95575 3.18682 -17.3602
-9.79174 4.72515 -15.4944 14.4133 -17.8777 18.5828
3.18682 -17.3602 -1.3655 -9.95575 -9.79174 4.72515
3.18682 -17.3602 -9.79174 4.72515 -17.8777 18.5828
-17.8777 18.5828 3.18682 -17.3602 19.7891 -44.9432
-8.12434 -1.86071 -12.2841 -0.235663 -13.6187 -0.0923105
-28.3476 6.11392 -13.6187 -0.0923105 -8.3774 -2.55304
-13.6187 -0.0923105 -8.12434 -1.86071 -8.3774 -2.55304
-14.5397 1.04653 -16.3971 1.88973 -27.9333 7.37123
-16.3971 1.88973 -14.5397 1.04653 -13.6187 -0.0923105
-27.8784 8.39751 -32.4253 10.3442 -36.7029 12.2856
-22.4466 5.99462 -27.8784 8.39751 -32.4253 10.3442
-14.5397 1.04653 -22.4466 5.99462 -32.4253 10.3442
-22.4466 5.99462 -14.5397 1.04653 -12.2841 -0.235663
-14.5397 1.04653 -13.6187 -0.0923105 -12.2841 -0.235663
-12.2841 -0.235663 -24.3274 8.30448 -27.801 9.70513
-24.3274 8.30448 -12.2841 -0.235663 -8.12434 -1.86071
-23.3706 20.2303 -26.7125 20.3082 -24.3409 20.4427
-23.3153 20.0385 -23.3706 20.2303 -26.7125 20.3082
-21.5547 17.3171 -23.3153 20.0385 -23.3706 20.2303
-23.3706 20.2303 -21.5547 17.3171 -18.1007 12.7328
-21.5547 17.3171 -20.2265 15.0016 -18.1007 12.7328
-19.4006 21.4726 -17.8777 18.5828 -12.9242 12.053
-17.8777 18.5828 -19.4006 21.4726 -20.2907 22.7453
-15.4944 14.4133 -17.8777 18.5828 -20.2907 22.7453
-14.6402 12.9138 -15.4944 14.4133 -20.2907 22.7453
-15.3203 12.4052 -14.6402 12.9138 -20.2907 22.7453
-14.6402 12.9138 -15.3203 12.4052 -9.96597 3.22515
-20.2907 22.7453 -19.4006 21.4726 -14.4745 16.4996
-30.3861 20.1283 -26.7125 20.3082 -24.3409 20.4427
-26.7125 20.3082 -30.3861 20.1283 -30.2383 16.8839
-19.3528 6.45983 -24.3274 8.30448 -27.801 9.70513
-24.3274 8.30448 -19.3528 6.45983 -14.3535 4.15927
-19.4254 8.73873 -26.0384 12.153 -27.7909 12.2101
-20.1477 8.05918 -19.4254 8.73873 -27.7909 12.2101
-19.3528 6.45983 -20.1477 8.05918 -19.4254 8.73873
-19.4254 8.73873 -19.3528 6.45983 -14.3535 4.15927
-36.284 7.85703 -32.4253 10.3442 -36.7029 12.2856
-33.7748 7.00306 -36.284 7.85703 -32.4253 10.3442
-35.719 6.28726 -33.7748 7.00306 -36.284 7.85703
-37.429 4.15926 -35.719 6.28726 -36.284 7.85703
-37.95 0.139535 -37.429 4.15926 -35.719 6.28726
-35.719 6.28726 -37.95 0.139535 -37.2643 -3.56377
-32.4462 4.2305 -35.719 6.28726 -33.7748 7.00306
-24.0338 2.95263 -32.4462 4.2305 -33.7748 7.00306
-32.4462 4.2305 -24.0338 2.95263 -24.0756 1.79433
-35.2188 0.307524 -32.9504 0.795574 -35.9963 2.44016
-36.323 -4.45307 -35.2188 0.307524 -35.9963 2.44016
-35.2188 0.307524 -36.323 -4.45307 -36.6145 -6.48653
-32.9504 0.795574 -35.2188 0.307524 -33.5626 -0.678956
-19.7456 -6.63823 -26.2009 -5.84381 -22.9939 -3.58133
-30.1639 -9.09129 -19.7456 -6.63823 -26.2009 -5.84381
-19.7456 -6.63823 -30.1639 -9.09129 -28.2221 -9.45241
-21.3634 34.6446 -15.3601 23.4585 13.2487 -30.0772
-15.3601 23.4585 0.363933 -5.74899 13.2487 -30.0772
13.2487 -30.0772 -7.69485 7.89614 -17.6504 26.5827
-7.69485 7.89614 13.2487 -30.0772 17.4714 -37.826
13.2487 -30.0772 0.363933 -5.74899 -10.585 15.0627
-10.585 15.0627 13.2487 -30.0772 17.4714 -37.826
-7.69485 7.89614 -17.6504 26.5827 -19.1395 29.0445
13.3102 -31.227 0.430458 -7.09605 -7.69485 7.89614
13.3102 -31.227 -7.69485 7.89614 -19.1395 29.0445
0.430458 -7.09605 13.3102 -31.227 18.6817 -41.2164
13.3102 -31.227 15.4953 -35.4691 18.6817 -41.2164
0.582661 -8.63883 -5.9648 3.24687 -17.3857 23.5094
15.4953 -35.4691 0.582661 -8.63883 -5.9648 3.24687
0.582661 -8.63883 15.4953 -35.4691 18.6817 -41.2164
-2.54041 -2.7197 -5.9648 3.24687 -17.3857 23.5094
-5.9648 3.24687 -2.54041 -2.7197 -1.47297 -4.64524
-20.7625 31.2882 -2.54041 -2.7197 -1.47297 -4.64524
2.38258 -6.43976 4.45928 -10.54 14.256 -30.3404
4.45928 -10.54 10.4689 -22.1644 14.256 -30.3404
14.256 -30.3404 10.4689 -22.1644 8.51576 -17.6161
8.51576 -17.6161 14.256 -30.3404 16.3915 -31.0381
