316.785 33.4065 43.0851 38.6673 47.1396 38.7656
47.1396 38.7656 316.785 33.4065 391.411 32.4008
277.273 33.7044 110.305 36.6537 83.5508 37.3476
316.785 33.4065 277.273 33.7044 83.5508 37.3476
391.411 32.4008 316.785 33.4065 277.273 33.7044
277.273 33.7044 391.411 32.4008 408.22 32.0289
136.669 37.7215 343.963 33.4431 391.411 32.4008
391.411 32.4008 343.963 33.4431 162.089 37.8652
162.089 37.8652 391.411 32.4008 408.22 32.0289
47.1396 38.7656 66.7239 39.1793 406.975 46.6539
30.4315 38.4684 43.0851 38.6673 47.1396 38.7656
30.4315 38.4684 47.1396 38.7656 406.975 46.6539
43.0851 38.6673 30.4315 38.4684 2.59726 37.2213
201.436 41.4584 242.886 41.7396 216.497 41.9918
66.7239 39.1793 201.436 41.4584 216.497 41.9918
201.436 41.4584 66.7239 39.1793 47.1396 38.7656
127.463 42.6741 227.026 47.5894 320.972 51.1932
30.4315 38.4684 123.089 41.7682 127.463 42.6741
30.4315 38.4684 127.463 42.6741 227.026 47.5894
227.026 47.5894 30.4315 38.4684 2.59726 37.2213
178.502 43.7663 269.28 47.803 393.745 53.5777
393.745 53.5777 178.502 43.7663 127.463 42.6741
178.502 43.7663 307.162 48.3907 371.452 51.1284
307.162 48.3907 178.502 43.7663 123.089 41.7682
178.502 43.7663 127.463 42.6741 123.089 41.7682
346.912 50.9105 269.28 47.803 178.502 43.7663
206.629 33.4912 110.305 36.6537 83.5508 37.3476
201.586 32.9022 206.629 33.4912 83.5508 37.3476
240.467 31.4292 201.586 32.9022 83.5508 37.3476
201.586 32.9022 240.467 31.4292 260.305 30.7385
178.34 32.3967 240.467 31.4292 260.305 30.7385
287.937 30.4508 201.586 32.9022 206.629 33.4912
310.742 29.5712 287.937 30.4508 201.586 32.9022
287.937 30.4508 310.742 29.5712 401.682 27.9478
310.742 29.5712 173.148 31.2305 29.7807 33.1309
173.148 31.2305 310.742 29.5712 401.682 27.9478
253.574 29.5286 173.148 31.2305 29.7807 33.1309
173.148 31.2305 253.574 29.5286 269.028 29.395
162.424 29.8624 67.123 30.5453 9.4419 30.7267
253.574 29.5286 62.6846 29.626 162.424 29.8624
253.574 29.5286 162.424 29.8624 67.123 30.5453
62.6846 29.626 253.574 29.5286 269.028 29.395
9.4419 30.7267 67.123 30.5453 190.505 30.2897
62.6846 29.626 162.424 29.8624 0.223775 30.019
217.804 28.4992 62.6846 29.626 0.223775 30.019
62.6846 29.626 217.804 28.4992 360.094 27.4837
217.804 28.4992 231.63 28.1271 360.094 27.4837
231.63 28.1271 137.418 28.4927 88.5041 28.8368
137.418 28.4927 231.63 28.1271 360.094 27.4837
302.575 27.2249 137.418 28.4927 88.5041 28.8368
137.418 28.4927 302.575 27.2249 348.321 27.1877
302.575 27.2249 97.7632 27.7569 50.6384 27.9845
97.7632 27.7569 302.575 27.2249 378.395 26.735
302.575 27.2249 348.321 27.1877 378.395 26.735
42.209 27.7069 97.7632 27.7569 50.6384 27.9845
50.6384 27.9845 42.209 27.7069 16.7456 27.1042
77.3016 26.9593 110.866 27.3478 42.209 27.7069
209.058 23.8969 77.3016 26.9593 42.209 27.7069
226.643 23.6749 209.058 23.8969 77.3016 26.9593
340.119 21.7552 226.643 23.6749 209.058 23.8969
226.643 23.6749 340.119 21.7552 402.143 20.7978
268.407 22.3195 129.1 23.0978 98.4811 23.4981
340.119 21.7552 268.407 22.3195 129.1 23.0978
129.1 23.0978 340.119 21.7552 402.143 20.7978
110.866 27.3478 42.209 27.7069 97.7632 27.7569
119.13 27.2064 110.866 27.3478 97.7632 27.7569
146.331 27.1658 119.13 27.2064 97.7632 27.7569
119.13 27.2064 146.331 27.1658 359.101 23.7496
236.872 21.6507 129.1 23.0978 98.4811 23.4981
248.119 21.1198 236.872 21.6507 98.4811 23.4981
236.872 21.6507 248.119 21.1198 373.276 19.4935
248.119 21.1198 83.2817 23.1882 62.519 23.6391
83.2817 23.1882 248.119 21.1198 373.276 19.4935
280.576 18.3884 141.132 22.0633 83.2817 23.1882
280.576 18.3884 83.2817 23.1882 62.519 23.6391
141.132 22.0633 280.576 18.3884 306.537 18.1947
179.243 19.6821 111.176 21.4444 38.1015 21.7715
220.113 18.923 179.243 19.6821 111.176 21.4444
280.576 18.3884 220.113 18.923 111.176 21.4444
220.113 18.923 280.576 18.3884 323.113 17.7494
280.576 18.3884 306.537 18.1947 323.113 17.7494
306.537 18.1947 286.507 19.1648 350.516 19.3694
323.113 17.7494 306.537 18.1947 350.516 19.3694
208.213 10.531 323.113 17.7494 350.516 19.3694
196.049 9.48829 208.213 10.531 350.516 19.3694
176.364 8.21731 196.049 9.48829 350.516 19.3694
161.314 6.28689 176.364 8.21731 350.516 19.3694
129.517 3.95385 161.314 6.28689 176.364 8.21731
176.364 8.21731 129.517 3.95385 100.768 2.66314
232.582 10.4703 328.885 16.0671 378.65 18.7182
161.314 6.28689 232.582 10.4703 378.65 18.7182
378.65 18.7182 161.314 6.28689 129.517 3.95385
238.773 10.1169 256.708 10.4094 271.712 12.067
129.517 3.95385 238.773 10.1169 271.712 12.067
238.773 10.1169 129.517 3.95385 90.3671 1.42363
129.517 3.95385 100.768 2.66314 90.3671 1.42363
16.2386 21.154 72.6117 22.9435 48.2461 23.5051
3.11167 21.0802 16.2386 21.154 48.2461 23.5051
161.852 19.8122 3.11167 21.0802 16.2386 21.154
179.243 19.6821 161.852 19.8122 16.2386 21.154
220.113 18.923 179.243 19.6821 161.852 19.8122
161.852 19.8122 220.113 18.923 296.262 17.4271
88.1651 19.7126 161.852 19.8122 3.11167 21.0802
186.31 17.91 88.1651 19.7126 3.11167 21.0802
147.364 17.3111 186.31 17.91 3.11167 21.0802
173.631 16.54 147.364 17.3111 186.31 17.91
186.31 17.91 173.631 16.54 256.396 16.4789
173.631 16.54 32.8911 16.4858 256.396 16.4789
147.364 17.3111 121.742 17.4345 6.6334 19.7226
121.742 17.4345 147.364 17.3111 173.631 16.54
132.057 7.20913 208.213 10.531 323.113 17.7494
208.213 10.531 132.057 7.20913 67.1228 2.23947
132.057 7.20913 118.328 7.0683 67.1228 2.23947
118.328 7.0683 132.057 7.20913 216.256 13.9871
36.0329 1.75971 118.328 7.0683 216.256 13.9871
118.328 7.0683 36.0329 1.75971 18.0793 0.469797
31.9371 13.8086 19.209 13.917 172.044 13.9515
101.506 13.7733 31.9371 13.8086 172.044 13.9515
149.331 13.4854 101.506 13.7733 172.044 13.9515
92.6942 6.66632 149.331 13.4854 172.044 13.9515
58.8609 3.82811 92.6942 6.66632 149.331 13.4854
36.0329 1.75971 58.8609 3.82811 149.331 13.4854
149.331 13.4854 36.0329 1.75971 18.0793 0.469797
81.9048 13.5949 101.506 13.7733 31.9371 13.8086
101.506 13.7733 81.9048 13.5949 59.5231 13.3227
137.354 13.0686 149.331 13.4854 101.506 13.7733
110 12.4322 137.354 13.0686 101.506 13.7733
101.506 13.7733 110 12.4322 51.8655 11.5428
137.354 13.0686 110 12.4322 0.315315 8.85688
37.8791 7.85891 137.354 13.0686 149.331 13.4854
137.354 13.0686 37.8791 7.85891 11.5377 7.28537
11.5377 7.28537 37.8791 7.85891 68.8489 7.96989
27.2713 3.55909 11.5377 7.28537 68.8489 7.96989
11.5377 7.28537 27.2713 3.55909 6.53886 3.15191
196.049 9.48829 176.364 8.21731 0.479604 -2.72465
193.816 7.10047 238.773 10.1169 256.708 10.4094
143.195 3.3122 193.816 7.10047 256.708 10.4094
193.816 7.10047 143.195 3.3122 52.9904 -3.24488
271.712 12.067 282.692 12.1956 360.23 13.153
256.708 10.4094 271.712 12.067 282.692 12.1956
160.628 2.25028 256.708 10.4094 282.692 12.1956
256.708 10.4094 160.628 2.25028 119.736 0.591419
160.628 2.25028 203.487 3.90448 247.256 7.5701
203.487 3.90448 160.628 2.25028 119.736 0.591419
178.526 1.41428 203.487 3.90448 247.256 7.5701
146.274 0.39262 188.244 0.828735 178.526 1.41428
146.274 0.39262 178.526 1.41428 203.487 3.90448
107.224 -1.69917 146.274 0.39262 203.487 3.90448
146.274 0.39262 107.224 -1.69917 83.4997 -3.29449
178.526 1.41428 233.669 3.20052 268.47 3.90731
268.47 3.90731 178.526 1.41428 188.244 0.828735
188.244 0.828735 216.525 1.03226 260.68 1.94406
216.525 1.03226 188.244 0.828735 146.274 0.39262
260.68 1.94406 276.433 1.99424 286.36 3.02084
216.525 1.03226 260.68 1.94406 276.433 1.99424
276.433 1.99424 216.525 1.03226 166.596 -0.673428
251.6 -1.77103 212.906 -1.54153 276.433 1.99424
251.6 -1.77103 276.433 1.99424 286.36 3.02084
311.314 -2.35107 251.6 -1.77103 212.906 -1.54153
212.906 -1.54153 311.314 -2.35107 238.078 -3.14796
296.608 -0.101727 251.6 -1.77103 311.314 -2.35107
286.39 11.4893 282.692 12.1956 360.23 13.153
307.697 6.57224 300.857 9.1182 286.39 11.4893
307.697 6.57224 286.39 11.4893 282.692 12.1956
321.802 1.51112 307.697 6.57224 282.692 12.1956
282.692 12.1956 321.802 1.51112 330.236 -3.41476
300.857 9.1182 307.697 6.57224 347.568 -1.87254
321.453 6.86044 300.857 9.1182 286.39 11.4893
358.565 3.82757 332.95 6.72231 321.453 6.86044
300.857 9.1182 321.453 6.86044 341.977 3.73206
321.453 6.86044 358.565 3.82757 341.977 3.73206
398.854 -0.472327 382.096 0.772389 358.565 3.82757
398.854 -0.472327 358.565 3.82757 332.95 6.72231
382.096 0.772389 398.854 -0.472327 406.714 -1.66442
398.854 -0.472327 389.071 1.89277 367.844 3.9208
389.071 1.89277 398.854 -0.472327 406.714 -1.66442
377.798 10.7565 367.461 11.2139 411.961 12.9423
337.023 7.82821 377.798 10.7565 411.961 12.9423
321.453 6.86044 346.213 7.80164 337.023 7.82821
321.453 6.86044 337.023 7.82821 377.798 10.7565
332.95 6.72231 321.453 6.86044 346.213 7.80164
346.213 7.80164 332.95 6.72231 389.133 6.30241
402.902 9.33211 337.023 7.82821 346.213 7.80164
83.2817 23.1882 141.132 22.0633 198.418 21.0768
388.926 22.3575 119.13 27.2064 110.866 27.3478
119.13 27.2064 388.926 22.3575 410.91 21.9792
132.839 26.3064 388.926 22.3575 410.91 21.9792
330.865 31.2947 206.629 33.4912 110.305 36.6537
206.629 33.4912 330.865 31.2947 373.195 30.5224
201.436 41.4584 230.995 40.6979 148.844 39.3697
230.995 40.6979 201.436 41.4584 242.886 41.7396
209.85 38.5274 230.995 40.6979 242.886 41.7396
168.812 38.2285 209.85 38.5274 230.995 40.6979
250.9 37.8862 168.812 38.2285 209.85 38.5274
341.461 37.6303 250.9 37.8862 209.85 38.5274
287.84 37.2667 341.461 37.6303 250.9 37.8862
250.9 37.8862 287.84 37.2667 312.2 36.3684
168.812 38.2285 250.9 37.8862 190.515 37.5735
341.461 37.6303 393.472 37.7918 322.131 38.6359
287.84 37.2667 341.461 37.6303 393.472 37.7918
393.472 37.7918 287.84 37.2667 326.316 37.0079
303.695 42.7936 349.193 43.0958 371.987 43.6662
272.151 42.7488 303.695 42.7936 371.987 43.6662
216.497 41.9918 272.151 42.7488 303.695 42.7936
242.886 41.7396 216.497 41.9918 303.695 42.7936
401.193 41.4297 242.886 41.7396 303.695 42.7936
377.311 41.216 401.193 41.4297 242.886 41.7396
283.659 40.0198 377.311 41.216 401.193 41.4297
260.931 39.9411 283.659 40.0198 377.311 41.216
361.297 39.7077 260.931 39.9411 283.659 40.0198
260.931 39.9411 361.297 39.7077 411.925 39.34
307.162 48.3907 371.452 51.1284 380.132 51.3281
342.605 48.1642 307.162 48.3907 380.132 51.3281
307.162 48.3907 342.605 48.1642 302.244 46.8701
342.605 48.1642 362.17 48.7888 400.637 49.3549
302.244 46.8701 342.605 48.1642 400.637 49.3549
400.637 49.3549 302.244 46.8701 328.499 46.8692
100.99 43.2558 227.026 47.5894 320.972 51.1932
227.026 47.5894 100.99 43.2558 88.5651 42.1447
167.265 49.3423 276.981 60.5906 307.569 62.6326
100.99 43.2558 167.265 49.3423 276.981 60.5906
276.981 60.5906 100.99 43.2558 88.5651 42.1447
167.265 49.3423 318.549 61.9884 397.759 69.6943
318.549 61.9884 167.265 49.3423 100.99 43.2558
263.548 56.5954 271.047 57.7464 318.549 61.9884
263.548 56.5954 318.549 61.9884 397.759 69.6943
271.047 57.7464 263.548 56.5954 220.62 50.7921
220.62 50.7921 263.548 56.5954 287.652 57.8862
287.652 57.8862 220.62 50.7921 210.893 49.1813
210.893 49.1813 251.956 51.5035 241.116 51.8135
210.893 49.1813 241.116 51.8135 257.221 53.859
210.893 49.1813 257.221 53.859 378.994 66.4562
251.956 51.5035 210.893 49.1813 183.757 47.178
210.893 49.1813 220.62 50.7921 201.058 50.9207
183.757 47.178 210.893 49.1813 201.058 50.9207
201.058 50.9207 183.757 47.178 151.68 46.0934
353.161 62.5929 302.814 57.7988 257.221 53.859
302.814 57.7988 339.268 60.8881 407.287 66.0336
257.221 53.859 302.814 57.7988 407.287 66.0336
407.287 66.0336 257.221 53.859 241.116 51.8135
376.479 60.287 410.569 60.8947 403.015 63.3771
367.731 59.6509 376.479 60.287 403.015 63.3771
282.254 53.8957 367.731 59.6509 403.015 63.3771
367.731 59.6509 282.254 53.8957 251.956 51.5035
282.254 53.8957 241.116 51.8135 251.956 51.5035
367.731 59.6509 360.444 58.8447 333.474 56.4574
360.444 58.8447 367.731 59.6509 376.479 60.287
376.479 60.287 360.444 58.8447 292.179 52.3942
410.569 60.8947 376.479 60.287 387.34 58.8879
276.981 60.5906 307.569 62.6326 392.358 70.7953
217.525 56.1094 276.981 60.5906 392.358 70.7953
276.981 60.5906 217.525 56.1094 110.663 47.4161
217.525 56.1094 187.461 53.874 110.663 47.4161
118.711 48.9087 187.461 53.874 217.525 56.1094
102.546 47.8578 118.711 48.9087 217.525 56.1094
118.711 48.9087 102.546 47.8578 59.4138 41.0833
102.546 47.8578 317.426 69.9049 329.772 71.1483
317.426 69.9049 102.546 47.8578 20.9487 39.5392
102.546 47.8578 59.4138 41.0833 20.9487 39.5392
249.253 62.1152 329.772 71.1483 339.273 72.1395
329.772 71.1483 249.253 62.1152 241.289 61.5411
228.449 58.2377 241.289 61.5411 249.253 62.1152
228.449 58.2377 249.253 62.1152 293.218 66.5239
241.289 61.5411 228.449 58.2377 163.382 52.8384
317.426 69.9049 329.772 71.1483 339.273 72.1395
213.615 59.4568 317.426 69.9049 339.273 72.1395
317.426 69.9049 213.615 59.4568 183.523 56.3845
213.615 59.4568 193.762 57.8307 183.523 56.3845
193.762 57.8307 213.615 59.4568 308.27 69.3261
140.625 52.654 193.762 57.8307 308.27 69.3261
193.762 57.8307 140.625 52.654 131.35 51.6499
270.655 67.3033 376.943 78.7696 387.308 79.8831
197.6 59.4141 270.655 67.3033 387.308 79.8831
140.625 52.654 197.6 59.4141 387.308 79.8831
197.6 59.4141 140.625 52.654 131.35 51.6499
276.905 68.5416 301.799 71.4202 358.009 77.4677
301.799 71.4202 276.905 68.5416 197.6 59.4141
276.905 68.5416 270.655 67.3033 197.6 59.4141
366.469 73.6606 387.308 79.8831 398.524 81.3593
362.34 72.0236 366.469 73.6606 398.524 81.3593
366.469 73.6606 362.34 72.0236 353.668 69.0088
412.069 76.7396 362.34 72.0236 353.668 69.0088
329.86 87.1988 296.47 89.9698 287.476 91.5916
352.359 81.5099 329.86 87.1988 296.47 89.9698
387.308 79.8831 398.524 81.3593 352.359 81.5099
376.943 78.7696 387.308 79.8831 352.359 81.5099
371.012 78.6669 376.943 78.7696 352.359 81.5099
371.012 78.6669 352.359 81.5099 296.47 89.9698
258.914 76.5905 371.012 78.6669 376.943 78.7696
252.096 76.0324 258.914 76.5905 376.943 78.7696
61.2668 72.2524 252.096 76.0324 258.914 76.5905
37.0359 72.0698 61.2668 72.2524 258.914 76.5905
27.7824 71.6333 37.0359 72.0698 61.2668 72.2524
49.7097 69.9065 27.7824 71.6333 61.2668 72.2524
88.6549 66.0062 98.6029 66.201 49.7097 69.9065
88.6549 66.0062 49.7097 69.9065 27.7824 71.6333
106.429 61.3159 88.6549 66.0062 27.7824 71.6333
88.6549 66.0062 106.429 61.3159 132.354 60.2599
342.94 77.5936 252.096 76.0324 61.2668 72.2524
121.935 59.4272 132.354 60.2599 106.429 61.3159
121.935 59.4272 106.429 61.3159 76.9843 63.2035
90.7361 58.6107 121.935 59.4272 76.9843 63.2035
66.922 58.3339 17.0867 58.4208 90.7361 58.6107
62.2278 57.9031 66.922 58.3339 90.7361 58.6107
121.935 59.4272 90.7361 58.6107 10.6809 53.5726
90.7361 58.6107 62.2278 57.9031 10.6809 53.5726
276.209 91.9555 252.829 92.0373 232.622 93.5338
287.476 91.5916 276.209 91.9555 232.622 93.5338
313.365 91.3716 287.476 91.5916 232.622 93.5338
358.4 90.3986 313.365 91.3716 287.476 91.5916
382.129 90.3704 358.4 90.3986 313.365 91.3716
411.833 88.628 382.129 90.3704 358.4 90.3986
371.486 87.1556 411.833 88.628 358.4 90.3986
411.833 88.628 371.486 87.1556 387.969 86.2325
252.829 92.0373 88.7755 92.52 186.692 92.6279
88.7755 92.52 252.829 92.0373 276.209 91.9555
401.849 91.6151 336.093 92.9545 350.662 93.6305
382.129 90.3704 401.849 91.6151 336.093 92.9545
401.849 91.6151 382.129 90.3704 411.833 88.628
296.47 89.9698 287.476 91.5916 276.209 91.9555
276.209 91.9555 296.47 89.9698 326.943 83.7855
350.662 93.6305 336.093 92.9545 323.529 92.5918
102.761 93.0544 68.9682 93.2213 36.1194 93.824
152.582 92.7609 102.761 93.0544 68.9682 93.2213
186.692 92.6279 22.3777 92.7609 152.582 92.7609
186.692 92.6279 152.582 92.7609 102.761 93.0544
88.7755 92.52 186.692 92.6279 22.3777 92.7609
178.969 91.4051 88.7755 92.52 22.3777 92.7609
169.029 91.3397 178.969 91.4051 22.3777 92.7609
178.969 91.4051 169.029 91.3397 236.026 90.9803
22.3777 92.7609 152.582 92.7609 -3.88344 93.0315
-3.88344 93.0315 22.3777 92.7609 212.129 89.8105
70.3066 73.5944 258.914 76.5905 371.012 78.6669
258.914 76.5905 70.3066 73.5944 19.7859 72.5976
177.377 76.1102 242.557 77.5553 320.467 78.9066
70.3066 73.5944 177.377 76.1102 320.467 78.9066
177.377 76.1102 70.3066 73.5944 19.7859 72.5976
149.169 76.4074 242.557 77.5553 320.467 78.9066
242.557 77.5553 149.169 76.4074 12.1429 73.6467
161.528 76.6868 123.15 76.8281 223.943 77.6838
149.169 76.4074 161.528 76.6868 223.943 77.6838
161.528 76.6868 149.169 76.4074 12.1429 73.6467
231.432 79.381 300.36 80.2416 210.912 80.6272
166.469 77.9146 231.432 79.381 300.36 80.2416
128.341 77.046 83.3771 77.6012 166.469 77.9146
128.341 77.046 166.469 77.9146 300.36 80.2416
123.15 76.8281 128.341 77.046 300.36 80.2416
128.341 77.046 123.15 76.8281 89.2999 76.105
123.15 76.8281 161.528 76.6868 89.2999 76.105
83.3771 77.6012 9.10822 77.7285 23.156 78.2198
9.10822 77.7285 83.3771 77.6012 128.341 77.046
107.855 79.7513 286.096 82.6864 312.838 83.0707
312.838 83.0707 107.855 79.7513 23.156 78.2198
107.855 79.7513 39.7259 79.2057 23.156 78.2198
50.7422 83.4638 61.0709 86.2795 81.7175 87.0981
26.5655 80.692 50.7422 83.4638 61.0709 86.2795
39.7259 79.2057 58.6661 80.587 26.5655 80.692
23.156 78.2198 39.7259 79.2057 26.5655 80.692
9.10822 77.7285 23.156 78.2198 26.5655 80.692
61.0709 86.2795 26.5655 80.692 -0.773801 77.6182
26.5655 80.692 9.10822 77.7285 -0.773801 77.6182
108.596 87.0458 119.853 87.2569 29.1699 87.522
50.7422 83.4638 108.596 87.0458 119.853 87.2569
119.853 87.2569 50.7422 83.4638 26.5655 80.692
26.5655 80.692 99.0467 83.4231 143.449 86.8119
99.0467 83.4231 26.5655 80.692 58.6661 80.587
141.717 83.4291 58.6661 80.587 39.7259 79.2057
188.381 83.6525 71.6732 79.9209 39.7259 79.2057
71.6732 79.9209 107.855 79.7513 39.7259 79.2057
133.313 88.2262 159.207 88.6616 53.5919 90.8735
266.605 83.5522 133.313 88.2262 53.5919 90.8735
276.051 83.2745 266.605 83.5522 133.313 88.2262
312.838 83.0707 276.051 83.2745 133.313 88.2262
286.096 82.6864 312.838 83.0707 276.051 83.2745
276.051 83.2745 286.096 82.6864 198.63 81.6072
12.1957 90.9837 266.605 83.5522 276.051 83.2745
221.635 87.6607 159.207 88.6616 53.5919 90.8735
159.207 88.6616 221.635 87.6607 257.216 87.0382
221.635 87.6607 272.785 87.3676 257.216 87.0382
203.109 88.1306 221.635 87.6607 272.785 87.3676
242.557 77.5553 177.377 76.1102 0.954003 72.6402
37.8645 61.7631 32.8877 62.5076 9.37941 62.9969
17.0867 58.4208 37.8645 61.7631 9.37941 62.9969
9.37941 62.9969 17.0867 58.4208 -1.74215 57.76
17.0867 58.4208 66.922 58.3339 -1.74215 57.76
66.922 58.3339 62.2278 57.9031 46.7386 57.5808
121.935 59.4272 100.02 57.6402 1.23732 50.7705
100.02 57.6402 121.935 59.4272 132.354 60.2599
57.5286 52.0167 100.02 57.6402 132.354 60.2599
20.3509 49.0111 57.5286 52.0167 100.02 57.6402
28.5045 48.8428 20.3509 49.0111 57.5286 52.0167
20.3509 49.0111 28.5045 48.8428 47.7724 48.1471
28.5045 48.8428 66.4348 49.3358 76.9066 49.6333
47.7724 48.1471 28.5045 48.8428 66.4348 49.3358
36.0589 46.4758 47.7724 48.1471 66.4348 49.3358
66.4348 49.3358 36.0589 46.4758 10.6968 42.4296
139.693 62.2221 88.6549 66.0062 98.6029 66.201
139.693 62.2221 98.6029 66.201 78.4029 68.6186
88.6549 66.0062 139.693 62.2221 152.767 60.1456
128.839 69.3668 187.517 71.888 250.37 72.6879
143.037 69.0076 128.839 69.3668 250.37 72.6879
122.475 68.0948 143.037 69.0076 128.839 69.3668
109.652 67.8654 122.475 68.0948 128.839 69.3668
139.693 62.2221 109.652 67.8654 122.475 68.0948
122.475 68.0948 139.693 62.2221 152.767 60.1456
152.233 67.3889 122.475 68.0948 143.037 69.0076
156.966 66.9452 173.651 67.3853 152.233 67.3889
156.966 66.9452 152.233 67.3889 122.475 68.0948
177.1 66.7331 156.966 66.9452 173.651 67.3853
173.651 67.3853 177.1 66.7331 231.853 66.2577
207.105 68.4089 203.265 68.5124 219.774 69.666
203.265 68.5124 207.105 68.4089 152.233 67.3889
207.105 68.4089 241.628 68.6199 257.095 69.72
152.233 67.3889 207.105 68.4089 241.628 68.6199
241.628 68.6199 152.233 67.3889 173.651 67.3853
161.073 63.3054 177.1 66.7331 156.966 66.9452
177.1 66.7331 161.073 63.3054 170.968 61.7771
358.009 77.4677 301.799 71.4202 89.1974 49.5584
