19.9689 21.2222 24.7435 24.1293 27.5669 26.095
24.7435 24.1293 19.9689 21.2222 2.12431 10.3314
19.9689 21.2222 10.2417 15.5807 2.12431 10.3314
28.8799 14.7969 65.5265 20.764 69.0806 21.3311
2.12431 10.3314 28.8799 14.7969 69.0806 21.3311
69.0806 21.3311 2.12431 10.3314 1.98049 10.3073
28.128 27.6161 22.6923 27.6355 30.7108 28.9429
26.977 26.8874 28.128 27.6161 30.7108 28.9429
25.5437 25.6311 26.977 26.8874 30.7108 28.9429
10.2417 15.5807 23.3955 24.3847 25.5437 25.6311
10.2417 15.5807 25.5437 25.6311 30.7108 28.9429
2.12431 10.3314 10.2417 15.5807 23.3955 24.3847
23.3955 24.3847 2.12431 10.3314 1.98049 10.3073
27.5669 26.095 30.8921 27.381 33.5841 29.1677
24.7435 24.1293 27.5669 26.095 30.8921 27.381
23.8285 23.4034 24.7435 24.1293 30.8921 27.381
19.0564 20.3863 23.8285 23.4034 24.7435 24.1293
18.1518 19.1739 19.0564 20.3863 23.8285 23.4034
12.7904 14.813 18.1518 19.1739 23.8285 23.4034
12.5853 14.556 12.7904 14.813 23.8285 23.4034
8.32604 13.1737 12.5853 14.556 12.7904 14.813
12.0411 12.9814 8.32604 13.1737 12.5853 14.556
8.32604 13.1737 12.0411 12.9814 10.3566 12.4586
22.3099 16.1309 35.9564 20.3567 66.0811 29.6953
16.6804 14.0397 21.7471 15.62 22.3099 16.1309
66.0811 29.6953 22.3099 16.1309 12.0411 12.9814
22.3099 16.1309 16.6804 14.0397 12.0411 12.9814
16.6804 14.0397 19.0691 14.4463 24.4129 15.8986
12.0411 12.9814 16.6804 14.0397 19.0691 14.4463
19.0691 14.4463 12.0411 12.9814 10.3566 12.4586
49.5082 24.3556 53.0773 25.4383 66.3183 29.4145
27.455 17.4606 49.5082 24.3556 66.3183 29.4145
49.5082 24.3556 27.455 17.4606 22.3099 16.1309
27.455 17.4606 47.1042 23.1627 56.3133 25.7867
56.3133 25.7867 27.455 17.4606 21.7471 15.62
27.455 17.4606 22.3099 16.1309 21.7471 15.62
19.0564 20.3863 18.1518 19.1739 15.5925 17.3594
46.1458 22.2766 49.1824 23.3008 56.3133 25.7867
37.8444 19.4113 46.1458 22.2766 56.3133 25.7867
34.3988 18.5325 37.8444 19.4113 56.3133 25.7867
56.3133 25.7867 34.3988 18.5325 22.1562 14.645
60.3283 27.2516 66.1379 29.0699 69.5456 29.8936
47.1042 23.1627 56.3133 25.7867 60.3283 27.2516
47.1042 23.1627 60.3283 27.2516 66.1379 29.0699
66.1379 29.0699 47.1042 23.1627 42.1609 21.8523
41.2824 19.9635 49.1824 23.3008 56.3133 25.7867
41.2824 19.9635 56.3133 25.7867 60.3283 27.2516
49.1824 23.3008 41.2824 19.9635 39.734 19.6337
60.9239 26.1081 61.6853 26.3662 70.9171 29.1913
60.8628 26.0358 60.9239 26.1081 70.9171 29.1913
49.9886 22.4987 60.8628 26.0358 60.9239 26.1081
46.1465 21.097 48.7606 22.0435 49.9886 22.4987
60.9239 26.1081 49.9886 22.4987 41.2824 19.9635
49.9886 22.4987 46.1465 21.097 41.2824 19.9635
56.2372 23.3443 73.0047 26.7036 72.9183 26.7796
56.2372 23.3443 72.9183 26.7796 84.1281 29.2758
46.1465 21.097 56.2372 23.3443 73.0047 26.7036
41.2824 19.9635 46.1465 21.097 73.0047 26.7036
73.0047 26.7036 41.2824 19.9635 39.734 19.6337
61.6853 26.3662 62.4735 26.871 63.8584 27.3113
62.4735 26.871 61.6853 26.3662 60.9239 26.1081
49.9886 22.4987 70.0478 27.998 75.0632 29.4036
70.0478 27.998 49.9886 22.4987 48.7606 22.0435
51.5587 22.4907 62.7804 25.111 73.909 27.7091
73.909 27.7091 51.5587 22.4907 46.1465 21.097
51.5587 22.4907 48.7606 22.0435 46.1465 21.097
62.7804 25.111 63.6869 25.4159 69.2471 27.139
63.6869 25.4159 62.7804 25.111 51.5587 22.4907
56.2372 23.3443 66.7966 25.7959 82.7895 29.5125
82.7895 29.5125 56.2372 23.3443 46.1465 21.097
37.8444 19.4113 34.3988 18.5325 22.1345 14.2093
75.4972 24.9961 73.7343 24.9976 73.0047 26.7036
75.4972 24.9961 73.0047 26.7036 72.9183 26.7796
83.3941 24.8921 75.4972 24.9961 73.7343 24.9976
72.0581 24.8543 83.3941 24.8921 73.7343 24.9976
70.2346 24.7695 72.0581 24.8543 73.7343 24.9976
68.5559 24.6855 70.2346 24.7695 72.0581 24.8543
69.9342 24.29 68.5559 24.6855 72.0581 24.8543
55.953 20.1284 69.9342 24.29 72.0581 24.8543
53.7799 19.6137 56.3282 20.0568 55.953 20.1284
53.7799 19.6137 55.953 20.1284 69.9342 24.29
56.3282 20.0568 53.7799 19.6137 34.1615 16.1061
53.7799 19.6137 46.208 18.3718 34.1615 16.1061
66.8798 25.2814 68.5682 25.4018 70.18 25.842
68.9958 24.831 66.8798 25.2814 68.5682 25.4018
70.2346 24.7695 68.9958 24.831 68.5682 25.4018
68.5559 24.6855 70.2346 24.7695 68.9958 24.831
68.9958 24.831 68.5559 24.6855 57.5292 21.099
65.8477 24.285 68.9958 24.831 66.8798 25.2814
66.1354 24.1923 65.8477 24.285 68.9958 24.831
55.9171 21.6917 66.1354 24.1923 68.9958 24.831
68.9958 24.831 55.9171 21.6917 45.5942 19.1455
62.5082 23.7268 66.1354 24.1923 65.8477 24.285
56.7257 22.7812 62.5082 23.7268 65.8477 24.285
62.5082 23.7268 56.7257 22.7812 50.6078 21.4748
34.1301 17.1755 55.9171 21.6917 66.1354 24.1923
55.9171 21.6917 34.1301 17.1755 32.4057 16.6557
68.5559 24.6855 69.9342 24.29 67.9224 23.8633
53.7799 19.6137 46.208 18.3718 39.4249 17.3191
58.7784 20.6592 64.8426 21.64 64.4839 22.4186
55.953 20.1284 58.7784 20.6592 64.8426 21.64
56.3282 20.0568 55.953 20.1284 64.8426 21.64
64.8426 21.64 56.3282 20.0568 55.0102 19.4243
79.9375 24.453 81.7341 24.4967 83.3941 24.8921
81.7341 24.4967 79.9375 24.453 72.2871 24.2142
93.71 26.126 87.3634 26.1602 97.8738 26.7362
88.86 26.0513 93.71 26.126 87.3634 26.1602
88.5271 26.0501 88.86 26.0513 87.3634 26.1602
85.2637 25.2973 88.5271 26.0501 88.86 26.0513
75.4972 24.9961 77.3543 25.2579 85.2637 25.2973
83.3941 24.8921 75.4972 24.9961 85.2637 25.2973
83.3941 24.8921 85.2637 25.2973 88.86 26.0513
81.7341 24.4967 83.3941 24.8921 88.86 26.0513
88.86 26.0513 81.7341 24.4967 71.9205 22.1562
95.2199 27.8013 95.2978 27.904 96.5387 27.9666
77.3543 25.2579 95.2199 27.8013 96.5387 27.9666
95.2199 27.8013 77.3543 25.2579 75.4972 24.9961
93.71 26.126 88.86 26.0513 88.587 25.427
82.7052 27.2849 95.2978 27.904 96.5387 27.9666
83.2838 27.1771 77.1926 27.2 82.7052 27.2849
83.2838 27.1771 82.7052 27.2849 95.2978 27.904
77.1926 27.2 83.2838 27.1771 77.9857 27.006
87.2484 28.9969 87.3951 29.4861 91.1375 29.7841
86.9774 28.8955 87.2484 28.9969 91.1375 29.7841
82.3594 28.0251 86.9774 28.8955 87.2484 28.9969
80.24 27.497 83.8283 27.7191 82.3594 28.0251
87.2484 28.9969 82.3594 28.0251 77.1926 27.2
82.3594 28.0251 80.24 27.497 77.1926 27.2
80.24 27.497 82.7052 27.2849 77.1926 27.2
82.3594 28.0251 85.5511 28.0279 92.1503 28.7418
85.5511 28.0279 82.3594 28.0251 83.8283 27.7191
90.7036 27.4124 95.2199 27.8013 95.2978 27.904
95.2199 27.8013 90.7036 27.4124 85.2126 26.5389
75.0632 29.4036 70.0478 27.998 66.6196 27.0034
30.8921 27.381 27.8783 24.9192 18.702 17.8439
27.8783 24.9192 30.8921 27.381 33.5841 29.1677
23.9433 21.5191 27.8783 24.9192 33.5841 29.1677
27.8783 24.9192 23.9433 21.5191 17.2552 15.9824
23.9433 21.5191 21.7961 19.5555 17.2552 15.9824
25.884 21.9912 26.4109 22.2412 27.336 23.7826
21.7961 19.5555 25.884 21.9912 27.336 23.7826
25.884 21.9912 21.7961 19.5555 17.2552 15.9824
26.9539 22.5669 29.2899 24.2382 32.5842 25.8004
29.2899 24.2382 26.9539 22.5669 26.4109 22.2412
26.9539 22.5669 33.0736 25.2823 37.2229 27.5964
26.4109 22.2412 26.9539 22.5669 33.0736 25.2823
33.0736 25.2823 26.4109 22.2412 25.884 21.9912
37.9508 27.8449 40.2452 28.0881 40.6238 28.3467
37.9508 27.8449 40.6238 28.3467 42.0888 28.6828
37.2229 27.5964 37.9508 27.8449 40.2452 28.0881
33.0736 25.2823 37.2229 27.5964 40.2452 28.0881
35.0405 25.1025 33.0736 25.2823 40.2452 28.0881
30.8458 23.6776 35.0405 25.1025 33.0736 25.2823
26.271 20.4701 30.8458 23.6776 33.0736 25.2823
33.0736 25.2823 26.271 20.4701 20.4554 16.4097
52.9152 29.5438 49.7876 29.0711 40.6238 28.3467
56.1899 29.6333 49.7876 29.0711 40.2452 28.0881
49.7876 29.0711 40.6238 28.3467 40.2452 28.0881
22.5852 17.0117 26.271 20.4701 30.8458 23.6776
26.271 20.4701 22.5852 17.0117 21.0508 16.4775
44.153 27.5576 50.7262 27.6554 48.642 27.9572
44.153 27.5576 48.642 27.9572 49.3253 28.246
44.153 27.5576 49.3253 28.246 60.9737 29.954
42.4243 27.3397 44.153 27.5576 60.9737 29.954
35.0405 25.1025 42.4243 27.3397 44.153 27.5576
30.8458 23.6776 35.0405 25.1025 44.153 27.5576
30.8357 23.286 30.8458 23.6776 44.153 27.5576
30.2989 22.3814 30.8357 23.286 30.8458 23.6776
34.1293 22.0949 30.2989 22.3814 30.8357 23.286
29.9575 21.753 34.1293 22.0949 30.2989 22.3814
30.2989 22.3814 29.9575 21.753 25.4566 17.4957
57.6142 29.3462 49.3253 28.246 48.642 27.9572
36.3392 21.2374 29.9575 21.753 34.1293 22.0949
35.9966 20.859 36.3392 21.2374 29.9575 21.753
29.9575 21.753 35.9966 20.859 32.3555 20.6231
43.4039 23.1927 36.3392 21.2374 35.9966 20.859
60.2145 28.5972 61.4277 28.7963 62.4967 29.2562
48.642 27.9572 60.2145 28.5972 62.4967 29.2562
50.7262 27.6554 48.642 27.9572 60.2145 28.5972
46.8988 27.1816 46.562 27.3518 50.7262 27.6554
46.8988 27.1816 50.7262 27.6554 60.2145 28.5972
46.562 27.3518 46.8988 27.1816 45.3525 26.8546
49.8668 26.7607 60.2145 28.5972 61.4277 28.7963
60.2145 28.5972 49.8668 26.7607 43.7143 25.9567
53.4145 27.0152 56.5113 27.071 57.8788 27.6906
49.8668 26.7607 53.4145 27.0152 57.8788 27.6906
43.7143 25.9567 49.8668 26.7607 53.4145 27.0152
44.1025 25.8169 43.7143 25.9567 53.4145 27.0152
45.7489 25.221 44.1025 25.8169 43.7143 25.9567
47.6999 24.5819 45.7489 25.221 44.1025 25.8169
45.5688 24.5816 47.6999 24.5819 45.7489 25.221
43.2122 24.5191 45.5688 24.5816 47.6999 24.5819
47.6999 24.5819 43.2122 24.5191 35.3889 23.7112
56.5113 27.071 53.4145 27.0152 47.9402 25.6268
22.2573 23.857 23.3955 24.3847 25.5437 25.6311
17.4837 21.3432 22.2573 23.857 25.5437 25.6311
15.2499 20.3402 17.4837 21.3432 25.5437 25.6311
14.3611 19.8721 15.2499 20.3402 17.4837 21.3432
17.4837 21.3432 14.3611 19.8721 12.7782 19.0194
24.4515 26.2188 18.0821 22.1872 14.3611 19.8721
18.0821 22.1872 15.2499 20.3402 14.3611 19.8721
23.5519 25.1701 18.0821 22.1872 15.2499 20.3402
18.6066 24.9983 15.1567 25.1188 17.219 25.2375
18.6066 24.9983 17.219 25.2375 18.328 25.4171
18.6066 24.9983 18.328 25.4171 22.283 28.4364
15.8883 21.9644 18.6066 24.9983 22.283 28.4364
18.6066 24.9983 15.8883 21.9644 12.7782 19.0194
15.8883 21.9644 14.3611 19.8721 12.7782 19.0194
18.3837 26.3086 20.1669 27.3194 21.2092 28.1223
18.328 25.4171 18.3837 26.3086 20.1669 27.3194
18.3837 26.3086 18.328 25.4171 17.219 25.2375
21.9625 25.919 18.0465 22.4136 15.8883 21.9644
18.0465 22.4136 22.4091 25.1948 25.4512 27.1665
22.4091 25.1948 18.0465 22.4136 14.3611 19.8721
18.0465 22.4136 15.8883 21.9644 14.3611 19.8721
5.47819 27.9405 4.38242 28.7181 2.21383 29.308
4.49136 27.7785 5.47819 27.9405 2.21383 29.308
3.1504 26.8163 4.49136 27.7785 5.47819 27.9405
7.35164 26.3535 3.1504 26.8163 5.47819 27.9405
10.3411 25.7758 7.35164 26.3535 3.1504 26.8163
16.1108 25.3408 9.91223 25.7143 10.3411 25.7758
16.1108 25.3408 10.3411 25.7758 7.35164 26.3535
17.219 25.2375 16.1108 25.3408 7.35164 26.3535
15.1567 25.1188 17.219 25.2375 16.1108 25.3408
16.1108 25.3408 15.1567 25.1188 6.88509 23.3604
10.0123 28.1631 4.38242 28.7181 2.21383 29.308
4.38242 28.7181 10.0123 28.1631 14.4886 27.3444
10.0123 28.1631 10.7734 29.1215 11.1402 29.3006
11.1402 29.3006 10.0123 28.1631 14.4886 27.3444
1.67335 26.219 3.1504 26.8163 4.49136 27.7785
3.1504 26.8163 1.67335 26.219 2.39217 26.0765
7.84371 25.5021 9.91223 25.7143 10.3411 25.7758
10.3411 25.7758 7.84371 25.5021 1.95176 24.914
2.77469 24.5975 7.84371 25.5021 9.91223 25.7143
3.34961 24.5967 2.77469 24.5975 9.91223 25.7143
4.89409 24.5576 3.34961 24.5967 2.77469 24.5975
2.96567 24.4982 4.89409 24.5576 2.77469 24.5975
6.42571 21.9199 2.96567 24.4982 2.77469 24.5975
2.96567 24.4982 6.42571 21.9199 8.12077 21.7677
8.83182 23.2352 8.12077 21.7677 8.20534 21.4431
1.8866 23.292 0.856914 23.5218 0.509528 23.7279
2.79448 22.0301 0.93338 22.9607 1.8866 23.292
6.42571 21.9199 2.79448 22.0301 1.8866 23.292
6.42571 21.9199 1.8866 23.292 0.509528 23.7279
8.12077 21.7677 6.42571 21.9199 2.79448 22.0301
2.79448 22.0301 8.12077 21.7677 8.20534 21.4431
0.509528 23.7279 0.344048 26.164 0.785944 29.872
1.03322 20.1012 0.856914 23.5218 0.509528 23.7279
0.186529 18.5044 1.03322 20.1012 0.509528 23.7279
0.186529 18.5044 0.509528 23.7279 0.344048 26.164
1.03322 20.1012 0.186529 18.5044 0.841907 17.1259
3.60259 21.2892 4.47277 21.5897 2.79448 22.0301
3.60259 21.2892 2.79448 22.0301 0.93338 22.9607
4.47277 21.5897 3.60259 21.2892 2.35767 17.7419
13.9287 24.2889 18.6066 24.9983 15.1567 25.1188
12.5476 23.6294 13.9287 24.2889 15.1567 25.1188
10.0598 21.4309 12.5476 23.6294 13.9287 24.2889
7.13664 19.5212 10.0598 21.4309 12.5476 23.6294
12.5476 23.6294 7.13664 19.5212 0.351844 15.1601
10.0598 21.4309 10.564 21.5127 14.9396 22.967
7.13664 19.5212 10.0598 21.4309 10.564 21.5127
6.35264 18.7577 7.13664 19.5212 10.564 21.5127
7.13664 19.5212 6.35264 18.7577 3.34896 15.9136
18.6066 24.9983 13.9287 24.2889 14.2932 23.7549
22.2573 23.857 17.4837 21.3432 8.44029 16.4862
13.2724 18.5282 22.2573 23.857 23.3955 24.3847
23.3955 24.3847 13.2724 18.5282 13.4518 18.3554
8.7052 15.6988 13.9181 18.3256 13.4518 18.3554
8.7052 15.6988 13.4518 18.3554 13.2724 18.5282
8.7052 15.6988 13.2724 18.5282 13.1707 18.7738
6.77808 14.4065 7.97076 14.9188 8.7052 15.6988
6.77808 14.4065 8.7052 15.6988 13.1707 18.7738
1.95498 12.1509 6.77808 14.4065 7.97076 14.9188
6.77808 14.4065 1.95498 12.1509 0.292755 11.8143
8.7052 15.6988 7.97076 14.9188 8.13514 14.6618
70.9884 21.4792 69.0806 21.3311 57.0884 19.222
75.5166 22.2464 78.1305 22.665 99.984 26.2579
70.9884 21.4792 74.4007 22.0409 75.5166 22.2464
69.0806 21.3311 70.9884 21.4792 75.5166 22.2464
69.0806 21.3311 75.5166 22.2464 99.984 26.2579
99.984 26.2579 69.0806 21.3311 5.86291 11.2793
69.0806 21.3311 65.5265 20.764 5.86291 11.2793
93.0947 24.6434 96.8401 25.549 99.3883 25.848
88.272 24.1577 93.0947 24.6434 96.8401 25.549
80.6644 23.066 85.2659 23.373 88.272 24.1577
80.6644 23.066 88.272 24.1577 96.8401 25.549
78.1305 22.665 80.6644 23.066 85.2659 23.373
85.2659 23.373 78.1305 22.665 75.5166 22.2464
70.9884 21.4792 48.1174 17.6585 29.3254 14.5432
48.1174 17.6585 70.9884 21.4792 74.4007 22.0409
14.0311 11.9439 48.1174 17.6585 74.4007 22.0409
74.4007 22.0409 14.0311 11.9439 7.0572 10.7665
14.0311 11.9439 31.5913 15.056 38.4069 16.2209
31.5913 15.056 14.0311 11.9439 7.0572 10.7665
38.4069 16.2209 31.5913 15.056 17.0371 12.649
53.686 18.1344 74.4007 22.0409 75.5166 22.2464
35.9347 14.9057 53.686 18.1344 74.4007 22.0409
74.4007 22.0409 35.9347 14.9057 32.8928 14.4424
65.1504 19.3141 68.3939 19.4904 77.1941 20.7915
63.4649 19.1276 65.1504 19.3141 77.1941 20.7915
55.3373 17.8445 63.4649 19.1276 65.1504 19.3141
35.9347 14.9057 55.3373 17.8445 65.1504 19.3141
32.8928 14.4424 35.9347 14.9057 65.1504 19.3141
21.952 12.7425 32.8928 14.4424 65.1504 19.3141
22.9894 12.676 27.3811 12.7012 21.952 12.7425
16.0432 11.4646 22.9894 12.676 21.952 12.7425
6.02614 10.2785 16.0432 11.4646 21.952 12.7425
6.02614 10.2785 21.952 12.7425 32.8928 14.4424
7.49095 10.1508 6.02614 10.2785 16.0432 11.4646
16.0432 11.4646 7.49095 10.1508 6.50902 9.95971
78.1716 22.4254 63.0617 19.745 35.9347 14.9057
63.0617 19.745 53.686 18.1344 35.9347 14.9057
65.5071 19.672 74.5024 20.9066 75.2035 21.0486
65.4821 19.4691 65.5071 19.672 74.5024 20.9066
63.4649 19.1276 65.4821 19.4691 74.5024 20.9066
65.4821 19.4691 63.4649 19.1276 55.3373 17.8445
3.48043 9.86203 7.49095 10.1508 6.02614 10.2785
3.48043 9.86203 6.02614 10.2785 25.8575 13.5236
7.49095 10.1508 3.48043 9.86203 1.96138 9.61175
31.5308 14.6623 49.3388 17.6104 49.741 17.703
19.4514 12.7339 31.5308 14.6623 49.741 17.703
8.40617 10.8278 19.4514 12.7339 31.5308 14.6623
4.28693 10.0333 8.40617 10.8278 31.5308 14.6623
3.48043 9.86203 4.28693 10.0333 31.5308 14.6623
4.28693 10.0333 3.48043 9.86203 1.96138 9.61175
22.9894 12.676 16.0432 11.4646 1.82141 8.71574
25.7054 12.2818 25.3171 12.5806 22.9894 12.676
34.7679 12.0036 25.7054 12.2818 25.3171 12.5806
34.3715 11.9721 34.7679 12.0036 25.7054 12.2818
30.2661 11.5 34.3715 11.9721 34.7679 12.0036
24.5745 10.7635 30.2661 11.5 34.7679 12.0036
34.7679 12.0036 24.5745 10.7635 1.36591 7.93754
24.5745 10.7635 7.02785 8.63015 1.36591 7.93754
14.3652 9.54661 7.02785 8.63015 1.36591 7.93754
32.3189 13.0562 36.1361 13.0684 27.5092 13.1022
26.3224 12.8807 32.3189 13.0562 27.5092 13.1022
27.3811 12.7012 26.3224 12.8807 32.3189 13.0562
25.3171 12.5806 22.9894 12.676 27.3811 12.7012
32.3189 13.0562 27.3811 12.7012 29.407 12.4121
27.3811 12.7012 25.3171 12.5806 29.407 12.4121
15.7315 10.7672 30.2661 11.5 34.3715 11.9721
30.2661 11.5 15.7315 10.7672 16.4158 10.417
30.2661 11.5 24.5745 10.7635 1.30877 8.30271
35.9993 13.005 32.3189 13.0562 36.1361 13.0684
35.9993 13.005 36.1361 13.0684 44.2666 15.9954
39.9329 12.7227 35.9993 13.005 32.3189 13.0562
40.5708 12.1239 39.9329 12.7227 32.3189 13.0562
38.4978 11.559 40.5708 12.1239 32.3189 13.0562
38.6595 11.5323 38.4978 11.559 40.5708 12.1239
26.2928 7.24162 38.6595 11.5323 40.5708 12.1239
38.6595 11.5323 26.2928 7.24162 25.0497 6.93017
27.9205 7.73506 26.2928 7.24162 25.9032 6.87709
26.2928 7.24162 25.0497 6.93017 25.9032 6.87709
25.0497 6.93017 31.9049 9.69038 33.5197 10.1194
23.8271 6.45474 25.9032 6.87709 25.0497 6.93017
23.8271 6.45474 25.0497 6.93017 31.9049 9.69038
31.9049 9.69038 23.8271 6.45474 12.3311 1.91091
33.9539 11.0122 38.6595 11.5323 38.4978 11.559
28.7261 10.637 33.9539 11.0122 38.4978 11.559
33.9539 11.0122 28.7261 10.637 23.9155 9.96374
15.1644 8.67677 33.9539 11.0122 38.6595 11.5323
33.9539 11.0122 15.1644 8.67677 9.00169 7.98488
15.1644 8.67677 19.8845 9.18195 32.2204 10.5491
9.00169 7.98488 15.1644 8.67677 19.8845 9.18195
19.8845 9.18195 9.00169 7.98488 4.71199 7.27839
26.6006 8.38821 31.9049 9.69038 33.5197 10.1194
17.3137 5.97238 26.6006 8.38821 31.9049 9.69038
31.9049 9.69038 17.3137 5.97238 17.3605 5.86539
17.4812 6.61582 19.1187 6.75687 25.4278 8.42545
17.3325 6.548 17.4812 6.61582 19.1187 6.75687
17.3137 5.97238 17.3325 6.548 19.1187 6.75687
16.9456 5.59104 18.3279 5.75008 17.3605 5.86539
16.9456 5.59104 17.3605 5.86539 17.3137 5.97238
16.9456 5.59104 17.3137 5.97238 17.3325 6.548
4.18849 3.58163 16.9456 5.59104 18.3279 5.75008
2.43374 3.30653 4.18849 3.58163 16.9456 5.59104
1.80967 2.91699 2.43374 3.30653 4.18849 3.58163
9.08049 2.50156 1.80967 2.91699 4.18849 3.58163
1.80967 2.91699 9.08049 2.50156 9.52913 2.03618
2.43374 3.30653 2.16769 5.3752 2.1213 6.12002
2.16769 5.3752 2.43374 3.30653 1.80967 2.91699
17.4812 6.61582 22.431 8.653 23.5769 8.92218
22.431 8.653 17.4812 6.61582 14.0282 5.40505
17.4812 6.61582 17.3325 6.548 14.0282 5.40505
13.9352 7.57752 22.431 8.653 23.5769 8.92218
13.0145 7.41706 13.9352 7.57752 22.431 8.653
22.431 8.653 13.0145 7.41706 14.8558 7.28225
2.1213 6.12002 1.95568 6.27053 3.02688 6.57085
4.46168 4.55002 2.1213 6.12002 3.02688 6.57085
2.1213 6.12002 4.46168 4.55002 4.18991 4.27892
4.46168 4.55002 5.59198 4.36297 4.18991 4.27892
6.32421 5.45536 4.46168 4.55002 5.59198 4.36297
2.16769 5.3752 2.1213 6.12002 1.95568 6.27053
1.95568 6.27053 2.16769 5.3752 0.302374 4.69804
17.3605 5.86539 20.4175 6.1536 21.4569 6.58501
18.3279 5.75008 17.3605 5.86539 20.4175 6.1536
11.6417 3.85669 18.3279 5.75008 20.4175 6.1536
20.4175 6.1536 11.6417 3.85669 8.44291 2.92788
19.7685 4.42327 23.8271 6.45474 25.9032 6.87709
23.8271 6.45474 19.7685 4.42327 19.2737 4.40141
68.8728 19.2609 65.1504 19.3141 68.3939 19.4904
76.3695 19.1731 75.7195 19.1886 68.8728 19.2609
64.6959 19.1369 76.3695 19.1731 68.8728 19.2609
64.6959 19.1369 68.8728 19.2609 65.1504 19.3141
55.5667 15.6419 60.2827 17.34 64.6959 19.1369
55.5667 15.6419 64.6959 19.1369 65.1504 19.3141
51.265 14.221 55.5667 15.6419 65.1504 19.3141
55.5667 15.6419 51.265 14.221 30.1623 7.09481
51.265 14.221 36.1607 9.25887 30.1623 7.09481
75.9741 19.7539 75.7862 19.8506 80.5799 22.5827
75.7195 19.1886 75.9741 19.7539 75.7862 19.8506
75.9741 19.7539 75.7195 19.1886 76.3695 19.1731
39.2502 9.95486 30.1623 7.09481 24.8694 5.26853
36.1607 9.25887 41.5564 11.638 46.2868 13.0303
30.1623 7.09481 36.1607 9.25887 41.5564 11.638
24.8694 5.26853 30.1623 7.09481 41.5564 11.638
21.492 4.31599 24.8694 5.26853 41.5564 11.638
14.5547 1.60026 21.492 4.31599 24.8694 5.26853
24.8694 5.26853 14.5547 1.60026 14.1686 1.0308
21.492 4.31599 34.4262 9.4551 46.3497 14.1001
34.4262 9.4551 21.492 4.31599 14.5547 1.60026
46.2868 13.0303 46.7396 13.3277 45.2266 13.3734
41.5564 11.638 46.2868 13.0303 45.2266 13.3734
45.2266 13.3734 41.5564 11.638 41.3579 11.6271
46.3497 14.1001 34.4262 9.4551 12.0745 0.88924
49.5795 13.3289 55.5667 15.6419 60.2827 17.34
46.2465 12.1374 49.5795 13.3289 55.5667 15.6419
32.1738 6.89679 46.2465 12.1374 55.5667 15.6419
55.5667 15.6419 32.1738 6.89679 29.4996 5.92538
32.6514 6.95465 45.8738 8.60281 52.1128 9.54128
32.1738 6.89679 32.6514 6.95465 52.1128 9.54128
29.4996 5.92538 32.1738 6.89679 32.6514 6.95465
32.6514 6.95465 29.4996 5.92538 17.0966 1.58614
54.5578 15.0706 61.6324 17.2567 64.3623 18.6516
49.5795 13.3289 54.5578 15.0706 64.3623 18.6516
54.5578 15.0706 49.5795 13.3289 46.2465 12.1374
45.8738 8.60281 52.1128 9.54128 53.2983 9.68461
45.5798 8.37039 45.8738 8.60281 53.2983 9.68461
44.1129 8.08913 45.5798 8.37039 45.8738 8.60281
45.8738 8.60281 44.1129 8.08913 43.3128 8.06929
44.1129 8.08913 54.7598 8.25195 57.3431 8.49012
54.7598 8.25195 44.1129 8.08913 43.3128 8.06929
45.5798 8.37039 49.0758 8.58622 56.7188 9.57063
49.0758 8.58622 45.5798 8.37039 44.1129 8.08913
40.4089 6.6621 54.7598 8.25195 57.3431 8.49012
57.3431 8.49012 40.4089 6.6621 34.6228 5.88503
44.1818 7.53728 40.4089 6.6621 34.6228 5.88503
44.2653 8.64977 52.1128 9.54128 53.2983 9.68461
53.2983 9.68461 44.2653 8.64977 38.4771 8.31708
61.6324 17.2567 54.5578 15.0706 49.1764 12.8542
53.7065 13.3987 56.1123 14.6268 61.6324 17.2567
54.0285 13.3608 52.7707 13.3613 53.7065 13.3987
54.0285 13.3608 53.7065 13.3987 61.6324 17.2567
54.0285 13.3608 61.6324 17.2567 64.3623 18.6516
53.693 13.2991 54.0285 13.3608 52.7707 13.3613
52.7707 13.3613 53.693 13.2991 54.4294 10.4452
57.2766 14.5755 61.7606 14.6056 60.5695 14.6199
57.2766 14.5755 60.5695 14.6199 58.9308 15.6588
60.7266 14.4546 57.2766 14.5755 61.7606 14.6056
54.0285 13.3608 60.7266 14.4546 61.7606 14.6056
61.7606 14.6056 54.0285 13.3608 53.693 13.2991
52.7707 13.3613 53.7065 13.3987 53.496 13.9633
50.981 12.262 52.7707 13.3613 53.496 13.9633
46.5274 10.4535 50.981 12.262 53.496 13.9633
43.8878 9.26929 41.5789 9.38993 46.5274 10.4535
43.8878 9.26929 46.5274 10.4535 50.981 12.262
41.5789 9.38993 43.8878 9.26929 42.7422 9.08641
51.6011 10.0618 43.8878 9.26929 42.7422 9.08641
52.7707 13.3613 50.981 12.262 48.863 10.1534
64.9801 16.8703 66.9274 17.3021 66.3731 17.6643
64.3107 16.4975 64.9801 16.8703 66.3731 17.6643
62.3939 15.6548 63.4738 16.4662 64.3107 16.4975
62.4298 15.3876 62.3939 15.6548 64.3107 16.4975
62.4298 15.3876 64.3107 16.4975 64.9801 16.8703
61.3455 14.9484 66.4033 15.2211 62.4298 15.3876
61.3455 14.9484 62.4298 15.3876 62.3939 15.6548
60.5695 14.6199 61.3455 14.9484 62.3939 15.6548
61.7606 14.6056 60.5695 14.6199 61.3455 14.9484
63.8866 13.8837 61.7606 14.6056 61.3455 14.9484
65.6685 13.8102 63.8866 13.8837 61.3455 14.9484
56.6372 13.1402 65.6685 13.8102 63.8866 13.8837
58.3379 13.0152 56.6372 13.1402 65.6685 13.8102
60.6263 12.2364 58.3379 13.0152 56.6372 13.1402
56.6397 12.1968 60.6263 12.2364 56.6372 13.1402
60.6263 12.2364 56.6397 12.1968 57.0595 10.8146
65.661 17.9055 64.3107 16.4975 63.4738 16.4662
70.8197 17.5892 66.9274 17.3021 64.9801 16.8703
65.2294 15.6627 62.4298 15.3876 66.4033 15.2211
73.7348 21.2276 65.5071 19.672 61.9796 19.1471
65.5071 19.672 65.4821 19.4691 61.9796 19.1471
89.695 24.1513 88.272 24.1577 93.0947 24.6434
87.8204 23.923 89.695 24.1513 88.272 24.1577
68.744 14.0355 72.7528 16.0553 87.8204 23.923
68.744 14.0355 87.8204 23.923 88.272 24.1577
55.0957 7.13129 68.744 14.0355 88.272 24.1577
53.4557 6.14199 55.0957 7.13129 68.744 14.0355
49.7446 4.92019 53.4557 6.14199 55.0957 7.13129
43.8416 2.8576 49.7446 4.92019 55.0957 7.13129
40.0592 1.65952 43.8416 2.8576 55.0957 7.13129
43.8416 2.8576 40.0592 1.65952 36.1357 0.221216
89.695 24.1513 94.7644 24.5788 98.7841 25.0968
94.7644 24.5788 89.695 24.1513 87.8204 23.923
46.4857 4.73863 47.6838 4.81912 40.3941 5.16442
40.2929 2.12212 46.4857 4.73863 47.6838 4.81912
40.0592 1.65952 40.2929 2.12212 47.6838 4.81912
40.2929 2.12212 40.0592 1.65952 36.1357 0.221216
38.2992 1.50109 40.2929 2.12212 46.4857 4.73863
40.2929 2.12212 38.2992 1.50109 37.4853 1.11907
35.2528 1.76015 30.4148 1.84239 34.1502 1.96106
37.2573 1.67834 35.2528 1.76015 34.1502 1.96106
37.2573 1.67834 34.1502 1.96106 31.5884 2.28973
38.2992 1.50109 37.2573 1.67834 35.2528 1.76015
37.4853 1.11907 38.2992 1.50109 35.2528 1.76015
36.874 1.08161 37.4853 1.11907 35.2528 1.76015
33.4859 0.356589 29.9284 0.842183 36.874 1.08161
33.4859 0.356589 36.874 1.08161 37.4853 1.11907
29.9284 0.842183 33.4859 0.356589 29.5025 0.331161
36.6818 1.9065 37.1614 2.24778 40.0841 3.79819
37.2573 1.67834 36.6818 1.9065 40.0841 3.79819
40.0841 3.79819 37.2573 1.67834 38.2992 1.50109
24.6302 2.23321 34.1502 1.96106 30.4148 1.84239
25.7813 3.73423 36.6818 1.9065 37.2573 1.67834
35.9 2.34194 33.4 2.70954 27.5071 4.36171
33.4 2.70954 35.9 2.34194 36.6818 1.9065
35.9 2.34194 37.1614 2.24778 36.6818 1.9065
36.6623 4.35203 37.7192 5.5047 41.2544 5.68185
37.471 3.79307 36.6623 4.35203 41.2544 5.68185
35.9 2.34194 37.471 3.79307 36.6623 4.35203
37.471 3.79307 35.9 2.34194 37.1614 2.24778
47.8628 5.77119 41.2544 5.68185 44.493 5.68057
41.2544 5.68185 47.8628 5.77119 39.4952 5.87097
37.7192 5.5047 41.2544 5.68185 39.4952 5.87097
48.9113 7.15822 39.4952 5.87097 28.6614 4.83903
39.4952 5.87097 37.7192 5.5047 28.6614 4.83903
49.1358 6.45246 39.4952 5.87097 47.8628 5.77119
53.4557 6.14199 49.7446 4.92019 48.5731 3.74211
72.7528 16.0553 75.6234 17.1545 79.7563 19.5497
68.744 14.0355 72.7528 16.0553 75.6234 17.1545
62.4548 10.7236 68.744 14.0355 75.6234 17.1545
68.744 14.0355 62.4548 10.7236 42.7431 0.548957
62.4548 10.7236 53.0925 5.61991 42.7431 0.548957
53.0925 5.61991 61.7869 9.69751 64.5533 11.2165
61.7869 9.69751 53.0925 5.61991 42.7431 0.548957
59.6042 8.11702 61.7869 9.69751 64.5533 11.2165
55.8685 6.19849 59.6042 8.11702 61.7869 9.69751
49.5994 2.8275 55.8685 6.19849 61.7869 9.69751
48.2997 2.508 47.6462 2.50932 49.5994 2.8275
55.8685 6.19849 49.5994 2.8275 46.027 0.77449
49.5994 2.8275 48.2997 2.508 46.027 0.77449
45.7277 1.51405 48.2997 2.508 47.6462 2.50932
45.0233 1.12877 45.7277 1.51405 48.2997 2.508
43.7897 0.682942 45.0233 1.12877 45.7277 1.51405
45.0233 1.12877 43.7897 0.682942 44.1601 0.58648
53.1751 4.5604 55.8685 6.19849 59.6042 8.11702
55.8685 6.19849 53.1751 4.5604 51.3283 3.60468
67.7351 12.3067 75.6234 17.1545 79.7563 19.5497
65.2184 10.9598 67.7351 12.3067 75.6234 17.1545
75.6234 17.1545 65.2184 10.9598 50.0179 1.99648
61.4526 8.32415 63.8364 9.78508 65.2184 10.9598
56.1817 5.05448 61.4526 8.32415 63.8364 9.78508
53.1765 3.4196 56.1817 5.05448 61.4526 8.32415
54.0421 1.69611 53.1765 3.4196 56.1817 5.05448
53.1741 0.99624 54.0421 1.69611 53.1765 3.4196
53.1765 3.4196 53.1741 0.99624 52.951 0.330983
55.6014 2.47026 64.6295 8.16632 67.0067 9.64279
64.6295 8.16632 55.6014 2.47026 54.0421 1.69611
55.6014 2.47026 55.4655 2.30532 54.0421 1.69611
84.5253 11.7985 83.9387 11.9221 82.6222 12.0833
85.7466 10.6899 84.5253 11.7985 82.6222 12.0833
87.0749 10.1283 85.0709 10.5747 85.7466 10.6899
87.0749 10.1283 85.7466 10.6899 84.5253 11.7985
76.9234 10.0863 87.0749 10.1283 85.0709 10.5747
79.2556 10.05 76.9234 10.0863 87.0749 10.1283
79.7457 10.0194 79.2556 10.05 87.0749 10.1283
76.6585 9.46231 79.7457 10.0194 79.2556 10.05
74.2878 9.34823 76.6585 9.46231 79.2556 10.05
69.0399 9.02125 74.2878 9.34823 76.6585 9.46231
70.7133 8.81367 69.0399 9.02125 76.6585 9.46231
69.399 8.08697 70.7133 8.81367 69.0399 9.02125
65.8397 7.31064 69.399 8.08697 69.0399 9.02125
56.7818 2.87003 65.8397 7.31064 69.0399 9.02125
65.8397 7.31064 56.7818 2.87003 53.1741 0.99624
56.7818 2.87003 55.4655 2.30532 53.1741 0.99624
55.4655 2.30532 54.0421 1.69611 53.1741 0.99624
55.6014 2.47026 68.2261 10.0832 74.8887 14.2922
68.2261 10.0832 55.6014 2.47026 55.4655 2.30532
69.8209 10.5484 72.5587 12.3507 75.9114 14.5751
68.727 10.1205 69.8209 10.5484 75.9114 14.5751
59.6476 4.61966 68.727 10.1205 75.9114 14.5751
56.7818 2.87003 59.6476 4.61966 68.727 10.1205
59.6476 4.61966 56.7818 2.87003 55.4655 2.30532
74.3312 13.2532 72.5587 12.3507 69.8209 10.5484
75.8942 12.9214 78.952 13.7167 77.2586 13.9742
69.8209 10.5484 75.8942 12.9214 78.952 13.7167
78.952 13.7167 69.8209 10.5484 68.727 10.1205
79.6872 11.5472 79.7596 12.6391 78.9687 12.6546
80.8852 11.1818 76.9536 11.4545 79.6872 11.5472
80.8852 11.1818 79.6872 11.5472 79.7596 12.6391
82.0817 10.9594 80.8852 11.1818 76.9536 11.4545
85.7466 10.6899 79.3348 10.9138 82.0817 10.9594
85.7466 10.6899 82.0817 10.9594 80.8852 11.1818
79.3348 10.9138 85.7466 10.6899 85.0709 10.5747
69.1194 2.16587 79.5857 2.95334 93.1104 3.82421
55.5288 1.11781 60.006 1.44564 69.1194 2.16587
53.1741 0.99624 55.5288 1.11781 69.1194 2.16587
53.1741 0.99624 69.1194 2.16587 79.5857 2.95334
55.5288 1.11781 53.1741 0.99624 52.951 0.330983
88.6895 3.3576 69.1194 2.16587 60.006 1.44564
60.006 1.44564 87.368 3.12877 90.5002 3.41068
87.368 3.12877 60.006 1.44564 55.5288 1.11781
63.8364 9.78508 65.2184 10.9598 67.7351 12.3067
67.7351 12.3067 63.8364 9.78508 55.9298 4.60296
74.3235 1.92717 87.368 3.12877 90.5002 3.41068
90.5002 3.41068 74.3235 1.92717 69.4389 1.39175
69.4389 1.39175 74.3235 1.92717 80.4896 2.63791
80.4896 2.63791 69.4389 1.39175 61.8363 0.71998
69.4389 1.39175 76.6552 1.91225 92.7888 3.15424
61.8363 0.71998 69.4389 1.39175 76.6552 1.91225
64.1081 0.64245 61.8363 0.71998 76.6552 1.91225
61.8363 0.71998 64.1081 0.64245 64.7164 0.385976
80.5676 1.24452 88.7107 1.32174 87.0109 1.47399
80.5676 1.24452 87.0109 1.47399 92.8443 1.82155
79.5749 1.11494 80.5676 1.24452 88.7107 1.32174
66.4385 0.701354 79.5749 1.11494 88.7107 1.32174
64.1081 0.64245 66.4385 0.701354 79.5749 1.11494
66.4385 0.701354 64.1081 0.64245 64.7164 0.385976
80.1912 1.55042 80.5676 1.24452 79.5749 1.11494
91.9995 1.158 88.7107 1.32174 87.0109 1.47399
92.8062 0.882874 91.9995 1.158 88.7107 1.32174
93.3718 0.805519 92.8062 0.882874 88.7107 1.32174
95.271 0.702577 72.938 0.749313 93.3718 0.805519
95.271 0.702577 93.3718 0.805519 92.8062 0.882874
86.9813 0.506534 95.271 0.702577 72.938 0.749313
91.1314 0.287882 86.9813 0.506534 95.271 0.702577
86.9813 0.506534 91.1314 0.287882 81.5775 0.1587
91.1314 0.287882 92.9374 0.192801 81.5775 0.1587
93.3718 0.805519 78.6684 0.817087 82.7373 0.827689
78.6684 0.817087 93.3718 0.805519 72.938 0.749313
91.9995 1.158 94.2231 1.22319 94.5223 1.70011
94.2231 1.22319 91.9995 1.158 92.8062 0.882874
93.1104 3.82421 79.5857 2.95334 60.4838 2.00426
69.399 8.08697 65.8397 7.31064 63.9341 6.01415
71.4031 6.0966 69.399 8.08697 70.7133 8.81367
69.399 8.08697 71.4031 6.0966 69.9782 5.24742
67.4951 5.26058 67.9182 5.85465 68.5048 6.54495
69.9782 5.24742 67.4951 5.26058 68.5048 6.54495
67.4951 5.26058 69.9782 5.24742 71.7002 4.92609
72.5134 8.71579 71.4031 6.0966 71.7002 4.92609
71.4031 6.0966 69.9782 5.24742 71.7002 4.92609
65.1464 4.78057 67.9182 5.85465 68.5048 6.54495
68.5048 6.54495 65.1464 4.78057 63.5064 4.53375
67.9182 5.85465 67.4951 5.26058 66.047 3.64601
67.4951 5.26058 68.359 4.32596 66.047 3.64601
76.8528 7.89598 78.9675 9.2293 76.6585 9.46231
78.9675 9.2293 76.8528 7.89598 75.8127 6.89801
78.9675 9.2293 76.6585 9.46231 79.7457 10.0194
76.8338 6.66033 78.9675 9.2293 79.7457 10.0194
78.9675 9.2293 76.8338 6.66033 74.542 4.7467
76.8338 6.66033 79.4007 8.08673 79.7259 8.88125
74.542 4.7467 76.8338 6.66033 79.4007 8.08673
79.4007 8.08673 74.542 4.7467 74.4095 4.33007
73.6715 7.2818 74.542 4.7467 74.4095 4.33007
82.0427 9.43329 82.3847 9.53395 83.7338 9.54608
80.9354 9.14701 82.0427 9.43329 82.3847 9.53395
79.7259 8.88125 80.9354 9.14701 82.3847 9.53395
79.4007 8.08673 79.7259 8.88125 80.9354 9.14701
79.773 7.25854 79.4007 8.08673 80.9354 9.14701
79.4993 7.19852 81.1673 7.25135 79.773 7.25854
79.4993 7.19852 79.773 7.25854 79.4007 8.08673
77.953 5.19485 80.3844 6.35403 79.4993 7.19852
77.953 5.19485 79.4993 7.19852 79.4007 8.08673
77.7928 4.84979 77.953 5.19485 80.3844 6.35403
80.1795 3.70684 77.7928 4.84979 80.3844 6.35403
78.8603 3.67987 80.1795 3.70684 77.7928 4.84979
80.1795 3.70684 78.8603 3.67987 63.4938 3.25675
79.773 7.25854 84.3846 7.83368 86.4667 8.31695
84.3846 7.83368 79.773 7.25854 81.1673 7.25135
82.0843 5.34354 80.3844 6.35403 79.4993 7.19852
80.3844 6.35403 82.0843 5.34354 82.3943 3.75623
82.0843 5.34354 84.4047 5.26579 82.3943 3.75623
84.4047 5.26579 82.0843 5.34354 83.2939 5.7248
85.6907 5.10875 84.4047 5.26579 83.2939 5.7248
92.6758 4.2037 90.7075 4.51537 85.6907 5.10875
92.6758 4.2037 85.6907 5.10875 84.4047 5.26579
91.7188 4.20167 92.6758 4.2037 84.4047 5.26579
92.6758 4.2037 91.7188 4.20167 62.3988 2.32132
94.9144 4.78662 91.4556 5.43167 90.8431 5.77085
90.7075 4.51537 94.9144 4.78662 91.4556 5.43167
94.9144 4.78662 90.7075 4.51537 92.6758 4.2037
84.7878 7.03216 79.4993 7.19852 81.1673 7.25135
87.5723 6.78185 84.7878 7.03216 79.4993 7.19852
79.4993 7.19852 87.5723 6.78185 89.3896 6.35777
78.952 13.7167 78.0488 13.2191 72.2333 10.9329
78.952 13.7167 77.2586 13.9742 80.0019 14.0322
78.0488 13.2191 78.952 13.7167 80.0019 14.0322
80.0019 14.0322 78.0488 13.2191 70.4409 10.0028
61.8158 7.17384 64.6295 8.16632 67.0067 9.64279
64.6295 8.16632 61.8158 7.17384 61.477 6.9093
73.092 14.3432 73.6284 14.8077 86.2877 22.296
62.9325 8.10712 73.092 14.3432 73.6284 14.8077
61.8158 7.17384 62.9325 8.10712 73.092 14.3432
62.9325 8.10712 61.8158 7.17384 61.477 6.9093
91.0228 23.7577 94.7644 24.5788 98.7841 25.0968
91.0566 23.6271 91.0228 23.7577 98.7841 25.0968
91.0228 23.7577 91.0566 23.6271 94.1031 11.4324
91.0566 23.6271 91.5375 22.1355 94.1031 11.4324
96.048 8.91959 91.5375 22.1355 91.0566 23.6271
91.5375 22.1355 96.048 8.91959 96.9792 5.42489
94.5289 16.4257 93.8118 16.9817 93.6827 21.3067
94.8598 15.521 94.5289 16.4257 93.8118 16.9817
95.5691 12.5286 94.8598 15.521 93.8118 16.9817
96.048 8.91959 95.5691 12.5286 93.8118 16.9817
95.5691 12.5286 96.048 8.91959 96.9792 5.42489
98.033 4.43003 95.5691 12.5286 94.8598 15.521
94.8598 15.521 98.033 4.43003 98.8834 3.00073
92.4128 8.83013 80.1169 15.7663 78.291 16.3583
93.7082 8.13927 92.4128 8.83013 80.1169 15.7663
98.033 4.43003 93.7082 8.13927 92.4128 8.83013
92.4128 8.83013 98.033 4.43003 98.8834 3.00073
84.7878 15.9342 90.2053 11.2279 98.033 4.43003
90.2053 11.2279 93.7082 8.13927 98.033 4.43003
84.4592 15.9734 83.6296 17.3562 80.5946 18.7074
85.0967 15.3556 84.4592 15.9734 80.5946 18.7074
90.2053 11.2279 85.0967 15.3556 84.4592 15.9734
85.0967 15.3556 90.2053 11.2279 93.7082 8.13927
85.1695 16.7037 83.6296 17.3562 80.5946 18.7074
86.5826 15.83 85.1695 16.7037 83.6296 17.3562
88.119 14.6082 86.5826 15.83 83.6296 17.3562
93.1404 9.91404 88.119 14.6082 83.6296 17.3562
83.6296 17.3562 93.1404 9.91404 94.0666 9.02384
91.0301 15.1251 89.149 19.0405 88.4839 21.0613
91.4955 14.0335 91.0301 15.1251 89.149 19.0405
93.1404 9.91404 91.4955 14.0335 89.149 19.0405
94.0666 9.02384 93.1404 9.91404 91.4955 14.0335
91.4955 14.0335 94.0666 9.02384 96.256 6.14414
81.9332 18.8577 85.1695 16.7037 86.5826 15.83
91.0301 15.1251 91.2465 17.8388 91.6025 17.8583
91.6025 17.8583 91.0301 15.1251 91.4955 14.0335
87.7753 18.8392 89.149 19.0405 88.4839 21.0613
89.0911 18.608 87.7753 18.8392 89.149 19.0405
89.149 19.0405 89.0911 18.608 90.2059 16.0431
89.982 14.0727 88.119 14.6082 86.5826 15.83
88.119 14.6082 89.982 14.0727 91.5943 12.8925
82.9396 19.8785 89.982 14.0727 91.5943 12.8925
78.291 16.3583 80.1169 15.7663 82.0426 15.3094
96.5823 12.7304 94.8598 15.521 94.5289 16.4257
96.5075 11.018 97.563 12.7078 96.5823 12.7304
96.5075 11.018 96.5823 12.7304 94.8598 15.521
94.8598 15.521 96.5075 11.018 99.5489 2.34591
98.0143 21.3249 95.6625 22.0021 94.0126 22.1752
96.4222 20.7927 98.0143 21.3249 94.0126 22.1752
94.8578 20.5776 96.4222 20.7927 94.0126 22.1752
96.0676 15.4241 94.8578 20.5776 94.0126 22.1752
94.0126 22.1752 96.0676 15.4241 96.5823 12.7304
96.0676 15.4241 97.0687 12.7594 96.5823 12.7304
99.313 18.7747 97.0687 12.7594 97.563 12.7078
97.0687 12.7594 96.5823 12.7304 97.563 12.7078
96.24 22.9669 99.0497 23.0789 95.7621 23.1685
95.534 22.8071 96.24 22.9669 95.7621 23.1685
95.6625 22.0021 95.534 22.8071 96.24 22.9669
96.24 22.9669 95.6625 22.0021 98.0143 21.3249
98.9941 10.8429 96.5075 11.018 97.563 12.7078
96.5075 11.018 98.9941 10.8429 97.6191 10.234
98.9941 10.8429 99.7251 10.9899 99.6603 12.1604
97.6191 10.234 98.9941 10.8429 99.7251 10.9899
99.7251 10.9899 97.6191 10.234 99.4596 9.49007
96.4222 20.7927 94.8578 20.5776 96.5615 18.3608
98.0143 21.3249 96.4222 20.7927 97.4894 20.3496
