294 575
205 239
181 441
143 587
109 559
134 182
134 482
185 108
211 151
264 461
263 264
322 531
335 255
300 95
396 201
407 76
429 256
334 177
340 502
438 530
454 556
389 590
294 575

611 496
577 242
527 533
471 397
455 281
492 286
513 481
519 151
528 359
595 70
616 387
654 134
743 81
772 234
795 145
840 390
795 278
789 501
769 364
667 280
656 264
649 196
611 496

429 256
334 177
455 281
492 286



---------------------294 575
205 239
181 441
143 587
109 559
134 182
134 482
185 108
211 151
264 461
263 264
322 531
335 255
300 95
396 201
407 76
429 256
334 177
340 502
438 530
454 556
389 590
294 575

667 280
577 242
649 196
519 151
595 70
654 134
656 264
772 234
743 81
795 145
795 278
492 286
769 364
840 390
616 387
528 359
513 481
789 501
611 496
527 533
471 397
455 281
667 280

429 256
334 177
455 281
667 280



---------------------205 239
335 255
300 95
211 151
134 182
185 108
407 76
334 177
396 201
429 256
263 264
181 441
264 461
438 530
322 531
454 556
389 590
143 587
109 559
294 575
340 502
134 482
205 239

611 496
577 242
527 533
471 397
455 281
492 286
513 481
519 151
528 359
595 70
616 387
654 134
743 81
772 234
795 145
840 390
795 278
789 501
769 364
667 280
656 264
649 196
611 496

396 201
429 256
471 397
455 281



---------------------205 239
335 255
300 95
211 151
134 182
185 108
407 76
334 177
396 201
429 256
263 264
181 441
264 461
438 530
322 531
454 556
389 590
143 587
109 559
294 575
340 502
134 482
205 239

667 280
577 242
649 196
519 151
595 70
654 134
656 264
772 234
743 81
795 145
795 278
492 286
769 364
840 390
616 387
528 359
513 481
789 501
611 496
527 533
471 397
455 281
667 280

396 201
429 256
471 397
455 281



---------------------396 201
429 256
263 264
205 239
335 255
300 95
211 151
134 182
185 108
407 76
334 177
577 242
649 196
519 151
595 70
654 134
656 264
772 234
743 81
795 145
795 278
667 280
396 201

389 590
143 587
109 559
294 575
340 502
134 482
181 441
264 461
438 530
322 531
454 556
471 397
455 281
492 286
769 364
840 390
616 387
528 359
513 481
789 501
611 496
527 533
389 590

795 278
667 280
455 281
492 286



---------------------396 201
429 256
263 264
205 239
335 255
300 95
211 151
134 182
185 108
407 76
334 177
577 242
649 196
519 151
595 70
654 134
656 264
772 234
743 81
795 145
795 278
667 280
396 201

513 481
134 482
181 441
471 397
528 359
455 281
492 286
769 364
840 390
616 387
264 461
789 501
527 533
389 590
143 587
109 559
294 575
454 556
322 531
340 502
438 530
611 496
513 481

396 201
429 256
528 359
455 281



---------------------134 182
519 151
211 151
654 134
185 108
407 76
595 70
743 81
300 95
795 145
334 177
577 242
656 264
649 196
772 234
795 278
667 280
429 256
263 264
205 239
335 255
396 201
134 182

389 590
143 587
109 559
294 575
340 502
134 482
181 441
264 461
438 530
322 531
454 556
471 397
455 281
492 286
769 364
840 390
616 387
528 359
513 481
789 501
611 496
527 533
389 590

795 278
667 280
455 281
492 286



---------------------134 182
519 151
211 151
654 134
185 108
407 76
595 70
743 81
300 95
795 145
334 177
577 242
656 264
649 196
772 234
795 278
667 280
429 256
263 264
205 239
335 255
396 201
134 182

513 481
134 482
181 441
471 397
528 359
455 281
492 286
769 364
840 390
616 387
264 461
789 501
527 533
389 590
143 587
109 559
294 575
454 556
322 531
340 502
438 530
611 496
513 481

795 278
667 280
455 281
492 286



---------------------