13.7627 37.7381 7.23302 46.2339 8.20988 48.2262
7.09124 37.0018 13.7627 37.7381 7.23302 46.2339
11.0037 32.2596 7.09124 37.0018 13.7627 37.7381
11.8845 21.993 11.0037 32.2596 13.7627 37.7381
5.09434 17.7679 32.4962 20.7962 11.8845 21.993
5.09434 17.7679 11.8845 21.993 11.0037 32.2596
15.8679 15.0058 5.09434 17.7679 32.4962 20.7962
4.23069 10.2007 15.8679 15.0058 5.09434 17.7679
-7.25686 5.43856 4.23069 10.2007 5.09434 17.7679
-5.93196 0.492838 -7.25686 5.43856 4.23069 10.2007
-5.62902 -7.23051 -5.93196 0.492838 4.23069 10.2007
-22.7089 -9.94058 -5.62902 -7.23051 -5.93196 0.492838
-25.9778 -14.8572 -22.7089 -9.94058 -5.62902 -7.23051
-5.62902 -7.23051 -25.9778 -14.8572 -26.0132 -15.6073
-25.9778 -14.8572 -36.8859 -13.9001 -39.8706 -6.35255
-26.0132 -15.6073 -25.9778 -14.8572 -36.8859 -13.9001
-33.7775 -17.7488 -26.0132 -15.6073 -36.8859 -13.9001
-9.38467 -23.5043 -33.7775 -17.7488 -26.0132 -15.6073
3.46516 -26.5108 -9.38467 -23.5043 -26.0132 -15.6073
4.82391 -33.5801 3.46516 -26.5108 -9.38467 -23.5043
-6.94534 -37.1474 4.82391 -33.5801 -9.38467 -23.5043
4.82391 -33.5801 -6.94534 -37.1474 -0.415154 -40.7375
-26.2216 -30.2923 -6.94534 -37.1474 -0.415154 -40.7375
-24.3709 7.49282 -34.0854 10.1548 -19.4058 10.1632
-7.25686 5.43856 -24.3709 7.49282 -19.4058 10.1632
-7.25686 5.43856 -19.4058 10.1632 -19.2434 18.8847
-24.3709 7.49282 -7.25686 5.43856 -5.93196 0.492838
-44.7144 17.2221 -19.4058 10.1632 -34.0854 10.1548
15.8679 15.0058 4.23069 10.2007 34.1823 9.82872
7.23302 46.2339 8.20988 48.2262 6.90212 48.2524
-10.873 43.0406 7.23302 46.2339 6.90212 48.2524
7.23302 46.2339 -10.873 43.0406 -3.13344 37.1755
0.530444 30.3844 11.0037 32.2596 7.09124 37.0018
11.0037 32.2596 0.530444 30.3844 -29.3325 23.7581
0.530444 30.3844 -18.0313 28.2024 -29.3325 23.7581
-22.8202 33.4766 -18.0313 28.2024 -29.3325 23.7581
8.19774 -37.2169 4.82391 -33.5801 3.46516 -26.5108
4.82391 -33.5801 8.19774 -37.2169 13.0086 -43.8696
22.6173 -18.2123 30.0605 -17.1386 18.9623 -14.711
8.19774 -37.2169 22.6173 -18.2123 18.9623 -14.711
22.6173 -18.2123 8.19774 -37.2169 13.0086 -43.8696
34.7645 -6.23625 44.3556 -5.57642 44.3278 -3.1616
29.0317 -6.91921 34.7645 -6.23625 44.3556 -5.57642
39.627 -8.05345 29.0317 -6.91921 44.3556 -5.57642
30.0605 -17.1386 39.627 -8.05345 44.3556 -5.57642
44.3556 -5.57642 30.0605 -17.1386 31.1558 -22.0413
30.0605 -17.1386 22.6173 -18.2123 31.1558 -22.0413
31.9536 0.278878 34.7645 -6.23625 29.0317 -6.91921
