17.7989 67.3279 28.8707 68.5998 13.9535 69.3459
-0.0830424 66.5004 17.7989 67.3279 13.9535 69.3459
17.7989 67.3279 -0.0830424 66.5004 -1.38118 57.1183
17.8698 108.997 -1.13439 111.578 17.4088 116.302
6.99735 108.32 89.1675 108.623 60.9203 108.665
6.99735 108.32 60.9203 108.665 17.8698 108.997
6.99735 108.32 17.8698 108.997 -1.13439 111.578
-0.86771 96.0665 6.99735 108.32 -1.13439 111.578
-1.21185 93.3654 -0.86771 96.0665 -1.13439 111.578
-1.13439 111.578 -1.21185 93.3654 -1.38118 57.1183
-1.21185 93.3654 -0.0830424 66.5004 -1.38118 57.1183
50.5186 123.187 32.6919 123.655 56.274 123.796
37.5362 117.157 50.5186 123.187 56.274 123.796
30.257 109.531 48.5341 112.928 37.5362 117.157
17.8698 108.997 30.257 109.531 37.5362 117.157
17.8698 108.997 37.5362 117.157 50.5186 123.187
30.257 109.531 17.8698 108.997 60.9203 108.665
28.8707 68.5998 13.9535 69.3459 38.5568 72.083
23.2755 57.9132 28.8707 68.5998 38.5568 72.083
28.8707 68.5998 23.2755 57.9132 12.7428 57.045
23.2755 57.9132 46.2943 59.6926 73.8289 62.0452
12.7428 57.045 23.2755 57.9132 46.2943 59.6926
39.8638 56.8922 12.7428 57.045 46.2943 59.6926
30.1339 56.0189 39.8638 56.8922 12.7428 57.045
43.532 53.0682 30.1339 56.0189 39.8638 56.8922
31.858 52.2638 43.532 53.0682 30.1339 56.0189
0.0238074 51.4182 31.858 52.2638 30.1339 56.0189
31.858 52.2638 0.0238074 51.4182 9.59139 51.0844
12.3159 98.3019 29.0315 102.464 41.3937 107.371
-0.86771 96.0665 20.3171 97.0134 12.3159 98.3019
-0.86771 96.0665 12.3159 98.3019 41.3937 107.371
-1.21185 93.3654 -0.86771 96.0665 20.3171 97.0134
20.8034 91.3867 -1.21185 93.3654 20.3171 97.0134
8.94909 90.0908 32.9761 90.3265 20.8034 91.3867
8.94909 90.0908 20.8034 91.3867 -1.21185 93.3654
50.7973 88.4923 8.94909 90.0908 32.9761 90.3265
40.3995 88.0485 50.7973 88.4923 8.94909 90.0908
22.3977 83.5553 40.3995 88.0485 50.7973 88.4923
52.5241 82.3168 57.3575 83.5395 22.3977 83.5553
10.4075 82.062 52.5241 82.3168 22.3977 83.5553
10.4075 82.062 22.3977 83.5553 40.3995 88.0485
52.5241 82.3168 10.4075 82.062 28.9539 81.118
60.2755 91.6654 20.8034 91.3867 32.9761 90.3265
86.3913 87.1022 77.5962 87.1088 132.905 89.2314
72.5831 86.2516 86.3913 87.1022 77.5962 87.1088
22.3977 83.5553 72.5831 86.2516 77.5962 87.1088
72.5831 86.2516 22.3977 83.5553 57.3575 83.5395
119.861 83.0057 72.5831 86.2516 86.3913 87.1022
126.226 82.9332 119.861 83.0057 86.3913 87.1022
86.5649 80.4336 126.226 82.9332 119.861 83.0057
71.9177 80.194 86.5649 80.4336 119.861 83.0057
107.258 78.7091 -0.243948 79.1208 71.9177 80.194
107.258 78.7091 71.9177 80.194 86.5649 80.4336
139.174 78.3033 107.258 78.7091 86.5649 80.4336
100.122 78.2976 139.174 78.3033 107.258 78.7091
42.4855 78.2132 100.122 78.2976 139.174 78.3033
76.4256 76.6142 42.4855 78.2132 139.174 78.3033
106.274 73.8399 76.4256 76.6142 42.4855 78.2132
93.7816 73.6152 81.2564 73.7667 106.274 73.8399
121.577 72.9189 93.7816 73.6152 106.274 73.8399
121.577 72.9189 106.274 73.8399 76.4256 76.6142
93.7816 73.6152 121.577 72.9189 98.7991 72.6424
56.8824 72.8036 93.7816 73.6152 81.2564 73.7667
81.2564 73.7667 56.8824 72.8036 48.7822 72.7234
47.2388 102.31 29.0315 102.464 41.3937 107.371
62.0093 101.242 47.2388 102.31 29.0315 102.464
29.0315 102.464 62.0093 101.242 37.7021 98.5767
77.7017 106.601 97.9485 107.055 111.016 107.399
70.9723 103.758 77.7017 106.601 97.9485 107.055
97.9485 107.055 70.9723 103.758 62.0093 101.242
70.9723 103.758 47.2388 102.31 62.0093 101.242
117.642 103.084 97.9485 107.055 111.016 107.399
106.172 102.855 117.642 103.084 97.9485 107.055
113.059 92.1639 106.172 102.855 97.9485 107.055
106.172 102.855 113.059 92.1639 123.118 91.5517
87.4196 96.841 100.965 97.7663 79.274 98.3425
103.908 91.3985 123.118 91.5517 113.059 92.1639
103.908 91.3985 113.059 92.1639 87.4196 96.841
103.908 91.3985 87.4196 96.841 79.274 98.3425
123.118 91.5517 103.908 91.3985 137.878 90.4868
133.397 102.211 106.172 102.855 117.642 103.084
106.172 102.855 133.397 102.211 138.353 98.438
136.862 142.935 40.0377 143.842 -2.46686 143.964
127.883 142.889 136.862 142.935 -2.46686 143.964
122.892 142.275 127.883 142.889 136.862 142.935
58.4886 142.146 122.892 142.275 127.883 142.889
90.9329 141.879 58.4886 142.146 122.892 142.275
113.468 141.598 90.9329 141.879 122.892 142.275
8.62613 141.475 113.468 141.598 90.9329 141.879
72.8096 141.391 8.62613 141.475 113.468 141.598
79.583 140.359 72.8096 141.391 113.468 141.598
100.288 136.341 79.583 140.359 72.8096 141.391
110.309 133.432 100.288 136.341 72.8096 141.391
89.564 132.694 52.2617 133.208 110.309 133.432
139.056 130.971 89.564 132.694 110.309 133.432
139.056 130.971 110.309 133.432 100.288 136.341
131.384 130.585 139.056 130.971 89.564 132.694
121.254 129.839 103.048 129.99 131.384 130.585
121.254 129.839 131.384 130.585 139.056 130.971
19.7236 128.015 121.254 129.839 103.048 129.99
57.4984 127.864 19.7236 128.015 121.254 129.839
30.1829 127.661 57.4984 127.864 19.7236 128.015
97.9649 123.715 30.1829 127.661 19.7236 128.015
131.868 122.902 97.9649 123.715 30.1829 127.661
107.313 122.345 131.868 122.902 97.9649 123.715
81.3343 119.798 107.313 122.345 97.9649 123.715
120.206 117.237 139.123 117.428 81.3343 119.798
67.5629 117 120.206 117.237 81.3343 119.798
67.5629 117 81.3343 119.798 97.9649 123.715
90.3279 116.311 67.5629 117 120.206 117.237
132.551 109.639 90.3279 116.311 67.5629 117
141.606 108.888 132.551 109.639 90.3279 116.311
123.654 108.838 141.606 108.888 132.551 109.639
89.1675 108.623 60.9203 108.665 123.654 108.838
89.1675 108.623 123.654 108.838 141.606 108.888
141.606 108.888 89.1675 108.623 70.4513 108.171
52.2617 133.208 12.9659 133.429 76.1485 133.771
12.9659 133.429 52.2617 133.208 89.564 132.694
57.4984 127.864 30.1829 127.661 73.5605 126.831
47.0151 140.651 72.8096 141.391 8.62613 141.475
33.7733 139.505 47.0151 140.651 8.62613 141.475
47.0151 140.651 33.7733 139.505 19.819 136.45
32.6919 123.655 56.274 123.796 43.5527 126.359
10.6084 121.431 32.6919 123.655 43.5527 126.359
32.6919 123.655 10.6084 121.431 2.67787 120.237
3.36021 126.67 10.6084 121.431 2.67787 120.237
69.8183 50.0281 31.858 52.2638 43.532 53.0682
31.858 52.2638 69.8183 50.0281 59.5429 49.7919
69.8183 50.0281 110.306 50.7031 103.626 50.8048
59.5429 49.7919 69.8183 50.0281 110.306 50.7031
93.9984 49.491 59.5429 49.7919 110.306 50.7031
76.2478 47.8924 19.6274 47.9764 93.9984 49.491
76.2478 47.8924 93.9984 49.491 110.306 50.7031
53.1567 47.708 76.2478 47.8924 19.6274 47.9764
129.734 43.7346 53.1567 47.708 76.2478 47.8924
140.225 42.9269 129.734 43.7346 76.2478 47.8924
17.9986 42.7541 140.225 42.9269 129.734 43.7346
119.547 42.0752 17.9986 42.7541 140.225 42.9269
140.225 42.9269 119.547 42.0752 102.545 41.2434
119.547 42.0752 66.4134 41.4054 102.545 41.2434
66.4134 41.4054 56.3227 41.4354 87.6731 41.8962
102.545 41.2434 66.4134 41.4054 56.3227 41.4354
81.6922 39.9229 102.545 41.2434 56.3227 41.4354
111.049 38.4691 81.6922 39.9229 102.545 41.2434
98.2091 33.591 111.049 38.4691 81.6922 39.9229
130.053 29.9467 98.2091 33.591 111.049 38.4691
107.918 27.5522 87.453 27.592 118.356 28.0196
142.308 27.1169 107.918 27.5522 118.356 28.0196
142.308 27.1169 118.356 28.0196 130.053 29.9467
142.308 27.1169 130.053 29.9467 111.049 38.4691
119.704 23.5319 142.308 27.1169 107.918 27.5522
110.822 20.8128 82.7561 20.8739 101.943 20.9149
110.822 20.8128 101.943 20.9149 119.704 23.5319
110.822 20.8128 119.704 23.5319 142.308 27.1169
51.4468 18.404 110.822 20.8128 82.7561 20.8739
20.9335 17.5018 130.067 18.2584 51.4468 18.404
20.9335 17.5018 51.4468 18.404 82.7561 20.8739
26.101 17.2993 20.9335 17.5018 130.067 18.2584
48.2975 13.7274 26.101 17.2993 20.9335 17.5018
41.4029 13.5417 48.2975 13.7274 20.9335 17.5018
92.4557 12.4507 -0.632553 12.4656 41.4029 13.5417
92.4557 12.4507 41.4029 13.5417 48.2975 13.7274
118.594 12.139 92.4557 12.4507 48.2975 13.7274
136.821 11.5392 118.594 12.139 92.4557 12.4507
107.133 10.6952 136.821 11.5392 92.4557 12.4507
130.972 7.65448 107.133 10.6952 92.4557 12.4507
72.7428 7.35129 130.972 7.65448 92.4557 12.4507
130.972 7.65448 72.7428 7.35129 98.2169 6.69888
98.2169 6.69888 72.7428 7.35129 58.2051 7.53694
76.7125 6.14617 98.2169 6.69888 58.2051 7.53694
76.7125 6.14617 58.2051 7.53694 28.8072 9.08048
30.6455 2.95088 76.7125 6.14617 98.2169 6.69888
9.28812 2.65851 30.6455 2.95088 76.7125 6.14617
17.7712 2.09755 9.28812 2.65851 30.6455 2.95088
30.6455 2.95088 17.7712 2.09755 62.3219 0.0422552
21.1816 13.6958 41.4029 13.5417 -0.632553 12.4656
80.2246 29.8646 118.356 28.0196 87.453 27.592
9.0775 41.0475 56.3227 41.4354 87.6731 41.8962
-2.72791 40.5521 9.0775 41.0475 56.3227 41.4354
32.9324 39.4366 -2.72791 40.5521 56.3227 41.4354
42.8709 39.1987 32.9324 39.4366 56.3227 41.4354
50.7462 37.8552 42.8709 39.1987 32.9324 39.4366
7.78046 33.4283 50.7462 37.8552 32.9324 39.4366
50.7462 37.8552 7.78046 33.4283 3.61442 30.3123
52.7994 27.1805 107.918 27.5522 87.453 27.592
52.7994 27.1805 87.453 27.592 56.8118 27.8336
37.925 26.0324 52.7994 27.1805 56.8118 27.8336
52.7994 27.1805 37.925 26.0324 9.35685 23.1054
37.925 26.0324 33.6611 26.2514 19.778 27.3405
33.6611 26.2514 37.925 26.0324 9.35685 23.1054
107.918 27.5522 52.7994 27.1805 70.8153 26.635
73.2257 21.2467 -1.75793 21.4301 62.1496 22.1805
101.943 20.9149 73.2257 21.2467 -1.75793 21.4301
82.7561 20.8739 101.943 20.9149 -1.75793 21.4301
-1.75793 21.4301 82.7561 20.8739 36.1963 20.5465
-0.632553 12.4656 92.4557 12.4507 8.8987 11.2682
42.1572 -0.50061 17.7712 2.09755 9.28812 2.65851
17.7712 2.09755 42.1572 -0.50061 69.5932 -3.10065
69.5932 -3.10065 42.1572 -0.50061 2.26092 -0.367063
2.26092 -0.367063 69.5932 -3.10065 53.4614 -3.87737
69.5932 -3.10065 80.8835 -3.33719 53.4614 -3.87737
80.8835 -3.33719 143.268 -3.24611 86.8064 -2.92232
80.8835 -3.33719 86.8064 -2.92232 99.8518 -0.187218
80.8835 -3.33719 99.8518 -0.187218 121.357 3.88376
143.268 -3.24611 80.8835 -3.33719 53.4614 -3.87737
126.935 -2.30255 86.8064 -2.92232 143.268 -3.24611
121.357 3.88376 99.8518 -0.187218 107.197 -1.15525
141.49 18.2552 130.067 18.2584 51.4468 18.404
130.067 18.2584 141.49 18.2552 90.0541 17.7908
110.306 50.7031 103.626 50.8048 131.094 51.0684
131.094 51.0684 110.306 50.7031 136.066 48.6113
73.8289 62.0452 63.5267 62.5169 72.758 67.521
76.7101 59.4087 46.2943 59.6926 73.8289 62.0452
76.7101 59.4087 73.8289 62.0452 72.758 67.521
103.099 59.101 76.7101 59.4087 46.2943 59.6926
46.2943 59.6926 103.099 59.101 87.3766 56.7725
103.099 59.101 119.425 60.9134 130.874 62.4586
119.425 60.9134 103.099 59.101 87.3766 56.7725
130.874 62.4586 137.29 70.4032 128.165 71.2747
137.634 60.3228 119.425 60.9134 130.874 62.4586
137.634 60.3228 130.874 62.4586 137.29 70.4032
108.703 56.0731 137.634 60.3228 119.425 60.9134
137.634 60.3228 108.703 56.0731 122.227 52.5897
