63.7621 65.618 51.6019 77.5892 35.189 83.234
76.9763 63.1307 63.7621 65.618 51.6019 77.5892
96.5327 61.8331 76.9763 63.1307 51.6019 77.5892
45.2302 54.068 96.5327 61.8331 76.9763 63.1307
16.5725 53.0022 45.2302 54.068 76.9763 63.1307
6.88322 48.062 16.5725 53.0022 45.2302 54.068
70.547 44.0058 6.88322 48.062 45.2302 54.068
19.883 42.5514 70.547 44.0058 6.88322 48.062
35.4521 33.9417 19.883 42.5514 6.88322 48.062
24.4539 31.4261 35.4521 33.9417 6.88322 48.062
22.9651 29.5599 24.4539 31.4261 35.4521 33.9417
88.111 25.5515 22.9651 29.5599 35.4521 33.9417
60.0549 20.2317 88.111 25.5515 22.9651 29.5599
52.4944 17.6138 60.0549 20.2317 88.111 25.5515
6.47925 16.0433 52.4944 17.6138 60.0549 20.2317
52.4944 17.6138 6.47925 16.0433 11.3263 15.3271
0.28783 42.5372 24.4539 31.4261 22.9651 29.5599
35.189 83.234 51.6019 77.5892 95.9738 66.7487
