26.9394 -8.0343 46.6736 -6.35848 34.7539 -3.17907
36.7241 -9.95098 16.215 -8.36956 26.9394 -8.0343
36.7241 -9.95098 26.9394 -8.0343 46.6736 -6.35848
28.6621 -13.6233 28.621 -12.0367 36.7241 -9.95098
28.6621 -13.6233 36.7241 -9.95098 46.6736 -6.35848
27.9889 -16.3911 28.6621 -13.6233 28.621 -12.0367
34.5566 -17.3678 27.9889 -16.3911 28.6621 -13.6233
22.2888 -17.8539 34.5566 -17.3678 27.9889 -16.3911
14.8795 -18.9954 22.2888 -17.8539 34.5566 -17.3678
26.4701 -19.3285 5.70648 -19.2185 14.8795 -18.9954
26.4701 -19.3285 14.8795 -18.9954 34.5566 -17.3678
-13.6155 -19.4542 26.4701 -19.3285 5.70648 -19.2185
-15.4767 -19.8922 -13.6155 -19.4542 26.4701 -19.3285
-16.0866 -20.6852 -15.4767 -19.8922 26.4701 -19.3285
-30.546 -21.8231 -16.0866 -20.6852 -15.4767 -19.8922
-41.6644 -22.5077 -30.546 -21.8231 -15.4767 -19.8922
-35.1141 -22.8806 -41.6644 -22.5077 -30.546 -21.8231
0.678729 -23.4212 -35.1141 -22.8806 -30.546 -21.8231
22.1794 -24.4519 0.678729 -23.4212 -30.546 -21.8231
28.5476 -24.8832 22.1794 -24.4519 0.678729 -23.4212
0.678729 -23.4212 28.5476 -24.8832 13.5576 -24.9782
22.2792 -5.14508 25.5594 -1.46898 34.7065 -0.792099
25.5594 -1.46898 22.2792 -5.14508 16.215 -8.36956
22.2792 -5.14508 26.9394 -8.0343 16.215 -8.36956
22.1794 -24.4519 13.9283 -21.7245 10.2175 -20.5513
13.9283 -21.7245 22.1794 -24.4519 28.5476 -24.8832
-3.96166 -16.2249 -13.6155 -19.4542 -15.4767 -19.8922
-42.7538 -11.9781 -1.99823 -10.5187 -41.7741 -9.50414
-0.650108 -12.2912 -42.7538 -11.9781 -1.99823 -10.5187
8.51495 -15.4224 -0.650108 -12.2912 -1.99823 -10.5187
-0.345434 -15.7228 8.51495 -15.4224 -0.650108 -12.2912
10.7471 -16.6842 -0.345434 -15.7228 8.51495 -15.4224
14.8795 -18.9954 7.92704 -17.0039 10.7471 -16.6842
14.8795 -18.9954 10.7471 -16.6842 8.51495 -15.4224
7.92704 -17.0039 14.8795 -18.9954 5.70648 -19.2185
-12.4071 -24.9904 -35.1141 -22.8806 -41.6644 -22.5077
8.8354 -28.6791 -12.4071 -24.9904 -41.6644 -22.5077
22.5229 -29.8495 8.8354 -28.6791 -12.4071 -24.9904
8.8354 -28.6791 22.5229 -29.8495 25.0713 -32.7503
22.5229 -29.8495 33.1665 -27.5373 30.8739 -25.5624
25.0713 -32.7503 22.5229 -29.8495 33.1665 -27.5373
33.1665 -27.5373 25.0713 -32.7503 1.00963 -49.4775
25.0713 -32.7503 5.00799 -44.8438 1.00963 -49.4775
-5.32575 -38.2507 -10.3728 -37.7456 -3.10956 -36.775
6.59048 -42.6628 -5.32575 -38.2507 -3.10956 -36.775
5.00799 -44.8438 6.59048 -42.6628 -5.32575 -38.2507
-5.32575 -38.2507 5.00799 -44.8438 1.00963 -49.4775
-21.1709 -37.137 -10.3728 -37.7456 -5.32575 -38.2507
-35.1141 -22.8806 0.678729 -23.4212 -5.10634 -23.4873
10.2175 -20.5513 13.9283 -21.7245 37.5422 -24.2293
13.7256 -0.137123 15.8519 1.22427 17.2943 9.58963
15.8519 1.22427 13.7256 -0.137123 34.7065 -0.792099
13.7256 -0.137123 6.68164 8.29053 9.01 11.9609
25.5594 -1.46898 34.7065 -0.792099 13.7256 -0.137123
6.68164 8.29053 13.7256 -0.137123 13.9248 -1.88982
13.7256 -0.137123 25.5594 -1.46898 13.9248 -1.88982
0.0271134 25.9979 25.0428 26.3921 -8.09578 26.7616
4.15035 23.9497 0.0271134 25.9979 -8.09578 26.7616
7.02151 23.1009 4.15035 23.9497 -8.09578 26.7616
11.9556 22.5981 -14.1753 22.6762 7.02151 23.1009
11.9556 22.5981 7.02151 23.1009 4.15035 23.9497
34.6415 20.6408 14.6201 22.0033 11.9556 22.5981
34.6415 20.6408 11.9556 22.5981 4.15035 23.9497
29.1354 18.469 34.6415 20.6408 14.6201 22.0033
31.3856 15.0871 46.0602 16.8855 29.1354 18.469
31.3856 15.0871 29.1354 18.469 14.6201 22.0033
9.01 11.9609 7.92262 12.2552 31.3856 15.0871
9.01 11.9609 31.3856 15.0871 46.0602 16.8855
46.0602 16.8855 9.01 11.9609 24.4964 10.9408
-37.462 23.5594 7.02151 23.1009 -14.1753 22.6762
6.68164 8.29053 9.01 11.9609 7.92262 12.2552
6.68164 8.29053 7.92262 12.2552 4.62654 19.0969
3.82208 7.94796 6.68164 8.29053 4.62654 19.0969
-1.72394 2.81626 3.82208 7.94796 6.68164 8.29053
6.68164 8.29053 -1.72394 2.81626 5.22112 1.70353
-1.72394 2.81626 -24.0167 2.67908 5.22112 1.70353
-28.1985 6.03774 -34.365 6.78533 -30.9411 9.51192
-24.0167 2.67908 -28.1985 6.03774 -30.9411 9.51192
-2.65041 -0.135425 5.22112 1.70353 -24.0167 2.67908
-28.1985 6.03774 -24.0167 2.67908 -18.6419 -2.79086
-24.0167 2.67908 -2.65041 -0.135425 -18.6419 -2.79086
-15.1833 13.4775 -1.72394 2.81626 -24.0167 2.67908
16.2274 38.6372 -3.08469 41.4111 -2.10418 43.0428
24.5032 38.5311 16.2274 38.6372 -2.10418 43.0428
35.8474 33.076 24.5032 38.5311 16.2274 38.6372
15.4221 31.6678 35.8474 33.076 16.2274 38.6372
26.581 31.021 15.4221 31.6678 35.8474 33.076
3.13546 30.7341 26.581 31.021 15.4221 31.6678
11.2346 29.2857 3.13546 30.7341 26.581 31.021
25.0428 26.3921 11.2346 29.2857 3.13546 30.7341
11.2346 29.2857 25.0428 26.3921 32.8847 25.4231
25.0428 26.3921 0.0271134 25.9979 32.8847 25.4231
-20.6929 38.617 -3.08469 41.4111 -2.10418 43.0428
-3.08469 41.4111 -20.6929 38.617 -30.3115 36.2359
-17.8512 41.7859 -20.6929 38.617 -30.3115 36.2359
-3.08469 41.4111 16.2274 38.6372 -2.85848 38.1482
11.9556 22.5981 14.6201 22.0033 -15.7559 21.4023
-30.9411 9.51192 -34.365 6.78533 -47.8964 1.38531
