20.4488 81.9309 127.157 83.5062 102.659 83.7463
10.0122 81.6814 20.4488 81.9309 127.157 83.5062
91.2811 81.6636 10.0122 81.6814 127.157 83.5062
71.4122 80.7572 91.2811 81.6636 10.0122 81.6814
32.6629 80.5867 167.709 80.6217 71.4122 80.7572
32.6629 80.5867 71.4122 80.7572 10.0122 81.6814
143.987 79.857 32.6629 80.5867 167.709 80.6217
156.27 79.8257 143.987 79.857 167.709 80.6217
148.568 79.6123 109.369 79.8144 156.27 79.8257
119.036 77.8708 148.568 79.6123 156.27 79.8257
81.7743 76.1301 0.545693 77.0546 119.036 77.8708
58.4779 72.9426 81.7743 76.1301 119.036 77.8708
58.4779 72.9426 119.036 77.8708 156.27 79.8257
58.4779 72.9426 156.27 79.8257 167.709 80.6217
47.7847 72.5216 58.4779 72.9426 81.7743 76.1301
96.6889 70.6406 47.7847 72.5216 58.4779 72.9426
119.168 70.2514 96.6889 70.6406 58.4779 72.9426
110.477 70.0345 119.168 70.2514 96.6889 70.6406
79.6367 67.245 110.477 70.0345 96.6889 70.6406
87.5768 66.7146 79.6367 67.245 110.477 70.0345
110.477 70.0345 87.5768 66.7146 89.6653 62.8346
50.9447 83.5778 43.6025 87.0923 50.4306 90.0582
20.4488 81.9309 50.9447 83.5778 43.6025 87.0923
43.6025 87.0923 20.4488 81.9309 10.0122 81.6814
66.0053 68.0473 33.8936 70.4131 40.1153 71.4333
79.6367 67.245 66.0053 68.0473 40.1153 71.4333
66.0053 68.0473 79.6367 67.245 87.5768 66.7146
109.369 79.8144 156.27 79.8257 63.4381 79.8334
63.4381 79.8334 109.369 79.8144 42.5168 79.0827
16.2166 67.5394 33.8936 70.4131 40.1153 71.4333
33.8936 70.4131 16.2166 67.5394 12.081 66.81
-3.86551 71.9872 16.2166 67.5394 12.081 66.81
119.168 70.2514 131.881 70.3002 139.048 71.039
110.477 70.0345 119.168 70.2514 131.881 70.3002
137.799 63.2718 110.477 70.0345 131.881 70.3002
110.304 60.9368 137.799 63.2718 110.477 70.0345
116.007 59.8117 59.2535 60.6178 110.304 60.9368
116.007 59.8117 110.304 60.9368 137.799 63.2718
98.9815 59.4344 116.007 59.8117 59.2535 60.6178
116.007 59.8117 98.9815 59.4344 157.844 58.8163
157.844 58.8163 98.9815 59.4344 18.2819 59.7596
149.726 58.7586 157.844 58.8163 18.2819 59.7596
40.207 57.8781 -0.132668 58.5963 149.726 58.7586
40.207 57.8781 149.726 58.7586 157.844 58.8163
68.0544 57.4474 40.207 57.8781 157.844 58.8163
47.3437 57.1314 80.73 57.3267 68.0544 57.4474
47.3437 57.1314 68.0544 57.4474 40.207 57.8781
26.097 56.5603 47.3437 57.1314 80.73 57.3267
6.2434 56.2225 26.097 56.5603 47.3437 57.1314
87.3634 53.6823 6.2434 56.2225 26.097 56.5603
127.035 53.1845 87.3634 53.6823 26.097 56.5603
71.1364 53.1473 127.035 53.1845 87.3634 53.6823
37.9555 52.6369 71.1364 53.1473 127.035 53.1845
60.8513 52.195 37.9555 52.6369 127.035 53.1845
162.278 51.8281 60.8513 52.195 127.035 53.1845
119.736 51.726 162.278 51.8281 60.8513 52.195
22.4872 51.6785 119.736 51.726 60.8513 52.195
111.652 51.5783 22.4872 51.6785 119.736 51.726
137.671 47.8228 111.652 51.5783 119.736 51.726
172.418 47.4457 137.671 47.8228 119.736 51.726
78.0939 46.7824 172.418 47.4457 137.671 47.8228
153.441 46.6775 78.0939 46.7824 172.418 47.4457
172.418 47.4457 153.441 46.6775 73.0332 43.3527
153.441 46.6775 37.4096 43.4578 73.0332 43.3527
23.9435 43.3483 73.0332 43.3527 37.4096 43.4578
23.9435 43.3483 37.4096 43.4578 102.009 46.5157
3.17141 43.1241 23.9435 43.3483 73.0332 43.3527
117.878 43.0784 3.17141 43.1241 73.0332 43.3527
170.906 43.0723 117.878 43.0784 73.0332 43.3527
107.988 42.7911 170.906 43.0723 117.878 43.0784
26.6719 42.2658 107.988 42.7911 117.878 43.0784
63.214 42.1898 26.6719 42.2658 107.988 42.7911
89.5868 42.064 63.214 42.1898 26.6719 42.2658
129.153 42.0578 89.5868 42.064 63.214 42.1898
102.296 41.5693 129.153 42.0578 89.5868 42.064
89.5868 42.064 102.296 41.5693 102.914 29.4939
132.925 58.7979 149.726 58.7586 -0.132668 58.5963
47.1798 51.0087 111.652 51.5783 22.4872 51.6785
33.9112 51.0081 47.1798 51.0087 22.4872 51.6785
22.4872 51.6785 33.9112 51.0081 -1.29356 49.7503
47.1798 51.0087 33.9112 51.0081 6.51578 48.2992
139.427 39.2287 102.296 41.5693 129.153 42.0578
102.296 41.5693 139.427 39.2287 153.436 38.0343
153.436 38.0343 139.427 39.2287 163.054 40.2441
139.724 33.509 153.436 38.0343 163.054 40.2441
151.714 32.1838 139.724 33.509 163.054 40.2441
173.792 29.4594 151.714 32.1838 139.724 33.509
161.885 29.2442 173.792 29.4594 139.724 33.509
106.486 27.468 129.698 29.0543 161.885 29.2442
106.486 27.468 161.885 29.2442 173.792 29.4594
123.899 27.4278 106.486 27.468 173.792 29.4594
148.135 23.3151 123.899 27.4278 106.486 27.468
162.659 20.1003 148.135 23.3151 106.486 27.468
139.344 19.4589 162.659 20.1003 106.486 27.468
162.659 20.1003 139.344 19.4589 109.844 18.634
70.918 28.8892 86.4257 29.9549 81.5375 30.7505
70.918 28.8892 81.5375 30.7505 52.3912 38.4252
63.0586 26.7148 70.918 28.8892 86.4257 29.9549
48.2165 26.4448 63.0586 26.7148 70.918 28.8892
67.7851 21.6871 48.2165 26.4448 63.0586 26.7148
29.8581 20.2949 21.7583 20.4766 41.7721 20.5705
49.008 19.9455 29.8581 20.2949 41.7721 20.5705
49.008 19.9455 41.7721 20.5705 67.7851 21.6871
77.5224 19.8594 49.008 19.9455 67.7851 21.6871
77.5224 19.8594 67.7851 21.6871 63.0586 26.7148
139.344 19.4589 77.5224 19.8594 49.008 19.9455
49.008 19.9455 139.344 19.4589 109.844 18.634
82.0612 39.216 81.5375 30.7505 86.4257 29.9549
88.849 21.5499 121.155 19.9561 139.344 19.4589
121.155 19.9561 77.5224 19.8594 139.344 19.4589
41.7721 20.5705 32.1603 28.6823 39.4663 30.9699
21.7583 20.4766 41.7721 20.5705 32.1603 28.6823
12.8526 17.0877 21.7583 20.4766 32.1603 28.6823
32.1603 28.6823 12.8526 17.0877 2.72167 12.2584
12.8526 17.0877 11.7404 13.4133 2.72167 12.2584
32.1603 28.6823 39.4663 30.9699 16.8116 31.0658
11.3068 28.3491 32.1603 28.6823 16.8116 31.0658
11.3068 28.3491 16.8116 31.0658 10.0586 41.6341
32.1603 28.6823 11.3068 28.3491 3.00029 22.1562
-0.418126 29.1006 11.3068 28.3491 3.00029 22.1562
21.9337 11.1556 11.7404 13.4133 12.8526 17.0877
28.8479 7.35386 21.9337 11.1556 12.8526 17.0877
37.8034 7.03237 28.8479 7.35386 12.8526 17.0877
51.543 2.67648 37.8034 7.03237 12.8526 17.0877
77.3367 1.08377 61.4053 2.10779 51.543 2.67648
37.8034 7.03237 51.543 2.67648 66.8359 -2.23632
51.543 2.67648 77.3367 1.08377 66.8359 -2.23632
79.0261 11.4414 61.9271 12.578 58.7687 16.0329
87.3914 10.4792 96.0993 10.7848 79.0261 11.4414
87.3914 10.4792 79.0261 11.4414 61.9271 12.578
71.5125 6.18771 87.3914 10.4792 61.9271 12.578
87.3914 10.4792 71.5125 6.18771 61.4053 2.10779
71.5125 6.18771 51.543 2.67648 61.4053 2.10779
36.3402 2.06229 37.8034 7.03237 28.8479 7.35386
16.1747 1.79937 36.3402 2.06229 28.8479 7.35386
11.1539 1.63781 16.1747 1.79937 28.8479 7.35386
-0.276757 0.994772 11.1539 1.63781 16.1747 1.79937
16.1747 1.79937 -0.276757 0.994772 29.4915 -1.40154
99.3798 2.56007 87.3914 10.4792 96.0993 10.7848
99.3798 2.56007 96.0993 10.7848 99.427 18.1566
107.748 -0.619194 121.85 0.529913 99.3798 2.56007
87.3914 10.4792 99.3798 2.56007 93.6617 -1.52966
99.3798 2.56007 107.748 -0.619194 93.6617 -1.52966
110.875 9.78257 133.552 11.1693 130.826 17.2217
116.354 8.35358 110.875 9.78257 133.552 11.1693
121.85 0.529913 116.354 8.35358 110.875 9.78257
116.354 8.35358 121.85 0.529913 131.446 -2.99254
121.85 0.529913 107.748 -0.619194 131.446 -2.99254
146.156 1.96146 139.677 7.38812 133.552 11.1693
133.552 11.1693 146.156 1.96146 142.506 -0.664099
146.156 1.96146 163.66 13.9714 166.254 18.4645
163.66 13.9714 146.156 1.96146 142.506 -0.664099
139.677 7.38812 133.552 11.1693 130.826 17.2217
130.826 17.2217 139.677 7.38812 149.302 6.67237
163.66 13.9714 166.836 10.2722 160.928 3.1551
166.836 10.2722 163.66 13.9714 166.254 18.4645
166.254 18.4645 166.836 10.2722 173.279 3.92772
58.7687 16.0329 61.9271 12.578 52.0634 7.42099
131.881 70.3002 139.048 71.039 166.764 71.1367
159.229 70.0897 131.881 70.3002 166.764 71.1367
152.056 69.1443 159.229 70.0897 131.881 70.3002
159.229 70.0897 152.056 69.1443 168.087 61.0891
58.3187 91.6557 68.548 92.4763 88.0761 93.3634
97.5623 91.2034 58.3187 91.6557 88.0761 93.3634
76.6138 91.1275 97.5623 91.2034 58.3187 91.6557
50.4306 90.0582 76.6138 91.1275 58.3187 91.6557
30.1974 86.8406 43.6025 87.0923 50.4306 90.0582
30.1974 86.8406 50.4306 90.0582 58.3187 91.6557
43.6025 87.0923 30.1974 86.8406 13.0729 86.0757
42.5918 101.408 71.8664 101.715 22.0827 101.939
32.9063 99.4465 42.5918 101.408 22.0827 101.939
-1.45359 97.878 32.9063 99.4465 22.0827 101.939
-1.45359 97.878 22.0827 101.939 47.8098 108.165
10.0158 96.8089 -1.45359 97.878 32.9063 99.4465
-3.30166 93.9381 10.0158 96.8089 -1.45359 97.878
16.6769 89.012 -3.30166 93.9381 10.0158 96.8089
-3.30166 93.9381 16.6769 89.012 13.0729 86.0757
16.6769 89.012 30.1974 86.8406 13.0729 86.0757
50.372 103.015 22.0827 101.939 71.8664 101.715
109.572 91.3821 122.965 93.8613 116.266 96.0838
97.5623 91.2034 109.572 91.3821 116.266 96.0838
127.389 90.0142 76.6138 91.1275 97.5623 91.2034
127.389 90.0142 97.5623 91.2034 109.572 91.3821
148.435 89.4606 127.389 90.0142 76.6138 91.1275
76.6138 91.1275 148.435 89.4606 139.873 88.1446
148.435 89.4606 157.126 90.6547 173.732 91.2135
173.732 91.2135 148.435 89.4606 139.873 88.1446
167.383 96.1531 127.389 90.0142 148.435 89.4606
93.253 102.969 107.663 103.81 121.931 109.141
81.2638 101.744 93.253 102.969 121.931 109.141
42.5918 101.408 71.8664 101.715 81.2638 101.744
93.253 102.969 81.2638 101.744 63.0069 98.9249
81.2638 101.744 42.5918 101.408 63.0069 98.9249
63.7327 109.238 81.2638 101.744 71.8664 101.715
107.663 103.81 93.253 102.969 98.3102 97.8754
129.119 103.508 107.663 103.81 121.931 109.141
107.663 103.81 129.119 103.508 139.674 103.212
141.104 111.538 92.2906 112.172 100.274 112.333
150.001 109.639 141.104 111.538 92.2906 112.172
168.146 106.371 150.001 109.639 141.104 111.538
129.119 103.508 168.146 106.371 150.001 109.639
139.674 103.212 129.119 103.508 168.146 106.371
157.473 102.082 139.674 103.212 168.146 106.371
139.674 103.212 157.473 102.082 148.808 98.7575
130.744 113.965 83.6072 117.449 87.6617 117.507
161.989 113.463 130.744 113.965 87.6617 117.507
67.5337 112.368 161.989 113.463 130.744 113.965
100.274 112.333 67.5337 112.368 161.989 113.463
92.2906 112.172 100.274 112.333 67.5337 112.368
13.1399 111.539 92.2906 112.172 67.5337 112.368
-1.42453 111.462 13.1399 111.539 67.5337 112.368
22.9165 110.671 -1.42453 111.462 13.1399 111.539
27.124 110.374 22.9165 110.671 -1.42453 111.462
78.2923 110.366 27.124 110.374 22.9165 110.671
27.124 110.374 78.2923 110.366 108.904 110.031
59.7186 117.638 72.6994 118.208 117.383 118.241
87.6617 117.507 48.0874 117.629 59.7186 117.638
87.6617 117.507 59.7186 117.638 117.383 118.241
83.6072 117.449 87.6617 117.507 48.0874 117.629
48.0874 117.629 83.6072 117.449 42.7015 113.986
42.1196 119.665 31.3303 120.478 3.56264 121.891
19.5682 119.403 42.1196 119.665 3.56264 121.891
10.2901 119.274 19.5682 119.403 3.56264 121.891
59.7186 117.638 10.2901 119.274 19.5682 119.403
10.2901 119.274 59.7186 117.638 48.0874 117.629
151.548 122.887 141.443 123.174 130.133 123.492
173.705 121.483 151.548 122.887 130.133 123.492
112.407 121.425 173.705 121.483 130.133 123.492
102.565 121.199 112.407 121.425 130.133 123.492
112.407 121.425 102.565 121.199 42.1196 119.665
102.565 121.199 31.3303 120.478 42.1196 119.665
156.462 123.542 80.8477 126.123 66.8941 126.26
156.462 123.542 66.8941 126.26 18.7047 127.577
141.443 123.174 156.462 123.542 18.7047 127.577
156.462 123.542 141.443 123.174 151.548 122.887
113.404 129.648 11.1977 129.686 49.6708 130.809
-0.0139956 129.232 113.404 129.648 11.1977 129.686
98.5946 128.189 -0.0139956 129.232 113.404 129.648
90.5671 126.911 98.5946 128.189 113.404 129.648
98.5946 128.189 90.5671 126.911 66.8941 126.26
97.1536 136.259 131.59 136.948 119.871 138.018
116.164 133.1 97.1536 136.259 131.59 136.948
132.834 133 116.164 133.1 131.59 136.948
143.981 132.648 132.834 133 116.164 133.1
169.802 131.811 143.981 132.648 116.164 133.1
159.999 131.402 169.802 131.811 116.164 133.1
90.5671 126.911 159.999 131.402 169.802 131.811
169.802 131.811 90.5671 126.911 80.8477 126.123
90.5671 126.911 66.8941 126.26 80.8477 126.123
29.6423 150.067 72.7706 150.088 -0.0295921 152.244
76.0331 149.739 29.6423 150.067 72.7706 150.088
120.205 148.407 76.0331 149.739 72.7706 150.088
157.655 146.907 166.725 147.347 120.205 148.407
157.655 146.907 120.205 148.407 76.0331 149.739
147.574 142.566 157.655 146.907 166.725 147.347
143.408 142.11 147.574 142.566 157.655 146.907
162.368 139.109 143.408 142.11 147.574 142.566
166.443 138.819 162.368 139.109 147.574 142.566
149.558 133.297 166.443 138.819 162.368 139.109
143.981 132.648 149.558 133.297 162.368 139.109
149.558 133.297 143.981 132.648 169.802 131.811
113.616 142.221 143.408 142.11 162.368 139.109
159.556 161.123 96.3393 161.418 133.811 162.149
170.586 161.075 159.556 161.123 133.811 162.149
77.2111 158.949 170.586 161.075 159.556 161.123
17.9906 158.217 77.2111 158.949 159.556 161.123
13.9417 157.966 17.9906 158.217 77.2111 158.949
121.446 157.225 13.9417 157.966 77.2111 158.949
36.6944 156.954 121.446 157.225 13.9417 157.966
48.9471 156.614 36.6944 156.954 121.446 157.225
149.263 153.185 48.9471 156.614 36.6944 156.954
88.914 153.161 149.263 153.185 36.6944 156.954
22.3273 152.859 88.914 153.161 149.263 153.185
126.681 152.338 22.3273 152.859 149.263 153.185
109.043 152.159 126.681 152.338 22.3273 152.859
101.178 151.76 109.043 152.159 22.3273 152.859
141.221 148.639 101.178 151.76 109.043 152.159
109.043 152.159 141.221 148.639 166.725 147.347
141.221 148.639 120.205 148.407 166.725 147.347
37.6119 172.945 137.626 173.379 91.4076 173.751
22.1921 172.377 37.6119 172.945 137.626 173.379
63.2939 172.221 22.1921 172.377 137.626 173.379
68.3511 171.91 63.2939 172.221 22.1921 172.377
131.688 171.527 68.3511 171.91 63.2939 172.221
162.78 171.42 131.688 171.527 63.2939 172.221
81.9774 169.905 162.78 171.42 131.688 171.527
9.10936 169.597 81.9774 169.905 131.688 171.527
48.9601 169.264 9.10936 169.597 81.9774 169.905
116.544 169.102 48.9601 169.264 81.9774 169.905
100.08 168.951 116.544 169.102 48.9601 169.264
166.289 167.573 100.08 168.951 116.544 169.102
148.428 167.538 166.289 167.573 100.08 168.951
146.34 163.589 148.428 167.538 166.289 167.573
136.708 163.111 146.34 163.589 148.428 167.538
133.811 162.149 107.992 162.781 136.708 163.111
133.811 162.149 136.708 163.111 146.34 163.589
96.3393 161.418 133.811 162.149 107.992 162.781
73.3081 161.013 96.3393 161.418 107.992 162.781
96.3393 161.418 73.3081 161.013 88.4305 160.048
30.7276 162.561 -3.14638 162.774 61.0565 162.977
73.3081 161.013 30.7276 162.561 61.0565 162.977
30.7276 162.561 73.3081 161.013 88.4305 160.048
68.3511 171.91 131.688 171.527 -3.47021 170.858
30.6126 168.273 48.9601 169.264 9.10936 169.597
48.9601 169.264 30.6126 168.273 113.073 166.402
56.9426 149.01 76.0331 149.739 29.6423 150.067
52.4437 148.129 7.37862 148.415 56.9426 149.01
52.4437 148.129 56.9426 149.01 76.0331 149.739
41.6014 147.407 52.4437 148.129 7.37862 148.415
90.2783 143.928 41.6014 147.407 52.4437 148.129
79.3845 141.48 90.2783 143.928 41.6014 147.407
67.4551 141.184 79.3845 141.48 41.6014 147.407
1.5165 139.545 28.8904 140.974 67.4551 141.184
1.5165 139.545 67.4551 141.184 79.3845 141.48
7.56726 139.143 1.5165 139.545 79.3845 141.48
22.7993 137.464 7.56726 139.143 1.5165 139.545
43.2792 137.247 22.7993 137.464 7.56726 139.143
62.4388 136.226 43.2792 137.247 22.7993 137.464
51.789 136.102 62.4388 136.226 22.7993 137.464
37.3457 133.8 51.789 136.102 22.7993 137.464
33.7597 132.536 37.3457 133.8 22.7993 137.464
37.3457 133.8 33.7597 132.536 61.442 131.718
