-18.5754 40.8183 -19.0802 43.0518 -16.5062 45.372
-17.647 40.4819 -18.5754 40.8183 -16.5062 45.372
-7.40302 36.3031 -9.48819 39.2973 -17.647 40.4819
-7.40302 36.3031 -17.647 40.4819 -18.5754 40.8183
-12.8568 34.2996 -7.40302 36.3031 -18.5754 40.8183
-9.77517 26.8938 -12.8568 34.2996 -7.40302 36.3031
-10.9545 24.9147 -9.77517 26.8938 -12.8568 34.2996
-11.2041 15.2957 -10.9545 24.9147 -12.8568 34.2996
-7.85464 13.9396 -11.2041 15.2957 -10.9545 24.9147
-2.95785 7.07379 -7.85464 13.9396 -10.9545 24.9147
-7.85464 13.9396 -2.95785 7.07379 -0.979255 -4.52348
-0.0407722 43.107 5.06616 44.04 1.67332 46.6413
-9.77517 26.8938 -0.0407722 43.107 1.67332 46.6413
-0.0407722 43.107 -9.77517 26.8938 -10.9545 24.9147
-18.9903 39.3625 -18.5754 40.8183 -19.0802 43.0518
-19.0802 43.0518 -18.9903 39.3625 -18.0271 -6.3843
-18.9903 39.3625 -18.8308 34.1799 -18.0271 -6.3843
-17.8084 25.4839 -18.8308 34.1799 -18.9903 39.3625
-18.9903 39.3625 -17.8084 25.4839 -13.5914 4.70273
-8.5551 -8.18902 -7.85464 13.9396 -11.2041 15.2957
-5.63173 -23.8731 -9.91441 -11.7828 -8.5551 -8.18902
-5.63173 -23.8731 -8.5551 -8.18902 -7.85464 13.9396
-5.33882 -26.3548 -5.63173 -23.8731 -9.91441 -11.7828
-6.67713 -31.3675 -5.33882 -26.3548 -9.91441 -11.7828
-6.01423 -40.3999 -6.67713 -31.3675 -5.33882 -26.3548
-7.88199 -47.059 -3.25633 -43.6522 -6.01423 -40.3999
-7.88199 -47.059 -6.01423 -40.3999 -6.67713 -31.3675
-3.25633 -43.6522 -7.88199 -47.059 -6.52451 -47.3709
-16.0712 -43.2371 -14.7736 -38.8521 -11.1666 -27.8442
-18.1021 -45.8042 -16.0712 -43.2371 -14.7736 -38.8521
-7.88199 -47.059 -18.1021 -45.8042 -16.0712 -43.2371
-6.52451 -47.3709 -7.88199 -47.059 -18.1021 -45.8042
-18.1021 -45.8042 -6.52451 -47.3709 -8.87476 -48.1994
-13.6771 -21.5146 -9.91441 -11.7828 -8.5551 -8.18902
-15.2501 -22.9969 -13.6771 -21.5146 -8.5551 -8.18902
-18.0962 -27.8182 -15.2501 -22.9969 -8.5551 -8.18902
-15.2501 -22.9969 -18.0962 -27.8182 -23.4126 -39.7759
-18.0962 -27.8182 -23.9933 -37.0773 -23.4126 -39.7759
-20.7423 -14.9042 -20.5001 -24.8722 -23.9933 -37.0773
-20.5001 -24.8722 -18.0962 -27.8182 -23.9933 -37.0773
-9.52763 -18.8212 -13.6771 -21.5146 -15.2501 -22.9969
-32.7515 -29.0609 -37.4138 -26.0964 -36.3317 -25.3494
-23.9933 -37.0773 -32.7515 -29.0609 -37.4138 -26.0964
-37.4138 -26.0964 -23.9933 -37.0773 -23.4126 -39.7759
-28.0745 -20.52 -30.1167 -16.6831 -24.6179 4.00503
-29.9372 -26.5903 -28.0745 -20.52 -30.1167 -16.6831
-32.7515 -29.0609 -29.9372 -26.5903 -30.1167 -16.6831
-29.9372 -26.5903 -32.7515 -29.0609 -23.9933 -37.0773
-38.0191 -24.8506 -38.3153 -18.1558 -33.9614 3.68581
-33.9614 3.68581 -38.0191 -24.8506 -36.3317 -25.3494
-46.1987 -8.51979 -43.6632 2.03949 -41.1975 4.4223
-43.4336 -8.76869 -46.1987 -8.51979 -41.1975 4.4223
-38.0191 -24.8506 -43.4336 -8.76869 -46.1987 -8.51979
-37.4138 -26.0964 -36.3317 -25.3494 -38.0191 -24.8506
-37.4138 -26.0964 -38.0191 -24.8506 -46.1987 -8.51979
-46.1987 -8.51979 -37.4138 -26.0964 -40.552 -28.607
-26.7253 11.9767 -22.055 13.814 -27.8069 14.183
-37.0569 10.7376 -26.7253 11.9767 -27.8069 14.183
-41.3428 10.0338 -37.0569 10.7376 -27.8069 14.183
-42.1264 9.76537 -41.3428 10.0338 -37.0569 10.7376
-42.1451 5.24636 -42.1264 9.76537 -37.0569 10.7376
-43.6632 2.03949 -42.1451 5.24636 -42.1264 9.76537
-42.1264 9.76537 -43.6632 2.03949 -46.1987 -8.51979
-22.4607 29.6603 -25.1311 31.0171 -22.2687 33.7279
-19.0813 14.2336 -22.4607 29.6603 -22.2687 33.7279
-22.055 13.814 -19.0813 14.2336 -22.4607 29.6603
-26.7253 11.9767 -22.055 13.814 -19.0813 14.2336
-20.4079 9.66106 -26.7253 11.9767 -19.0813 14.2336
-25.3869 9.5861 -20.4079 9.66106 -26.7253 11.9767
-26.7253 11.9767 -25.3869 9.5861 -23.1228 5.2016
-36.2975 26.9422 -25.1311 31.0171 -22.2687 33.7279
-25.1311 31.0171 -36.2975 26.9422 -34.0985 23.9383
-40.2812 29.1294 -33.7869 34.7644 -26.9441 41.7706
-36.2975 26.9422 -40.2812 29.1294 -33.7869 34.7644
-40.2812 29.1294 -36.2975 26.9422 -34.0985 23.9383
-5.63173 -23.8731 -5.33882 -26.3548 -1.3291 -27.2671
2.65401 41.7478 -0.0407722 43.107 5.06616 44.04
1.94993 31.4536 2.65401 41.7478 5.06616 44.04
-0.255485 13.7393 2.18511 27.2348 1.94993 31.4536
-0.255485 13.7393 1.94993 31.4536 2.65401 41.7478
0.305071 13.5333 -0.255485 13.7393 2.18511 27.2348
0.748 -14.4911 0.305071 13.5333 -0.255485 13.7393
4.95531 -18.1504 7.84671 -16.6159 0.748 -14.4911
1.1161 -26.4944 4.95531 -18.1504 0.748 -14.4911
1.1161 -26.4944 0.748 -14.4911 -0.255485 13.7393
1.31942 -37.1468 1.1161 -26.4944 -0.255485 13.7393
1.1161 -26.4944 1.31942 -37.1468 1.87141 -47.9747
4.31154 -10.0347 0.748 -14.4911 7.84671 -16.6159
7.3776 -23.0561 4.95531 -18.1504 7.84671 -16.6159
7.25658 -31.1274 7.3776 -23.0561 7.84671 -16.6159
10.4285 -37.1517 11.6026 -32.5404 7.25658 -31.1274
7.3776 -23.0561 7.25658 -31.1274 6.29058 -37.2551
7.25658 -31.1274 10.4285 -37.1517 6.29058 -37.2551
12.3449 -12.8293 12.1375 -12.5068 9.55515 7.24428
13.5487 -22.1228 12.3449 -12.8293 12.1375 -12.5068
14.2471 -25.9018 17.3721 -22.1674 13.5487 -22.1228
12.2691 -28.0902 14.2471 -25.9018 13.5487 -22.1228
12.2691 -28.0902 13.5487 -22.1228 12.1375 -12.5068
14.2471 -25.9018 12.2691 -28.0902 11.6026 -32.5404
12.2691 -28.0902 7.25658 -31.1274 11.6026 -32.5404
11.9746 16.3222 12.3449 -12.8293 13.5487 -22.1228
11.6026 -32.5404 10.4285 -37.1517 10.1257 -48.7822
15.5125 26.3203 19.2135 28.3847 19.4869 35.071
18.5991 13.5811 15.5125 26.3203 19.2135 28.3847
17.8205 -9.06836 18.5991 13.5811 19.2135 28.3847
15.5262 -21.8358 19.3992 -10.6776 17.8205 -9.06836
15.5262 -21.8358 17.8205 -9.06836 18.5991 13.5811
17.3721 -22.1674 13.5487 -22.1228 15.5262 -21.8358
17.3721 -22.1674 15.5262 -21.8358 19.3992 -10.6776
16.4148 -39.8299 17.3721 -22.1674 19.3992 -10.6776
17.3721 -22.1674 16.4148 -39.8299 15.511 -41.1031
19.2135 28.3847 19.7751 14.3065 19.4552 8.14179
19.7751 14.3065 19.2135 28.3847 19.4869 35.071
20.1776 -1.46049 19.7751 14.3065 19.4869 35.071
19.7751 14.3065 20.1776 -1.46049 20.5717 -45.3211
20.1776 -1.46049 21.7955 -18.4785 20.5717 -45.3211
21.7955 -18.4785 22.5615 -8.50096 22.4232 4.17832
22.5615 -8.50096 21.7955 -18.4785 20.5717 -45.3211
23.4509 -17.6756 22.5615 -8.50096 22.4232 4.17832
22.5615 -8.50096 23.4509 -17.6756 23.6966 -35.6813
23.4509 -17.6756 24.5645 -8.32561 25.209 10.0781
24.5645 -8.32561 23.4509 -17.6756 23.6966 -35.6813
25.5975 -14.8119 24.5645 -8.32561 25.209 10.0781
24.5645 -8.32561 25.5975 -14.8119 26.0745 -21.4631
27.0299 -4.12613 28.049 -3.48304 26.9752 33.8339
25.5975 -14.8119 27.0299 -4.12613 26.9752 33.8339
27.0299 -4.12613 25.5975 -14.8119 26.0745 -21.4631
28.4012 -22.1921 27.0299 -4.12613 28.049 -3.48304
28.4012 -22.1921 28.049 -3.48304 27.8002 38.8058
27.0299 -4.12613 28.4012 -22.1921 28.1993 -24.6831
29.1129 -14.2049 31.9413 3.65545 29.3966 4.83736
28.8252 -19.9404 32.1182 -19.2277 29.1129 -14.2049
28.8252 -19.9404 29.1129 -14.2049 29.3966 4.83736
28.4012 -22.1921 28.8252 -19.9404 29.3966 4.83736
28.8252 -19.9404 28.4012 -22.1921 28.1993 -24.6831
32.1182 -19.2277 28.8252 -19.9404 45.7857 -20.07
37.0618 27.1485 31.1401 31.6582 29.3031 36.3374
44.8521 18.0896 37.0618 27.1485 29.3031 36.3374
37.789 13.3958 44.8521 18.0896 37.0618 27.1485
33.6367 8.7938 37.789 13.3958 44.8521 18.0896
30.3231 5.23595 49.4396 7.11469 33.6367 8.7938
30.3231 5.23595 33.6367 8.7938 37.789 13.3958
29.3966 4.83736 30.3231 5.23595 37.789 13.3958
31.9413 3.65545 29.3966 4.83736 30.3231 5.23595
40.8225 3.00758 31.9413 3.65545 30.3231 5.23595
31.9413 3.65545 40.8225 3.00758 46.8441 0.101097
29.3031 36.3374 31.1401 31.6582 31.9304 18.1077
1.94993 31.4536 2.18511 27.2348 4.32735 14.9829
