23.2117 100.966 71.0938 101.528 33.3091 101.552
23.2117 100.966 33.3091 101.552 0.583973 103.108
36.5799 100.069 23.2117 100.966 71.0938 101.528
7.92448 98.8868 47.0433 100.006 36.5799 100.069
7.92448 98.8868 36.5799 100.069 23.2117 100.966
47.0433 100.006 7.92448 98.8868 59.2439 98.0957
28.1834 108.1 127.573 108.534 9.39082 108.558
52.5608 106.305 28.1834 108.1 9.39082 108.558
76.6169 106.146 52.5608 106.305 28.1834 108.1
90.9323 102.647 76.6169 106.146 52.5608 106.305
76.8629 102.335 90.9323 102.647 52.5608 106.305
90.9323 102.647 76.8629 102.335 71.0938 101.528
76.8629 102.335 33.3091 101.552 71.0938 101.528
36.5799 100.069 121.726 100.232 129.181 100.481
121.726 100.232 36.5799 100.069 47.0433 100.006
168.209 97.9174 121.726 100.232 129.181 100.481
196.066 96.8258 168.209 97.9174 129.181 100.481
98.5432 96.7182 196.066 96.8258 168.209 97.9174
179.268 96.6554 98.5432 96.7182 196.066 96.8258
138.097 96.0076 179.268 96.6554 196.066 96.8258
26.0404 93.9626 138.097 96.0076 196.066 96.8258
111.868 93.693 26.0404 93.9626 196.066 96.8258
167.192 92.4591 111.868 93.693 26.0404 93.9626
111.868 93.693 167.192 92.4591 188.739 92.2627
116.065 92.6028 68.8308 92.9158 60.9258 93.2071
167.192 92.4591 116.065 92.6028 60.9258 93.2071
188.739 92.2627 167.192 92.4591 116.065 92.6028
158.073 91.8428 188.739 92.2627 116.065 92.6028
116.065 92.6028 158.073 91.8428 103.128 91.5035
10.3051 90.7054 68.8308 92.9158 60.9258 93.2071
-3.07652 90.4736 179.99 90.7019 10.3051 90.7054
-3.07652 90.4736 10.3051 90.7054 60.9258 93.2071
89.4457 90.4095 -3.07652 90.4736 179.99 90.7019
77.496 90.0754 89.4457 90.4095 -3.07652 90.4736
141.216 89.2505 77.496 90.0754 89.4457 90.4095
133.315 87.9598 141.216 89.2505 77.496 90.0754
148.945 87.6147 133.315 87.9598 141.216 89.2505
202.444 86.5745 148.945 87.6147 141.216 89.2505
162.842 83.8294 202.444 86.5745 148.945 87.6147
177.912 78.1362 162.842 83.8294 148.945 87.6147
173.958 77.8509 146.928 78.072 177.912 78.1362
162.842 83.8294 177.912 78.1362 189.142 76.5748
177.912 78.1362 173.958 77.8509 189.142 76.5748
47.7015 91.2183 10.3051 90.7054 179.99 90.7019
116.614 82.0263 148.945 87.6147 133.315 87.9598
103.137 79.6176 116.614 82.0263 148.945 87.6147
148.945 87.6147 103.137 79.6176 111.894 78.4268
49.0706 80.0489 12.6407 81.0335 63.0067 81.0674
49.0706 80.0489 63.0067 81.0674 88.5207 82.2903
111.894 78.4268 103.137 79.6176 49.0706 80.0489
83.3377 78.0062 111.894 78.4268 49.0706 80.0489
83.3377 78.0062 49.0706 80.0489 12.6407 81.0335
71.6444 76.9426 83.3377 78.0062 111.894 78.4268
28.3871 76.9297 71.6444 76.9426 83.3377 78.0062
3.50091 76.8484 28.3871 76.9297 83.3377 78.0062
37.5722 76.0165 3.50091 76.8484 28.3871 76.9297
28.3871 76.9297 37.5722 76.0165 76.114 73.846
16.2081 83.5737 41.8266 86.3174 17.8216 87.8309
17.8216 87.8309 16.2081 83.5737 12.6407 81.0335
16.2081 83.5737 63.0067 81.0674 12.6407 81.0335
143.091 77.4431 173.958 77.8509 146.928 78.072
146.928 78.072 143.091 77.4431 133.543 76.3224
169.308 73.8375 143.091 77.4431 173.958 77.8509
190.18 73.5839 169.308 73.8375 173.958 77.8509
137.167 72.9253 190.18 73.5839 169.308 73.8375
30.1613 71.258 137.167 72.9253 190.18 73.5839
132.576 71.0391 98.3603 71.2438 30.1613 71.258
0.137072 71.0058 132.576 71.0391 30.1613 71.258
0.137072 71.0058 30.1613 71.258 137.167 72.9253
39.0536 70.3336 0.137072 71.0058 132.576 71.0391
120.34 69.2719 106.51 69.5848 39.0536 70.3336
72.3827 69.1165 120.34 69.2719 39.0536 70.3336
72.3827 69.1165 39.0536 70.3336 0.137072 71.0058
93.5295 68.8973 72.3827 69.1165 120.34 69.2719
148.616 66.1459 93.5295 68.8973 120.34 69.2719
88.5985 63.7068 148.616 66.1459 93.5295 68.8973
77.8599 63.5108 88.5985 63.7068 93.5295 68.8973
112.993 62.985 77.8599 63.5108 88.5985 63.7068
166.303 61.6561 112.993 62.985 77.8599 63.5108
112.993 62.985 166.303 61.6561 198.478 61.4105
106.51 69.5848 159.948 70.049 198.744 70.5796
159.948 70.049 106.51 69.5848 120.34 69.2719
46.384 66.9585 61.5127 67.1165 6.72865 67.2586
18.6294 66.5455 46.384 66.9585 6.72865 67.2586
18.8008 62.3346 18.6294 66.5455 6.72865 67.2586
0.50233 61.9297 18.8008 62.3346 6.72865 67.2586
38.2406 61.8666 0.50233 61.9297 18.8008 62.3346
198.478 61.4105 166.303 61.6561 38.2406 61.8666
198.478 61.4105 38.2406 61.8666 0.50233 61.9297
150.519 60.4675 198.478 61.4105 0.50233 61.9297
102.732 60.3024 48.7309 60.4379 150.519 60.4675
128.481 59.7115 102.732 60.3024 150.519 60.4675
128.481 59.7115 150.519 60.4675 198.478 61.4105
73.0096 57.9234 128.481 59.7115 102.732 60.3024
190.51 57.6974 73.0096 57.9234 128.481 59.7115
163.031 57.4147 190.51 57.6974 73.0096 57.9234
121.242 57.4094 163.031 57.4147 73.0096 57.9234
177.048 56.2616 121.242 57.4094 163.031 57.4147
138.322 56.2028 177.048 56.2616 121.242 57.4094
147.647 52.5955 138.322 56.2028 121.242 57.4094
168.228 50.7856 122.977 52.3776 147.647 52.5955
168.228 50.7856 147.647 52.5955 138.322 56.2028
181.17 49.1942 168.228 50.7856 122.977 52.3776
201.906 48.7478 181.17 49.1942 168.228 50.7856
137.071 48.6613 201.906 48.7478 181.17 49.1942
201.906 48.7478 137.071 48.6613 132.931 48.5134
137.071 48.6613 79.4815 50.2904 67.4467 50.724
132.931 48.5134 137.071 48.6613 79.4815 50.2904
103.287 47.9711 132.931 48.5134 79.4815 50.2904
106.668 47.7595 103.287 47.9711 132.931 48.5134
2.79359 47.7118 106.668 47.7595 103.287 47.9711
186.973 47.5617 2.79359 47.7118 106.668 47.7595
56.1021 47.4737 186.973 47.5617 2.79359 47.7118
2.79359 47.7118 56.1021 47.4737 88.7444 46.432
48.7309 60.4379 150.519 60.4675 58.1074 60.6531
58.1074 60.6531 48.7309 60.4379 12.2702 59.9086
48.7309 60.4379 102.732 60.3024 31.2161 58.7949
40.9963 50.1227 79.4815 50.2904 67.4467 50.724
52.1038 49.682 40.9963 50.1227 79.4815 50.2904
19.264 49.3735 52.1038 49.682 40.9963 50.1227
7.66921 49.0162 19.264 49.3735 40.9963 50.1227
19.264 49.3735 7.66921 49.0162 28.2909 48.3991
158.995 47.1055 56.1021 47.4737 186.973 47.5617
27.1436 41.7668 158.995 47.1055 186.973 47.5617
56.6316 41.6834 27.1436 41.7668 186.973 47.5617
10.5289 41.0727 56.6316 41.6834 27.1436 41.7668
117.539 40.9919 10.5289 41.0727 56.6316 41.6834
49.2717 40.5014 117.539 40.9919 10.5289 41.0727
66.4792 39.7785 49.2717 40.5014 10.5289 41.0727
22.2889 39.5808 66.4792 39.7785 10.5289 41.0727
38.3234 39.566 22.2889 39.5808 66.4792 39.7785
80.5607 38.3833 38.3234 39.566 66.4792 39.7785
112.927 37.521 80.5607 38.3833 66.4792 39.7785
98.9753 36.2809 143.461 37.0027 112.927 37.521
98.9753 36.2809 112.927 37.521 80.5607 38.3833
171.545 33.5553 98.9753 36.2809 143.461 37.0027
146.366 32.8535 32.5933 32.8926 121.059 32.9257
146.366 32.8535 121.059 32.9257 171.545 33.5553
199.522 30.1352 146.366 32.8535 171.545 33.5553
199.522 30.1352 171.545 33.5553 143.461 37.0027
187.929 28.5517 199.522 30.1352 146.366 32.8535
199.522 30.1352 187.929 28.5517 179.416 27.3608
187.929 28.5517 162.093 27.372 179.416 27.3608
126.226 27.0516 179.416 27.3608 162.093 27.372
126.226 27.0516 162.093 27.372 113.282 28.9833
138.81 23.0897 126.226 27.0516 113.282 28.9833
113.282 28.9833 138.81 23.0897 126.977 21.631
22.2889 39.5808 38.3234 39.566 3.9337 37.2605
97.4556 32.4547 146.366 32.8535 32.5933 32.8926
86.8065 32.3726 97.4556 32.4547 32.5933 32.8926
53.6106 32.0804 86.8065 32.3726 32.5933 32.8926
68.839 30.1374 53.6106 32.0804 32.5933 32.8926
76.8172 29.5242 68.839 30.1374 53.6106 32.0804
57.8758 29.2988 76.8172 29.5242 68.839 30.1374
16.1004 27.2851 57.8758 29.2988 76.8172 29.5242
76.8172 29.5242 16.1004 27.2851 36.649 27.0901
-1.85366 26.5553 12.5262 26.8187 16.1004 27.2851
-1.85366 26.5553 16.1004 27.2851 57.8758 29.2988
53.7397 23.7403 -1.85366 26.5553 12.5262 26.8187
67.5634 22.9349 30.2509 23.0946 53.7397 23.7403
67.5634 22.9349 53.7397 23.7403 12.5262 26.8187
-1.64952 22.5311 67.5634 22.9349 30.2509 23.0946
39.2826 21.7944 -1.64952 22.5311 67.5634 22.9349
87.5446 20.5695 39.2826 21.7944 67.5634 22.9349
107.619 19.3369 78.3242 20.2147 87.5446 20.5695
107.619 19.3369 87.5446 20.5695 67.5634 22.9349
97.8431 19.2088 107.619 19.3369 78.3242 20.2147
152.333 19.1175 97.8431 19.2088 107.619 19.3369
161.236 18.3856 152.333 19.1175 97.8431 19.2088
198.442 17.5353 161.236 18.3856 152.333 19.1175
173.95 17.2405 198.442 17.5353 161.236 18.3856
181.539 17.0893 173.95 17.2405 198.442 17.5353
188.923 16.6566 63.1701 16.95 181.539 17.0893
188.923 16.6566 181.539 17.0893 198.442 17.5353
168.238 13.0971 136.835 13.4807 188.923 16.6566
168.238 13.0971 188.923 16.6566 198.442 17.5353
158.627 13.0959 168.238 13.0971 136.835 13.4807
10.2674 12.0196 158.627 13.0959 168.238 13.0971
-1.79484 11.9336 10.2674 12.0196 168.238 13.0971
19.1866 11.7592 -1.79484 11.9336 168.238 13.0971
53.5382 11.4439 19.1866 11.7592 -1.79484 11.9336
32.8962 11.3001 53.5382 11.4439 -1.79484 11.9336
97.4795 8.83998 32.8962 11.3001 -1.79484 11.9336
87.7068 8.41291 97.4795 8.83998 -1.79484 11.9336
109.628 7.87645 87.7068 8.41291 97.4795 8.83998
180.459 7.62776 109.628 7.87645 97.4795 8.83998
192.074 6.70713 180.459 7.62776 109.628 7.87645
117.23 6.06906 192.074 6.70713 109.628 7.87645
121.448 2.57704 130.51 3.49004 117.23 6.06906
121.448 2.57704 117.23 6.06906 109.628 7.87645
130.51 3.49004 121.448 2.57704 199.007 2.23307
121.448 2.57704 76.501 2.71868 0.807142 3.00275
76.501 2.71868 121.448 2.57704 199.007 2.23307
87.7068 8.41291 37.0436 8.51975 63.4722 8.54358
37.0436 8.51975 87.7068 8.41291 109.628 7.87645
10.2674 12.0196 66.1656 12.5589 77.3819 12.9623
77.3819 12.9623 10.2674 12.0196 -1.79484 11.9336
10.8586 19.9645 78.3242 20.2147 87.5446 20.5695
78.3242 20.2147 10.8586 19.9645 19.4991 19.3522
63.1701 16.95 188.923 16.6566 123.289 16.4089
12.0359 2.62071 76.501 2.71868 0.807142 3.00275
32.337 0.228078 12.0359 2.62071 0.807142 3.00275
0.807142 3.00275 32.337 0.228078 20.2248 -0.189794
73.6044 0.517496 158.616 0.652148 193.446 1.63515
32.337 0.228078 73.6044 0.517496 193.446 1.63515
20.2248 -0.189794 32.337 0.228078 73.6044 0.517496
41.594 -0.754688 20.2248 -0.189794 73.6044 0.517496
20.2248 -0.189794 41.594 -0.754688 50.2976 -1.33054
50.2976 -1.33054 41.594 -0.754688 59.8305 -0.279059
59.8305 -0.279059 50.2976 -1.33054 93.0804 -2.96411
183.366 0.0546162 158.616 0.652148 193.446 1.63515
173.151 -1.18485 183.366 0.0546162 158.616 0.652148
140.037 -1.47014 173.151 -1.18485 158.616 0.652148
173.151 -1.18485 140.037 -1.47014 149.368 -2.60236
112.67 -0.180899 140.037 -1.47014 149.368 -2.60236
76.501 2.71868 12.0359 2.62071 102.379 2.43826
130.903 9.45541 32.8962 11.3001 53.5382 11.4439
32.8962 11.3001 130.903 9.45541 147.341 8.66482
200.139 10.3158 130.903 9.45541 147.341 8.66482
97.4556 32.4547 86.8065 32.3726 142.554 29.5401
127.462 37.8816 160.428 38.5782 198.103 39.4415
187.57 37.7946 127.462 37.8816 160.428 38.5782
112.927 37.521 187.57 37.7946 127.462 37.8816
143.461 37.0027 112.927 37.521 187.57 37.7946
152.201 36.9476 143.461 37.0027 187.57 37.7946
143.461 37.0027 152.201 36.9476 178.801 36.5708
86.169 40.3673 49.2717 40.5014 117.539 40.9919
49.2717 40.5014 86.169 40.3673 173.221 39.9188
198.744 70.5796 159.948 70.049 176.241 69.9053
202.444 86.5745 162.842 83.8294 200.762 79.7661
150.386 103.351 187.419 103.846 143.323 106.609
150.386 103.351 143.323 106.609 127.573 108.534
161.453 102.572 150.386 103.351 187.419 103.846
150.386 103.351 161.453 102.572 109.901 101.053
10.8884 118.167 32.2994 118.92 59.0169 119.227
51.9581 117.427 10.8884 118.167 59.0169 119.227
41.3714 112.947 51.9581 117.427 59.0169 119.227
100.412 112.539 41.3714 112.947 59.0169 119.227
62.6754 112.165 100.412 112.539 41.3714 112.947
117.804 111.901 62.6754 112.165 100.412 112.539
171.612 111.599 117.804 111.901 100.412 112.539
151.627 111.177 171.612 111.599 117.804 111.901
108.345 109.864 151.627 111.177 117.804 111.901
160.334 108.595 108.345 109.864 151.627 111.177
127.573 108.534 9.39082 108.558 160.334 108.595
143.323 106.609 127.573 108.534 160.334 108.595
151.627 111.177 160.334 108.595 180.955 106.279
160.334 108.595 143.323 106.609 180.955 106.279
87.5791 110.487 2.40208 110.699 73.2825 111.645
18.7191 108.762 87.5791 110.487 2.40208 110.699
2.40208 110.699 18.7191 108.762 9.39082 108.558
18.7191 108.762 160.334 108.595 9.39082 108.558
-1.91857 122.295 39.3699 122.943 42.1325 127.326
17.0495 122.039 -1.91857 122.295 39.3699 122.943
88.0569 121.157 103.907 121.537 17.0495 122.039
77.6823 121.102 88.0569 121.157 17.0495 122.039
77.6823 121.102 17.0495 122.039 -1.91857 122.295
69.7598 120.476 77.6823 121.102 88.0569 121.157
32.2994 118.92 69.7598 120.476 88.0569 121.157
69.7598 120.476 32.2994 118.92 10.8884 118.167
198.204 111.151 151.627 111.177 171.612 111.599
151.627 111.177 198.204 111.151 193.904 109.897
108.369 126.843 76.0791 130.906 99.4212 131.239
120.496 123.821 108.369 126.843 99.4212 131.239
109.363 122.818 150.731 123.381 120.496 123.821
109.363 122.818 120.496 123.821 108.369 126.843
103.907 121.537 109.363 122.818 108.369 126.843
139.912 121.001 88.0569 121.157 103.907 121.537
139.912 121.001 103.907 121.537 109.363 122.818
127.213 120.671 139.912 121.001 88.0569 121.157
169.949 118.018 127.213 120.671 139.912 121.001
163.491 117.368 169.949 118.018 127.213 120.671
183.502 117.264 163.491 117.368 169.949 118.018
163.491 117.368 183.502 117.264 202.393 116.914
186.689 126.476 120.496 123.821 150.731 123.381
187.158 118.282 183.502 117.264 202.393 116.914
49.8822 137.188 40.2584 137.988 11.7361 141.736
67.553 136.911 87.6857 136.923 49.8822 137.188
87.3734 133.337 67.553 136.911 49.8822 137.188
87.3734 133.337 49.8822 137.188 40.2584 137.988
99.4212 131.239 87.3734 133.337 67.553 136.911
76.0791 130.906 99.4212 131.239 87.3734 133.337
60.6167 130.524 76.0791 130.906 87.3734 133.337
52.9794 130.289 60.6167 130.524 76.0791 130.906
76.0791 130.906 52.9794 130.289 68.1925 128.666
58.1545 141.426 66.5202 146.997 77.9824 151.523
66.5202 146.997 58.1545 141.426 49.8822 137.188
58.1545 141.426 82.4761 138.995 49.8822 137.188
82.4761 138.995 98.3374 138.204 49.8822 137.188
131.553 139.076 183.861 139.473 140.868 139.914
98.3374 138.204 131.553 139.076 140.868 139.914
131.553 139.076 98.3374 138.204 87.6857 136.923
98.3374 138.204 49.8822 137.188 87.6857 136.923
131.553 139.076 153.108 136.663 123.059 136.286
153.108 136.663 131.553 139.076 183.861 139.473
128.78 131.451 153.108 136.663 183.861 139.473
121.663 130.761 140.986 131.204 128.78 131.451
121.663 130.761 128.78 131.451 153.108 136.663
181.199 128.134 121.663 130.761 140.986 131.204
172.077 128.103 181.199 128.134 121.663 130.761
181.199 128.134 172.077 128.103 153.606 127.613
200.959 131.469 128.78 131.451 140.986 131.204
149.28 149.126 133.086 149.72 171.044 151.877
158.865 148.6 149.28 149.126 133.086 149.72
202.242 148.277 158.865 148.6 149.28 149.126
119.364 147.519 202.242 148.277 158.865 148.6
178.311 147.328 119.364 147.519 202.242 148.277
193.94 146.169 178.311 147.328 202.242 148.277
140.244 146.095 193.94 146.169 178.311 147.328
202.142 142.719 140.244 146.095 193.94 146.169
159.009 141.874 202.142 142.719 140.244 146.095
168.398 140.408 159.009 141.874 202.142 142.719
191.505 140.363 168.398 140.408 202.142 142.719
140.868 139.914 191.505 140.363 168.398 140.408
183.861 139.473 140.868 139.914 191.505 140.363
191.505 140.363 183.861 139.473 163.461 132.068
113.593 143.573 159.009 141.874 168.398 140.408
62.9428 159.135 38.8303 160.345 -0.0256837 161.019
102.688 158.645 168.416 158.905 62.9428 159.135
141.5 157.42 102.688 158.645 62.9428 159.135
127.032 156.906 141.5 157.42 62.9428 159.135
127.032 156.906 62.9428 159.135 -0.0256837 161.019
92.3963 153.732 107.809 156.751 127.032 156.906
92.3963 153.732 127.032 156.906 141.5 157.42
62.9646 152.845 92.3963 153.732 107.809 156.751
113.119 152.476 62.9646 152.845 92.3963 153.732
31.4286 152.049 113.119 152.476 62.9646 152.845
100.206 151.899 31.4286 152.049 113.119 152.476
46.7437 151.64 100.206 151.899 31.4286 152.049
23.6933 151.55 46.7437 151.64 31.4286 152.049
40.545 149.866 23.6933 151.55 46.7437 151.64
-0.0603694 148.98 40.545 149.866 23.6933 151.55
10.8172 147.841 -0.0603694 148.98 40.545 149.866
3.57845 143.881 10.8172 147.841 -0.0603694 148.98
20.4505 142.454 3.57845 143.881 10.8172 147.841
11.7361 141.736 20.4505 142.454 3.57845 143.881
31.0447 136.556 40.2584 137.988 11.7361 141.736
31.0447 136.556 11.7361 141.736 3.57845 143.881
29.4786 133.82 31.0447 136.556 40.2584 137.988
8.47623 131.416 29.4786 133.82 31.0447 136.556
31.0447 136.556 8.47623 131.416 -0.815654 130.375
22.6921 132.799 8.47623 131.416 -0.815654 130.375
168.416 158.905 62.9428 159.135 180.16 159.492
197.038 158.342 168.416 158.905 180.16 159.492
168.416 158.905 197.038 158.342 193.574 157.246
28.4755 162.573 83.8126 162.692 13.5209 163.916
21.4034 162.419 28.4755 162.573 13.5209 163.916
46.7665 161.505 21.4034 162.419 28.4755 162.573
38.8303 160.345 -0.0256837 161.019 46.7665 161.505
28.4755 162.573 46.7665 161.505 73.2008 160.006
46.7665 161.505 38.8303 160.345 73.2008 160.006
127.959 172.06 108.189 172.336 106.671 178.828
121.171 169.994 127.959 172.06 108.189 172.336
82.4244 168.933 121.171 169.994 108.189 172.336
57.5596 168.214 82.4244 168.933 108.189 172.336
72.7668 167.952 57.5596 168.214 82.4244 168.933
99.6547 166.968 72.7668 167.952 82.4244 168.933
89.9523 166.936 99.6547 166.968 72.7668 167.952
88.8694 163.672 89.9523 166.936 99.6547 166.968
83.8126 162.692 88.8694 163.672 89.9523 166.936
122.658 161.882 28.4755 162.573 83.8126 162.692
122.658 161.882 83.8126 162.692 88.8694 163.672
28.4755 162.573 122.658 161.882 151.199 160.101
122.658 161.882 158.139 162.738 146.849 166.491
158.139 162.738 122.658 161.882 151.199 160.101
73.9672 181.446 19.8543 181.861 79.5961 182.885
100.247 180.5 73.9672 181.446 79.5961 182.885
90.7023 180.373 100.247 180.5 73.9672 181.446
59.2503 177.762 90.7023 180.373 73.9672 181.446
50.3896 176.363 59.2503 177.762 73.9672 181.446
43.1923 176.25 50.3896 176.363 73.9672 181.446
-3.32742 172.288 43.1923 176.25 50.3896 176.363
18.1647 171.46 -3.32742 172.288 50.3896 176.363
6.01973 170.66 18.1647 171.46 -3.32742 172.288
37.0601 169.102 6.01973 170.66 18.1647 171.46
57.5596 168.214 26.5581 168.569 37.0601 169.102
57.5596 168.214 37.0601 169.102 18.1647 171.46
26.5581 168.569 57.5596 168.214 72.7668 167.952
33.6097 177.932 43.1923 176.25 -3.32742 172.288
121.171 169.994 127.959 172.06 142.292 176.321
159.273 169.649 121.171 169.994 142.292 176.321
121.171 169.994 159.273 169.649 140.542 167.185
159.273 169.649 173.324 169.582 140.542 167.185
192.491 169.891 198.122 172.657 199.68 176.28
176.979 169.826 192.491 169.891 199.68 176.28
173.324 169.582 176.979 169.826 192.491 169.891
192.491 169.891 173.324 169.582 140.542 167.185
163.834 177.738 176.979 169.826 173.324 169.582
59.2503 177.762 50.3896 176.363 52.0049 171.654
127.892 182.051 116.776 183.304 172.597 183.319
148.347 181.51 127.892 182.051 172.597 183.319
100.247 180.5 148.347 181.51 127.892 182.051
187.594 180.136 90.7023 180.373 100.247 180.5
187.594 180.136 100.247 180.5 148.347 181.51
90.7023 180.373 187.594 180.136 181.48 179.59
60.7647 191.722 107.346 191.856 26.1401 192.586
0.0562923 191.157 60.7647 191.722 107.346 191.856
79.6615 190.326 0.0562923 191.157 107.346 191.856
71.3264 190.106 79.6615 190.326 0.0562923 191.157
166.2 188.294 71.3264 190.106 0.0562923 191.157
203.904 187.724 96.6557 187.942 166.2 188.294
203.904 187.724 166.2 188.294 71.3264 190.106
192.453 187.444 203.904 187.724 96.6557 187.942
13.5023 187.306 192.453 187.444 96.6557 187.942
163.033 187.077 13.5023 187.306 192.453 187.444
52.1285 186.94 163.033 187.077 13.5023 187.306
23.8906 186.86 52.1285 186.94 13.5023 187.306
2.49307 182.565 23.8906 186.86 13.5023 187.306
19.8543 181.861 2.49307 182.565 23.8906 186.86
2.49307 182.565 19.8543 181.861 8.13611 179.41
19.8543 181.861 73.9672 181.446 8.13611 179.41
36.784 202.62 57.113 202.897 6.34522 203.14
26.0068 201.694 36.784 202.62 6.34522 203.14
2.94158 200.918 26.0068 201.694 6.34522 203.14
23.357 200.404 2.94158 200.918 26.0068 201.694
111.553 200.161 23.357 200.404 26.0068 201.694
190.152 199.597 111.553 200.161 23.357 200.404
169.082 199.432 190.152 199.597 23.357 200.404
160.558 199.106 169.082 199.432 190.152 199.597
93.9897 198.852 160.558 199.106 169.082 199.432
142.092 198.22 93.9897 198.852 160.558 199.106
152.095 198.001 142.092 198.22 160.558 199.106
143.923 193.233 152.095 198.001 160.558 199.106
153.555 192.983 122.145 193.086 143.923 193.233
153.555 192.983 143.923 193.233 160.558 199.106
26.1401 192.586 153.555 192.983 122.145 193.086
107.346 191.856 26.1401 192.586 153.555 192.983
153.555 192.983 107.346 191.856 180.661 191.722
36.0745 193.59 92.4037 193.274 122.145 193.086
92.4037 193.274 143.923 193.233 122.145 193.086
92.4037 193.274 129.043 193.536 70.7735 196.99
129.043 193.536 92.4037 193.274 143.923 193.233
57.113 202.897 121.507 203.149 179.163 203.925
121.507 203.149 57.113 202.897 36.784 202.62
196.876 201.048 111.553 200.161 190.152 199.597
179.163 203.925 121.507 203.149 83.5548 201.916
98.0267 197.59 152.095 198.001 142.092 198.22
142.092 198.22 98.0267 197.59 50.0061 197.246
98.0267 197.59 127.689 197.497 50.0061 197.246
