21.8796 20.9524 52.2915 21.9523 31.111 22.2949
6.00299 18.6942 21.8796 20.9524 31.111 22.2949
9.86023 17.5683 6.00299 18.6942 21.8796 20.9524
7.86262 13.62 9.86023 17.5683 6.00299 18.6942
8.24537 10.4941 7.86262 13.62 6.00299 18.6942
9.35128 8.23836 8.24537 10.4941 7.86262 13.62
8.21914 5.11303 9.35128 8.23836 8.24537 10.4941
8.24537 10.4941 8.21914 5.11303 0.721814 2.26925
8.21914 5.11303 19.0543 9.02837 20.5109 10.176
19.0543 9.02837 8.21914 5.11303 0.721814 2.26925
26.9518 40.1478 29.2814 42.2066 52.5968 42.2515
21.12 39.0437 26.9518 40.1478 52.5968 42.2515
27.8794 38.3138 21.12 39.0437 52.5968 42.2515
22.2276 37.3857 27.8794 38.3138 52.5968 42.2515
3.25506 36.1813 22.2276 37.3857 27.8794 38.3138
19.9838 35.0496 3.25506 36.1813 22.2276 37.3857
24.0263 33.4601 19.9838 35.0496 22.2276 37.3857
16.4774 32.7007 24.0263 33.4601 19.9838 35.0496
28.7056 31.8513 16.4774 32.7007 24.0263 33.4601
37.3756 31.4736 28.7056 31.8513 24.0263 33.4601
30.0906 31.0341 47.9619 31.2253 37.3756 31.4736
30.0906 31.0341 37.3756 31.4736 28.7056 31.8513
2.20426 29.6925 30.0906 31.0341 47.9619 31.2253
8.44215 29.4746 2.20426 29.6925 47.9619 31.2253
33.8321 29.2635 8.44215 29.4746 47.9619 31.2253
25.253 29.2034 33.8321 29.2635 8.44215 29.4746
40.3992 26.9801 25.253 29.2034 33.8321 29.2635
52.5033 24.3456 43.9624 25.1778 40.3992 26.9801
52.5033 24.3456 40.3992 26.9801 33.8321 29.2635
42.2284 23.3279 52.5033 24.3456 43.9624 25.1778
31.111 22.2949 0.30186 22.649 42.2284 23.3279
52.2915 21.9523 31.111 22.2949 42.2284 23.3279
52.2915 21.9523 42.2284 23.3279 52.5033 24.3456
52.9554 3.24133 52.2915 21.9523 52.5033 24.3456
60.1118 1.52306 56.4153 2.7749 52.9554 3.24133
52.2915 21.9523 52.9554 3.24133 52.6112 1.26583
52.9554 3.24133 60.1118 1.52306 52.6112 1.26583
73.3634 11.9553 78.9345 12.3033 74.1538 13.2447
73.3634 11.9553 74.1538 13.2447 71.8737 17.3676
73.5947 11.6234 73.3634 11.9553 78.9345 12.3033
70.7332 9.09524 73.5947 11.6234 78.9345 12.3033
60.1118 1.52306 71.6335 8.66784 70.7332 9.09524
60.1118 1.52306 70.7332 9.09524 73.5947 11.6234
71.6335 8.66784 60.1118 1.52306 67.5498 0.751691
60.1118 1.52306 52.6112 1.26583 67.5498 0.751691
0.39815 40.8212 26.9518 40.1478 21.12 39.0437
45.3193 54.067 29.0046 56.3896 30.3328 56.4788
47.048 53.3499 45.3193 54.067 29.0046 56.3896
37.9647 53.3442 47.048 53.3499 29.0046 56.3896
31.8045 51.3573 37.9647 53.3442 29.0046 56.3896
29.2814 42.2066 31.8045 51.3573 29.0046 56.3896
29.0046 56.3896 29.2814 42.2066 26.9518 40.1478
50.9342 61.0215 38.7668 63.5787 33.4545 64.1445
48.9743 60.8847 50.9342 61.0215 33.4545 64.1445
45.3193 54.067 48.9743 60.8847 50.9342 61.0215
50.9342 61.0215 45.3193 54.067 47.048 53.3499
58.823 4.42539 57.628 5.0084 55.4157 8.93444
57.2504 3.48622 58.823 4.42539 57.628 5.0084
58.823 4.42539 57.2504 3.48622 56.4153 2.7749
57.2504 3.48622 52.9554 3.24133 56.4153 2.7749
83.7071 27.193 87.2626 35.1114 90.3003 39.4569
80.8799 22.1191 92.9914 23.3362 83.7071 27.193
80.8799 22.1191 83.7071 27.193 87.2626 35.1114
78.8767 21.5036 80.8799 22.1191 92.9914 23.3362
64.2335 21.2509 78.8767 21.5036 80.8799 22.1191
55.5181 20.9018 64.2335 21.2509 78.8767 21.5036
58.296 20.324 55.5181 20.9018 78.8767 21.5036
73.3634 11.9553 58.296 20.324 55.5181 20.9018
55.5181 20.9018 73.3634 11.9553 73.5947 11.6234
57.6488 25.7245 64.2335 21.2509 55.5181 20.9018
89.1787 16.7095 74.1538 13.2447 78.9345 12.3033
84.6523 8.33732 71.6335 8.66784 70.7332 9.09524
86.4512 6.67434 84.6523 8.33732 71.6335 8.66784
84.6523 8.33732 86.4512 6.67434 96.0448 0.239119
93.8248 45.5065 94.229 46.0502 90.9847 46.7377
90.2881 44.2105 93.8248 45.5065 90.9847 46.7377
87.2626 35.1114 90.3003 39.4569 90.2881 44.2105
87.2626 35.1114 90.2881 44.2105 90.9847 46.7377
86.1522 34.8308 87.2626 35.1114 90.9847 46.7377
87.2626 35.1114 86.1522 34.8308 84.9074 31.9075
72.7282 92.1348 76.7279 93.8398 70.6422 95.255
77.7124 83.1724 78.4041 83.9088 72.7282 92.1348
77.7124 83.1724 72.7282 92.1348 70.6422 95.255
77.5714 77.1968 77.7124 83.1724 78.4041 83.9088
82.3422 72.9854 77.5714 77.1968 78.4041 83.9088
70.383 70.261 82.3422 72.9854 77.5714 77.1968
78.8325 68.6914 70.383 70.261 82.3422 72.9854
79.2756 67.6913 78.8325 68.6914 82.3422 72.9854
69.1001 54.6622 69.9656 55.9242 79.2756 67.6913
73.5434 53.6822 69.1001 54.6622 79.2756 67.6913
73.5434 53.6822 79.2756 67.6913 82.3422 72.9854
76.9354 50.3034 73.5434 53.6822 69.1001 54.6622
81.4092 49.8045 55.5777 50.2505 76.9354 50.3034
81.4092 49.8045 76.9354 50.3034 73.5434 53.6822
71.0581 47.9433 81.4092 49.8045 55.5777 50.2505
82.8321 43.2598 71.0581 47.9433 55.5777 50.2505
78.3947 43.0524 82.8321 43.2598 55.5777 50.2505
81.2476 41.5188 78.3947 43.0524 82.8321 43.2598
85.1572 35.4459 81.2476 41.5188 82.8321 43.2598
86.1522 34.8308 85.1572 35.4459 82.8321 43.2598
85.1572 35.4459 86.1522 34.8308 84.9074 31.9075
66.7386 94.8579 66.6034 96.4396 69.2235 99.7719
68.085 87.2435 66.7386 94.8579 69.2235 99.7719
69.4641 77.5084 69.6806 81.0934 68.085 87.2435
69.4641 77.5084 68.085 87.2435 66.7386 94.8579
68.8835 55.9782 69.4641 77.5084 69.6806 81.0934
69.9656 55.9242 68.8835 55.9782 69.6806 81.0934
68.8835 55.9782 69.9656 55.9242 69.1001 54.6622
93.8248 45.5065 90.2881 44.2105 93.4545 29.1978
97.6615 42.4766 93.8248 45.5065 94.229 46.0502
93.8248 45.5065 97.6615 42.4766 98.6276 39.6496
80.7413 93.5308 76.7279 93.8398 70.6422 95.255
84.3795 91.6939 80.7413 93.5308 76.7279 93.8398
76.7279 93.8398 84.3795 91.6939 88.7731 85.5905
88.7731 85.5905 84.3795 91.6939 91.0134 99.0263
89.2164 84.9155 88.7731 85.5905 91.0134 99.0263
91.2175 78.2051 94.375 79.9144 89.2164 84.9155
91.2175 78.2051 89.2164 84.9155 88.7731 85.5905
88.7731 85.5905 91.2175 78.2051 87.9675 73.8005
94.375 79.9144 98.4629 90.1798 99.1527 92.4453
95.8251 74.6481 91.2175 78.2051 94.375 79.9144
95.8251 74.6481 94.375 79.9144 98.4629 90.1798
94.1231 69.8999 95.8251 74.6481 91.2175 78.2051
95.8251 74.6481 94.1231 69.8999 98.0665 66.4797
99.1527 92.4453 98.4629 90.1798 99.4392 81.6352
66.4408 83.9425 66.7386 94.8579 66.6034 96.4396
66.4388 76.9976 66.4408 83.9425 66.7386 94.8579
64.0895 76.1552 66.4388 76.9976 66.4408 83.9425
63.8879 67.8256 64.0895 76.1552 66.4388 76.9976
66.4388 76.9976 63.8879 67.8256 65.2775 62.0695
60.7257 90.2351 59.6993 90.7078 61.2772 91.5779
64.0895 76.1552 60.7257 90.2351 61.2772 91.5779
60.7257 90.2351 64.0895 76.1552 63.8879 67.8256
54.0712 89.6912 60.7257 90.2351 59.6993 90.7078
58.1245 89.0974 54.0712 89.6912 60.7257 90.2351
60.1107 87.7933 58.1245 89.0974 60.7257 90.2351
59.8582 83.1487 60.1107 87.7933 60.7257 90.2351
58.3967 69.7811 58.2444 73.2438 59.8582 83.1487
58.3967 69.7811 59.8582 83.1487 60.7257 90.2351
55.6395 65.0707 58.3967 69.7811 58.2444 73.2438
53.436 64.2644 55.6395 65.0707 58.2444 73.2438
59.6546 57.2445 53.436 64.2644 55.6395 65.0707
58.1419 54.5183 59.6546 57.2445 53.436 64.2644
59.6546 57.2445 58.1419 54.5183 59.4984 53.023
58.1245 89.0974 60.1107 87.7933 57.1258 84.4809
81.2476 41.5188 78.3947 43.0524 57.6692 46.5
73.2577 41.1971 81.2476 41.5188 57.6692 46.5
67.6801 39.0063 73.2577 41.1971 81.2476 41.5188
81.2476 41.5188 67.6801 39.0063 59.4369 36.703
59.4369 36.703 67.6801 39.0063 53.2757 40.4246
63.8258 31.9538 59.4369 36.703 53.2757 40.4246
66.8961 31.8864 63.8258 31.9538 59.4369 36.703
69.6151 29.9518 66.8961 31.8864 63.8258 31.9538
63.8258 31.9538 69.6151 29.9518 52.7106 29.064
40.8988 50.9185 31.8045 51.3573 37.9647 53.3442
38.9744 46.6385 39.027 46.8239 45.3449 47.1
37.9647 53.3442 40.8988 50.9185 50.127 45.4002
40.8988 50.9185 45.3449 47.1 50.127 45.4002
45.3449 47.1 38.9744 46.6385 50.127 45.4002
15.5586 82.8768 33.7486 84.0616 1.38705 84.3515
12.6389 81.7286 15.5586 82.8768 1.38705 84.3515
9.00475 77.1787 12.6389 81.7286 15.5586 82.8768
14.6324 74.1002 9.00475 77.1787 15.5586 82.8768
17.787 70.7043 14.6324 74.1002 15.5586 82.8768
27.4272 58.4017 17.787 70.7043 14.6324 74.1002
17.787 70.7043 27.4272 58.4017 30.3328 56.4788
27.4272 58.4017 20.5172 58.9258 20.184 62.7133
30.3328 56.4788 27.4272 58.4017 20.5172 58.9258
29.0046 56.3896 30.3328 56.4788 20.5172 58.9258
24.7459 56.0788 29.0046 56.3896 20.5172 58.9258
24.9486 54.9067 24.7459 56.0788 29.0046 56.3896
24.7459 56.0788 24.9486 54.9067 22.8405 42.9607
33.7486 84.0616 1.38705 84.3515 21.9569 84.7385
33.7486 84.0616 21.9569 84.7385 41.1705 86.2396
33.7315 79.3182 33.7486 84.0616 41.1705 86.2396
38.4455 78.8862 33.7315 79.3182 41.1705 86.2396
39.0828 78.4645 38.4455 78.8862 41.1705 86.2396
41.0567 76.6027 39.0828 78.4645 38.4455 78.8862
38.4455 78.8862 41.0567 76.6027 39.9542 66.6571
17.2297 90.1803 9.36005 91.5284 26.4606 97.289
14.5402 87.2356 17.2297 90.1803 26.4606 97.289
17.2297 90.1803 14.5402 87.2356 1.38705 84.3515
14.5402 87.2356 21.9569 84.7385 1.38705 84.3515
28.8911 88.7726 14.5402 87.2356 21.9569 84.7385
48.0741 73.4286 41.0567 76.6027 39.0828 78.4645
41.0567 76.6027 48.0741 73.4286 47.8148 69.3713
50.9986 86.0849 46.5956 98.2401 48.7707 99.1225
48.9397 83.2102 50.9986 86.0849 46.5956 98.2401
48.0741 73.4286 48.9397 83.2102 50.9986 86.0849
50.9986 86.0849 48.0741 73.4286 47.8148 69.3713
12.6389 81.7286 9.00475 77.1787 1.59647 69.4487
9.00475 77.1787 14.6324 74.1002 8.17998 65.5898
18.2786 53.2051 20.5172 58.9258 20.184 62.7133
20.5172 58.9258 18.2786 53.2051 19.151 50.2814
11.909 59.9094 15.1057 62.0775 2.30211 62.4355
8.28988 56.2717 11.909 59.9094 15.1057 62.0775
5.33502 55.2919 8.28988 56.2717 11.909 59.9094
18.2786 53.2051 5.33502 55.2919 8.28988 56.2717
5.33502 55.2919 18.2786 53.2051 19.151 50.2814
20.7655 11.9366 19.3141 13.5089 14.8215 15.7985
20.5109 10.176 20.7655 11.9366 14.8215 15.7985
21.8163 4.25918 19.0543 9.02837 20.5109 10.176
21.8163 4.25918 20.5109 10.176 20.7655 11.9366
20.7655 11.9366 21.8163 4.25918 24.0267 1.26253
27.8783 8.32831 20.7655 11.9366 19.3141 13.5089
20.7655 11.9366 27.8783 8.32831 25.4081 4.63087
36.0854 18.8512 29.2709 19.8112 49.4033 20.7662
38.8097 17.5406 36.0854 18.8512 29.2709 19.8112
51.2546 12.0854 38.8097 17.5406 36.0854 18.8512
35.9118 9.50645 51.2546 12.0854 38.8097 17.5406
38.2262 9.37193 35.9118 9.50645 51.2546 12.0854
27.8783 8.32831 38.2262 9.37193 35.9118 9.50645
25.4081 4.63087 27.8783 8.32831 38.2262 9.37193
40.2587 4.02379 25.4081 4.63087 38.2262 9.37193
25.4081 4.63087 40.2587 4.02379 33.6039 2.45304
43.9173 1.13216 33.6039 2.45304 40.2587 4.02379
43.9173 1.13216 40.2587 4.02379 48.9238 6.32588
33.6039 2.45304 43.9173 1.13216 40.7677 0.0313054
