1.37501 22.1699 1.53137 34.8558 1.66459 46.1125
1.26309 9.60398 1.37501 22.1699 1.53137 34.8558
1.0945 -15.7497 1.26309 9.60398 1.53137 34.8558
1.53137 34.8558 1.0945 -15.7497 1.33461 -17.6643
1.0945 -15.7497 -1.60413 3.60359 -2.24198 12.9515
-1.60413 3.60359 1.0945 -15.7497 1.33461 -17.6643
1.80206 21.8019 1.53137 34.8558 1.66459 46.1125
2.60962 16.5818 8.13809 19.2345 1.80206 21.8019
1.96538 8.69301 5.72974 8.71761 4.74314 9.4884
1.96538 8.69301 4.74314 9.4884 2.60962 16.5818
1.96538 8.69301 2.60962 16.5818 1.80206 21.8019
1.96538 8.69301 1.80206 21.8019 1.53137 34.8558
8.67571 6.96627 1.96538 8.69301 5.72974 8.71761
7.35976 5.33566 21.043 6.5801 8.67571 6.96627
7.35976 5.33566 8.67571 6.96627 1.96538 8.69301
15.5539 -5.23721 7.35976 5.33566 1.96538 8.69301
7.35976 5.33566 15.5539 -5.23721 20.0405 -10.0467
15.5539 -5.23721 16.5238 -7.56208 20.0405 -10.0467
8.30941 22.2005 1.80206 21.8019 8.13809 19.2345
16.7503 11.8327 4.74314 9.4884 5.72974 8.71761
20.0405 -10.0467 16.5238 -7.56208 6.99091 -6.40829
17.8555 -10.1409 20.0405 -10.0467 6.99091 -6.40829
6.99091 -6.40829 17.8555 -10.1409 15.1642 -11.5751
15.5539 -5.23721 9.84806 -2.54168 3.47031 -0.535012
3.47031 -0.535012 15.5539 -5.23721 16.5238 -7.56208
22.8338 -12.8281 17.8555 -10.1409 20.0405 -10.0467
22.8338 -12.8281 20.0405 -10.0467 21.6541 2.13099
17.8555 -10.1409 22.8338 -12.8281 19.6196 -16.4672
22.8338 -12.8281 26.6567 -11.5316 26.4369 -11.3075
26.6567 -11.5316 22.8338 -12.8281 19.6196 -16.4672
32.6798 -2.58932 30.7574 2.6705 28.098 4.89871
33.8531 -4.60805 32.6798 -2.58932 28.098 4.89871
37.4662 -10.5852 33.8531 -4.60805 28.098 4.89871
26.6567 -11.5316 26.4369 -11.3075 37.4662 -10.5852
40.5704 -11.952 26.6567 -11.5316 37.4662 -10.5852
40.5704 -11.952 37.4662 -10.5852 33.8531 -4.60805
36.5084 -12.1473 40.5704 -11.952 26.6567 -11.5316
30.5779 -15.6479 36.5084 -12.1473 26.6567 -11.5316
46.8846 -15.7272 30.5779 -15.6479 36.5084 -12.1473
45.7966 -16.5699 46.8846 -15.7272 30.5779 -15.6479
40.3523 -26.6482 36.4998 -18.1562 45.7966 -16.5699
40.3523 -26.6482 45.7966 -16.5699 46.8846 -15.7272
39.1922 -28.4436 40.3523 -26.6482 36.4998 -18.1562
33.7104 -32.6098 39.1922 -28.4436 36.4998 -18.1562
32.7035 -35.7368 33.7104 -32.6098 39.1922 -28.4436
39.1922 -28.4436 32.7035 -35.7368 33.5195 -36.3276
27.9533 -30.6279 33.3918 -30.2892 24.3763 -23.77
29.0849 -33.4345 27.9533 -30.6279 24.3763 -23.77
32.7035 -35.7368 29.0849 -33.4345 27.9533 -30.6279
33.5195 -36.3276 32.7035 -35.7368 29.0849 -33.4345
15.3436 -38.8182 33.5195 -36.3276 29.0849 -33.4345
33.5195 -36.3276 15.3436 -38.8182 22.1257 -39.9364
15.3436 -38.8182 7.20656 -39.7572 22.1257 -39.9364
3.58716 -31.2678 4.84222 -29.3539 2.41107 -27.8451
4.90709 -35.5523 3.58716 -31.2678 2.41107 -27.8451
7.20656 -39.7572 2.74848 -36.8337 4.90709 -35.5523
7.20656 -39.7572 4.90709 -35.5523 3.58716 -31.2678
3.13959 -40.9724 22.1257 -39.9364 7.20656 -39.7572
3.13959 -40.9724 7.20656 -39.7572 2.74848 -36.8337
8.09335 -41.5413 3.13959 -40.9724 22.1257 -39.9364
3.13959 -40.9724 8.09335 -41.5413 6.3897 -48.4384
17.8703 -32.8956 4.84222 -29.3539 2.41107 -27.8451
4.84222 -29.3539 17.8703 -32.8956 14.4699 -34.4374
20.5749 -31.6774 17.8703 -32.8956 14.4699 -34.4374
40.724 2.54311 30.7574 2.6705 28.098 4.89871
48.4038 2.25017 40.724 2.54311 28.098 4.89871
40.724 2.54311 48.4038 2.25017 48.8572 -2.18401
37.4048 16.9654 35.035 18.9608 35.1364 20.0255
39.5137 14.2758 39.1089 16.1177 37.4048 16.9654
39.5137 14.2758 37.4048 16.9654 35.035 18.9608
45.6695 13.958 27.3643 14.1886 39.5137 14.2758
45.6695 13.958 39.5137 14.2758 39.1089 16.1177
30.7926 13.2163 45.6695 13.958 27.3643 14.1886
27.16 9.3084 30.7926 13.2163 27.3643 14.1886
24.3651 7.14156 27.16 9.3084 27.3643 14.1886
21.043 6.5801 24.3651 7.14156 27.3643 14.1886
24.3651 7.14156 21.043 6.5801 14.5574 5.03186
21.043 6.5801 7.35976 5.33566 14.5574 5.03186
35.1364 20.0255 35.035 18.9608 29.4145 15.9325
22.3956 30.5754 24.6152 31.449 17.8388 32.0522
15.9672 23.3845 22.3956 30.5754 24.6152 31.449
8.13809 19.2345 15.9672 23.3845 22.3956 30.5754
6.67634 16.4981 2.60962 16.5818 8.13809 19.2345
6.67634 16.4981 8.13809 19.2345 15.9672 23.3845
2.60962 16.5818 6.67634 16.4981 16.5585 13.7803
24.6152 31.449 17.8388 32.0522 24.0908 32.7993
24.6152 31.449 24.0908 32.7993 25.2409 33.8346
27.5603 27.8753 24.6152 31.449 25.2409 33.8346
24.6152 31.449 27.5603 27.8753 25.7176 24.297
28.5387 27.9327 38.4511 29.8268 31.262 30.2317
27.5603 27.8753 28.5387 27.9327 31.262 30.2317
28.5387 27.9327 27.5603 27.8753 25.7176 24.297
24.0908 32.7993 23.6053 32.9582 19.4203 33.2179
19.4203 33.2179 24.0908 32.7993 17.8388 32.0522
20.8439 37.5942 17.5022 38.688 14.3134 41.3216
23.5626 35.3681 20.8439 37.5942 17.5022 38.688
23.7161 35.1594 23.5626 35.3681 17.5022 38.688
23.6053 32.9582 23.7161 35.1594 17.5022 38.688
23.7161 35.1594 23.6053 32.9582 24.0908 32.7993
21.3725 41.3019 20.8439 37.5942 23.5626 35.3681
23.5626 35.3681 32.2339 36.5769 28.9365 37.58
32.2339 36.5769 23.5626 35.3681 23.7161 35.1594
10.5408 36.3559 17.5022 38.688 14.3134 41.3216
17.5022 38.688 10.5408 36.3559 9.56758 35.3911
10.5408 36.3559 2.77626 45.3349 5.74801 46.7013
2.77626 45.3349 10.5408 36.3559 9.56758 35.3911
-2.24198 12.9515 -2.3083 39.9768 -0.142902 47.7727
-1.55696 -41.432 -1.60413 3.60359 -2.24198 12.9515
-2.3083 39.9768 -2.24198 12.9515 -2.97158 -44.8127
-2.24198 12.9515 -1.55696 -41.432 -2.97158 -44.8127
-4.90277 30.6918 -2.3083 39.9768 -0.142902 47.7727
-6.11782 24.8927 -4.90277 30.6918 -2.3083 39.9768
-3.78708 24.1228 -6.11782 24.8927 -2.3083 39.9768
-3.94205 15.6508 -3.78708 24.1228 -6.11782 24.8927
-6.26407 -0.80471 -3.94205 15.6508 -6.11782 24.8927
-6.50191 -14.4952 -6.26407 -0.80471 -6.11782 24.8927
-6.26407 -0.80471 -6.50191 -14.4952 -6.36943 -26.2326
-8.64349 -5.55344 -9.74117 -0.667259 -9.91782 20.6769
-9.74117 -0.667259 -8.64349 -5.55344 -6.36943 -26.2326
-8.64349 -5.55344 -6.50191 -14.4952 -6.36943 -26.2326
-10.1277 -29.1686 -9.74117 -0.667259 -9.91782 20.6769
-9.74117 -0.667259 -10.1277 -29.1686 -9.63072 -42.9804
-11.8055 4.35404 -14.9214 4.80131 -16.9825 6.8043
-13.2163 -3.56395 -11.8055 4.35404 -14.9214 4.80131
-13.743 -12.0835 -13.2163 -3.56395 -14.9214 4.80131
-13.023 -21.9093 -13.743 -12.0835 -13.2163 -3.56395
-10.1277 -29.1686 -13.023 -21.9093 -13.2163 -3.56395
-13.023 -21.9093 -10.1277 -29.1686 -9.63072 -42.9804
-12.3646 46.6041 -11.2 46.772 -10.9949 47.8298
-13.9879 41.5469 -12.3646 46.6041 -11.2 46.772
-15.7237 37.8949 -13.9879 41.5469 -11.2 46.772
-18.765 31.2297 -15.7237 37.8949 -11.2 46.772
-18.8172 28.6326 -15.2596 30.573 -18.765 31.2297
-20.7273 28.3182 -18.8172 28.6326 -18.765 31.2297
-20.7273 28.3182 -18.765 31.2297 -15.7237 37.8949
-18.8172 28.6326 -20.7273 28.3182 -16.9825 6.8043
-20.7273 28.3182 -21.5629 30.7324 -22.5377 39.0728
-16.9825 6.8043 -20.7273 28.3182 -21.5629 30.7324
-18.3817 3.43181 -14.9214 4.80131 -16.9825 6.8043
-18.3817 3.43181 -16.9825 6.8043 -21.5629 30.7324
-18.8854 -17.3083 -18.3817 3.43181 -14.9214 4.80131
-20.9431 -34.6195 -18.8854 -17.3083 -18.3817 3.43181
-18.3817 3.43181 -20.9431 -34.6195 -21.4008 -38.5324
-20.9431 -34.6195 -21.0271 -36.4309 -21.4008 -38.5324
-15.2596 30.573 -18.765 31.2297 -10.4596 32.3274
-10.4596 32.3274 -15.2596 30.573 -16.4192 20.5154
-13.9879 41.5469 -15.7237 37.8949 -18.38 37.2271
-26.4945 25.619 -21.5629 30.7324 -22.5377 39.0728
-26.4861 24.6572 -26.4945 25.619 -21.5629 30.7324
-24.3446 22.2848 -26.4861 24.6572 -21.5629 30.7324
-28.6075 5.67288 -24.3446 22.2848 -21.5629 30.7324
-31.8272 3.01299 -28.6075 5.67288 -24.3446 22.2848
-29.1108 -8.62854 -31.8272 3.01299 -28.6075 5.67288
-30.3446 -20.4779 -29.1108 -8.62854 -31.8272 3.01299
-30.2574 -23.2438 -30.3446 -20.4779 -31.8272 3.01299
-28.1721 -26.6563 -30.2574 -23.2438 -30.3446 -20.4779
-30.2574 -23.2438 -28.1721 -26.6563 -26.4114 -41.6146
-26.6156 37.571 -26.4945 25.619 -26.4861 24.6572
-25.4455 -13.483 -23.3041 -1.43914 -22.8385 4.97987
-28.1721 -26.6563 -25.4455 -13.483 -22.8385 4.97987
-25.4455 -13.483 -28.1721 -26.6563 -26.4114 -41.6146
-31.1069 30.4894 -31.924 31.457 -30.0778 34.1755
-29.7714 26.7717 -31.1069 30.4894 -31.924 31.457
-27.7072 24.8107 -29.7714 26.7717 -31.1069 30.4894
-26.4861 24.6572 -27.7072 24.8107 -31.1069 30.4894
-27.7072 24.8107 -26.4861 24.6572 -24.3446 22.2848
-35.2482 29.3003 -31.924 31.457 -30.0778 34.1755
-32.4315 29.0749 -35.2482 29.3003 -31.924 31.457
-34.6434 24.8309 -32.4315 29.0749 -35.2482 29.3003
-39.418 8.22714 -40.5105 14.5949 -34.6434 24.8309
-39.418 8.22714 -34.6434 24.8309 -32.4315 29.0749
-42.3291 7.531 -39.418 8.22714 -40.5105 14.5949
-47.251 5.6858 -42.3291 7.531 -39.418 8.22714
-45.0401 1.99546 -47.251 5.6858 -39.418 8.22714
-44.725 -1.56325 -39.8852 0.331233 -45.0401 1.99546
-44.725 -1.56325 -45.0401 1.99546 -47.251 5.6858
-45.262 -3.0506 -44.725 -1.56325 -47.251 5.6858
-45.736 -4.07668 -45.262 -3.0506 -47.251 5.6858
-37.589 -5.59634 -45.736 -4.07668 -45.262 -3.0506
-42.0253 -5.64707 -37.589 -5.59634 -45.736 -4.07668
-41.7607 -8.98172 -42.0253 -5.64707 -45.736 -4.07668
-37.8845 -14.6378 -36.4382 -14.6113 -41.7607 -8.98172
-37.8845 -14.6378 -41.7607 -8.98172 -45.736 -4.07668
-36.4382 -14.6113 -37.8845 -14.6378 -41.2147 -22.3551
-44.1612 14.5588 -45.7591 17.9463 -42.6967 23.5749
-44.4673 10.917 -44.1612 14.5588 -42.6967 23.5749
-44.1612 14.5588 -44.4673 10.917 -47.251 5.6858
-44.4673 10.917 -43.3307 8.39437 -47.251 5.6858
-43.3307 8.39437 -42.3291 7.531 -47.251 5.6858
-34.4531 -0.494904 -39.8852 0.331233 -45.0401 1.99546
-39.8852 0.331233 -34.4531 -0.494904 -36.0034 -1.97571
-29.7714 26.7717 -27.7072 24.8107 -32.2619 24.4271
-22.8334 -22.0553 -23.3041 -1.43914 -22.8385 4.97987
-23.3041 -1.43914 -22.8334 -22.0553 -23.1608 -34.1877
-22.1714 -15.6175 -22.8334 -22.0553 -23.1608 -34.1877
-20.9431 -34.6195 -21.0271 -36.4309 -16.4735 -38.3559
-4.01303 -10.3574 -3.94205 15.6508 -3.78708 24.1228
-3.94205 15.6508 -4.01303 -10.3574 -4.66179 -31.8158
