113.831 207.531 113.074 218.888 111.127 233.701
111.578 203.452 113.831 207.531 111.127 233.701
109.332 147.176 112.43 156.005 111.578 203.452
109.332 147.176 111.578 203.452 111.127 233.701
109.733 139.989 109.332 147.176 112.43 156.005
109.703 127.642 109.733 139.989 109.332 147.176
108.503 92.1823 109.703 127.642 109.332 147.176
109.703 127.642 108.503 92.1823 109.736 59.1858
111.942 101.745 109.736 59.1858 109.49 50.2294
106.964 168.288 106.212 181.663 106.802 187.333
108.503 92.1823 106.964 168.288 106.802 187.333
109.49 50.2294 109.736 59.1858 108.503 92.1823
108.566 26.6848 110.707 39.2993 109.49 50.2294
108.566 26.6848 109.49 50.2294 108.503 92.1823
108.566 26.6848 108.503 92.1823 106.964 168.288
112.538 23.3976 108.566 26.6848 110.707 39.2993
110.539 6.56499 112.538 23.3976 108.566 26.6848
112.538 23.3976 110.539 6.56499 111.88 1.6432
113.831 207.531 113.074 218.888 116.622 219.778
116.572 159.371 113.831 207.531 116.622 219.778
116.622 219.778 116.572 159.371 117.034 138.524
103.885 169.546 106.212 181.663 106.802 187.333
106.212 181.663 103.885 169.546 103.157 139.82
103.221 203.331 102.319 206.838 103.661 232.195
103.885 169.546 103.221 203.331 103.661 232.195
103.221 203.331 103.885 169.546 103.157 139.82
106.731 117.838 106.964 168.288 106.212 181.663
107.043 81.4946 106.731 117.838 106.964 168.288
106.964 168.288 107.043 81.4946 107.089 71.8293
107.089 71.8293 107.043 81.4946 103.218 102.115
103.822 57.8219 107.089 71.8293 103.218 102.115
102.157 52.0247 103.822 57.8219 103.218 102.115
103.822 57.8219 102.157 52.0247 102.803 13.4655
102.157 52.0247 101.351 66.1715 100.799 91.7716
101.351 66.1715 102.157 52.0247 102.803 13.4655
91.5139 211.632 96.7707 216.573 93.7802 233.224
91.8638 198.076 91.5139 211.632 96.7707 216.573
99.8496 192.605 91.8638 198.076 96.7707 216.573
98.8476 182.256 99.8496 192.605 91.8638 198.076
100.04 156.844 98.8476 182.256 99.8496 192.605
100.799 91.7716 100.04 156.844 99.8496 192.605
100.04 156.844 100.799 91.7716 100.91 41.7433
100.799 91.7716 101.351 66.1715 100.91 41.7433
90.8833 150.087 91.8638 198.076 91.5139 211.632
91.8638 198.076 90.8833 150.087 89.4381 8.25336
90.8833 150.087 89.9046 113.622 89.4381 8.25336
89.9046 113.622 89.2244 97.1239 89.4381 8.25336
90.8833 150.087 90.0844 182.863 89.5887 192.092
89.5887 192.092 90.8833 150.087 89.9046 113.622
89.572 217.507 90.0844 182.863 90.8833 150.087
88.4092 83.4084 89.2244 97.1239 89.9046 113.622
88.0611 69.7378 88.4092 83.4084 89.2244 97.1239
89.2244 97.1239 88.0611 69.7378 88.0902 36.0943
86.7257 33.6768 88.0611 69.7378 88.4092 83.4084
88.0611 69.7378 86.7257 33.6768 86.2388 17.7953
87.7175 138.66 87.6287 156.245 86.8717 173.964
87.4848 129.337 87.7175 138.66 86.8717 173.964
86.7898 87.3659 87.4848 129.337 87.7175 138.66
86.7408 63.5552 86.7898 87.3659 87.7175 138.66
86.7257 33.6768 86.7408 63.5552 87.7175 138.66
86.7408 63.5552 86.7257 33.6768 86.2388 17.7953
98.5295 152.72 100.04 156.844 98.8476 182.256
98.7525 126.531 98.5295 152.72 100.04 156.844
99.5039 120.537 98.7525 126.531 100.04 156.844
98.5211 31.3366 98.6545 107.487 99.5039 120.537
98.5211 31.3366 99.5039 120.537 100.04 156.844
100.04 156.844 98.5211 31.3366 98.3786 18.0972
98.3786 18.0972 98.5211 31.3366 92.9366 50.736
91.9855 -1.7899 98.3786 18.0972 92.9366 50.736
98.3786 18.0972 91.9855 -1.7899 97.0999 -2.11081
82.3094 12.5876 80.2751 38.5672 83.3514 48.2824
80.8955 -1.75195 82.3094 12.5876 80.2751 38.5672
91.9855 -1.7899 80.8955 -1.75195 82.3094 12.5876
80.8955 -1.75195 91.9855 -1.7899 97.0999 -2.11081
98.6545 107.487 99.5039 120.537 93.1865 120.898
93.1865 120.898 98.6545 107.487 96.5614 81.6086
81.3668 146.49 79.5746 157.954 81.5537 167.035
82.9018 69.3707 81.3668 146.49 81.5537 167.035
83.3514 48.2824 81.0457 63.5217 82.9018 69.3707
83.3514 48.2824 82.9018 69.3707 81.5537 167.035
80.2751 38.5672 83.3514 48.2824 81.0457 63.5217
77.8496 33.723 80.2751 38.5672 81.0457 63.5217
80.2751 38.5672 77.8496 33.723 77.3266 23.9
77.1418 77.7028 72.4831 92.9296 72.933 96.3724
70.5426 77.0736 77.1418 77.7028 72.4831 92.9296
72.1468 67.7117 70.5426 77.0736 77.1418 77.7028
72.013 63.1394 72.1468 67.7117 70.5426 77.0736
72.9564 50.523 72.013 63.1394 72.1468 67.7117
77.8496 33.723 72.9564 50.523 72.1468 67.7117
72.9564 50.523 77.8496 33.723 77.3266 23.9
82.9018 69.3707 80.4977 92.7133 77.7699 100.036
77.7699 100.036 82.9018 69.3707 81.0457 63.5217
79.6009 181.023 76.7242 189.28 80.5902 203.385
79.5746 157.954 79.6009 181.023 80.5902 203.385
80.7359 136.393 81.3668 146.49 79.5746 157.954
79.6009 181.023 79.5746 157.954 79.3663 118.287
79.5746 157.954 80.7359 136.393 79.3663 118.287
80.6517 208.076 79.3728 216.044 76.3218 226.617
80.5902 203.385 80.6517 208.076 76.3218 226.617
76.7242 189.28 80.5902 203.385 76.3218 226.617
76.2625 127.863 76.7242 189.28 76.3218 226.617
76.7242 189.28 76.2625 127.863 77.3454 111.197
73.4185 171.226 69.782 180.897 70.2771 188.021
76.2625 127.863 73.4185 171.226 69.782 180.897
69.782 180.897 76.2625 127.863 77.3454 111.197
70.7068 196.848 69.2264 207.645 71.4372 221.541
70.2771 188.021 70.7068 196.848 69.2264 207.645
69.782 180.897 70.2771 188.021 69.2264 207.645
69.3182 158.721 69.782 180.897 69.2264 207.645
68.4397 139.326 69.3182 158.721 69.2264 207.645
67.3758 128.804 68.4397 139.326 69.2264 207.645
68.4397 139.326 67.3758 128.804 66.5674 116.904
63.9292 168.59 63.2058 223.143 66.0156 232.856
67.3758 128.804 63.9292 168.59 66.0156 232.856
63.9292 168.59 67.3758 128.804 66.5674 116.904
63.4018 91.1979 63.9292 168.59 63.2058 223.143
63.2058 223.143 63.4018 91.1979 63.2913 83.0417
63.2913 83.0417 60.7213 117.544 60.0365 133.875
60.7213 117.544 63.2913 83.0417 63.8191 67.762
63.2913 83.0417 63.4018 91.1979 63.7248 101.852
63.8191 67.762 63.2913 83.0417 63.7248 101.852
63.7248 101.852 63.8191 67.762 66.5132 2.38328
60.0365 133.875 58.4295 139.992 62.5591 150
60.7213 117.544 60.0365 133.875 58.4295 139.992
60.4986 113.666 60.7213 117.544 58.4295 139.992
61.1226 62.9819 60.4986 113.666 60.7213 117.544
58.8414 49.548 61.1226 62.9819 60.4986 113.666
57.8197 23.0521 58.53 37.1459 58.8414 49.548
57.8197 23.0521 58.8414 49.548 60.4986 113.666
58.2057 12.1086 57.8197 23.0521 58.53 37.1459
57.8197 23.0521 58.2057 12.1086 56.8455 -2.43089
63.0755 29.2088 58.2057 12.1086 56.8455 -2.43089
62.0831 202.107 62.3076 210.568 56.0834 230.078
62.6833 187.175 62.0831 202.107 62.3076 210.568
62.0001 179.881 62.6833 187.175 62.0831 202.107
61.8604 161.865 62.0001 179.881 62.0831 202.107
62.5591 150 61.8604 161.865 62.0001 179.881
58.4295 139.992 62.5591 150 61.8604 161.865
51.5252 101.027 58.4295 139.992 61.8604 161.865
50.1664 88.61 51.5252 101.027 58.4295 139.992
49.1804 78.0845 50.1664 88.61 58.4295 139.992
50.1794 72.8444 49.1804 78.0845 58.4295 139.992
48.384 51.0833 52.1956 63.8592 50.1794 72.8444
48.384 51.0833 50.1794 72.8444 49.1804 78.0845
52.666 31.0995 48.384 51.0833 52.1956 63.8592
51.1108 22.1981 52.666 31.0995 48.384 51.0833
48.3672 11.9701 51.1108 22.1981 48.384 51.0833
51.1108 22.1981 48.3672 11.9701 46.6784 1.45023
48.3672 11.9701 42.8028 6.71753 46.6784 1.45023
37.7851 62.7106 36.416 80.9063 37.036 97.7107
38.5522 26.8061 37.7851 62.7106 36.416 80.9063
39.5534 23.0332 38.5522 26.8061 37.7851 62.7106
42.8028 6.71753 39.5534 23.0332 38.5522 26.8061
38.5522 26.8061 42.8028 6.71753 41.2486 -0.728557
42.8028 6.71753 46.6784 1.45023 41.2486 -0.728557
39.5574 49.3129 42.4377 66.1255 41.001 88.7209
39.331 39.6187 39.5574 49.3129 42.4377 66.1255
39.5534 23.0332 39.331 39.6187 42.4377 66.1255
42.4377 66.1255 39.5534 23.0332 42.8028 6.71753
51.6793 201.619 50.2176 218.964 51.1869 231.525
52.1773 180.614 51.6793 201.619 51.1869 231.525
52.3506 166.682 52.1773 180.614 51.6793 201.619
51.5609 140.229 52.3506 166.682 51.6793 201.619
50.7844 110.746 51.5609 140.229 52.3506 166.682
50.1664 88.61 50.7844 110.746 52.3506 166.682
50.7844 110.746 50.1664 88.61 49.1804 78.0845
50.0933 161.344 51.5609 140.229 50.7844 110.746
46.7594 208.956 50.2176 218.964 51.1869 231.525
40.1172 199.249 42.2021 207.714 46.7594 208.956
47.0694 193.054 40.1172 199.249 46.7594 208.956
47.0694 193.054 46.7594 208.956 50.2176 218.964
43.1485 170.595 47.0694 193.054 40.1172 199.249
46.296 126.109 46.7295 148.819 43.1485 170.595
46.296 126.109 43.1485 170.595 40.1172 199.249
46.7295 148.819 46.296 126.109 46.7022 122.108
40.3141 127.075 46.296 126.109 46.7022 122.108
43.858 223.675 42.2021 207.714 40.1172 199.249
41.001 88.7209 42.4377 66.1255 46.3358 43.4989
36.2973 137.483 37.0284 150.338 38.4916 161.658
36.221 121.07 36.2973 137.483 38.4916 161.658
36.684 111.475 36.221 121.07 38.4916 161.658
37.036 97.7107 36.684 111.475 38.4916 161.658
36.416 80.9063 37.036 97.7107 36.684 111.475
33.4992 46.2318 36.416 80.9063 36.684 111.475
36.416 80.9063 33.4992 46.2318 32.6411 30.1183
28.5666 201.458 27.4273 211.21 26.4828 222.02
30.507 190.429 28.5666 201.458 26.4828 222.02
30.2973 166.491 30.507 190.429 28.5666 201.458
30.6364 163.7 30.2973 166.491 30.507 190.429
32.4338 149.076 30.6364 163.7 30.507 190.429
32.1656 140.84 32.4338 149.076 30.6364 163.7
32.1184 90.2906 32.1656 140.84 32.4338 149.076
33.0873 58.1024 32.1184 90.2906 32.4338 149.076
32.1184 90.2906 33.0873 58.1024 32.6411 30.1183
33.0873 58.1024 33.4992 46.2318 32.6411 30.1183
33.8685 96.2289 33.0873 58.1024 33.4992 46.2318
33.9277 176.843 36.2973 137.483 36.221 121.07
36.8349 182.83 36.6117 192.766 37.1456 232.283
37.0284 150.338 36.8349 182.83 37.1456 232.283
36.8349 182.83 37.0284 150.338 36.2973 137.483
33.3371 232.417 36.6117 192.766 36.8349 182.83
26.721 129.424 27.4273 211.21 26.4828 222.02
27.4721 108.897 26.721 129.424 27.4273 211.21
27.301 81.562 27.4721 108.897 26.721 129.424
27.0541 37.4495 27.301 81.562 27.4721 108.897
27.0219 17.721 27.0541 37.4495 27.4721 108.897
26.4246 10.7831 27.0219 17.721 27.0541 37.4495
27.0219 17.721 26.4246 10.7831 27.8558 -3.84834
19.8168 186.136 21.1266 223.841 22.3205 233.418
19.905 181.605 19.8168 186.136 22.3205 233.418
22.4325 128.111 19.905 181.605 22.3205 233.418
22.3524 99.612 22.4325 128.111 19.905 181.605
23.2859 69.5947 22.3524 99.612 22.4325 128.111
22.8588 41.0297 23.6797 63.5003 23.2859 69.5947
22.8588 41.0297 23.2859 69.5947 22.3524 99.612
22.7932 28.6128 22.8588 41.0297 23.6797 63.5003
22.354 13.1557 22.7932 28.6128 22.8588 41.0297
26.4246 10.7831 22.354 13.1557 22.7932 28.6128
22.354 13.1557 26.4246 10.7831 27.8558 -3.84834
23.2859 69.5947 23.4378 158.205 23.3335 198.688
23.4378 158.205 23.2859 69.5947 23.6797 63.5003
23.3335 198.688 23.4378 158.205 23.6923 142.544
16.4582 210.465 21.1266 223.841 22.3205 233.418
13.3223 202.575 16.4582 210.465 22.3205 233.418
12.6671 186.13 13.3223 202.575 16.4582 210.465
13.5927 180.57 12.6671 186.13 16.4582 210.465
12.2066 141.325 13.5927 180.57 12.6671 186.13
11.33 59.254 16.1223 78.4296 13.6141 80.4173
11.33 59.254 13.6141 80.4173 12.3067 101.038
11.33 59.254 12.3067 101.038 12.2066 141.325
11.33 59.254 12.2066 141.325 12.6671 186.13
11.3357 48.5351 11.33 59.254 16.1223 78.4296
11.0997 27.4589 11.3357 48.5351 11.33 59.254
9.91811 6.30221 11.0997 27.4589 11.33 59.254
11.0997 27.4589 9.91811 6.30221 9.44686 -2.57429
10.7184 171.729 9.47629 212.354 9.34691 223.552
10.13 70.997 10.7184 171.729 9.47629 212.354
9.97684 38.0843 10.13 70.997 10.7184 171.729
9.91811 6.30221 9.97684 38.0843 10.7184 171.729
9.97684 38.0843 9.91811 6.30221 9.44686 -2.57429
9.64725 113.669 10.13 70.997 9.97684 38.0843
9.47629 212.354 9.34691 223.552 7.41926 226.022
6.61216 161.944 9.47629 212.354 7.41926 226.022
6.70665 150.787 2.95766 159.406 6.61216 161.944
6.70665 150.787 6.61216 161.944 9.47629 212.354
3.69159 139.337 6.70665 150.787 2.95766 159.406
6.70665 150.787 3.69159 139.337 6.31688 88.5668
2.99581 167.558 1.48144 186.406 1.92048 223.952
2.95766 159.406 6.61216 161.944 2.99581 167.558
2.95766 159.406 2.99581 167.558 1.48144 186.406
1.88974 103.686 2.95766 159.406 1.48144 186.406
1.13265 23.6169 1.88974 103.686 2.95766 159.406
2.95766 159.406 1.13265 23.6169 1.24181 12.8827
-2.07789 60.2694 -2.69053 67.6011 -2.91127 78.9299
1.13265 23.6169 -0.523078 43.6118 -2.07789 60.2694
-2.69053 67.6011 -2.07789 60.2694 1.24181 12.8827
-2.07789 60.2694 1.13265 23.6169 1.24181 12.8827
-0.093277 201.434 -0.361847 206.576 1.15128 230.822
-1.33704 151.241 -0.093277 201.434 1.15128 230.822
-0.292351 116.922 -0.658157 129.141 -1.33704 151.241
-3.85372 112.949 -0.292351 116.922 -1.33704 151.241
-3.85372 112.949 -1.33704 151.241 -0.093277 201.434
-1.03895 87.542 -3.85372 112.949 -0.292351 116.922
-0.292351 116.922 -1.03895 87.542 -0.523078 43.6118
-1.03895 87.542 -2.07789 60.2694 -0.523078 43.6118
-0.361847 206.576 -0.093277 201.434 -3.23774 181.676
-3.27308 47.9386 -2.69053 67.6011 -2.91127 78.9299
-2.88047 29.8223 -3.27308 47.9386 -2.69053 67.6011
-2.69053 67.6011 -2.88047 29.8223 -2.16958 -1.24034
11.3357 48.5351 11.0997 27.4589 13.5451 22.3328
16.1223 78.4296 13.6141 80.4173 16.8684 110.723
16.8684 110.723 16.1223 78.4296 16.4116 22.9204
13.1421 129.992 12.2066 141.325 13.5927 180.57
12.2066 141.325 13.1421 129.992 13.4259 120.122
13.1421 129.992 16.6974 153.906 17.6574 173.011
16.6974 153.906 13.1421 129.992 13.4259 120.122
19.6513 89.7017 19.905 181.605 19.8168 186.136
19.5327 51.5014 19.6513 89.7017 19.8168 186.136
19.6513 89.7017 19.5327 51.5014 19.3795 0.328755
17.7901 121.568 19.5327 51.5014 19.3795 0.328755
29.1771 116.4 30.6364 163.7 30.2973 166.491
30.6364 163.7 29.1771 116.4 29.8789 67.9096
69.3182 158.721 68.4397 139.326 67.9952 10.2957
69.4061 147.296 69.3182 158.721 69.782 180.897
69.4567 38.0504 69.706 113.069 69.4061 147.296
69.4567 38.0504 69.4061 147.296 69.3182 158.721
69.706 113.069 69.4567 38.0504 69.6725 28.4855
72.013 63.1394 72.9564 50.523 70.7661 18.4717
109.733 139.989 109.703 127.642 111.694 107.522
116.388 150.442 116.572 159.371 113.831 207.531
117.061 96.1061 116.388 150.442 116.572 159.371
116.388 150.442 117.061 96.1061 116.862 73.4639
118.079 169.803 118.216 177.427 118.119 201.176
117.061 96.1061 118.079 169.803 118.216 177.427
118.216 177.427 117.061 96.1061 116.862 73.4639
118.619 121.47 118.216 177.427 118.119 201.176
120.218 29.9774 120.162 49.8548 119.873 58.7651
120.218 29.9774 119.873 58.7651 118.619 121.47
119.601 23.0749 120.218 29.9774 118.619 121.47
118.216 177.427 118.619 121.47 119.37 13.8698
118.619 121.47 119.601 23.0749 119.37 13.8698
118.959 230.654 118.619 121.47 119.873 58.7651
120.001 93.9006 119.873 58.7651 120.162 49.8548
120.632 208.771 120.162 49.8548 120.218 29.9774
121.956 36.6344 126.803 52.6767 127.095 56.7225
120.218 29.9774 121.956 36.6344 126.803 52.6767
119.601 23.0749 120.218 29.9774 126.803 52.6767
126.803 52.6767 119.601 23.0749 120.932 1.47913
128.482 186.456 126.878 201.596 127.093 207.739
126.662 168.567 128.482 186.456 126.878 201.596
120.821 130.877 126.662 168.567 126.878 201.596
121.124 112.862 120.821 130.877 126.662 168.567
120.958 82.9191 121.124 112.862 120.821 130.877
120.821 130.877 120.958 82.9191 120.218 29.9774
120.958 82.9191 121.956 36.6344 120.218 29.9774
126.803 52.6767 128.492 43.2995 127.59 1.93731
126.803 52.6767 127.095 56.7225 128.596 70.1487
128.492 43.2995 126.803 52.6767 128.596 70.1487
131.644 27.6562 128.492 43.2995 128.596 70.1487
132.424 21.7027 131.644 27.6562 128.492 43.2995
128.492 43.2995 132.424 21.7027 130.934 10.9289
136.787 13.8623 132.424 21.7027 131.644 27.6562
132.424 21.7027 136.787 13.8623 137.079 -0.978423
131.174 76.4149 131.201 92.1268 132.303 98.9914
137.219 57.1888 131.174 76.4149 132.303 98.9914
137.145 39.2042 137.219 57.1888 131.174 76.4149
137.219 57.1888 137.145 39.2042 137.079 -0.978423
137.145 39.2042 136.787 13.8623 137.079 -0.978423
132.094 159.649 133.191 182.314 133.464 216.933
131.692 149.082 132.094 159.649 133.464 216.933
131.153 137.146 131.692 149.082 133.464 216.933
132.627 131.68 131.153 137.146 131.692 149.082
131.491 117.549 132.627 131.68 131.153 137.146
131.201 92.1268 131.491 117.549 131.153 137.146
131.153 137.146 131.201 92.1268 131.174 76.4149
136.995 223.137 133.191 182.314 132.094 159.649
137.699 180.179 140.863 191.867 139.885 201.922
140.863 191.867 137.699 180.179 131.692 149.082
137.699 180.179 132.094 159.649 131.692 149.082
137.114 147.534 132.627 131.68 131.491 117.549
140.863 191.867 142.429 168.9 142.022 159.357
140.863 191.867 139.885 201.922 142.118 207.252
142.429 168.9 140.863 191.867 142.118 207.252
143.002 140.211 142.429 168.9 142.118 207.252
143.161 129.552 143.002 140.211 142.429 168.9
142.662 123.222 143.161 129.552 142.429 168.9
142.53 92.6367 142.662 123.222 142.429 168.9
143.992 81.8658 142.53 92.6367 142.662 123.222
146.984 40.2931 143.992 81.8658 142.662 123.222
147.527 22.6374 146.984 40.2931 143.992 81.8658
143.992 81.8658 147.527 22.6374 147.645 -0.498018
143.923 233.616 143.002 140.211 143.161 129.552
150.192 131.115 153.274 168.899 152.454 179.41
150.914 97.9839 150.192 131.115 153.274 168.899
150.87 83.7219 149.933 88.2588 150.914 97.9839
150.87 83.7219 150.914 97.9839 153.274 168.899
152.012 69.7217 150.87 83.7219 149.933 88.2588
148.433 60.5709 152.012 69.7217 149.933 88.2588
146.984 40.2931 149.281 53.2693 148.433 60.5709
146.984 40.2931 148.433 60.5709 149.933 88.2588
149.281 53.2693 146.984 40.2931 147.527 22.6374
148.202 208.109 147.404 217.866 149.598 232.456
150.192 131.115 148.202 208.109 149.598 232.456
148.202 208.109 150.192 131.115 150.914 97.9839
152.267 30.2562 147.527 22.6374 147.645 -0.498018
142.463 48.5724 143.992 81.8658 142.53 92.6367
143.992 81.8658 142.463 48.5724 142.207 18.2454
142.463 48.5724 139.625 71.8951 138.466 97.6873
139.625 71.8951 142.463 48.5724 142.207 18.2454
139.625 71.8951 138.466 97.6873 137.816 110.202
137.816 110.202 139.625 71.8951 141.681 27.2912
153.274 168.899 152.454 179.41 153.076 186.194
153.274 168.899 153.076 186.194 153.348 198.979
153.275 163.339 153.274 168.899 153.348 198.979
153.903 151.852 153.275 163.339 153.348 198.979
153.841 139.046 153.903 151.852 153.275 163.339
153.628 123.073 153.841 139.046 153.275 163.339
153.841 139.046 153.628 123.073 153.485 7.15417
156.118 120.508 153.841 139.046 153.903 151.852
156.015 112.85 156.118 120.508 153.841 139.046
156.604 83.721 156.015 112.85 156.118 120.508
156.015 112.85 156.604 83.721 156.89 52.7884
157.938 183.895 160.164 188.258 158.143 219.002
157.273 92.5967 157.938 183.895 158.143 219.002
158.143 219.002 157.273 92.5967 156.604 83.721
158.221 170.141 157.273 92.5967 156.89 52.7884
157.273 92.5967 156.604 83.721 156.89 52.7884
160.164 188.258 158.143 219.002 160.554 233.592
159.577 103.654 160.164 188.258 160.554 233.592
160.58 42.9703 159.577 103.654 160.554 233.592
159.577 103.654 160.58 42.9703 160.414 33.0843
161.451 69.0538 162.608 130.28 161.17 137.361
160.58 42.9703 162.965 59.0893 161.451 69.0538
160.58 42.9703 161.451 69.0538 161.17 137.361
160.414 33.0843 160.58 42.9703 162.965 59.0893
166.098 30.6202 160.414 33.0843 162.965 59.0893
160.414 33.0843 166.098 30.6202 161.204 21.4914
169.001 110.003 161.451 69.0538 162.965 59.0893
166.098 30.6202 170.374 48.9032 170.012 60.7571
163.587 9.80538 161.204 21.4914 166.098 30.6202
163.587 9.80538 166.098 30.6202 170.374 48.9032
161.204 21.4914 163.587 9.80538 162.209 1.18134
169.514 22.6938 163.587 9.80538 162.209 1.18134
170.374 48.9032 170.743 41.9467 172.535 3.53066
169.569 81.9455 171.921 86.3621 171.428 97.4657
170.011 71.9407 169.569 81.9455 171.921 86.3621
170.012 60.7571 170.011 71.9407 169.569 81.9455
170.374 48.9032 170.012 60.7571 170.011 71.9407
170.743 41.9467 170.374 48.9032 170.011 71.9407
170.011 71.9407 170.743 41.9467 173.762 8.3986
171.798 129.241 162.608 130.28 161.17 137.361
162.608 130.28 171.798 129.241 173.251 118.177
162.955 147.44 172.58 151.306 160.786 159.11
172.64 142.6 162.955 147.44 172.58 151.306
172.58 151.306 172.64 142.6 173.251 118.177
172.64 142.6 171.798 129.241 173.251 118.177
171.034 186.076 172.742 208.394 173.428 221.083
170.358 168.011 169.789 183.752 171.034 186.076
170.358 168.011 171.034 186.076 172.742 208.394
169.884 160.699 170.358 168.011 169.789 183.752
172.58 151.306 160.786 159.11 169.884 160.699
172.58 151.306 169.884 160.699 170.358 168.011
176.97 128.483 172.58 151.306 170.358 168.011
172.58 151.306 176.97 128.483 177.651 107.732
176.97 128.483 179.537 120.209 177.651 107.732
167.391 198.873 162.52 200.71 163.766 207.041
171.034 186.076 167.391 198.873 162.52 200.71
162.52 200.71 171.034 186.076 169.789 183.752
170.089 231.596 167.391 198.873 171.034 186.076
178.878 180.842 179.758 150.691 176.97 128.483
179.758 150.691 182.152 186.058 180.412 208.186
182.152 186.058 179.758 150.691 179.537 120.209
179.758 150.691 176.97 128.483 179.537 120.209
182.152 186.058 180.412 208.186 180.985 222.658
183.475 171.014 182.152 186.058 180.985 222.658
182.46 161.076 183.475 171.014 182.152 186.058
182.152 186.058 182.46 161.076 181.346 97.4011
186.368 199.535 190.054 219.061 189.485 233.998
183.475 171.014 186.368 199.535 189.485 233.998
186.368 199.535 183.475 171.014 183.176 142.437
183.475 171.014 182.46 161.076 183.176 142.437
187.649 157.62 186.368 199.535 190.054 219.061
189.053 116.849 187.649 157.62 190.054 219.061
189.259 53.1184 189.053 116.849 190.054 219.061
190.054 219.061 189.259 53.1184 189.243 -2.80191
189.259 53.1184 188.209 33.4058 189.243 -2.80191
189.259 53.1184 187.799 57.633 188.162 82.1692
187.799 57.633 189.259 53.1184 188.209 33.4058
187.799 57.633 188.162 82.1692 187.019 87.5691
186.73 36.1975 187.799 57.633 187.019 87.5691
187.799 57.633 186.73 36.1975 186.484 23.3023
186.73 36.1975 182.782 78.592 182.993 88.3464
182.782 78.592 186.73 36.1975 186.484 23.3023
177.322 68.3894 182.782 78.592 182.993 88.3464
182.227 57.2939 177.322 68.3894 182.782 78.592
182.792 21.2321 182.227 57.2939 182.782 78.592
182.782 78.592 182.792 21.2321 182.924 8.0581
182.792 21.2321 180.8 26.1919 179.799 36.3701
180.8 26.1919 182.792 21.2321 182.924 8.0581
177.322 68.3894 182.227 57.2939 179.729 49.8293
179.799 36.3701 180.8 26.1919 178.125 -1.97873
190.322 148.277 190.174 212.024 190.054 219.061
190.641 67.7843 190.322 148.277 190.174 212.024
190.322 148.277 190.641 67.7843 190.383 8.34318
192.142 130.104 192.378 140.489 192.154 170.333
191.581 97.9119 192.142 130.104 192.378 140.489
192.378 140.489 191.581 97.9119 190.383 8.34318
191.581 97.9119 190.641 67.7843 190.383 8.34318
191.209 193.337 190.174 212.024 190.054 219.061
191.209 193.337 190.054 219.061 189.485 233.998
190.174 212.024 191.209 193.337 191.325 178.831
192.378 140.489 192.154 170.333 197.024 170.697
193.474 110.149 192.378 140.489 197.024 170.697
196.357 103.136 193.474 110.149 197.024 170.697
197.225 50.0401 196.357 103.136 197.024 170.697
196.357 103.136 197.225 50.0401 197.327 30.7368
197.225 50.0401 198.613 73.516 197.815 118.121
197.225 50.0401 197.815 118.121 198.163 209.367
198.613 73.516 197.225 50.0401 197.327 30.7368
200.007 63.8209 198.613 73.516 197.815 118.121
198.613 73.516 200.007 63.8209 200.554 3.70244
200.007 63.8209 200.62 79.3305 201.522 111.788
200.62 79.3305 200.007 63.8209 200.554 3.70244
202.147 38.369 200.62 79.3305 201.522 111.788
200.62 79.3305 202.147 38.369 202.095 8.01057
202.147 38.369 203.043 23.8462 202.095 8.01057
203.043 23.8462 207.191 49.0407 209.247 71.6247
207.191 49.0407 203.043 23.8462 202.095 8.01057
202.206 151.308 201.966 156.198 200.639 178.919
202.437 132.692 203.234 136.05 202.206 151.308
202.437 132.692 202.206 151.308 200.639 178.919
202.583 88.0427 202.437 132.692 203.234 136.05
202.147 38.369 202.583 88.0427 202.437 132.692
202.583 88.0427 202.147 38.369 203.043 23.8462
199.93 222.574 201.966 156.198 202.206 151.308
202.595 188.178 203.974 198.732 203.329 229.968
202.206 151.308 202.595 188.178 203.974 198.732
203.974 198.732 202.206 151.308 203.234 136.05
209.247 71.6247 210.117 86.6629 207.502 99.7299
210.117 86.6629 209.247 71.6247 208.721 39.6988
209.247 71.6247 207.191 49.0407 208.721 39.6988
211.13 59.5362 211.086 77.79 210.117 86.6629
211.086 77.79 211.13 59.5362 212.036 -0.38729
210.117 86.6629 207.502 99.7299 210.5 111.982
211.086 77.79 210.117 86.6629 210.5 111.982
213.215 29.9677 211.086 77.79 210.5 111.982
211.086 77.79 213.215 29.9677 213.831 6.97341
213.215 29.9677 213.75 18.5479 213.831 6.97341
213.75 18.5479 217.085 13.4998 213.831 6.97341
216.057 109.806 213.215 29.9677 213.75 18.5479
216.964 26.7057 217.995 51.5866 217.424 59.2384
217.995 51.5866 216.964 26.7057 217.085 13.4998
216.964 26.7057 213.75 18.5479 217.085 13.4998
217.604 199.739 217.846 223.899 217.616 226.602
218.171 178.78 217.604 199.739 217.846 223.899
218.36 171.583 218.171 178.78 217.846 223.899
218.225 96.4646 218.36 171.583 218.171 178.78
218.241 80.1477 218.225 96.4646 218.36 171.583
217.424 59.2384 218.989 68.1095 218.241 80.1477
217.424 59.2384 218.241 80.1477 218.225 96.4646
217.995 51.5866 217.424 59.2384 218.989 68.1095
219.937 39.0155 217.995 51.5866 218.989 68.1095
221.301 19.0234 219.937 39.0155 218.989 68.1095
219.937 39.0155 221.301 19.0234 222.201 -1.26698
218.989 68.1095 218.241 80.1477 222.805 88.7546
226.142 60.6909 218.989 68.1095 222.805 88.7546
218.989 68.1095 226.142 60.6909 227.589 47.1494
227.589 47.1494 226.142 60.6909 227.191 69.5033
230.087 31.0112 227.589 47.1494 227.191 69.5033
230.441 12.6958 230.087 31.0112 227.589 47.1494
227.589 47.1494 230.441 12.6958 230.585 -2.39327
233.647 86.5092 231.593 97.3611 227.986 106.796
231.548 79.165 233.647 86.5092 227.986 106.796
231.998 41.6369 231.548 79.165 233.647 86.5092
230.087 31.0112 231.998 41.6369 231.548 79.165
231.998 41.6369 230.087 31.0112 230.441 12.6958
232.568 20.3692 230.441 12.6958 230.585 -2.39327
220.883 206.216 217.846 223.899 217.616 226.602
221.842 191.528 220.883 206.216 217.846 223.899
227.937 179.994 221.842 191.528 220.883 206.216
229.154 171.507 227.937 179.994 221.842 191.528
230.328 159.026 229.154 171.507 221.842 191.528
231.987 152.464 230.328 159.026 229.154 171.507
231.679 140.355 231.987 152.464 230.328 159.026
227.135 129.274 231.679 140.355 230.328 159.026
231.679 140.355 227.135 129.274 230.829 117.493
229.565 200.786 230.656 208.586 229.545 217.313
227.937 179.994 229.565 200.786 229.545 217.313
229.565 200.786 227.937 179.994 229.154 171.507
227.135 129.274 221.312 130.592 223.089 143.594
227.135 129.274 223.089 143.594 221.574 158.681
221.312 130.592 227.135 129.274 230.829 117.493
223.089 143.594 221.312 130.592 219.822 123.15
230.656 208.586 229.545 217.313 229.596 229.98
229.596 229.98 230.656 208.586 232.629 191.327
217.604 199.739 213.186 199.902 213.94 212.697
218.171 178.78 217.604 199.739 213.186 199.902
212.749 161.647 218.171 178.78 213.186 199.902
211.551 143.25 212.749 161.647 213.186 199.902
212.749 161.647 211.551 143.25 212.436 120.578
211.551 143.25 208.468 151.833 207.016 173.548
208.468 151.833 211.551 143.25 212.436 120.578
206.357 182.204 207.291 219.832 206.371 231.127
207.016 173.548 206.357 182.204 207.291 219.832
208.468 151.833 207.016 173.548 206.357 182.204
206.357 182.204 208.468 151.833 207.248 126.656
206.371 231.127 207.291 219.832 210.868 190.087
218.171 178.78 212.749 161.647 216.682 153.331
180.412 208.186 180.985 222.658 177.539 233.907
177.539 233.907 180.412 208.186 176.039 203.629
147.404 217.866 148.202 208.109 147.06 111.334
128.482 186.456 126.662 168.567 127.066 110.767
126.878 201.596 127.093 207.739 126.035 229.325
126.035 229.325 126.878 201.596 122.644 192.963
