38.8339 54.3872 27.385 58.2858 27.1634 59.2015
37.4949 52.5851 43.3723 53.2857 38.8339 54.3872
37.4949 52.5851 38.8339 54.3872 27.385 58.2858
44.0442 48.523 37.4949 52.5851 27.385 58.2858
45.7916 47.9002 44.0442 48.523 37.4949 52.5851
45.6351 47.8182 45.7916 47.9002 44.0442 48.523
49.173 47.6139 45.6351 47.8182 45.7916 47.9002
57.3265 47.5927 49.173 47.6139 45.7916 47.9002
49.173 47.6139 57.3265 47.5927 54.8797 46.7589
58.5857 49.9159 53.9434 50.5744 55.1514 50.9971
57.3265 47.5927 58.5857 49.9159 53.9434 50.5744
58.0261 43.8688 54.8797 46.7589 57.3265 47.5927
58.0261 43.8688 57.3265 47.5927 58.5857 49.9159
54.8463 37.983 58.0261 43.8688 54.8797 46.7589
53.9054 23.5331 54.8463 37.983 54.8797 46.7589
54.2287 17.7409 53.3825 22.3511 53.9054 23.5331
54.2287 17.7409 53.9054 23.5331 54.8463 37.983
53.3825 22.3511 54.2287 17.7409 53.2788 15.208
54.2287 17.7409 56.0691 15.4493 53.2788 15.208
64.2515 45.4304 70.1657 49.0001 68.5448 50.4693
58.0261 43.8688 64.2515 45.4304 68.5448 50.4693
64.2515 45.4304 58.0261 43.8688 54.8463 37.983
56.0691 15.4493 60.9617 16.8348 65.742 18.2373
53.2835 14.4155 53.2788 15.208 56.0691 15.4493
53.2835 14.4155 56.0691 15.4493 60.9617 16.8348
60.9617 16.8348 53.2835 14.4155 59.4381 14.0365
50.3053 25.2296 53.9054 23.5331 53.3825 22.3511
47.8074 59.939 43.6478 60.54 35.1796 61.343
45.0069 59.8571 47.8074 59.939 35.1796 61.343
41.1295 55.7282 45.0069 59.8571 47.8074 59.939
38.8339 54.3872 48.8963 54.7893 41.1295 55.7282
38.8339 54.3872 41.1295 55.7282 45.0069 59.8571
48.8963 54.7893 38.8339 54.3872 43.3723 53.2857
26.195 64.7915 44.5417 65.9218 37.3454 66.4727
26.195 64.7915 37.3454 66.4727 32.4251 68.1028
27.8111 64.2808 26.195 64.7915 44.5417 65.9218
31.7921 62.8819 27.8111 64.2808 26.195 64.7915
39.3675 62.7559 31.7921 62.8819 27.8111 64.2808
32.3983 62.7363 39.3675 62.7559 31.7921 62.8819
34.8719 62.2955 32.3983 62.7363 39.3675 62.7559
43.6478 60.54 34.8719 62.2955 32.3983 62.7363
34.8719 62.2955 43.6478 60.54 47.8074 59.939
41.7358 69.9535 42.6891 71.0485 38.8014 72.0902
41.7358 69.9535 38.8014 72.0902 25.9296 75.6908
45.9845 69.5241 41.7358 69.9535 42.6891 71.0485
48.323 68.7806 45.9845 69.5241 42.6891 71.0485
49.0734 67.5113 48.323 68.7806 45.9845 69.5241
37.3454 66.4727 49.0734 67.5113 45.9845 69.5241
49.0734 67.5113 37.3454 66.4727 44.5417 65.9218
35.9556 83.023 34.0474 83.6455 40.6433 83.8155
37.7669 81.0809 45.3605 81.4033 35.9556 83.023
37.7669 81.0809 35.9556 83.023 34.0474 83.6455
38.0168 81.0636 37.7669 81.0809 45.3605 81.4033
32.0248 80.0262 38.0168 81.0636 45.3605 81.4033
32.9008 79.86 32.0248 80.0262 45.3605 81.4033
23.9026 79.8052 32.9008 79.86 32.0248 80.0262
31.8812 79.2623 23.9026 79.8052 32.9008 79.86
36.3716 77.538 31.8812 79.2623 32.9008 79.86
37.1099 77.3267 36.3716 77.538 32.9008 79.86
36.9253 75.5617 37.1099 77.3267 36.3716 77.538
38.8014 72.0902 36.9253 75.5617 37.1099 77.3267
37.1099 77.3267 38.8014 72.0902 42.6891 71.0485
37.7669 81.0809 38.0168 81.0636 29.2744 81.0181
20.409 80.7971 15.271 83.8966 16.96 84.7493
23.9026 79.8052 21.0279 79.9045 20.409 80.7971
23.9026 79.8052 20.409 80.7971 16.96 84.7493
31.8812 79.2623 23.9026 79.8052 21.0279 79.9045
27.9767 78.8907 31.8812 79.2623 21.0279 79.9045
31.8812 79.2623 27.9767 78.8907 27.798 76.8102
15.9465 85.5681 16.96 84.7493 19.9386 83.5718
16.6097 86.4651 7.26135 86.9014 10.4137 87.2762
20.319 85.8577 16.6097 86.4651 7.26135 86.9014
13.2164 85.6863 20.319 85.8577 7.26135 86.9014
15.9465 85.5681 13.2164 85.6863 20.319 85.8577
16.96 84.7493 15.9465 85.5681 13.2164 85.6863
15.271 83.8966 16.96 84.7493 13.2164 85.6863
1.99604 83.5624 15.271 83.8966 13.2164 85.6863
6.27005 83.1149 1.99604 83.5624 15.271 83.8966
8.32303 81.4576 6.27005 83.1149 1.99604 83.5624
6.27005 83.1149 8.32303 81.4576 14.7666 77.0494
8.32303 81.4576 8.32018 78.5775 14.7666 77.0494
6.25992 81.593 8.32303 81.4576 8.32018 78.5775
16.6097 86.4651 12.7656 88.5075 12.8569 88.9408
12.8569 88.9408 16.6097 86.4651 20.319 85.8577
16.6065 89.8686 15.728 90.0075 3.45321 92.6204
5.6238 89.6266 18.5438 89.832 16.6065 89.8686
5.6238 89.6266 16.6065 89.8686 15.728 90.0075
7.63658 89.1994 5.6238 89.6266 18.5438 89.832
12.7656 88.5075 12.8569 88.9408 7.63658 89.1994
5.6238 89.6266 7.63658 89.1994 3.94673 87.431
7.63658 89.1994 12.7656 88.5075 3.94673 87.431
16.6065 89.8686 23.4517 91.5363 20.322 96.6156
18.5438 89.832 16.6065 89.8686 23.4517 91.5363
24.7063 89.3224 18.5438 89.832 23.4517 91.5363
35.9609 87.9776 24.7063 89.3224 18.5438 89.832
18.5438 89.832 35.9609 87.9776 38.7105 87.5446
36.8857 95.7046 42.084 98.2768 41.1885 98.8407
38.8425 92.7046 36.8857 95.7046 42.084 98.2768
34.3636 89.7237 38.8425 92.7046 36.8857 95.7046
42.7039 89.3326 34.3636 89.7237 38.8425 92.7046
46.122 88.5843 42.7039 89.3326 34.3636 89.7237
35.9609 87.9776 46.122 88.5843 34.3636 89.7237
46.122 88.5843 35.9609 87.9776 38.7105 87.5446
47.6248 90.7033 42.7039 89.3326 46.122 88.5843
48.0619 97.1123 42.084 98.2768 41.1885 98.8407
46.2096 96.251 48.0619 97.1123 42.084 98.2768
48.0619 97.1123 46.2096 96.251 43.4926 94.076
20.409 80.7971 21.0279 79.9045 19.3703 76.5527
22.5223 54.3776 27.385 58.2858 27.1634 59.2015
21.723 52.8254 22.5223 54.3776 27.385 58.2858
27.385 58.2858 21.723 52.8254 25.3622 52.3165
20.6204 58.6277 18.1131 66.6459 17.3002 68.2146
22.5223 54.3776 20.908 54.8848 20.6204 58.6277
22.5223 54.3776 20.6204 58.6277 18.1131 66.6459
20.908 54.8848 22.5223 54.3776 21.723 52.8254
17.3002 68.2146 13.3322 69.2229 13.0587 73.7848
13.0587 73.7848 17.3002 68.2146 21.3037 63.0089
17.3002 68.2146 18.1131 66.6459 21.3037 63.0089
13.0587 73.7848 13.3322 69.2229 10.7987 66.7009
13.3322 69.2229 17.3002 68.2146 14.8775 64.9773
16.6168 54.363 20.908 54.8848 20.6204 58.6277
20.908 54.8848 16.6168 54.363 12.1314 52.6084
11.7991 57.5806 9.78453 57.7206 13.2336 59.9401
16.6168 54.363 11.7991 57.5806 13.2336 59.9401
11.7991 57.5806 16.6168 54.363 12.1314 52.6084
1.50042 66.2248 9.87724 67.8266 7.26534 68.0111
8.9621 64.2776 1.50042 66.2248 9.87724 67.8266
9.78453 57.7206 8.9621 64.2776 9.87724 67.8266
7.07659 56.1977 11.7991 57.5806 9.78453 57.7206
7.07659 56.1977 9.78453 57.7206 8.9621 64.2776
7.78002 55.8018 7.07659 56.1977 11.7991 57.5806
11.7991 57.5806 7.78002 55.8018 4.95003 51.978
1.50042 66.2248 0.443866 69.8751 0.0765304 75.1523
0.443866 69.8751 1.50042 66.2248 0.897011 64.0107
1.50042 66.2248 8.9621 64.2776 0.897011 64.0107
7.78002 55.8018 7.07659 56.1977 1.65726 56.3406
2.23803 55.3688 7.78002 55.8018 1.65726 56.3406
3.8375 61.7732 1.65726 56.3406 0.0933272 52.849
1.65726 56.3406 2.23803 55.3688 0.0933272 52.849
47.6142 47.266 49.173 47.6139 45.6351 47.8182
43.266 45.6405 47.6142 47.266 49.173 47.6139
33.7057 42.4876 43.266 45.6405 47.6142 47.266
43.266 45.6405 33.7057 42.4876 33.5455 42.126
28.7128 47.6964 27.6106 50.7656 28.3065 51.4435
33.2779 46.6993 28.7128 47.6964 28.3065 51.4435
33.7057 42.4876 33.2779 46.6993 28.7128 47.6964
28.7128 47.6964 33.7057 42.4876 33.5455 42.126
26.7585 45.3274 28.7128 47.6964 27.6106 50.7656
26.7176 43.4704 26.7585 45.3274 28.7128 47.6964
26.5636 32.8886 26.7176 43.4704 28.7128 47.6964
26.8061 32.7762 26.5636 32.8886 28.7128 47.6964
28.4847 31.1239 26.8061 32.7762 28.7128 47.6964
27.4254 30.2 28.4847 31.1239 26.8061 32.7762
28.7573 22.2074 27.4254 30.2 26.8061 32.7762
30.0759 18.5599 31.0934 22.1977 28.7573 22.2074
28.6326 16.7737 30.0759 18.5599 28.7573 22.2074
28.6326 16.7737 28.7573 22.2074 26.8061 32.7762
29.1062 15.7468 28.6326 16.7737 30.0759 18.5599
29.093 11.7806 29.1062 15.7468 28.6326 16.7737
28.6326 16.7737 29.093 11.7806 28.5802 8.92652
41.2468 38.5902 48.7485 39.4097 32.2236 39.5678
42.4036 38.2066 41.2468 38.5902 48.7485 39.4097
41.2746 37.5805 42.4036 38.2066 41.2468 38.5902
35.9896 35.8294 41.2746 37.5805 41.2468 38.5902
36.477 35.3043 35.9896 35.8294 41.2746 37.5805
36.0689 33.6124 36.477 35.3043 35.9896 35.8294
49.1535 32.4364 36.0689 33.6124 36.477 35.3043
46.5625 32.2739 49.1535 32.4364 36.0689 33.6124
31.6243 31.2505 46.5625 32.2739 49.1535 32.4364
28.4847 31.1239 31.6243 31.2505 46.5625 32.2739
31.6243 31.2505 28.4847 31.1239 27.4254 30.2
29.7491 28.1517 28.7573 22.2074 31.0934 22.1977
31.0934 22.1977 35.7667 27.6033 34.2137 28.4703
35.7667 27.6033 31.0934 22.1977 30.0759 18.5599
25.0975 29.2744 26.8061 32.7762 26.5636 32.8886
26.8061 32.7762 25.0975 29.2744 26.1104 29.2047
19.8857 42.9015 18.1961 43.1347 19.6535 47.0496
23.4684 30.9437 19.8857 42.9015 19.6535 47.0496
25.0975 29.2744 19.568 29.7024 23.4684 30.9437
25.0975 29.2744 23.4684 30.9437 19.6535 47.0496
21.7071 28.6575 26.1104 29.2047 25.0975 29.2744
21.7071 28.6575 25.0975 29.2744 19.568 29.7024
19.9872 27.2885 21.7071 28.6575 19.568 29.7024
20.092 24.4596 24.5801 26.6025 19.9872 27.2885
20.092 24.4596 19.9872 27.2885 19.568 29.7024
23.628 24.1994 20.092 24.4596 24.5801 26.6025
22.5066 23.9111 23.628 24.1994 20.092 24.4596
23.3 20.0101 22.5066 23.9111 23.628 24.1994
21.4712 18.5371 23.3 20.0101 22.5066 23.9111
19.886 16.0663 21.4712 18.5371 22.5066 23.9111
17.5836 11.0194 19.886 16.0663 22.5066 23.9111
24.8299 6.67657 17.5836 11.0194 19.886 16.0663
26.1403 6.51668 24.8299 6.67657 19.886 16.0663
24.3163 5.43536 26.1403 6.51668 24.8299 6.67657
26.1403 6.51668 24.3163 5.43536 20.2158 2.67738
20.2158 2.67738 24.3163 5.43536 21.2021 6.43309
21.2021 6.43309 20.2158 2.67738 17.3732 1.67163
15.128 33.0863 23.4684 30.9437 19.568 29.7024
18.921 49.1092 17.449 50.3018 25.4918 50.9254
18.1961 43.1347 18.921 49.1092 17.449 50.3018
17.449 50.3018 18.1961 43.1347 18.5207 37.8141
18.1961 43.1347 19.8857 42.9015 18.5207 37.8141
13.4691 50.2726 17.449 50.3018 25.4918 50.9254
13.5431 46.9319 13.4691 50.2726 17.449 50.3018
13.2099 33.8898 13.5431 46.9319 13.4691 50.2726
12.7477 14.9821 13.2099 33.8898 13.5431 46.9319
12.5927 6.59965 12.7477 14.9821 13.5431 46.9319
13.5431 46.9319 12.5927 6.59965 12.6199 5.32313
9.52166 21.3467 8.87601 21.4261 11.6449 24.8018
8.45171 16.3677 9.52166 21.3467 8.87601 21.4261
9.08523 15.3994 8.45171 16.3677 9.52166 21.3467
12.5927 6.59965 9.08523 15.3994 9.52166 21.3467
9.08523 15.3994 12.5927 6.59965 12.6199 5.32313
12.8805 36.1896 12.7477 14.9821 12.5927 6.59965
8.46474 2.15516 9.08523 15.3994 8.45171 16.3677
8.46474 2.15516 8.45171 16.3677 8.35296 48.3126
8.77159 0.820135 3.30552 1.71613 8.46474 2.15516
8.77159 0.820135 8.46474 2.15516 9.08523 15.3994
3.30552 1.71613 8.77159 0.820135 8.2079 0.138022
8.46474 2.15516 5.26302 9.50582 2.4082 14.6914
2.4082 14.6914 8.46474 2.15516 3.30552 1.71613
3.15985 30.5566 4.376 41.2789 3.54434 41.8203
2.98786 24.0631 3.15985 30.5566 4.376 41.2789
1.01506 22.3687 2.98786 24.0631 3.15985 30.5566
4.58018 21.7011 1.01506 22.3687 2.98786 24.0631
2.79565 18.3071 4.58018 21.7011 1.01506 22.3687
5.26302 9.50582 2.79565 18.3071 1.01506 22.3687
2.79565 18.3071 5.26302 9.50582 8.46474 2.15516
4.376 41.2789 3.54434 41.8203 7.75216 42.6609
7.75216 42.6609 4.376 41.2789 5.92306 29.1864
3.54434 41.8203 7.75216 42.6609 3.73709 44.4005
3.73709 44.4005 3.54434 41.8203 0.304639 29.1524
32.5162 3.36869 29.093 11.7806 29.1062 15.7468
29.093 11.7806 32.5162 3.36869 31.8554 2.87818
34.6216 4.5643 36.1556 11.7834 34.6807 14.3769
32.5162 3.36869 34.6216 4.5643 34.6807 14.3769
34.6216 4.5643 32.5162 3.36869 31.8554 2.87818
42.9342 3.3071 36.1556 11.7834 34.6807 14.3769
36.1556 11.7834 42.9342 3.3071 44.4028 0.340401
42.9342 3.3071 45.6442 1.63963 44.4028 0.340401
45.6442 1.63963 48.5188 6.14195 47.5075 7.36008
48.5188 6.14195 45.6442 1.63963 46.7399 0.210341
45.6442 1.63963 44.4028 0.340401 46.7399 0.210341
40.0557 18.6311 41.0721 22.5709 38.1367 23.9966
40.6164 16.9827 40.0557 18.6311 41.0721 22.5709
42.9123 3.77509 40.6164 16.9827 40.0557 18.6311
42.9342 3.3071 42.9123 3.77509 40.0557 18.6311
42.9123 3.77509 42.9342 3.3071 45.6442 1.63963
38.1367 23.9966 38.5531 24.311 40.2157 30.0387
41.0721 22.5709 38.1367 23.9966 38.5531 24.311
47.6875 20.4367 41.0721 22.5709 38.5531 24.311
41.0721 22.5709 47.6875 20.4367 47.1247 18.8996
42.4036 38.2066 41.2746 37.5805 45.9696 35.8037
53.2788 15.208 53.2835 14.4155 52.9682 8.51293
53.2835 14.4155 53.7758 13.0819 52.9682 8.51293
53.7758 13.0819 55.1972 12.33 52.9682 8.51293
59.5648 11.6611 55.1972 12.33 53.7758 13.0819
61.1158 9.19648 59.5648 11.6611 55.1972 12.33
55.1972 12.33 61.1158 9.19648 61.7912 8.75648
68.8881 10.4575 72.0663 10.5949 67.4633 10.7657
67.169 9.49451 68.8881 10.4575 67.4633 10.7657
61.1158 9.19648 67.169 9.49451 67.4633 10.7657
67.169 9.49451 61.1158 9.19648 61.7912 8.75648
69.0422 9.10976 68.8881 10.4575 72.0663 10.5949
77.4447 8.36102 69.0422 9.10976 72.0663 10.5949
83.2638 5.97826 76.2296 7.5091 77.4447 8.36102
83.2638 5.97826 77.4447 8.36102 72.0663 10.5949
82.5236 4.41161 83.2638 5.97826 76.2296 7.5091
82.4514 2.67809 82.5236 4.41161 83.2638 5.97826
77.9386 1.64652 82.4514 2.67809 82.5236 4.41161
76.3681 1.49773 77.9386 1.64652 82.5236 4.41161
74.0833 1.23725 76.3681 1.49773 77.9386 1.64652
77.9386 1.64652 74.0833 1.23725 69.345 0.0612702
61.3543 2.43981 76.3681 1.49773 74.0833 1.23725
60.2772 5.69479 76.2296 7.5091 77.4447 8.36102
50.3878 4.95616 60.2772 5.69479 77.4447 8.36102
60.2772 5.69479 50.3878 4.95616 75.7172 4.70197
92.2884 0.322497 77.9386 1.64652 82.4514 2.67809
82.4514 2.67809 92.2884 0.322497 98.3305 0.250805
72.0663 10.5949 67.4633 10.7657 72.4232 10.8407
77.8613 10.5339 72.0663 10.5949 72.4232 10.8407
72.0663 10.5949 77.8613 10.5339 81.6378 9.61141
87.5049 11.0803 77.8613 10.5339 81.6378 9.61141
65.742 18.2373 62.629 21.084 69.2158 21.765
63.6454 15.4642 60.9617 16.8348 65.742 18.2373
63.6454 15.4642 65.742 18.2373 69.2158 21.765
60.9617 16.8348 63.6454 15.4642 63.5051 13.4122
63.6454 15.4642 74.5877 13.8068 63.5051 13.4122
80.8775 14.8972 78.9073 15.2914 78.8336 18.0101
92.9653 14.4029 92.7088 14.6285 80.8775 14.8972
74.5877 13.8068 92.9653 14.4029 80.8775 14.8972
74.5877 13.8068 80.8775 14.8972 78.9073 15.2914
92.9653 14.4029 74.5877 13.8068 63.5051 13.4122
67.6707 16.6502 63.6454 15.4642 74.5877 13.8068
89.1282 15.336 80.8775 14.8972 92.7088 14.6285
92.7088 14.6285 86.8484 18.3789 88.6643 19.1829
88.6643 19.1829 92.7088 14.6285 92.9653 14.4029
92.7294 21.0378 84.5355 22.8934 82.1318 24.8979
89.6645 19.6876 92.7294 21.0378 84.5355 22.8934
88.6643 19.1829 89.6645 19.6876 92.7294 21.0378
86.8484 18.3789 88.6643 19.1829 89.6645 19.6876
89.6645 19.6876 86.8484 18.3789 74.8391 18.1467
60.1638 39.0492 64.2515 45.4304 70.1657 49.0001
64.2515 45.4304 60.1638 39.0492 57.9972 36.2223
60.1638 39.0492 62.6187 36.5282 57.9972 36.2223
57.9972 36.2223 62.6187 36.5282 82.6032 37.3081
73.9848 35.8542 57.9972 36.2223 82.6032 37.3081
72.0853 35.8097 73.9848 35.8542 57.9972 36.2223
67.2002 35.2841 72.0853 35.8097 73.9848 35.8542
88.4194 35.2784 67.2002 35.2841 73.9848 35.8542
84.5633 35.1598 88.4194 35.2784 67.2002 35.2841
81.4102 34.9134 84.5633 35.1598 88.4194 35.2784
95.8457 34.3113 81.4102 34.9134 88.4194 35.2784
92.178 33.8012 95.8457 34.3113 81.4102 34.9134
89.55 31.8526 92.178 33.8012 95.8457 34.3113
89.0607 31.0577 89.55 31.8526 95.8457 34.3113
79.6925 30.263 89.0607 31.0577 89.55 31.8526
90.6368 29.6977 79.6925 30.263 89.0607 31.0577
78.76 29.5169 90.6368 29.6977 79.6925 30.263
75.3366 27.1123 78.76 29.5169 79.6925 30.263
64.5914 26.9762 75.3366 27.1123 79.6925 30.263
62.975 26.4353 64.5914 26.9762 75.3366 27.1123
65.6135 26.1437 62.975 26.4353 75.3366 27.1123
75.3366 27.1123 65.6135 26.1437 70.5871 25.9136
61.7982 28.2628 58.3134 29.1815 60.9449 30.4381
64.5914 26.9762 61.7982 28.2628 60.9449 30.4381
61.7982 28.2628 64.5914 26.9762 62.975 26.4353
84.5633 35.1598 81.4102 34.9134 56.0842 33.2291
81.4102 34.9134 79.6629 34.6658 56.0842 33.2291
81.4102 34.9134 79.6629 34.6658 61.9949 32.1087
58.3134 29.1815 61.7982 28.2628 56.3674 28.1296
87.5299 28.8483 78.76 29.5169 90.6368 29.6977
90.6368 29.6977 87.5299 28.8483 88.4411 25.4156
74.8669 45.6175 70.1657 49.0001 68.5448 50.4693
74.6202 45.3432 74.8669 45.6175 70.1657 49.0001
70.1657 49.0001 74.6202 45.3432 70.3772 41.794
74.8669 45.6175 87.847 46.9689 88.9768 48.0712
87.847 46.9689 74.8669 45.6175 74.6202 45.3432
87.847 46.9689 88.9768 48.0712 90.9429 48.3415
87.9386 46.4764 87.847 46.9689 90.9429 48.3415
85.3275 43.2705 88.2629 44.9595 87.9386 46.4764
85.3275 43.2705 87.9386 46.4764 87.847 46.9689
86.4608 43.0484 85.3275 43.2705 88.2629 44.9595
88.0707 42.3574 86.4608 43.0484 85.3275 43.2705
85.3275 43.2705 88.0707 42.3574 75.6653 41.76
86.4608 43.0484 88.0707 42.3574 93.1237 41.6127
94.1561 54.9978 89.4333 55.7098 88.7352 56.3601
93.9113 51.8588 94.1561 54.9978 89.4333 55.7098
93.6137 50.7639 93.9113 51.8588 89.4333 55.7098
94.4139 50.2655 93.6137 50.7639 93.9113 51.8588
86.9813 48.3452 94.4139 50.2655 93.6137 50.7639
90.9429 48.3415 86.9813 48.3452 94.4139 50.2655
88.9768 48.0712 90.9429 48.3415 86.9813 48.3452
86.9813 48.3452 88.9768 48.0712 76.2629 47.4418
91.3657 68.8964 90.2172 69.2196 97.5406 69.6581
99.1126 65.9244 91.3657 68.8964 90.2172 69.2196
94.3857 64.6175 99.1126 65.9244 90.2172 69.2196
95.5613 61.3716 97.081 61.6938 94.3857 64.6175
95.5613 61.3716 94.3857 64.6175 90.2172 69.2196
98.7142 56.5746 95.5613 61.3716 97.081 61.6938
94.1561 54.9978 98.7142 56.5746 95.5613 61.3716
98.7142 56.5746 94.1561 54.9978 93.9113 51.8588
97.5406 69.6581 93.6811 70.2288 88.1237 71.2498
90.2172 69.2196 97.5406 69.6581 93.6811 70.2288
84.8023 68.7647 90.2172 69.2196 93.6811 70.2288
90.2172 69.2196 84.8023 68.7647 84.9118 66.7485
87.8094 89.2758 92.649 89.453 88.1868 89.8029
87.8094 89.2758 88.1868 89.8029 86.7136 97.4067
87.7285 87.0235 87.8094 89.2758 86.7136 97.4067
86.3239 84.3785 87.7285 87.0235 86.7136 97.4067
84.6403 81.0273 86.3239 84.3785 87.7285 87.0235
83.6524 78.3394 84.6403 81.0273 87.7285 87.0235
83.0779 76.2353 83.6524 78.3394 87.7285 87.0235
82.8294 75.3305 78.3702 76.2211 83.0779 76.2353
82.8294 75.3305 83.0779 76.2353 87.7285 87.0235
82.5962 71.6941 82.8294 75.3305 78.3702 76.2211
84.8023 68.7647 81.9214 70.8075 82.5962 71.6941
84.8023 68.7647 82.5962 71.6941 82.8294 75.3305
81.9214 70.8075 84.8023 68.7647 84.9118 66.7485
79.0649 95.035 77.55 96.251 82.8873 98.8812
80.1453 86.8927 79.0649 95.035 77.55 96.251
78.6601 81.9984 80.1453 86.8927 77.55 96.251
77.55 96.251 78.6601 81.9984 78.3702 76.2211
78.6601 81.9984 83.0779 76.2353 78.3702 76.2211
84.7869 94.5162 84.6403 81.0273 83.6524 78.3394
90.1439 90.1007 88.1868 89.8029 92.649 89.453
87.8094 89.2758 93.7248 89.1216 90.1041 88.578
92.649 89.453 94.811 92.9132 93.3091 96.993
93.7248 89.1216 87.8094 89.2758 92.649 89.453
93.7248 89.1216 92.649 89.453 94.811 92.9132
93.6059 87.8939 93.7248 89.1216 94.811 92.9132
93.3623 87.384 93.6059 87.8939 93.7248 89.1216
91.2224 85.3383 93.3623 87.384 93.7248 89.1216
89.7299 81.2659 91.2224 85.3383 93.3623 87.384
93.0781 78.9976 89.7299 81.2659 93.3623 87.384
89.7299 81.2659 93.0781 78.9976 92.8246 74.4285
93.6059 87.8939 93.3623 87.384 99.5667 85.9939
79.1636 69.3558 81.9214 70.8075 82.5962 71.6941
79.2962 68.5816 79.1636 69.3558 81.9214 70.8075
79.1636 69.3558 79.2962 68.5816 79.5571 64.3229
85.4165 54.7951 89.4333 55.7098 88.7352 56.3601
85.4165 54.7951 88.7352 56.3601 88.4466 57.4907
89.4333 55.7098 85.4165 54.7951 85.9494 54.1865
85.9494 54.1865 85.4165 54.7951 82.8732 55.3501
80.4173 52.5943 85.9494 54.1865 82.8732 55.3501
85.9494 54.1865 80.4173 52.5943 79.6954 51.8358
80.4211 54.9237 76.8776 57.3638 78.1438 58.7603
80.4173 52.5943 80.4211 54.9237 76.8776 57.3638
76.8776 57.3638 80.4173 52.5943 79.6954 51.8358
76.8776 57.3638 78.1438 58.7603 77.3386 59.2521
76.337 56.8039 76.8776 57.3638 77.3386 59.2521
72.5443 55.4021 57.7952 56.1754 72.8387 56.2562
72.5443 55.4021 72.8387 56.2562 76.337 56.8039
73.6908 52.4992 72.5443 55.4021 76.337 56.8039
73.6908 52.4992 76.337 56.8039 76.8776 57.3638
72.5443 55.4021 73.6908 52.4992 72.9438 52.3878
68.6112 63.639 72.1839 65.0324 74.8336 68.3284
70.1982 62.9644 50.7447 63.137 52.4834 63.1704
70.1982 62.9644 52.4834 63.1704 68.6112 63.639
70.1982 62.9644 68.6112 63.639 72.1839 65.0324
69.1565 57.375 70.1982 62.9644 72.1839 65.0324
72.8387 56.2562 64.4193 56.9677 69.1565 57.375
72.8387 56.2562 69.1565 57.375 72.1839 65.0324
64.4193 56.9677 72.8387 56.2562 57.7952 56.1754
49.7093 58.6389 69.1565 57.375 64.4193 56.9677
69.6067 76.972 64.3427 77.6236 76.0163 78.9176
66.2778 75.7511 69.6067 76.972 64.3427 77.6236
72.7034 74.1547 66.2778 75.7511 69.6067 76.972
70.6283 74.028 72.7034 74.1547 66.2778 75.7511
49.6305 71.5748 70.6283 74.028 72.7034 74.1547
56.0634 71.4536 49.6305 71.5748 72.7034 74.1547
69.2326 71.0702 56.0634 71.4536 49.6305 71.5748
74.2632 71.0137 69.2326 71.0702 56.0634 71.4536
69.1774 70.2098 74.2632 71.0137 69.2326 71.0702
57.8505 69.8804 69.1774 70.2098 69.2326 71.0702
55.8331 67.7758 57.8505 69.8804 69.1774 70.2098
57.8505 69.8804 55.8331 67.7758 50.7447 63.137
55.8331 67.7758 52.4834 63.1704 50.7447 63.137
73.7787 87.6421 72.8918 87.8817 75.4674 89.4589
73.4853 84.9132 73.7787 87.6421 75.4674 89.4589
74.7069 79.117 73.4853 84.9132 75.4674 89.4589
76.0163 78.9176 74.7069 79.117 75.4674 89.4589
64.3427 77.6236 76.0163 78.9176 74.7069 79.117
54.0503 76.304 64.3427 77.6236 74.7069 79.117
52.4938 75.7798 54.0503 76.304 64.3427 77.6236
64.3427 77.6236 52.4938 75.7798 50.0341 74.8462
57.9853 84.9203 62.889 85.2249 55.9685 87.1006
54.0827 80.1244 57.9853 84.9203 55.9685 87.1006
52.4938 75.7798 54.0827 80.1244 57.9853 84.9203
54.0827 80.1244 52.4938 75.7798 50.0341 74.8462
63.7305 79.829 54.0503 76.304 52.4938 75.7798
66.1691 88.2059 58.1744 89.0748 59.7399 89.3387
72.8918 87.8817 66.1691 88.2059 59.7399 89.3387
66.1691 88.2059 72.8918 87.8817 73.7787 87.6421
68.7403 90.6907 72.6562 91.3371 76.2753 91.65
59.7399 89.3387 68.7403 90.6907 76.2753 91.65
68.7403 90.6907 59.7399 89.3387 52.3636 88.6098
59.7399 89.3387 58.1744 89.0748 52.3636 88.6098
72.6562 91.3371 68.0174 96.7897 67.9479 97.9036
68.0174 96.7897 72.6562 91.3371 68.7403 90.6907
68.0174 96.7897 67.9479 97.9036 65.1474 98.1586
65.1474 98.1586 68.0174 96.7897 64.5165 93.184
50.7447 63.137 70.1982 62.9644 64.8146 60.928
66.9955 54.8581 72.5443 55.4021 57.7952 56.1754
60.433 54.856 66.9955 54.8581 57.7952 56.1754
65.8283 54.0482 60.433 54.856 66.9955 54.8581
66.9955 54.8581 65.8283 54.0482 62.6855 51.4602
55.1514 50.9971 53.9434 50.5744 49.2663 49.18
