-10.8551 -21.9762 -13.4168 2.26948 -13.787 15.6922
-9.86367 -32.5148 -9.79211 -30.0585 -10.8551 -21.9762
-9.86367 -32.5148 -10.8551 -21.9762 -13.4168 2.26948
-8.65628 -34.0862 -9.86367 -32.5148 -9.79211 -30.0585
-7.51399 -38.0863 -11.1752 -38.0528 -8.65628 -34.0862
-7.51399 -38.0863 -8.65628 -34.0862 -9.79211 -30.0585
-6.82935 -40.2537 -7.51399 -38.0863 -11.1752 -38.0528
-11.1752 -38.0528 -6.82935 -40.2537 -10.2178 -41.5874
-6.82935 -40.2537 9.85895 -40.7373 -10.2178 -41.5874
9.85895 -40.7373 15.5336 -40.8817 -10.2178 -41.5874
-10.6668 -15.7918 -10.3914 18.6761 -10.0955 38.9445
-10.8551 -21.9762 -10.6668 -15.7918 -10.3914 18.6761
-10.6668 -15.7918 -10.8551 -21.9762 -9.79211 -30.0585
-4.72199 -15.8191 -5.70678 -13.4545 -3.37226 -0.744579
-3.79186 -30.022 -4.72199 -15.8191 -5.70678 -13.4545
-2.95075 -31.9496 -3.79186 -30.022 -4.72199 -15.8191
-6.78423 -33.1359 -2.95075 -31.9496 -3.79186 -30.022
-6.94349 -34.4271 -6.78423 -33.1359 -2.95075 -31.9496
-7.51399 -38.0863 -6.94349 -34.4271 -2.95075 -31.9496
-2.95075 -31.9496 -7.51399 -38.0863 -6.82935 -40.2537
-5.00584 3.95944 -4.96389 8.78276 -3.46673 33.9401
-6.78423 -33.1359 -5.00584 3.95944 -3.46673 33.9401
-5.00584 3.95944 -6.78423 -33.1359 -6.94349 -34.4271
-4.96389 8.78276 -5.68515 28.0848 -5.82901 41.411
-5.68515 28.0848 -4.96389 8.78276 -5.00584 3.95944
4.87317 -33.9251 -2.61835 -28.4964 -0.114582 -28.4052
6.89406 -36.3462 7.57389 -35.1975 4.87317 -33.9251
6.89406 -36.3462 4.87317 -33.9251 -2.61835 -28.4964
6.89173 -39.2915 6.89406 -36.3462 7.57389 -35.1975
12.1226 -39.9126 6.89173 -39.2915 7.57389 -35.1975
9.85895 -40.7373 12.1226 -39.9126 6.89173 -39.2915
15.5336 -40.8817 9.85895 -40.7373 12.1226 -39.9126
17.7261 -41.3238 15.5336 -40.8817 12.1226 -39.9126
5.01369 -47.591 17.7261 -41.3238 15.5336 -40.8817
15.5336 -40.8817 5.01369 -47.591 9.98346e-05 -49.6738
5.01369 -47.591 11.888 -48.3523 9.98346e-05 -49.6738
15.6737 -36.4149 7.57389 -35.1975 4.87317 -33.9251
7.57389 -35.1975 15.6737 -36.4149 17.3442 -38.8183
15.9866 -6.01948 15.0556 -2.37047 18.1552 -1.90002
13.3993 -17.079 15.9866 -6.01948 15.0556 -2.37047
11.1777 -17.5551 13.3993 -17.079 15.0556 -2.37047
9.93636 -22.4497 11.1777 -17.5551 13.3993 -17.079
10.743 -25.9464 9.93636 -22.4497 13.3993 -17.079
13.1435 -28.551 10.743 -25.9464 13.3993 -17.079
15.6737 -36.4149 13.1435 -28.551 10.743 -25.9464
13.1435 -28.551 15.6737 -36.4149 17.3442 -38.8183
9.93636 -22.4497 7.08455 -14.7677 5.05171 -9.21421
7.08455 -14.7677 9.93636 -22.4497 10.743 -25.9464
16.173 -19.9457 13.3993 -17.079 15.9866 -6.01948
13.3993 -17.079 16.173 -19.9457 18.5999 -26.9655
16.173 -19.9457 17.987 -20.4494 18.5999 -26.9655
22.4179 34.6098 26.2605 36.4076 30.357 38.2584
22.2678 34.3759 22.4179 34.6098 30.357 38.2584
27.0444 32.81 22.2678 34.3759 30.357 38.2584
24.1685 30.8351 27.0444 32.81 22.2678 34.3759
23.8344 29.4712 24.1685 30.8351 22.2678 34.3759
23.303 26.9809 20.335 27.4675 23.8344 29.4712
23.303 26.9809 23.8344 29.4712 24.1685 30.8351
28.5391 25.8474 23.303 26.9809 20.335 27.4675
37.7643 23.3203 28.5391 25.8474 20.335 27.4675
38.085 20.3485 37.7643 23.3203 20.335 27.4675
44.6249 19.4186 22.2468 19.728 34.5349 19.9861
44.6249 19.4186 34.5349 19.9861 38.085 20.3485
44.6249 19.4186 38.085 20.3485 37.7643 23.3203
24.609 19.1242 44.6249 19.4186 22.2468 19.728
33.3748 14.586 24.609 19.1242 22.2468 19.728
32.323 13.3552 33.3748 14.586 22.2468 19.728
32.5643 8.38778 32.323 13.3552 33.3748 14.586
26.5683 6.04802 32.5643 8.38778 32.323 13.3552
25.4729 -0.630914 26.5683 6.04802 32.5643 8.38778
30.4923 -1.87369 35.434 -1.35281 25.4729 -0.630914
22.276 -4.5998 30.4923 -1.87369 25.4729 -0.630914
22.276 -4.5998 25.4729 -0.630914 26.5683 6.04802
22.0024 -6.2967 22.276 -4.5998 30.4923 -1.87369
19.9285 -11.1345 22.0024 -6.2967 22.276 -4.5998
16.173 -19.9457 19.9285 -11.1345 22.276 -4.5998
19.9285 -11.1345 16.173 -19.9457 17.987 -20.4494
23.8344 29.4712 22.5174 30.0357 20.5123 30.4242
20.5123 30.4242 23.8344 29.4712 20.335 27.4675
35.3183 34.0413 27.0444 32.81 24.1685 30.8351
39.3128 -2.84468 30.4923 -1.87369 35.434 -1.35281
36.0027 -6.09738 39.3128 -2.84468 30.4923 -1.87369
31.2139 -7.55805 36.0027 -6.09738 30.4923 -1.87369
37.828 -8.59985 22.5096 -8.55239 31.2139 -7.55805
37.828 -8.59985 31.2139 -7.55805 36.0027 -6.09738
48.0051 -9.34861 37.828 -8.59985 36.0027 -6.09738
42.023 -9.88488 48.0051 -9.34861 37.828 -8.59985
37.828 -8.59985 42.023 -9.88488 27.7725 -10.4843
43.6084 0.226052 39.3128 -2.84468 36.0027 -6.09738
28.5403 -12.7505 42.023 -9.88488 48.0051 -9.34861
24.9272 -13.1171 28.5403 -12.7505 42.023 -9.88488
25.4806 -13.6375 24.9272 -13.1171 28.5403 -12.7505
40.405 -15.8041 25.4806 -13.6375 28.5403 -12.7505
38.2109 -15.9339 40.405 -15.8041 25.4806 -13.6375
43.5463 -16.2735 27.8333 -16.0271 38.2109 -15.9339
43.5463 -16.2735 38.2109 -15.9339 40.405 -15.8041
40.405 -15.8041 43.5463 -16.2735 46.3913 -16.288
24.9272 -13.1171 25.4806 -13.6375 20.5177 -14.0891
24.301 -16.7263 43.5463 -16.2735 27.8333 -16.0271
20.4866 -17.2113 25.2757 -16.9029 24.301 -16.7263
20.4866 -17.2113 24.301 -16.7263 27.8333 -16.0271
39.5489 -23.9481 20.4866 -17.2113 25.2757 -16.9029
35.6305 -24.1506 39.5489 -23.9481 20.4866 -17.2113
30.0257 -25.2739 35.6305 -24.1506 39.5489 -23.9481
27.4127 -26.2517 30.0257 -25.2739 39.5489 -23.9481
20.3482 -28.3284 38.4355 -27.6578 30.9573 -27.2393
20.3482 -28.3284 30.9573 -27.2393 27.4127 -26.2517
20.3482 -28.3284 27.4127 -26.2517 30.0257 -25.2739
38.2272 -29.4529 20.3482 -28.3284 38.4355 -27.6578
39.3291 -29.9856 38.2272 -29.4529 38.4355 -27.6578
25.9167 -30.9063 39.3291 -29.9856 38.2272 -29.4529
26.3077 -31.0112 25.9167 -30.9063 39.3291 -29.9856
25.9167 -30.9063 26.3077 -31.0112 22.3487 -38.6041
24.301 -16.7263 25.2757 -16.9029 31.6735 -17.2492
19.7616 23.627 16.9469 34.1735 18.1126 34.8565
17.8666 22.7479 19.7616 23.627 16.9469 34.1735
14.596 21.0912 17.8666 22.7479 19.7616 23.627
5.41258 14.3809 14.596 21.0912 19.7616 23.627
2.19111 13.3291 5.41258 14.3809 14.596 21.0912
4.23528 11.6054 2.19111 13.3291 5.41258 14.3809
7.38273 1.70454 4.23528 11.6054 5.41258 14.3809
18.1552 -1.90002 18.1678 0.812185 7.38273 1.70454
15.0556 -2.37047 18.1552 -1.90002 7.38273 1.70454
4.23528 11.6054 7.38273 1.70454 8.06309 -2.80302
7.38273 1.70454 15.0556 -2.37047 8.06309 -2.80302
7.38273 1.70454 7.35982 5.24739 7.13637 7.94302
7.35982 5.24739 7.38273 1.70454 18.1678 0.812185
2.19111 13.3291 -2.68483 13.9689 -2.72755 16.4281
-2.68483 13.9689 2.19111 13.3291 4.23528 11.6054
7.13637 7.94302 7.35982 5.24739 12.2912 5.19866
18.1126 34.8565 9.26679 38.8364 13.6613 38.9573
16.9469 34.1735 18.1126 34.8565 9.26679 38.8364
9.26679 38.8364 16.9469 34.1735 11.6915 33.4008
13.6613 38.9573 9.88734 39.2307 16.8359 42.9471
9.26679 38.8364 13.6613 38.9573 9.88734 39.2307
-1.63521 32.0796 9.26679 38.8364 9.88734 39.2307
9.26679 38.8364 -1.63521 32.0796 -1.34468 27.5714
1.60419 35.6004 3.52561 35.8064 4.30231 49.0482
-0.516215 34.7156 1.60419 35.6004 3.52561 35.8064
-2.82076 34.6536 -0.516215 34.7156 1.60419 35.6004
-1.63521 32.0796 -2.82076 34.6536 -0.516215 34.7156
-1.34468 27.5714 -1.63521 32.0796 -2.82076 34.6536
-2.82076 34.6536 -1.34468 27.5714 -2.83867 27.3327
3.05914 -16.6146 7.08455 -14.7677 5.05171 -9.21421
7.08455 -14.7677 3.05914 -16.6146 8.03469 -20.2795
-2.16201 -13.0313 -1.28297 -10.2056 0.0492471 -7.62854
3.05914 -16.6146 -2.16201 -13.0313 0.0492471 -7.62854
-2.16201 -13.0313 3.05914 -16.6146 8.03469 -20.2795
-5.98561 14.2506 -5.68515 28.0848 -5.82901 41.411
-5.82901 41.411 -5.98561 14.2506 -6.38958 12.1947
-10.0955 38.9445 -9.34144 25.6556 -9.65264 1.77744
-10.3914 18.6761 -10.0955 38.9445 -10.2208 46.4475
-11.0394 8.17925 -10.3914 18.6761 -10.2208 46.4475
-10.2208 46.4475 -11.0394 8.17925 -11.609 0.970546
-9.34144 25.6556 -10.0955 38.9445 -10.2208 46.4475
-10.2208 46.4475 -9.34144 25.6556 -7.23476 10.4773
-14.745 -1.51714 -13.4168 2.26948 -13.787 15.6922
-14.9229 -7.92989 -16.307 -5.83213 -14.745 -1.51714
-14.9229 -7.92989 -14.745 -1.51714 -13.4168 2.26948
-13.4168 2.26948 -14.9229 -7.92989 -13.9029 -28.2632
-20.0183 26.4706 -21.0433 28.4812 -23.0099 31.8125
-19.7514 24.1314 -20.0183 26.4706 -23.0099 31.8125
-18.1729 18.939 -19.7514 24.1314 -20.0183 26.4706
-17.9568 16.4745 -18.1729 18.939 -19.7514 24.1314
-17.4352 8.0331 -17.9568 16.4745 -19.7514 24.1314
-16.7661 5.67622 -19.1856 7.60565 -17.4352 8.0331
-16.7661 5.67622 -17.4352 8.0331 -17.9568 16.4745
-14.745 -1.51714 -16.7661 5.67622 -19.1856 7.60565
-16.307 -5.83213 -14.745 -1.51714 -19.1856 7.60565
-19.1856 7.60565 -16.307 -5.83213 -17.3574 -17.943
-18.2298 36.9652 -17.1676 22.5906 -18.1729 18.939
-17.1234 37.5916 -15.3875 44.6869 -12.6262 46.5862
-16.3732 32.1354 -17.1234 37.5916 -12.6262 46.5862
-16.1521 25.842 -16.3732 32.1354 -17.1234 37.5916
-17.1676 22.5906 -16.1521 25.842 -17.1234 37.5916
-18.1729 18.939 -17.1676 22.5906 -16.1521 25.842
-16.1521 25.842 -18.1729 18.939 -17.9568 16.4745
-16.3732 32.1354 -16.1521 25.842 -14.6025 20.7942
-23.0816 36.6723 -25.2607 38.6454 -26.8214 40.6177
-23.0099 31.8125 -23.0816 36.6723 -25.2607 38.6454
-21.0433 28.4812 -23.0099 31.8125 -23.0816 36.6723
-23.0816 36.6723 -21.0433 28.4812 -20.0541 27.0807
-26.9206 38.0204 -25.2607 38.6454 -26.8214 40.6177
-31.6781 34.3918 -26.9206 38.0204 -25.2607 38.6454
-34.1627 30.609 -31.6781 34.3918 -25.2607 38.6454
-30.8269 30.5383 -34.1627 30.609 -25.2607 38.6454
-27.9745 26.0438 -30.8269 30.5383 -34.1627 30.609
-34.3184 23.6427 -33.9939 25.593 -27.9745 26.0438
-30.8269 30.5383 -27.9745 26.0438 -23.9269 23.0006
-27.9745 26.0438 -34.3184 23.6427 -23.9269 23.0006
-40.1283 21.8818 -34.3184 23.6427 -33.9939 25.593
-45.7897 18.7531 -34.4125 20.5071 -40.1283 21.8818
-45.7897 18.7531 -40.1283 21.8818 -33.9939 25.593
-42.1782 18.4315 -45.7897 18.7531 -34.4125 20.5071
-41.3493 16.6155 -42.1782 18.4315 -45.7897 18.7531
-41.1622 13.5057 -41.3493 16.6155 -45.7897 18.7531
-37.3609 6.90326 -41.1622 13.5057 -41.3493 16.6155
-30.5374 3.61845 -24.0198 5.43329 -31.0467 5.9354
-30.5374 3.61845 -31.0467 5.9354 -37.3609 6.90326
-41.1622 13.5057 -37.3609 6.90326 -35.754 2.85654
-37.3609 6.90326 -30.5374 3.61845 -35.754 2.85654
-37.3609 6.90326 -34.7122 10.6371 -31.2219 11.3226
-31.2219 11.3226 -37.3609 6.90326 -31.0467 5.9354
-24.0198 5.43329 -31.0467 5.9354 -23.6092 9.30779
-24.6923 -5.29229 -24.0198 5.43329 -23.6092 9.30779
-28.2849 -7.04175 -34.4554 -5.9117 -24.6923 -5.29229
-24.121 -8.06365 -28.2849 -7.04175 -24.6923 -5.29229
-24.121 -8.06365 -24.6923 -5.29229 -23.6092 9.30779
-28.2849 -7.04175 -24.121 -8.06365 -29.5057 -13.9286
-32.6817 -3.58993 -38.1761 -1.34279 -35.5317 0.573689
-38.1761 -1.34279 -32.6817 -3.58993 -34.4554 -5.9117
-32.6817 -3.58993 -24.6923 -5.29229 -34.4554 -5.9117
-38.1761 -1.34279 -35.5317 0.573689 -38.2856 2.01027
-40.512 -7.64502 -38.1761 -1.34279 -38.2856 2.01027
-40.1537 -10.593 -40.512 -7.64502 -38.1761 -1.34279
-41.4937 -17.2079 -40.1537 -10.593 -38.1761 -1.34279
-40.1537 -10.593 -41.4937 -17.2079 -45.0655 -21.6053
-41.4937 -17.2079 -41.4921 -19.1906 -45.0655 -21.6053
-44.1104 -4.2878 -46.846 -1.91919 -47.7575 2.79834
-40.512 -7.64502 -44.1104 -4.2878 -46.846 -1.91919
-46.846 -1.91919 -40.512 -7.64502 -40.1537 -10.593
-49.5881 -3.98156 -46.846 -1.91919 -47.7575 2.79834
-46.846 -1.91919 -49.5881 -3.98156 -47.4591 -14.3161
-40.1813 -24.4975 -41.4921 -19.1906 -41.4937 -17.2079
-39.7569 -28.3255 -40.1813 -24.4975 -41.4921 -19.1906
-41.4921 -19.1906 -39.7569 -28.3255 -40.5974 -28.6493
-40.1813 -24.4975 -38.5791 -23.4857 -39.6592 -22.3538
-38.5791 -23.4857 -40.1813 -24.4975 -39.7569 -28.3255
-34.9942 -26.1779 -38.5791 -23.4857 -39.6592 -22.3538
-38.5791 -23.4857 -34.9942 -26.1779 -35.0079 -35.3514
-34.9942 -26.1779 -33.5383 -26.24 -35.0079 -35.3514
-34.9942 -26.1779 -30.1128 -23.6381 -23.4728 -19.34
-30.1128 -23.6381 -34.9942 -26.1779 -33.5383 -26.24
-30.1128 -23.6381 -24.6846 -24.2577 -26.9144 -31.6242
-24.6846 -24.2577 -30.1128 -23.6381 -23.4728 -19.34
-23.4728 -19.34 -24.6846 -24.2577 -25.7985 -36.5605
-40.1987 15.5917 -41.3493 16.6155 -42.1782 18.4315
-41.3493 16.6155 -40.1987 15.5917 -37.4084 13.0215
-40.1987 15.5917 -34.7403 16.3571 -36.6146 17.9866
-34.7403 16.3571 -40.1987 15.5917 -37.4084 13.0215
-36.6146 17.9866 -34.7403 16.3571 -26.4103 12.0417
-40.1283 21.8818 -34.4125 20.5071 -24.3386 19.4555
-19.1856 7.60565 -17.4352 8.0331 -21.2418 12.0886
-20.6367 6.24403 -19.1856 7.60565 -21.2418 12.0886
-20.371 5.55151 -20.6367 6.24403 -19.1856 7.60565
-20.6367 6.24403 -20.371 5.55151 -20.7186 -19.3465
-16.2596 -9.40977 -14.9229 -7.92989 -16.307 -5.83213
-16.307 -5.83213 -16.2596 -9.40977 -16.1905 -37.433
