128.658 146.87 127.454 162.276 127.91 167.135
128.129 113.566 128.658 146.87 127.454 162.276
129.281 80.2361 128.129 113.566 128.658 146.87
128.84 72.0126 129.281 80.2361 128.129 113.566
127.632 46.8706 128.84 72.0126 128.129 113.566
128.84 72.0126 127.632 46.8706 128.205 23.4971
129.281 80.2361 132.318 87.1201 133.017 102.565
128.84 72.0126 129.281 80.2361 132.318 87.1201
129.242 58.0344 128.84 72.0126 132.318 87.1201
130.178 8.20178 129.242 58.0344 128.84 72.0126
128.84 72.0126 130.178 8.20178 130.137 1.12433
132.252 29.0112 137.668 29.7533 132.122 37.363
130.178 8.20178 132.252 29.0112 132.122 37.363
132.252 29.0112 130.178 8.20178 130.137 1.12433
137.668 29.7533 132.122 37.363 136.179 51.0958
139.16 19.3229 137.668 29.7533 136.179 51.0958
137.668 29.7533 139.16 19.3229 141.971 -1.60314
139.16 19.3229 141.198 8.91221 141.971 -1.60314
143.994 63.3566 141.198 8.91221 141.971 -1.60314
139.969 98.0885 143.145 112.104 137.753 118.189
140.151 86.3701 139.969 98.0885 137.753 118.189
140.285 68.248 140.151 86.3701 137.753 118.189
139.16 19.3229 138.554 39.4499 140.285 68.248
140.151 86.3701 140.285 68.248 141.198 8.91221
140.285 68.248 139.16 19.3229 141.198 8.91221
146.5 81.4451 140.151 86.3701 139.969 98.0885
140.151 86.3701 146.5 81.4451 147.261 72.6818
147.743 110.461 150.143 116.895 149.051 129.21
146.811 99.0823 147.743 110.461 149.051 129.21
147.753 88.9957 146.811 99.0823 147.743 110.461
146.5 81.4451 147.753 88.9957 146.811 99.0823
147.261 72.6818 146.5 81.4451 147.753 88.9957
151.872 56.118 147.261 72.6818 147.753 88.9957
153.091 51.9157 151.872 56.118 147.753 88.9957
157.18 23.9864 153.148 31.8529 153.091 51.9157
157.18 23.9864 153.091 51.9157 147.753 88.9957
153.148 31.8529 157.18 23.9864 156.941 0.425199
160.383 80.8071 160.934 86.179 161.576 117.5
157.861 42.6112 160.383 80.8071 161.576 117.5
157.645 33.6057 157.861 42.6112 160.383 80.8071
157.18 23.9864 157.645 33.6057 160.383 80.8071
160.383 80.8071 157.18 23.9864 156.941 0.425199
156.749 111.397 157.861 42.6112 157.645 33.6057
150.488 41.6433 153.091 51.9157 151.872 56.118
149.073 20.3581 150.488 41.6433 153.091 51.9157
150.935 9.3289 149.073 20.3581 153.091 51.9157
149.073 20.3581 150.935 9.3289 150.202 1.14318
160.934 86.179 160.383 80.8071 161.009 11.2008
162.346 73.4342 160.934 86.179 161.576 117.5
163.307 61.2534 162.346 73.4342 160.934 86.179
166.537 49.2376 168.877 57.2216 163.307 61.2534
163.346 48.7958 166.537 49.2376 163.307 61.2534
163.346 48.7958 163.307 61.2534 160.934 86.179
168.762 37.1214 163.346 48.7958 166.537 49.2376
170.893 29.3031 168.762 37.1214 163.346 48.7958
173.024 22.0599 176.334 27.1086 170.893 29.3031
173.024 22.0599 170.893 29.3031 163.346 48.7958
176.186 20.2975 173.024 22.0599 176.334 27.1086
171.426 11.1308 176.186 20.2975 173.024 22.0599
176.186 20.2975 171.426 11.1308 173.662 2.28728
180.075 42.2735 186.738 51.9253 189.65 57.7207
170.893 29.3031 180.075 42.2735 189.65 57.7207
180.075 42.2735 170.893 29.3031 176.334 27.1086
187.657 89.4004 192.55 97.6795 191.606 113.419
186.917 77.9387 187.657 89.4004 192.55 97.6795
190.981 68.6084 186.917 77.9387 192.55 97.6795
191.114 37.1879 186.738 51.9253 189.65 57.7207
191.114 37.1879 189.65 57.7207 190.981 68.6084
191.114 37.1879 190.981 68.6084 192.55 97.6795
186.339 26.1543 191.114 37.1879 186.738 51.9253
181.57 7.33864 186.339 26.1543 191.114 37.1879
186.339 26.1543 181.57 7.33864 179.327 -0.389571
181.57 7.33864 187.811 13.2378 189.245 18.279
187.811 13.2378 181.57 7.33864 179.327 -0.389571
187.811 13.2378 189.245 18.279 196.336 19.9122
196.336 19.9122 187.811 13.2378 193.284 2.97014
199.073 83.711 192.55 97.6795 191.606 113.419
192.55 97.6795 199.073 83.711 198.694 73.4218
199.672 111.78 199.947 139.163 199.649 188.587
199.073 83.711 199.672 111.78 199.649 188.587
199.672 111.78 199.073 83.711 199.374 36.0264
199.073 83.711 198.694 73.4218 199.374 36.0264
199.947 139.163 200.214 150.505 200.207 161.318
200.214 150.505 199.947 139.163 199.672 111.78
200.214 150.505 200.207 161.318 200.549 182.736
200.311 30.8018 200.214 150.505 200.549 182.736
200.681 7.34307 200.311 30.8018 200.549 182.736
200.311 30.8018 200.681 7.34307 200.621 -1.91308
200.875 52.7181 202.308 209.437 202.373 216.773
200.681 7.34307 200.875 52.7181 202.308 209.437
202.308 209.437 200.681 7.34307 200.621 -1.91308
202.308 209.437 202.373 216.773 202.576 236.999
202.827 120.91 202.308 209.437 202.576 236.999
202.308 209.437 202.827 120.91 202.614 99.9549
202.827 120.91 203.568 170.228 203.514 233.712
202.614 99.9549 202.827 120.91 203.568 170.228
202.655 90.2005 202.614 99.9549 203.568 170.228
203.568 170.228 202.655 90.2005 203.145 62.0209
206.566 79.5414 203.568 170.228 203.514 233.712
203.568 170.228 206.566 79.5414 206.775 68.391
208.332 209.099 207.242 239.091 208.896 258.646
208.903 157.628 208.332 209.099 208.896 258.646
208.899 116.416 208.903 157.628 208.332 209.099
208.934 89.2234 209.197 102.499 208.899 116.416
208.934 89.2234 208.899 116.416 208.332 209.099
206.775 68.391 206.566 79.5414 208.934 89.2234
209.592 63.2936 206.775 68.391 208.934 89.2234
209.592 63.2936 208.934 89.2234 209.197 102.499
210.675 28.1951 209.592 63.2936 209.197 102.499
209.083 23.3881 210.675 28.1951 209.592 63.2936
210.675 28.1951 209.083 23.3881 207.565 1.72729
206.543 142.887 208.934 89.2234 206.566 79.5414
209.965 222.426 208.903 157.628 208.899 116.416
208.899 116.416 211.615 198.625 212.375 227.831
211.615 198.625 208.899 116.416 209.197 102.499
212.842 179.484 213.187 190.82 211.615 198.625
211.615 198.625 212.842 179.484 212.228 173.676
213.187 190.82 211.615 198.625 212.375 227.831
217.869 157.324 213.187 190.82 212.375 227.831
220.836 137.401 221.755 146.296 217.869 157.324
213.187 190.82 217.869 157.324 219.015 133.791
217.869 157.324 220.836 137.401 219.015 133.791
217.869 157.324 219.608 178.903 217.295 191.281
219.608 178.903 217.869 157.324 221.755 146.296
213.528 150.407 212.842 179.484 213.187 190.82
213.238 108.798 213.528 150.407 212.842 179.484
213.528 150.407 213.238 108.798 213.031 12.2287
213.238 108.798 211.515 49.0968 213.031 12.2287
211.515 49.0968 211.185 43.9478 213.031 12.2287
210.849 129.685 211.515 49.0968 211.185 43.9478
222.781 171.192 219.608 178.903 217.295 191.281
228.474 152.522 222.781 171.192 217.295 191.281
222.781 171.192 228.474 152.522 229.657 137.133
229.79 158.636 227.16 172.541 228.172 210.655
229.79 158.636 228.172 210.655 228.024 219.142
228.474 152.522 229.79 158.636 227.16 172.541
229.657 137.133 228.474 152.522 229.79 158.636
229.917 86.89 227.959 102.655 229.395 106.309
229.917 86.89 229.395 106.309 229.657 137.133
229.917 86.89 229.657 137.133 229.79 158.636
229.79 158.636 229.917 86.89 230.281 81.6569
230.281 81.6569 229.917 86.89 223.781 117.629
229.164 69.3739 230.281 81.6569 223.781 117.629
229.904 57.7248 229.164 69.3739 230.281 81.6569
228.69 36.8201 229.904 57.7248 229.164 69.3739
227.61 7.90134 228.867 19.9241 228.69 36.8201
227.61 7.90134 228.69 36.8201 229.164 69.3739
228.867 19.9241 227.61 7.90134 231.736 0.239112
227.61 7.90134 220.104 17.7441 222.497 32.335
220.104 17.7441 227.61 7.90134 231.736 0.239112
217.86 89.0859 218.365 98.974 221.021 107.929
220.566 77.0784 217.86 89.0859 221.021 107.929
222.92 73.2029 220.566 77.0784 221.021 107.929
220.834 46.0567 222.92 73.2029 220.566 77.0784
219.368 36.4284 220.834 46.0567 220.566 77.0784
222.497 32.335 219.368 36.4284 220.834 46.0567
220.104 17.7441 222.497 32.335 219.368 36.4284
219.983 6.97154 220.104 17.7441 219.368 36.4284
220.104 17.7441 219.983 6.97154 221.741 2.62868
218.365 98.974 217.86 89.0859 216.202 62.1787
231.968 30.2879 228.69 36.8201 229.904 57.7248
228.69 36.8201 231.968 30.2879 236.73 8.29869
232.219 49.5135 236.442 51.3931 237.803 56.6613
231.968 30.2879 232.219 49.5135 236.442 51.3931
236.442 51.3931 231.968 30.2879 236.73 8.29869
233.139 232.278 232.054 241.484 233.642 253.687
233.198 201.189 233.139 232.278 233.642 253.687
232.725 186.444 233.198 201.189 233.139 232.278
232.059 116.012 232.211 128.763 232.725 186.444
232.059 116.012 232.725 186.444 233.139 232.278
232.219 49.5135 232.059 116.012 232.211 128.763
232.059 116.012 232.219 49.5135 231.968 30.2879
237.901 71.6566 237.797 86.7444 239.794 131.798
237.803 56.6613 237.901 71.6566 237.797 86.7444
238.816 37.577 236.442 51.3931 237.803 56.6613
238.816 37.577 237.803 56.6613 237.901 71.6566
237.901 71.6566 238.816 37.577 240.242 26.8638
236.259 212.716 240.996 216.58 236.652 228.754
233.198 201.189 236.259 212.716 236.652 228.754
232.725 186.444 233.198 201.189 236.259 212.716
236.259 212.716 232.725 186.444 233.391 183.093
236.652 228.754 241.028 237.421 239.038 262.249
240.996 216.58 236.652 228.754 241.028 237.421
241.154 189.813 240.996 216.58 241.028 237.421
240.996 216.58 241.154 189.813 241.255 16.1374
241.154 189.813 241.342 179.998 241.255 16.1374
241.937 151.668 241.342 179.998 241.154 189.813
242.202 121.859 241.937 151.668 241.342 179.998
241.342 179.998 242.202 121.859 241.573 97.2336
241.937 151.668 242.784 159.174 243.591 172.435
242.784 159.174 241.937 151.668 242.202 121.859
243.591 172.435 243.416 202.356 242.73 248.322
243.779 143.812 242.784 159.174 243.591 172.435
243.779 143.812 243.591 172.435 243.416 202.356
243.968 112.879 243.779 143.812 242.784 159.174
242.784 159.174 243.968 112.879 242.229 83.0474
243.968 112.879 246.007 147.296 246.452 193.5
246.007 147.296 243.968 112.879 242.229 83.0474
246.409 109.057 246.007 147.296 246.452 193.5
246.993 66.0598 246.409 109.057 246.452 193.5
246.409 109.057 246.993 66.0598 243.978 3.70519
246.993 66.0598 247.999 81.0558 248.368 120.457
247.999 81.0558 246.993 66.0598 243.978 3.70519
248.368 120.457 248.173 221.415 247.961 256.224
248.717 31.8202 247.999 81.0558 248.368 120.457
248.717 31.8202 248.368 120.457 248.173 221.415
247.999 81.0558 248.717 31.8202 248.825 2.34311
248.717 31.8202 249.571 18.4709 248.825 2.34311
249.571 18.4709 250.559 10.7565 248.825 2.34311
250.233 176.885 250.838 229.903 250.694 242.202
250.16 141.678 250.233 176.885 250.838 229.903
249.807 89.0768 250.16 141.678 250.838 229.903
248.824 43.7127 250.775 53.3982 249.807 89.0768
248.824 43.7127 249.807 89.0768 250.16 141.678
248.717 31.8202 248.824 43.7127 250.775 53.3982
250.775 53.3982 248.717 31.8202 249.571 18.4709
249.07 251.83 250.233 176.885 250.16 141.678
251.585 210.204 250.838 229.903 250.694 242.202
251.481 197.578 251.585 210.204 250.838 229.903
251.6 168.01 251.481 197.578 251.585 210.204
251.762 156.584 251.6 168.01 251.585 210.204
252.327 98.5984 253.645 128.776 251.762 156.584
252.327 98.5984 251.762 156.584 251.6 168.01
253.645 128.776 252.327 98.5984 253.618 61.7271
257.112 109.158 253.645 128.776 251.762 156.584
253.645 128.776 257.112 109.158 256.254 80.653
257.112 109.158 257.969 129.647 257.588 158.079
257.112 109.158 257.588 158.079 256.566 258.557
256.254 80.653 257.112 109.158 257.969 129.647
257.969 129.647 256.254 80.653 257.475 20.8947
258.613 91.5879 257.969 129.647 257.588 158.079
260.048 68.4239 258.613 91.5879 257.588 158.079
262.333 50.3007 261.613 62.0335 260.048 68.4239
259.19 38.6461 262.333 50.3007 260.048 68.4239
259.19 38.6461 260.048 68.4239 258.613 91.5879
260.201 29.1868 259.19 38.6461 262.333 50.3007
257.679 13.7673 260.201 29.1868 259.19 38.6461
260.201 29.1868 257.679 13.7673 259.64 -3.77591
259.2 196.027 261.409 230.887 259.316 241.026
260.507 180.952 259.2 196.027 261.409 230.887
259.415 173.863 260.507 180.952 259.2 196.027
260.048 68.4239 260.222 103.1 259.415 173.863
260.048 68.4239 259.415 173.863 259.2 196.027
260.222 103.1 260.048 68.4239 261.613 62.0335
263.997 116.247 261.613 62.0335 262.333 50.3007
260.507 180.952 259.415 173.863 261.33 140.224
261.409 230.887 259.316 241.026 262.479 249.389
263.894 218.446 261.409 230.887 262.479 249.389
263.553 209.072 263.894 218.446 261.409 230.887
263.995 189.102 263.553 209.072 263.894 218.446
263.553 209.072 263.995 189.102 263.651 150.541
221.355 226.768 220.079 221.207 228.024 219.142
217.028 252.858 220.051 258.697 228.909 260.176
213.545 246.223 217.028 252.858 220.051 258.697
216.824 237.521 213.545 246.223 217.028 252.858
220.079 221.207 216.824 237.521 213.545 246.223
228.172 210.655 228.024 219.142 220.079 221.207
223.243 207.096 228.172 210.655 220.079 221.207
223.243 207.096 220.079 221.207 213.545 246.223
228.172 210.655 223.243 207.096 217.587 202.087
188.627 119.324 183.791 90.1812 187.657 89.4004
183.791 90.1812 180.928 110.468 183.307 120.028
186.917 77.9387 187.657 89.4004 183.791 90.1812
180.928 110.468 183.791 90.1812 182.86 69.0768
183.791 90.1812 186.917 77.9387 182.86 69.0768
171.174 81.2108 180.123 102.644 180.928 110.468
171.174 81.2108 180.928 110.468 183.307 120.028
180.123 102.644 171.174 81.2108 170.34 70.4691
171.174 81.2108 168.263 90.4166 163.578 98.5331
163.578 98.5331 171.174 81.2108 170.34 70.4691
172.076 160.975 169.74 176.213 169.1 191.186
172.96 143.042 172.076 160.975 169.74 176.213
170.702 132.122 172.96 143.042 169.74 176.213
169.602 122.28 170.702 132.122 169.74 176.213
168.408 106.868 169.602 122.28 170.702 132.122
168.426 101.652 168.408 106.868 170.702 132.122
168.263 90.4166 168.426 101.652 168.408 106.868
168.426 101.652 168.263 90.4166 171.174 81.2108
181.83 172.259 177.071 183.092 180.536 190.304
177.747 157.828 181.83 172.259 177.071 183.092
172.96 143.042 177.747 157.828 177.071 183.092
177.747 157.828 172.96 143.042 170.702 132.122
177.731 153.034 177.747 157.828 181.83 172.259
177.747 157.828 177.731 153.034 176.778 133.632
177.731 153.034 182.508 136.315 176.778 133.632
189.881 179.26 197.024 199.124 193.876 199.269
188.695 168.383 189.881 179.26 197.024 199.124
189.966 157.426 188.695 168.383 197.024 199.124
189.783 137.006 192.487 147.966 189.966 157.426
189.783 137.006 189.966 157.426 188.695 168.383
176.778 133.632 182.508 136.315 189.783 137.006
193.157 131.045 176.778 133.632 189.783 137.006
193.157 131.045 189.783 137.006 192.487 147.966
192.487 147.966 193.157 131.045 197.833 130.723
190.519 223.332 186.921 241.99 188.869 257.424
188.075 213.903 190.519 223.332 186.921 241.99
188.314 192.472 188.075 213.903 186.921 241.99
186.921 241.99 188.314 192.472 188.695 168.383
188.314 192.472 189.881 179.26 188.695 168.383
191.338 246.78 191.417 233.528 190.519 223.332
191.417 233.528 196.677 246.804 198.848 261.342
190.519 223.332 191.417 233.528 196.677 246.804
196.677 246.804 190.519 223.332 188.075 213.903
186.921 241.99 188.869 257.424 183.687 258.726
180.791 221.575 186.921 241.99 183.687 258.726
180.801 213.103 180.791 221.575 186.921 241.99
186.921 241.99 180.801 213.103 181.351 203.304
177.536 232.668 172.428 248.254 169.289 261.587
180.791 221.575 177.536 232.668 172.428 248.254
172.428 248.254 180.791 221.575 180.801 213.103
177.536 232.668 179.336 239.21 180.235 246.823
179.336 239.21 177.536 232.668 180.791 221.575
172.245 243.995 172.428 248.254 169.289 261.587
169.979 230.187 172.245 243.995 169.289 261.587
168.414 213.187 169.979 230.187 172.245 243.995
172.245 243.995 168.414 213.187 167.266 199.423
167.301 218.634 161.591 248.783 160.042 258
168.414 213.187 167.301 218.634 160.042 258
167.301 218.634 168.414 213.187 167.266 199.423
161.591 248.783 160.042 258 151.169 259.271
149.401 248.485 161.591 248.783 151.169 259.271
160.791 243.812 149.401 248.485 161.591 248.783
159.758 226.975 160.791 243.812 161.591 248.783
160.698 209.257 157.109 221.82 159.758 226.975
160.698 209.257 159.758 226.975 161.591 248.783
161.591 248.783 160.698 209.257 163.007 202.148
148.541 241.623 160.791 243.812 149.401 248.485
160.791 243.812 148.541 241.623 130.783 237.989
141.754 248.3 132.907 248.965 137.987 259.098
143.725 243.49 141.754 248.3 132.907 248.965
148.541 241.623 143.725 243.49 141.754 248.3
143.725 243.49 148.541 241.623 130.783 237.989
159.758 226.975 149.799 229.755 138.103 233.052
157.109 221.82 159.758 226.975 149.799 229.755
151.977 216.693 157.109 221.82 149.799 229.755
153.236 213.136 151.977 216.693 157.109 221.82
148.512 196.008 153.236 213.136 157.109 221.82
146.616 189.622 148.512 196.008 153.236 213.136
148.026 182.321 146.616 189.622 148.512 196.008
148.916 146.705 148.026 182.321 148.512 196.008
148.026 182.321 148.916 146.705 148.384 141.473
153.053 172.06 152.197 157.602 148.916 146.705
152.197 157.602 157.004 171.242 156.556 191.435
148.916 146.705 152.197 157.602 157.004 171.242
157.004 171.242 148.916 146.705 148.384 141.473
137.481 218.277 149.799 229.755 138.103 233.052
136.421 212.183 137.481 218.277 138.103 233.052
137.481 218.277 136.421 212.183 136.314 198.152
136.421 212.183 133.165 202.516 136.314 198.152
142.79 166.109 148.026 182.321 146.616 189.622
141.87 159.656 142.79 166.109 148.026 182.321
136.413 149.188 141.87 159.656 142.79 166.109
141.87 159.656 136.413 149.188 141.671 138.251
136.413 149.188 138.13 181.563 138.841 189.886
132.684 137.379 141.671 138.251 136.413 149.188
132.684 137.379 136.413 149.188 138.13 181.563
141.671 138.251 132.684 137.379 138.392 131.748
157.643 151.924 157.004 171.242 156.556 191.435
160.313 136.946 157.643 151.924 156.556 191.435
157.643 151.924 160.313 136.946 160.642 129.259
158.923 177.725 161.581 157.594 160.313 136.946
160.313 136.946 161.581 157.594 167.008 173.379
167.008 173.379 160.313 136.946 160.642 129.259
169.1 191.186 169.74 176.213 167.104 148.538
180.928 110.468 180.123 102.644 177.318 61.9994
180.123 102.644 177.285 81.8994 177.318 61.9994
163.307 61.2534 168.877 57.2216 178.635 53.9881
133.017 102.565 132.318 87.1201 136.204 79.5045
128.266 181.085 128.306 207.295 128.501 230.365
128.266 181.085 128.501 230.365 128.685 258.261
127.91 167.135 128.266 181.085 128.306 207.295
127.454 162.276 127.91 167.135 128.306 207.295
126.552 127.022 127.454 162.276 128.306 207.295
127.454 162.276 126.552 127.022 126.483 116.072
126.552 127.022 123.201 119.197 126.483 116.072
122.6 157.49 121.928 196.38 122.054 250.179
123.201 119.197 122.6 157.49 122.054 250.179
121.621 86.0603 126.483 116.072 123.201 119.197
121.621 86.0603 123.201 119.197 122.6 157.49
120.979 48.6688 121.621 86.0603 122.6 157.49
120.535 16.1454 120.979 48.6688 121.621 86.0603
121.621 86.0603 120.535 16.1454 120.674 -3.80991
120.535 16.1454 119.733 9.56051 120.674 -3.80991
117.253 58.0647 113.577 76.1335 113.703 91.9532
118.292 39.9789 117.253 58.0647 113.577 76.1335
118.65 27.2456 118.292 39.9789 113.577 76.1335
119.733 9.56051 118.65 27.2456 113.577 76.1335
113.577 76.1335 119.733 9.56051 120.674 -3.80991
117.384 113.089 118.292 39.9789 118.65 27.2456
116.635 221.445 117.336 226.268 113.895 228.747
119.783 209.623 116.635 221.445 113.895 228.747
117.187 193.221 119.783 209.623 113.895 228.747
116.627 178.512 117.187 193.221 119.783 209.623
117.63 146.497 116.627 178.512 119.783 209.623
116.315 140.132 117.63 146.497 116.627 178.512
117.608 129.432 116.315 140.132 117.63 146.497
118.718 99.0968 117.608 129.432 117.63 146.497
119.595 71.1791 118.718 99.0968 117.63 146.497
120.535 16.1454 119.595 71.1791 118.718 99.0968
118.718 99.0968 120.535 16.1454 119.733 9.56051
119.363 236.705 117.336 226.268 116.635 221.445
120.856 80.3041 120.979 48.6688 120.535 16.1454
128.501 230.365 128.306 207.295 126.609 191.23
121.627 259.938 122.054 250.179 126.357 217.788
121.928 196.38 122.054 250.179 121.627 259.938
121.627 259.938 121.928 196.38 122.003 171.278
117.187 193.221 116.627 178.512 113.71 148.828
112.827 171.445 111.02 211.853 112.727 253.277
113.255 103.134 112.827 171.445 112.727 253.277
113.703 91.9532 113.255 103.134 112.727 253.277
113.577 76.1335 113.703 91.9532 113.255 103.134
113.314 42.3915 113.577 76.1335 113.255 103.134
113.546 30.4151 113.314 42.3915 113.577 76.1335
112.839 23.7477 113.546 30.4151 113.314 42.3915
113.432 10.6259 112.839 23.7477 113.546 30.4151
112.839 23.7477 113.432 10.6259 109.595 -1.43777
111.49 162.53 112.827 171.445 111.02 211.853
112.827 171.445 111.49 162.53 112.572 121.929
111.49 162.53 109.481 219.133 109.143 241.958
109.481 219.133 111.49 162.53 112.572 121.929
107.751 176.616 109.481 219.133 109.143 241.958
107.873 106.876 107.751 176.616 109.481 219.133
107.708 58.9512 108.285 67.3571 107.873 106.876
107.708 58.9512 107.873 106.876 107.751 176.616
108.285 67.3571 107.708 58.9512 107.667 47.6073
106.142 191.938 106.093 196.446 106.899 256.22
107.708 58.9512 107.049 129.131 106.142 191.938
106.093 196.446 106.142 191.938 107.667 47.6073
106.142 191.938 107.708 58.9512 107.667 47.6073
107.54 143.533 107.049 129.131 107.708 58.9512
102.314 40.339 106.093 196.446 106.899 256.22
101.68 13.76 99.58 31.0287 102.314 40.339
101.68 13.76 102.314 40.339 106.093 196.446
99.58 31.0287 101.68 13.76 101.918 3.34794
101.514 93.8918 100.564 119.962 101.43 131.56
101.727 70.7466 101.514 93.8918 101.43 131.56
102.314 40.339 101.602 46.1282 101.727 70.7466
102.314 40.339 101.727 70.7466 101.43 131.56
101.602 46.1282 102.314 40.339 99.58 31.0287
103.617 22.7869 101.68 13.76 101.918 3.34794
102.018 243.223 97.9885 249.256 103.974 262.734
102.373 222.201 102.018 243.223 103.974 262.734
98.4731 209.918 102.373 222.201 102.018 243.223
99.6798 197.096 98.4731 209.918 102.373 222.201
99.6916 187 99.6798 197.096 102.373 222.201
99.4477 173.931 99.6916 187 99.6798 197.096
99.0846 159.306 99.4477 173.931 99.6798 197.096
100.026 150.241 99.0846 159.306 99.4477 173.931
103.049 139.676 100.026 150.241 99.4477 173.931
101.43 131.56 103.049 139.676 100.026 150.241
100.564 119.962 101.43 131.56 100.026 150.241
100.026 150.241 100.564 119.962 97.1334 113.27
97.9885 249.256 92.4514 251.369 90.2939 259.379
92.4514 251.369 97.9885 249.256 102.018 243.223
90.1611 237.049 92.4514 251.369 90.2939 259.379
96.6761 227.176 90.1611 237.049 92.4514 251.369
88.7824 217.614 96.6761 227.176 90.1611 237.049
96.6761 227.176 88.7824 217.614 90.8505 206.581
88.3475 231.894 83.3292 241.443 81.8891 249.446
88.3475 231.894 81.8891 249.446 80.4588 256.438
88.7824 217.614 88.3475 231.894 83.3292 241.443
83.3292 241.443 88.7824 217.614 90.8505 206.581
80.7341 229.171 81.8891 249.446 80.4588 256.438
78.7737 219.123 80.7341 229.171 80.4588 256.438
78.9421 171.825 78.9747 183.158 78.7737 219.123
76.2201 162.956 78.9421 171.825 78.7737 219.123
76.2201 162.956 78.7737 219.123 80.4588 256.438
78.9421 171.825 76.2201 162.956 76.6038 131.888
76.2201 162.956 71.4791 150.442 76.6038 131.888
71.4008 168.607 71.4651 199.158 71.2366 236.996
71.4791 150.442 70.2984 159.286 71.4008 168.607
71.4791 150.442 71.4008 168.607 71.4651 199.158
71.2154 130.663 76.6038 131.888 71.4791 150.442
71.2154 130.663 71.4791 150.442 70.2984 159.286
72.6785 122.293 71.2154 130.663 76.6038 131.888
68.558 109.197 72.6785 122.293 76.6038 131.888
63.0383 91.871 71.287 99.3746 68.558 109.197
63.0383 91.871 68.558 109.197 72.6785 122.293
67.4794 87.8416 63.0383 91.871 71.287 99.3746
71.287 99.3746 67.4794 87.8416 72.3937 83.9874
69.7319 208.71 69.3586 223.373 69.792 260.014
71.4008 168.607 69.7319 208.71 69.792 260.014
69.7319 208.71 71.4008 168.607 70.2984 159.286
69.3586 223.373 68.1969 230.607 66.9653 248.107
68.1969 230.607 69.3586 223.373 69.7319 208.71
66.6389 189.334 68.1969 230.607 66.9653 248.107
66.5276 180.22 66.6389 189.334 68.1969 230.607
68.1969 230.607 66.5276 180.22 66.5209 142.211
63.5691 160.725 66.5276 180.22 66.6389 189.334
66.5276 180.22 63.5691 160.725 63.4454 136.369
61.5952 228.679 61.8684 242.111 62.7516 263.575
62.0781 190.538 61.5952 228.679 62.7516 263.575
62.6004 178.362 62.0781 190.538 62.7516 263.575
63.5691 160.725 62.6004 178.362 62.7516 263.575
62.6004 178.362 63.5691 160.725 63.4454 136.369
60.7615 121.508 62.6004 178.362 62.0781 190.538
62.6004 178.362 60.7615 121.508 61.4934 37.6739
58.3247 201.395 57.5117 213.022 57.195 252.025
59.7839 147.771 58.3247 201.395 57.195 252.025
60.7615 121.508 59.7839 147.771 57.195 252.025
59.7839 147.771 60.7615 121.508 61.4934 37.6739
57.332 80.6484 57.5117 213.022 57.195 252.025
57.5117 213.022 57.332 80.6484 57.4043 -0.878429
56.9764 128.023 56.5022 169.796 56.8526 222.607
57.332 80.6484 56.9764 128.023 56.8526 222.607
56.9764 128.023 57.332 80.6484 57.4043 -0.878429
56.0442 62.0059 56.9764 128.023 56.5022 169.796
56.2064 29.5306 56.0442 62.0059 56.9764 128.023
56.9764 128.023 56.2064 29.5306 56.326 12.2829
56.0442 62.0059 53.7407 111.019 53.1569 131.437
53.7407 111.019 56.0442 62.0059 56.2064 29.5306
52.2864 91.6999 53.7407 111.019 53.1569 131.437
53.7407 111.019 52.2864 91.6999 52.4007 83.9683
52.2864 91.6999 50.346 100.045 50.9091 121.408
50.346 100.045 52.2864 91.6999 52.4007 83.9683
50.3657 190.839 51.5889 232.02 51.5516 236.054
50.0643 167.017 47.5804 182.755 50.3657 190.839
50.0643 167.017 50.3657 190.839 51.5889 232.02
49.3738 148.636 50.0643 167.017 47.5804 182.755
50.9091 121.408 49.3738 148.636 50.0643 167.017
50.346 100.045 50.9091 121.408 49.3738 148.636
50.2186 61.4462 50.346 100.045 49.3738 148.636
50.346 100.045 50.2186 61.4462 53.5052 39.908
50.2186 61.4462 50.118 49.7297 53.5052 39.908
46.3461 209.662 48.3104 248.967 47.5145 261.256
48.7395 197.519 43.817 209.296 46.3461 209.662
48.7395 197.519 46.3461 209.662 48.3104 248.967
50.3657 190.839 48.7395 197.519 43.817 209.296
43.817 209.296 50.3657 190.839 47.5804 182.755
53.106 216.527 51.5889 232.02 51.5516 236.054
51.5889 232.02 53.106 216.527 52.2753 159.973
46.3461 209.662 42.3815 217.795 43.0853 248.184
43.817 209.296 46.3461 209.662 42.3815 217.795
46.0609 139.01 43.817 209.296 42.3815 217.795
46.0954 67.5543 46.0609 139.01 42.3815 217.795
46.0609 139.01 46.0954 67.5543 46.1434 -1.50748
40.5482 146.272 42.6606 176.876 42.3815 217.795
40.5482 146.272 42.3815 217.795 43.0853 248.184
40.6338 133.434 40.5482 146.272 42.6606 176.876
40.2466 122.577 40.6338 133.434 40.5482 146.272
39.1549 96.3024 40.2466 122.577 40.5482 146.272
40.2466 122.577 39.1549 96.3024 39.4196 83.6084
39.6155 198.548 39.9855 232.092 39.7565 260.685
39.1549 96.3024 38.3878 141.009 39.1124 158.227
39.1549 96.3024 39.1124 158.227 39.6155 198.548
39.1549 96.3024 39.6155 198.548 39.9855 232.092
39.2184 59.0426 39.4196 83.6084 39.1549 96.3024
39.2184 59.0426 39.1549 96.3024 38.3878 141.009
39.0377 36.8835 37.262 47.9697 39.2184 59.0426
39.0377 36.8835 39.2184 59.0426 39.4196 83.6084
39.4196 83.6084 39.0377 36.8835 39.6263 1.17765
36.6404 167.77 33.3163 189.266 36.9227 191.706
37.8774 110.784 36.6404 167.77 36.9227 191.706
37.8774 110.784 36.9227 191.706 37.2651 242.645
37.9525 73.5635 37.8774 110.784 36.6404 167.77
36.6404 167.77 37.9525 73.5635 37.262 47.9697
37.9525 73.5635 39.2184 59.0426 37.262 47.9697
32.2324 203.629 30.7231 233.41 33.0145 258.142
36.9227 191.706 32.2324 203.629 33.0145 258.142
33.3163 189.266 36.9227 191.706 32.2324 203.629
32.601 151.759 33.3163 189.266 32.2324 203.629
33.7321 129.884 32.601 151.759 33.3163 189.266
32.601 151.759 33.7321 129.884 36.3077 9.15098
31.3218 166.309 32.2324 203.629 30.7231 233.41
30.7342 76.8872 31.3218 166.309 32.2324 203.629
32.2324 203.629 30.7342 76.8872 30.4839 36.9262
30.7342 76.8872 29.7062 69.3476 30.4839 36.9262
29.7235 108.325 29.1937 93.2224 30.7342 76.8872
28.9851 117.969 28.8017 177.087 29.2746 242.073
29.1937 93.2224 28.9851 117.969 29.2746 242.073
29.7062 69.3476 30.7342 76.8872 29.1937 93.2224
28.9851 117.969 29.1937 93.2224 29.4035 0.490259
29.1937 93.2224 29.7062 69.3476 29.4035 0.490259
28.7031 48.1931 28.9851 117.969 28.8017 177.087
28.9851 117.969 28.7031 48.1931 28.6756 19.8971
28.7031 48.1931 27.9522 56.4628 28.3262 100.196
27.9522 56.4628 28.7031 48.1931 28.6756 19.8971
27.1449 32.623 27.9522 56.4628 28.3262 100.196
27.9522 56.4628 27.1449 32.623 27.0838 10.2831
26.8926 212.656 26.7658 220.176 28.0846 250.97
27.1547 156.247 26.8926 212.656 26.7658 220.176
26.3387 142.513 27.1547 156.247 26.7658 220.176
27.1449 32.623 26.3387 142.513 27.1547 156.247
26.3387 142.513 27.1449 32.623 27.0838 10.2831
23.8415 208.002 26.7658 220.176 28.0846 250.97
26.7658 220.176 23.8415 208.002 23.444 162.73
22.0831 222.968 21.9102 246.418 23.6375 256.968
23.8415 208.002 22.0831 222.968 23.6375 256.968
22.0831 222.968 23.8415 208.002 23.444 162.73
20.0622 238.598 21.9102 246.418 23.6375 256.968
16.6463 202.511 16.095 232.764 20.0622 238.598
16.6463 202.511 20.0622 238.598 21.9102 246.418
16.48 191.327 16.6463 202.511 16.095 232.764
16.4332 182.576 16.48 191.327 16.6463 202.511
19.2092 137.374 16.4332 182.576 16.6463 202.511
18.6247 126.437 19.2092 137.374 16.4332 182.576
19.9842 117.355 18.6247 126.437 19.2092 137.374
12.8116 99.922 19.9842 117.355 18.6247 126.437
16.9497 98.1089 12.8116 99.922 19.9842 117.355
18.4871 73.4429 16.9497 98.1089 19.9842 117.355
16.9497 98.1089 18.4871 73.4429 18.0835 63.9761
18.0835 63.9761 18.4871 73.4429 20.2357 79.8351
18.2295 47.1985 18.0835 63.9761 20.2357 79.8351
17.6296 31.2889 18.2295 47.1985 20.2357 79.8351
13.6576 17.2691 17.6296 31.2889 18.2295 47.1985
17.6296 31.2889 13.6576 17.2691 16.3072 17.154
12.6425 39.4421 13.6576 17.2691 13.7716 13.8082
13.6576 17.2691 16.3072 17.154 13.7716 13.8082
12.3448 230.686 16.095 232.764 20.0622 238.598
11.854 207.888 12.3448 230.686 16.095 232.764
11.178 189.959 11.854 207.888 12.3448 230.686
9.60487 150.973 9.03732 183.991 11.178 189.959
8.67596 123.346 9.60487 150.973 11.178 189.959
8.67596 123.346 11.178 189.959 11.854 207.888
9.13913 90.8065 9.50744 109.725 8.67596 123.346
7.92222 79.7965 9.13913 90.8065 8.67596 123.346
6.86302 71.1342 7.92222 79.7965 8.67596 123.346
6.86302 71.1342 8.67596 123.346 9.60487 150.973
7.79586 59.6543 6.86302 71.1342 7.92222 79.7965
7.92222 79.7965 7.79586 59.6543 8.54122 27.1167
6.86302 71.1342 3.2668 76.1092 3.03346 88.8967
3.2668 76.1092 6.86302 71.1342 7.79586 59.6543
8.75846 236.685 10.2453 247.707 7.71229 259.044
10.4045 219.043 3.69693 223.344 8.75846 236.685
10.4045 219.043 8.75846 236.685 10.2453 247.707
11.178 189.959 9.71349 203.775 10.4045 219.043
11.178 189.959 10.4045 219.043 10.2453 247.707
9.03732 183.991 11.178 189.959 9.71349 203.775
6.67629 173.874 9.03732 183.991 9.71349 203.775
9.03732 183.991 6.67629 173.874 6.76141 156.902
6.67629 173.874 0.983048 248.241 0.212088 260.349
0.983048 248.241 6.67629 173.874 6.76141 156.902
-1.53348 241.4 0.983048 248.241 0.212088 260.349
-0.784205 229.684 -1.53348 241.4 0.983048 248.241
1.19477 209.978 -0.784205 229.684 0.983048 248.241
1.91919 191.685 1.19477 209.978 -0.784205 229.684
3.34606 172.165 1.91919 191.685 1.19477 209.978
3.11075 161.685 3.34606 172.165 1.91919 191.685
2.93254 148.784 3.11075 161.685 3.34606 172.165
3.34606 172.165 2.93254 148.784 3.60313 136.95
-1.51744 201.76 -0.784205 229.684 -1.53348 241.4
-1.53348 241.4 -1.51744 201.76 -3.3297 177.895
2.23365 42.7407 3.2668 76.1092 3.03346 88.8967
3.2668 76.1092 2.23365 42.7407 1.75227 -2.52154
2.23365 42.7407 1.08408 98.516 1.83159 121.509
1.08408 98.516 2.23365 42.7407 1.75227 -2.52154
-1.38002 62.1181 1.08408 98.516 1.83159 121.509
1.08408 98.516 -1.38002 62.1181 -1.04168 51.566
-1.04168 51.566 -1.38002 62.1181 -2.70693 73.716
-3.22033 27.9999 -1.04168 51.566 -2.70693 73.716
-3.22033 27.9999 -2.70693 73.716 -3.45365 132.895
-2.96858 19.2191 -3.22033 27.9999 -1.04168 51.566
-1.04168 51.566 -2.96858 19.2191 -2.50295 8.02236
-1.98965 111.06 -2.70693 73.716 -1.38002 62.1181
10.7652 53.2276 9.13913 90.8065 9.50744 109.725
9.13913 90.8065 10.7652 53.2276 11.4934 -2.36106
13.7677 138.523 16.4332 182.576 16.48 191.327
16.48 191.327 13.7677 138.523 11.7511 128.121
21.5865 168.165 22.0831 222.968 21.9102 246.418
21.8722 146.871 21.5865 168.165 22.0831 222.968
23.184 6.88968 22.783 110.62 21.8722 146.871
23.184 6.88968 21.8722 146.871 21.5865 168.165
22.783 110.62 23.184 6.88968 23.3402 -0.407987
21.8227 40.6802 23.184 6.88968 23.3402 -0.407987
21.8722 146.871 22.783 110.62 23.724 86.9739
37.3074 32.509 39.0377 36.8835 37.262 47.9697
39.0377 36.8835 37.3074 32.509 38.2066 23.4624
40.6338 133.434 40.2466 122.577 41.2658 92.7905
47.1516 32.9702 50.118 49.7297 50.2186 61.4462
49.6093 20.7706 47.1516 32.9702 50.118 49.7297
50.118 49.7297 49.6093 20.7706 51.1823 13.2016
60.1787 100.209 59.7839 147.771 58.3247 201.395
59.7839 147.771 60.1787 100.209 60.8618 18.5156
58.6241 113.616 60.1787 100.209 60.8618 18.5156
63.0383 91.871 67.4794 87.8416 63.7096 70.6044
76.7622 92.4687 71.287 99.3746 68.558 109.197
71.287 99.3746 76.7622 92.4687 78.2829 70.4592
78.2829 70.4592 76.7622 92.4687 80.2969 101.16
78.1805 63.5075 73.3429 66.5418 78.2829 70.4592
78.1805 63.5075 78.2829 70.4592 80.2969 101.16
71.4406 62.7027 78.1805 63.5075 73.3429 66.5418
62.7427 48.2078 71.4406 62.7027 73.3429 66.5418
70.3355 43.7211 62.7427 48.2078 71.4406 62.7027
70.4552 31.7845 70.3355 43.7211 71.4406 62.7027
71.4313 8.39702 78.8294 8.57064 73.7106 16.3255
71.4313 8.39702 73.7106 16.3255 70.4552 31.7845
70.3355 43.7211 70.4552 31.7845 66.4209 -0.262518
70.4552 31.7845 71.4313 8.39702 66.4209 -0.262518
79.7201 18.0803 76.162 29.2883 72.5721 46.236
73.7106 16.3255 79.7201 18.0803 76.162 29.2883
79.7201 18.0803 73.7106 16.3255 78.8294 8.57064
78.8294 8.57064 71.4313 8.39702 77.2059 -0.260073
81.3351 206.089 80.7341 229.171 81.8891 249.446
80.7341 229.171 81.3351 206.089 81.2641 190.336
81.3351 206.089 81.8959 202.065 81.2641 190.336
88.3269 200.473 81.8959 202.065 81.3351 206.089
87.858 192.319 88.3269 200.473 81.8959 202.065
87.3045 177.39 87.858 192.319 88.3269 200.473
86.1053 170.406 87.3045 177.39 87.858 192.319
87.858 192.319 86.1053 170.406 81.656 149.221
90.356 161.511 86.1053 170.406 87.3045 177.39
88.9236 146.947 90.356 161.511 86.1053 170.406
88.6165 130.102 88.9236 146.947 86.1053 170.406
87.9259 79.1682 87.8558 116.096 88.6165 130.102
87.9259 79.1682 88.6165 130.102 88.9236 146.947
87.7535 42.7199 87.9259 79.1682 88.9236 146.947
87.9259 79.1682 87.7535 42.7199 87.4506 10.5918
87.7535 42.7199 88.7873 19.8545 87.4506 10.5918
96.378 178.293 90.356 161.511 88.9236 146.947
90.4441 87.8226 96.1646 97.5999 91.7242 102.244
90.4441 87.8226 91.7242 102.244 91.5828 139.185
89.1879 62.19 90.4297 69.3708 90.4441 87.8226
89.1879 62.19 90.4441 87.8226 91.5828 139.185
92.9359 50.1618 89.1879 62.19 90.4297 69.3708
89.0247 32.0817 92.9359 50.1618 89.1879 62.19
88.7873 19.8545 89.0247 32.0817 89.1879 62.19
89.0247 32.0817 88.7873 19.8545 89.2472 -2.74869
88.7873 19.8545 87.4506 10.5918 89.2472 -2.74869
86.3804 108.674 87.8558 116.096 88.6165 130.102
87.8558 116.096 86.3804 108.674 83.8125 77.955
83.8183 112.896 83.3693 123.042 83.4368 142.532
83.3693 123.042 83.8183 112.896 83.8125 77.955
83.8183 112.896 86.3804 108.674 83.8125 77.955
80.8563 46.6466 83.3693 123.042 83.4368 142.532
83.3693 123.042 80.8563 46.6466 81.0283 39.9586
96.1646 97.5999 90.4441 87.8226 96.437 79.7233
101.514 93.8918 101.727 70.7466 97.9918 62.9432
