40.7953 14.7169 42.6285 15.9045 41.5939 15.9367
39.869 14.5963 40.7953 14.7169 41.5939 15.9367
39.0323 14.2688 39.869 14.5963 40.7953 14.7169
39.5819 13.1315 37.7969 13.9771 39.0323 14.2688
39.5819 13.1315 39.0323 14.2688 40.7953 14.7169
37.2984 10.7866 39.5819 13.1315 37.7969 13.9771
39.5923 7.87228 37.2984 10.7866 39.5819 13.1315
41.2524 5.53236 43.1653 7.57334 39.5923 7.87228
41.2524 5.53236 39.5923 7.87228 37.2984 10.7866
42.1914 3.79647 43.5857 4.56938 41.2524 5.53236
42.1914 3.79647 41.2524 5.53236 37.2984 10.7866
46.3412 2.63707 42.1914 3.79647 43.5857 4.56938
48.633 2.03881 46.3412 2.63707 43.5857 4.56938
40.5426 1.23973 48.633 2.03881 46.3412 2.63707
48.633 2.03881 40.5426 1.23973 37.7399 0.745268
39.6445 1.45565 40.5426 1.23973 37.7399 0.745268
39.6708 16.3391 37.6705 18.2338 37.4816 19.166
39.869 14.5963 39.6708 16.3391 37.6705 18.2338
37.6705 18.2338 39.869 14.5963 39.0323 14.2688
44.4841 36.596 43.5693 39.2701 47.2446 40.1101
44.2534 36.1232 44.4841 36.596 43.5693 39.2701
44.5922 31.5108 44.2534 36.1232 44.4841 36.596
43.4311 24.3411 44.5922 31.5108 44.2534 36.1232
42.6285 15.9045 46.5706 18.3367 43.7084 19.5913
42.6285 15.9045 43.7084 19.5913 43.4311 24.3411
42.6285 15.9045 43.4311 24.3411 44.2534 36.1232
46.5706 18.3367 42.6285 15.9045 40.7953 14.7169
47.8854 21.9166 48.7457 22.1003 49.1143 23.9061
43.7084 19.5913 47.8854 21.9166 48.7457 22.1003
48.7457 22.1003 43.7084 19.5913 46.5706 18.3367
50.5113 1.95986 43.5857 4.56938 41.2524 5.53236
43.5857 4.56938 50.5113 1.95986 50.6647 1.18974
51.0542 44.8112 51.6961 45.1449 51.1123 65.2203
50.2676 42.5322 51.0542 44.8112 51.6961 45.1449
50.3252 28.3194 50.2676 42.5322 51.6961 45.1449
50.3832 6.16476 50.3252 28.3194 50.2676 42.5322
50.5113 1.95986 50.3832 6.16476 50.3252 28.3194
50.3252 28.3194 50.5113 1.95986 50.6647 1.18974
49.9204 15.1814 49.784 40.765 49.8515 47.5836
50.3832 6.16476 49.9204 15.1814 49.8515 47.5836
49.9204 15.1814 50.3832 6.16476 50.5113 1.95986
51.5672 74.7479 51.1387 83.9583 51.3405 88.2624
51.1123 65.2203 51.8271 72.3012 51.5672 74.7479
51.1123 65.2203 51.5672 74.7479 51.1387 83.9583
51.6961 45.1449 51.1123 65.2203 51.8271 72.3012
51.7035 35.1955 51.6961 45.1449 51.8271 72.3012
51.8065 32.1916 51.7035 35.1955 51.8271 72.3012
52.0169 22.5086 51.9663 31.9888 51.8065 32.1916
52.0169 22.5086 51.8065 32.1916 51.7035 35.1955
52.4957 15.7243 52.0169 22.5086 51.9663 31.9888
53.6175 13.3953 53.5254 13.7085 52.4957 15.7243
52.4149 12.719 53.6175 13.3953 52.4957 15.7243
52.4149 12.719 52.4957 15.7243 52.0169 22.5086
52.0169 22.5086 52.4149 12.719 52.4794 8.65239
52.357 98.4765 51.5672 74.7479 51.8271 72.3012
52.7847 52.7834 53.2232 74.4657 52.4824 87.4755
53.5138 19.0601 52.7847 52.7834 53.2232 74.4657
53.5254 13.7085 54.4233 18.1712 53.5138 19.0601
53.5254 13.7085 53.5138 19.0601 52.7847 52.7834
54.4233 18.1712 53.5254 13.7085 53.6175 13.3953
53.9723 24.7757 54.4879 29.7223 55.019 50.4348
53.5138 19.0601 53.9723 24.7757 54.4879 29.7223
54.4879 29.7223 53.5138 19.0601 54.4233 18.1712
53.6175 13.3953 52.4149 12.719 53.2588 8.57941
55.1578 53.1953 54.9448 81.3705 54.9202 94.8323
55.019 50.4348 55.1921 52.0444 55.1578 53.1953
55.019 50.4348 55.1578 53.1953 54.9448 81.3705
54.4879 29.7223 55.019 50.4348 55.1921 52.0444
54.6359 26.7323 54.4879 29.7223 55.1921 52.0444
54.4879 29.7223 54.6359 26.7323 55.0754 3.72524
55.5754 47.1914 55.1921 52.0444 55.1578 53.1953
55.1921 52.0444 55.5754 47.1914 55.6898 45.0797
55.4064 85.919 55.5257 89.1674 55.4216 92.4952
55.5754 47.1914 55.4064 85.919 55.5257 89.1674
55.5257 89.1674 55.5754 47.1914 55.6898 45.0797
56.3567 83.3743 55.5257 89.1674 55.4216 92.4952
56.9189 74.9188 57.7844 78.633 56.3567 83.3743
56.9189 74.9188 56.3567 83.3743 55.5257 89.1674
57.3361 74.7394 56.9189 74.9188 57.7844 78.633
55.752 70.6704 57.3361 74.7394 56.9189 74.9188
55.7835 64.5537 55.752 70.6704 57.3361 74.7394
55.752 70.6704 55.7835 64.5537 55.7577 48.8352
55.7835 64.5537 56.344 52.414 55.7577 48.8352
56.4339 88.129 56.2085 96.7691 55.9165 97.3375
56.3567 83.3743 56.4339 88.129 55.9165 97.3375
56.4339 88.129 56.3567 83.3743 57.7844 78.633
55.7577 48.8352 56.344 52.414 57.4613 59.1581
57.4613 59.1581 55.7577 48.8352 57.4356 48.1535
57.9596 93.6627 56.2085 96.7691 55.9165 97.3375
59.0024 93.5389 57.9596 93.6627 55.9165 97.3375
59.9311 86.6408 59.0024 93.5389 57.9596 93.6627
58.3108 84.2092 59.9311 86.6408 57.9596 93.6627
57.9596 93.6627 58.3108 84.2092 57.9671 74.5099
59.9729 75.0504 58.3108 84.2092 59.9311 86.6408
60.6647 67.3079 61.7602 72.3507 59.9729 75.0504
60.6647 67.3079 59.9729 75.0504 58.3108 84.2092
61.4703 66.0572 60.6647 67.3079 61.7602 72.3507
61.7602 72.3507 61.4703 66.0572 61.9443 53.3887
60.7278 64.7537 61.4703 66.0572 60.6647 67.3079
59.2779 48.2549 60.7278 64.7537 60.6647 67.3079
59.0783 45.6618 59.2779 48.2549 60.7278 64.7537
58.3376 43.9449 59.0783 45.6618 59.2779 48.2549
55.7552 38.9559 58.3376 43.9449 59.2779 48.2549
56.4215 36.4938 55.7552 38.9559 58.3376 43.9449
56.5649 33.0147 56.4215 36.4938 55.7552 38.9559
56.5675 31.3014 56.5649 33.0147 55.7552 38.9559
57.6559 16.8962 56.5675 31.3014 56.5649 33.0147
57.648 8.90004 57.6559 16.8962 56.5675 31.3014
57.6718 8.05647 57.648 8.90004 57.6559 16.8962
56.6257 6.8491 57.6718 8.05647 57.648 8.90004
57.6718 8.05647 56.6257 6.8491 57.4025 3.83224
55.9899 9.10803 56.7823 12.5907 56.3139 16.3506
56.6257 6.8491 55.9899 9.10803 56.7823 12.5907
55.9899 9.10803 56.6257 6.8491 57.4025 3.83224
61.7542 39.3543 58.3376 43.9449 59.0783 45.6618
60.3113 37.8497 61.7542 39.3543 58.3376 43.9449
61.9881 33.4226 60.3113 37.8497 61.7542 39.3543
62.353 28.3409 61.9881 33.4226 61.7542 39.3543
61.6448 27.2732 62.353 28.3409 61.9881 33.4226
60.7503 18.4001 61.6448 27.2732 61.9881 33.4226
60.2684 12.5816 59.0012 13.7613 60.7503 18.4001
60.2684 12.5816 60.7503 18.4001 61.6448 27.2732
60.9778 8.16078 60.2684 12.5816 59.0012 13.7613
61.3575 7.4963 60.9778 8.16078 60.2684 12.5816
60.9778 8.16078 61.3575 7.4963 60.6137 4.6112
58.9422 18.7911 60.7503 18.4001 59.0012 13.7613
62.6538 71.5475 61.7602 72.3507 59.9729 75.0504
61.7602 72.3507 62.6538 71.5475 63.7211 70.0851
64.1821 84.6937 65.6149 88.7346 68.6762 94.9046
64.5398 82.8009 64.1821 84.6937 68.6762 94.9046
63.3915 77.2734 64.5398 82.8009 64.1821 84.6937
64.584 75.9685 67.1037 76.1453 63.3915 77.2734
62.6538 71.5475 64.584 75.9685 63.3915 77.2734
62.6538 71.5475 63.3915 77.2734 64.1821 84.6937
64.584 75.9685 62.6538 71.5475 63.7211 70.0851
63.7041 99.0479 64.2742 90.5836 64.1821 84.6937
64.2742 90.5836 65.6149 88.7346 64.1821 84.6937
67.1037 76.1453 63.3915 77.2734 67.26 79.8223
68.591 70.012 67.1037 76.1453 67.26 79.8223
67.1037 76.1453 68.591 70.012 69.8075 63.501
68.591 70.012 69.6844 67.3122 69.8075 63.501
70.639 71.3812 70.9608 80.2094 70.6615 81.0674
69.6844 67.3122 70.639 71.3812 70.6615 81.0674
70.639 71.3812 69.6844 67.3122 69.8075 63.501
70.9608 80.2094 70.6615 81.0674 69.9304 98.5756
72.3334 78.6024 70.9608 80.2094 69.9304 98.5756
73.1852 74.0141 72.3334 78.6024 69.9304 98.5756
72.3334 78.6024 73.1852 74.0141 73.6343 66.9753
73.6382 86.73 73.5317 89.9822 72.6663 96.0524
73.1852 74.0141 73.6382 86.73 72.6663 96.0524
73.6343 66.9753 73.1852 74.0141 73.6382 86.73
73.8659 54.2383 73.6343 66.9753 73.6382 86.73
73.6382 86.73 73.8659 54.2383 74.155 51.7782
74.155 51.7782 73.8659 54.2383 72.9247 57.5695
73.3363 50.9168 74.155 51.7782 72.9247 57.5695
73.059 47.1922 72.6501 50.5988 73.3363 50.9168
73.059 47.1922 73.3363 50.9168 74.155 51.7782
70.7661 44.5938 73.059 47.1922 72.6501 50.5988
74.2875 42.8208 70.7661 44.5938 73.059 47.1922
72.1753 42.2056 74.2875 42.8208 70.7661 44.5938
70.9392 41.4608 72.1753 42.2056 70.7661 44.5938
70.2532 40.4309 70.9392 41.4608 70.7661 44.5938
69.3159 38.701 70.2532 40.4309 70.9392 41.4608
70.9392 41.4608 69.3159 38.701 69.1637 36.9153
66.0689 40.7478 63.1762 41.3441 67.6105 42.8231
69.3159 38.701 66.0689 40.7478 67.6105 42.8231
66.0689 40.7478 69.3159 38.701 69.1637 36.9153
63.2344 56.4119 70.7265 60.3598 64.1797 60.5965
62.7852 55.5717 63.2344 56.4119 64.1797 60.5965
65.6199 53.548 62.7852 55.5717 63.2344 56.4119
70.259 52.2559 65.6199 53.548 63.2344 56.4119
73.3363 50.9168 70.259 52.2559 63.2344 56.4119
70.259 52.2559 73.3363 50.9168 72.6501 50.5988
62.7852 55.5717 65.6199 53.548 67.4654 51.5139
63.228 37.4328 66.0689 40.7478 63.1762 41.3441
64.2889 32.6449 64.1176 36.3675 63.228 37.4328
63.1652 32.5191 64.2889 32.6449 63.228 37.4328
63.1652 32.5191 63.228 37.4328 63.1762 41.3441
64.0148 31.6108 63.1652 32.5191 64.2889 32.6449
64.0697 29.2662 64.0148 31.6108 64.2889 32.6449
64.5612 28.0844 64.0697 29.2662 64.2889 32.6449
65.229 22.4029 64.5612 28.0844 64.0697 29.2662
65.8273 20.2698 65.229 22.4029 64.5612 28.0844
65.229 22.4029 65.8273 20.2698 65.8602 20.1381
67.5467 22.7556 67.3075 21.6588 65.8273 20.2698
67.3075 21.6588 67.6063 21.3571 65.8273 20.2698
68.6026 27.4716 70.4985 28.4697 69.516 35.609
67.6063 21.3571 69.4092 21.4555 68.9261 23.0533
67.6063 21.3571 68.9261 23.0533 68.6026 27.4716
67.6063 21.3571 68.6026 27.4716 69.516 35.609
65.8273 20.2698 67.6063 21.3571 69.4092 21.4555
69.4092 21.4555 65.8273 20.2698 65.8602 20.1381
71.3097 28.6101 73.2713 29.3402 72.1551 32.121
70.4985 28.4697 71.3097 28.6101 72.1551 32.121
71.3097 28.6101 70.4985 28.4697 68.6026 27.4716
62.445 26.9873 64.0697 29.2662 64.0148 31.6108
64.0697 29.2662 62.445 26.9873 62.9456 20.3744
72.046 25.8936 71.3097 28.6101 73.2713 29.3402
72.5446 19.8506 72.046 25.8936 71.3097 28.6101
72.1452 17.2913 71.8703 18.1139 72.5446 19.8506
72.046 25.8936 72.5446 19.8506 73.2062 12.7457
72.5446 19.8506 72.1452 17.2913 73.2062 12.7457
71.2772 12.5687 72.1452 17.2913 71.8703 18.1139
72.0266 10.9361 70.7284 12.21 71.2772 12.5687
72.0266 10.9361 71.2772 12.5687 72.1452 17.2913
70.1683 9.36152 72.0266 10.9361 70.7284 12.21
67.1235 5.68168 67.3561 8.17124 70.1683 9.36152
67.1235 5.68168 70.1683 9.36152 72.0266 10.9361
65.7558 5.31375 67.1235 5.68168 67.3561 8.17124
64.2253 3.23762 69.768 3.48547 67.092 3.77982
64.2253 3.23762 67.092 3.77982 65.7558 5.31375
64.2253 3.23762 65.7558 5.31375 67.3561 8.17124
67.3222 2.47629 64.2253 3.23762 69.768 3.48547
73.7986 0.845002 67.3222 2.47629 64.2253 3.23762
64.2253 3.23762 73.7986 0.845002 72.7349 0.758038
73.6993 6.64706 67.1235 5.68168 65.7558 5.31375
74.3766 4.21067 67.092 3.77982 69.768 3.48547
64.7149 9.46425 70.1683 9.36152 67.3561 8.17124
67.9097 10.9659 69.2944 10.9721 70.7284 12.21
67.9097 10.9659 70.7284 12.21 71.2772 12.5687
69.2944 10.9721 67.9097 10.9659 64.4035 10.5591
64.4988 12.7212 65.4943 17.7864 64.2675 18.6682
64.2675 18.6682 64.4988 12.7212 64.4035 10.5591
64.4988 12.7212 67.9097 10.9659 64.4035 10.5591
73.8692 28.8267 73.2713 29.3402 72.1551 32.121
74.7946 24.8601 73.8692 28.8267 73.2713 29.3402
73.2713 29.3402 74.7946 24.8601 74.8533 23.3747
81.3628 46.6411 81.806 46.6647 80.7708 49.0335
77.681 44.5455 81.3628 46.6411 80.7708 49.0335
78.7155 43.8269 77.681 44.5455 81.3628 46.6411
77.1966 37.4151 78.7155 43.8269 77.681 44.5455
77.5377 36.8629 77.1966 37.4151 78.7155 43.8269
77.4551 36.1571 77.5377 36.8629 77.1966 37.4151
77.9542 34.2804 77.4551 36.1571 77.5377 36.8629
79.4561 32.6955 77.9542 34.2804 77.5377 36.8629
79.3795 31.3094 85.0985 32.0882 79.4561 32.6955
79.3795 31.3094 79.4561 32.6955 77.9542 34.2804
78.4653 30.5575 76.0004 31.1391 79.3795 31.3094
78.4653 30.5575 79.3795 31.3094 85.0985 32.0882
80.501 29.4256 81.8475 30.2475 78.4653 30.5575
80.501 29.4256 78.4653 30.5575 76.0004 31.1391
80.2248 27.3081 80.501 29.4256 81.8475 30.2475
78.5124 26.1496 80.2248 27.3081 80.501 29.4256
75.6271 25.0971 85.0052 26.0813 78.5124 26.1496
75.6271 25.0971 78.5124 26.1496 80.501 29.4256
77.0858 24.8759 75.6271 25.0971 85.0052 26.0813
74.7946 24.8601 77.0858 24.8759 75.6271 25.0971
74.8533 23.3747 74.7946 24.8601 77.0858 24.8759
77.7319 21.793 74.8533 23.3747 77.0858 24.8759
76.2665 21.2496 77.7319 21.793 74.8533 23.3747
76.0027 19.5906 76.2665 21.2496 74.8533 23.3747
77.3697 10.0689 76.0027 19.5906 74.8533 23.3747
74.8533 23.3747 77.3697 10.0689 77.6142 8.3824
82.2682 32.9698 79.4561 32.6955 85.0985 32.0882
77.6142 8.3824 77.3697 10.0689 78.243 11.0114
78.2521 7.11852 74.7968 7.43714 77.6142 8.3824
78.2521 7.11852 77.6142 8.3824 78.243 11.0114
74.7968 7.43714 78.2521 7.11852 76.9458 6.58271
78.2521 7.11852 81.5816 7.29326 85.7212 8.14142
76.9458 6.58271 78.2521 7.11852 81.5816 7.29326
81.5816 7.29326 76.9458 6.58271 77.1961 4.04126
82.932 4.04315 81.5816 7.29326 85.7212 8.14142
81.5816 7.29326 82.932 4.04315 83.7074 0.0905051
82.932 4.04315 84.7141 1.38806 83.7074 0.0905051
84.7141 1.38806 85.6964 0.215582 83.7074 0.0905051
76.2665 21.2496 77.7319 21.793 80.9981 22.0876
80.8227 20.3577 76.2665 21.2496 80.9981 22.0876
80.0217 14.2993 79.8164 17.4554 80.8227 20.3577
80.4399 14.1575 80.0217 14.2993 80.8227 20.3577
80.4399 14.1575 80.8227 20.3577 80.9981 22.0876
77.9083 13.4471 80.4399 14.1575 80.0217 14.2993
81.611 13.3081 77.9083 13.4471 80.4399 14.1575
80.5234 12.3226 81.611 13.3081 77.9083 13.4471
81.611 13.3081 80.5234 12.3226 83.1322 12.0317
81.3628 46.6411 83.3008 43.1673 82.2264 37.2892
83.3008 43.1673 81.3628 46.6411 81.806 46.6647
83.8734 42.758 83.3008 43.1673 81.806 46.6647
84.6228 35.8741 83.8734 42.758 83.3008 43.1673
86.1368 27.2579 84.6228 35.8741 83.3008 43.1673
86.1708 26.5868 86.1368 27.2579 83.3008 43.1673
88.5492 17.2778 86.1708 26.5868 86.1368 27.2579
86.1708 26.5868 88.5492 17.2778 88.3275 10.0933
88.5492 17.2778 90.1929 21.8968 91.2055 27.6327
90.1929 21.8968 88.5492 17.2778 88.3275 10.0933
90.1929 21.8968 92.3742 20.9027 90.0922 11.5453
92.3742 20.9027 90.1929 21.8968 91.2055 27.6327
93.3593 19.7195 92.3742 20.9027 91.2055 27.6327
94.2912 18.0251 93.3593 19.7195 92.3742 20.9027
92.3742 20.9027 94.2912 18.0251 93.8221 12.8689
92.0781 83.2887 92.121 83.7539 94.7197 86.0802
94.057 83.2653 92.0781 83.2887 94.7197 86.0802
95.156 82.713 94.057 83.2653 94.7197 86.0802
95.2234 80.6349 95.156 82.713 94.057 83.2653
93.3774 73.237 95.2234 80.6349 94.057 83.2653
92.5424 71.5749 93.3774 73.237 94.057 83.2653
94.606 71.5059 92.5424 71.5749 93.3774 73.237
93.977 71.3021 94.606 71.5059 92.5424 71.5749
91.011 67.3984 93.977 71.3021 92.5424 71.5749
92.949 65.552 91.011 67.3984 93.977 71.3021
92.6495 59.3847 92.949 65.552 93.977 71.3021
92.143 54.343 92.6495 59.3847 92.949 65.552
93.5462 52.0854 91.4115 52.3903 92.143 54.343
93.5462 52.0854 92.143 54.343 92.6495 59.3847
93.3606 50.9582 93.5462 52.0854 91.4115 52.3903
92.2464 50.3665 93.3606 50.9582 91.4115 52.3903
95.1333 49.2171 92.2464 50.3665 93.3606 50.9582
93.9185 49.1254 95.1333 49.2171 92.2464 50.3665
93.2494 48.839 93.9185 49.1254 95.1333 49.2171
98.3413 47.171 93.2494 48.839 95.1333 49.2171
98.1114 47.085 98.3413 47.171 93.2494 48.839
93.1423 46.6914 98.1114 47.085 93.2494 48.839
93.146 46.6801 93.1423 46.6914 98.1114 47.085
96.8921 44.6465 93.146 46.6801 98.1114 47.085
95.7894 38.4241 96.8921 44.6465 98.1114 47.085
93.9708 37.8587 91.6334 38.381 95.7894 38.4241
95.8202 32.9482 93.9708 37.8587 95.7894 38.4241
95.8202 32.9482 95.7894 38.4241 98.1114 47.085
96.1527 31.8139 95.8202 32.9482 98.1114 47.085
96.6502 30.046 96.1527 31.8139 95.8202 32.9482
94.4208 26.1705 96.6502 30.046 95.8202 32.9482
94.7511 25.8668 94.4208 26.1705 96.6502 30.046
94.5698 22.3988 94.7511 25.8668 94.4208 26.1705
94.2912 18.0251 94.5698 22.3988 94.4208 26.1705
94.298 9.13066 93.8221 12.8689 94.2912 18.0251
94.298 9.13066 94.2912 18.0251 94.5698 22.3988
93.8221 12.8689 94.298 9.13066 93.626 4.31051
89.8409 57.38 92.143 54.343 91.4115 52.3903
96.5567 59.5841 97.7753 61.0207 97.2495 62.5614
94.6161 54.9374 96.5567 59.5841 97.7753 61.0207
94.6054 52.9356 94.6161 54.9374 97.7753 61.0207
93.5462 52.0854 94.6054 52.9356 94.6161 54.9374
94.6054 52.9356 93.5462 52.0854 93.3606 50.9582
99.6313 36.875 97.757 33.19 96.6502 30.046
97.757 33.19 96.1527 31.8139 96.6502 30.046
96.301 4.18324 94.5698 22.3988 94.7511 25.8668
94.5698 22.3988 96.301 4.18324 95.9773 2.28441
97.0915 11.1045 98.2683 23.5115 98.9604 25.2763
96.301 4.18324 97.0915 11.1045 98.2683 23.5115
97.0915 11.1045 96.301 4.18324 96.3583 0.115153
96.301 4.18324 95.9773 2.28441 96.3583 0.115153
99.9141 21.6707 98.9604 25.2763 98.7034 29.9571
98.9604 25.2763 99.9141 21.6707 99.9552 9.08114
98.2683 23.5115 98.9604 25.2763 98.7034 29.9571
98.7034 29.9571 98.2683 23.5115 97.7052 21.5846
99.4312 41.3156 98.1114 47.085 98.3413 47.171
98.1114 47.085 99.4312 41.3156 99.618 38.5576
98.0128 64.0292 97.4942 66.265 96.4831 68.2788
97.2495 62.5614 98.0128 64.0292 96.4831 68.2788
97.7753 61.0207 97.2495 62.5614 98.0128 64.0292
98.0216 57.6449 97.7753 61.0207 98.0128 64.0292
98.4517 54.9206 98.0216 57.6449 98.0128 64.0292
98.0216 57.6449 98.4517 54.9206 99.0217 51.2793
98.4517 54.9206 98.9898 51.6347 99.0217 51.2793
99.6498 56.5994 98.9898 51.6347 99.0217 51.2793
95.156 82.713 97.6269 85.1109 95.9811 95.5812
95.2234 80.6349 95.156 82.713 97.6269 85.1109
97.6269 85.1109 95.2234 80.6349 96.7773 77.7404
99.0598 80.0324 97.6269 85.1109 95.9811 95.5812
97.6269 85.1109 99.0598 80.0324 99.9296 73.5349
91.1215 86.3575 91.4173 93.1472 90.1249 96.8875
92.121 83.7539 91.1215 86.3575 91.4173 93.1472
92.0781 83.2887 92.121 83.7539 91.1215 86.3575
90.6772 80.8233 92.0781 83.2887 91.1215 86.3575
92.0781 83.2887 90.6772 80.8233 87.7093 74.8838
87.1 90.9791 86.6566 91.2109 86.873 96.4191
88.9363 81.5771 87.1 90.9791 86.873 96.4191
89.4887 80.9509 88.9363 81.5771 86.873 96.4191
88.9363 81.5771 89.4887 80.9509 87.7093 74.8838
89.4887 80.9509 90.6772 80.8233 87.7093 74.8838
86.5203 84.3988 87.1 90.9791 86.6566 91.2109
87.1 90.9791 86.5203 84.3988 86.4731 80.4312
86.5203 84.3988 85.3096 81.8647 86.4731 80.4312
86.5203 84.3988 86.3589 91.0879 85.9992 96.4476
85.9992 96.4476 86.5203 84.3988 85.3096 81.8647
82.0054 91.6408 81.5353 95.3101 81.8932 98.6637
83.8047 86.3907 82.0054 91.6408 81.8932 98.6637
85.3096 81.8647 83.8047 86.3907 82.0054 91.6408
82.0054 91.6408 85.3096 81.8647 85.6917 79.6206
85.3096 81.8647 86.4731 80.4312 85.6917 79.6206
80.2268 93.6891 81.5353 95.3101 81.8932 98.6637
79.4136 90.4507 80.2268 93.6891 81.5353 95.3101
75.3157 78.1946 79.4136 90.4507 80.2268 93.6891
75.3127 78.0283 75.3157 78.1946 79.4136 90.4507
77.2571 77.5587 78.3348 77.7827 75.3127 78.0283
75.0673 76.1692 77.2571 77.5587 75.3127 78.0283
75.0673 76.1692 75.3127 78.0283 75.3157 78.1946
75.2029 70.5102 75.0673 76.1692 77.2571 77.5587
77.2571 77.5587 75.2029 70.5102 75.9801 68.8675
77.2571 77.5587 78.5081 76.6606 77.3913 73.9297
78.5081 76.6606 77.2571 77.5587 78.3348 77.7827
80.3028 75.6679 78.5081 76.6606 78.3348 77.7827
82.1285 67.682 80.3028 75.6679 78.5081 76.6606
83.1162 64.6717 82.1285 67.682 78.5081 76.6606
82.9609 64.6556 83.1162 64.6717 78.5081 76.6606
83.2113 63.8052 82.9609 64.6556 83.1162 64.6717
84.0059 62.8388 83.2113 63.8052 83.1162 64.6717
83.8354 60.2037 84.0059 62.8388 83.2113 63.8052
83.8054 58.2213 83.8354 60.2037 84.0059 62.8388
83.5916 56.6006 83.8054 58.2213 83.8354 60.2037
83.8054 58.2213 83.5916 56.6006 83.3988 51.2204
82.1285 67.682 84.786 68.4674 84.5088 72.1199
84.786 68.4674 82.1285 67.682 83.1162 64.6717
81.6287 58.1463 83.2113 63.8052 82.9609 64.6556
81.1778 57.1106 81.6287 58.1463 82.9609 64.6556
80.5502 53.4742 81.1778 57.1106 81.6287 58.1463
81.6287 58.1463 80.5502 53.4742 80.3945 50.4642
80.5502 53.4742 79.8067 60.4636 80.2676 63.5336
79.8067 60.4636 80.5502 53.4742 80.3945 50.4642
78.9775 59.5523 79.8067 60.4636 80.2676 63.5336
79.8067 60.4636 78.9775 59.5523 79.18 58.4465
78.9775 59.5523 77.6264 62.0662 79.0876 63.5387
77.6264 62.0662 78.9775 59.5523 79.18 58.4465
75.0065 60.9863 77.6264 62.0662 79.0876 63.5387
76.4191 60.1508 75.0065 60.9863 77.6264 62.0662
75.784 59.6483 76.4191 60.1508 75.0065 60.9863
75.681 57.2583 75.784 59.6483 75.0065 60.9863
75.0163 52.0638 74.8815 52.9878 75.681 57.2583
75.784 59.6483 75.681 57.2583 75.5257 51.8058
75.681 57.2583 75.0163 52.0638 75.5257 51.8058
82.0256 56.4622 81.6287 58.1463 83.2113 63.8052
83.2113 63.8052 82.0256 56.4622 82.4553 52.9683
92.949 65.552 91.011 67.3984 86.8581 68.6536
88.0409 64.4261 92.949 65.552 86.8581 68.6536
92.949 65.552 88.0409 64.4261 89.4286 63.356
93.9185 49.1254 93.2494 48.839 86.7983 48.0149
93.1423 46.6914 93.146 46.6801 85.7577 42.0352
89.5726 37.4377 93.9708 37.8587 91.6334 38.381
88.601 37.2593 89.5726 37.4377 91.6334 38.381
89.5726 37.4377 88.601 37.2593 89.0608 33.1631
93.3715 36.7686 89.5726 37.4377 93.9708 37.8587
93.9708 37.8587 93.3715 36.7686 92.9701 30.3761
72.1753 42.2056 70.9392 41.4608 71.4771 37.3191
74.2875 42.8208 72.1753 42.2056 73.8206 39.3384
53.629 67.418 53.2232 74.4657 52.4824 87.4755
53.2232 74.4657 53.629 67.418 54.4206 41.0279
53.4748 90.5289 53.629 67.418 54.4206 41.0279
49.714 49.9748 49.3616 88.7757 49.5927 91.2314
49.8515 47.5836 49.714 49.9748 49.5927 91.2314
49.784 40.765 49.8515 47.5836 49.714 49.9748
49.714 49.9748 49.784 40.765 49.6443 35.93
43.974 40.8863 45.6097 44.971 43.6054 47.4651
43.5693 39.2701 47.2446 40.1101 43.974 40.8863
43.5693 39.2701 43.974 40.8863 43.6054 47.4651
43.0143 37.2586 43.5693 39.2701 43.6054 47.4651
41.6506 30.4999 43.0143 37.2586 43.5693 39.2701
41.2737 28.1437 41.6506 30.4999 43.5693 39.2701
38.4502 24.9928 41.2737 28.1437 41.6506 30.4999
41.2737 28.1437 38.4502 24.9928 38.2193 24.6925
46.7878 69.7051 47.9323 93.6531 48.0541 97.6798
46.8938 69.0275 46.7878 69.7051 47.9323 93.6531
46.8825 61.9002 46.8938 69.0275 46.7878 69.7051
46.0304 59.667 45.8105 59.9916 46.8825 61.9002
47.3313 57.6864 46.0304 59.667 46.8825 61.9002
47.3313 57.6864 46.8825 61.9002 46.8938 69.0275
47.763 47.344 47.3962 48.1371 47.3313 57.6864
47.763 47.344 47.3313 57.6864 46.8938 69.0275
48.0056 45.6756 47.763 47.344 47.3962 48.1371
45.6097 44.971 48.0056 45.6756 47.3962 48.1371
48.0056 45.6756 45.6097 44.971 43.974 40.8863
39.0645 37.3969 37.6252 41.0065 37.1684 42.4336
38.7787 34.237 39.0645 37.3969 37.6252 41.0065
38.4502 24.9928 37.4252 28.7152 38.7787 34.237
38.4502 24.9928 38.7787 34.237 39.0645 37.3969
37.4252 28.7152 38.4502 24.9928 38.2193 24.6925
43.0143 37.2586 42.4625 38.1805 42.6444 41.8476
42.4625 38.1805 43.0143 37.2586 41.6506 30.4999
48.2894 65.3563 47.9323 93.6531 48.0541 97.6798
48.9724 56.0898 48.2894 65.3563 48.0541 97.6798
49.128 52.9103 48.9724 56.0898 48.2894 65.3563
48.2894 65.3563 49.128 52.9103 48.9719 50.3101
48.9724 56.0898 49.2933 77.3143 49.2261 79.4141
49.2933 77.3143 48.9724 56.0898 49.128 52.9103
44.5806 85.628 44.6899 85.7278 44.2102 96.9361
45.0929 64.856 44.5806 85.628 44.2102 96.9361
45.191 60.2472 45.0929 64.856 44.2102 96.9361
45.8105 59.9916 45.191 60.2472 45.0929 64.856
46.0304 59.667 45.8105 59.9916 45.191 60.2472
45.896 59.429 46.0304 59.667 45.191 60.2472
41.3125 51.1379 45.896 59.429 45.191 60.2472
45.896 59.429 41.3125 51.1379 40.3573 48.6765
41.3125 51.1379 37.572 49.0824 40.3573 48.6765
37.4024 83.6508 38.5468 86.3543 37.2836 97.791
37.2642 71.378 37.4024 83.6508 37.2836 97.791
37.8236 65.7915 37.2642 71.378 37.4024 83.6508
37.9205 51.6592 37.8236 65.7915 37.2642 71.378
37.2642 71.378 37.9205 51.6592 37.572 49.0824
37.9205 51.6592 41.3125 51.1379 37.572 49.0824
38.8502 54.1352 39.7515 52.5877 37.9205 51.6592
41.4117 57.9934 42.7805 65.6565 43.9262 75.367
41.1468 53.5778 41.4117 57.9934 42.7805 65.6565
42.7805 65.6565 41.1468 53.5778 41.3125 51.1379
41.1468 53.5778 39.7515 52.5877 41.3125 51.1379
39.7515 52.5877 37.9205 51.6592 41.3125 51.1379
39.8103 56.8942 39.7765 80.2593 39.9549 94.3481
39.7765 80.2593 39.8103 56.8942 39.7515 52.5877
39.8103 56.8942 41.1468 53.5778 39.7515 52.5877
42.4862 81.1642 42.6641 88.8495 43.4285 97.3792
41.8755 80.2611 42.4862 81.1642 42.6641 88.8495
40.8571 70.2748 41.8755 80.2611 42.6641 88.8495
41.4117 57.9934 40.8571 70.2748 41.8755 80.2611
40.8571 70.2748 41.4117 57.9934 41.1468 53.5778
42.868 81.5261 42.4862 81.1642 41.8755 80.2611
46.5314 92.482 46.3493 90.0697 46.7831 83.4414
46.3493 90.0697 44.6899 85.7278 46.7831 83.4414
44.6899 85.7278 44.5806 85.628 46.7831 83.4414
43.9262 75.367 42.7805 65.6565 44.0303 58.2614
43.4285 97.3792 42.6641 88.8495 41.5104 85.1724
46.0406 56.7462 45.896 59.429 46.0304 59.667
45.896 59.429 46.0406 56.7462 45.1653 48.345
42.6444 41.8476 42.4625 38.1805 40.7253 37.7334
35.3114 90.9 33.6095 93.1636 33.218 95.2408
36.2857 90.3301 35.3114 90.9 33.218 95.2408
35.6809 88.2175 36.2857 90.3301 35.3114 90.9
35.6114 79.687 35.6809 88.2175 35.3114 90.9
35.6668 70.4244 35.6114 79.687 35.3114 90.9
35.8161 64.0994 35.6668 70.4244 35.6114 79.687
35.5598 54.8001 35.8161 64.0994 35.6668 70.4244
36.333 51.191 35.5598 54.8001 35.8161 64.0994
36.3313 45.9646 36.333 51.191 35.5598 54.8001
36.9767 40.5655 37.6252 41.0065 37.1684 42.4336
36.9767 40.5655 37.1684 42.4336 36.3313 45.9646
36.8233 38.0924 36.9767 40.5655 36.3313 45.9646
36.8233 38.0924 36.3313 45.9646 35.5598 54.8001
36.0552 13.6736 36.8233 38.0924 36.9767 40.5655
35.4147 7.34982 36.0552 13.6736 36.8233 38.0924
36.722 4.49504 35.0955 5.85946 35.4147 7.34982
36.722 4.49504 35.4147 7.34982 36.0552 13.6736
35.0955 5.85946 36.722 4.49504 37.1409 2.39212
36.333 51.191 37.0397 51.7508 36.8976 67.9893
37.0397 51.7508 36.333 51.191 36.3313 45.9646
35.1033 29.1425 34.5084 40.796 34.5958 42.1098
35.1997 26.9441 35.1033 29.1425 34.5958 42.1098
34.2767 18.347 35.1997 26.9441 35.1033 29.1425
34.4549 15.6818 34.2767 18.347 35.1997 26.9441
34.2767 18.347 34.4549 15.6818 35.0955 5.85946
34.4549 15.6818 35.4147 7.34982 35.0955 5.85946
36.2857 90.3301 35.6809 88.2175 36.6469 78.548
33.0255 92.6014 33.6095 93.1636 33.218 95.2408
33.4027 91.7641 33.0255 92.6014 33.6095 93.1636
33.6095 93.1636 33.4027 91.7641 34.6918 84.0777
33.294 85.3983 33.4027 91.7641 33.0255 92.6014
33.3136 63.6845 33.294 85.3983 33.4027 91.7641
33.4027 91.7641 33.3136 63.6845 33.3447 57.9054
33.3136 63.6845 32.6841 66.6014 32.4997 76.2204
32.6841 66.6014 33.3136 63.6845 33.3447 57.9054
31.6326 62.976 32.6841 66.6014 32.4997 76.2204
31.1925 58.6081 31.6326 62.976 32.4997 76.2204
31.6326 62.976 31.1925 58.6081 32.5115 52.3269
33.885 34.923 34.5084 40.796 34.5958 42.1098
33.6382 33.4559 33.885 34.923 34.5958 42.1098
33.3236 28.8054 33.6382 33.4559 33.885 34.923
33.6824 27.5162 33.3236 28.8054 33.885 34.923
32.8463 18.2869 33.6824 27.5162 33.3236 28.8054
33.6824 27.5162 32.8463 18.2869 32.8783 15.6588
31.712 24.6956 31.1969 31.7443 31.9661 31.7735
31.712 24.6956 31.9661 31.7735 32.2828 39.6193
32.0079 23.1231 31.712 24.6956 32.2828 39.6193
32.8463 18.2869 32.0079 23.1231 31.712 24.6956
31.712 24.6956 32.8463 18.2869 32.8783 15.6588
31.9661 31.7735 30.9287 32.1564 31.0722 33.7491
31.9661 31.7735 31.0722 33.7491 31.463 38.2972
31.1969 31.7443 31.9661 31.7735 30.9287 32.1564
31.0088 15.6961 31.1969 31.7443 30.9287 32.1564
31.1969 31.7443 31.0088 15.6961 31.1214 14.5763
30.696 35.6137 29.4071 36.2001 29.3097 38.758
31.0722 33.7491 30.696 35.6137 29.4071 36.2001
29.4071 36.2001 31.0722 33.7491 30.9287 32.1564
28.8222 89.527 29.0061 95.5234 28.9426 98.7266
29.4972 80.4969 28.8222 89.527 29.0061 95.5234
30.2156 76.8589 29.4972 80.4969 29.0061 95.5234
30.1842 70.8109 30.2156 76.8589 29.4972 80.4969
29.5517 68.3291 29.5135 69.1261 30.1842 70.8109
30.2175 55.2829 29.5517 68.3291 30.1842 70.8109
30.2175 55.2829 30.1842 70.8109 30.2156 76.8589
30.7386 48.0311 30.2175 55.2829 30.2156 76.8589
30.2156 76.8589 30.7386 48.0311 31.0722 33.7491
30.7386 48.0311 30.696 35.6137 31.0722 33.7491
28.9426 98.7266 29.0061 95.5234 30.937 90.0747
28.9053 72.5914 27.1378 85.4059 26.1511 95.1779
29.5135 69.1261 28.9053 72.5914 26.1511 95.1779
29.5517 68.3291 29.5135 69.1261 28.9053 72.5914
28.8437 67.0081 29.5517 68.3291 28.9053 72.5914
28.9053 72.5914 28.8437 67.0081 27.8501 66.8789
26.5561 76.2323 27.1378 85.4059 26.1511 95.1779
26.5414 74.1704 26.099 75.2748 26.5561 76.2323
26.5414 74.1704 26.5561 76.2323 27.1378 85.4059
24.9364 74.0108 26.5414 74.1704 26.099 75.2748
27.4 73.7608 24.9364 74.0108 26.5414 74.1704
25.2396 72.7861 27.4 73.7608 24.9364 74.0108
24.0001 69.7951 25.2396 72.7861 24.9364 74.0108
22.502 66.1306 24.0001 69.7951 25.2396 72.7861
19.0923 63.8331 19.7712 65.4431 22.502 66.1306
21.2399 61.4193 19.0923 63.8331 22.502 66.1306
21.2399 61.4193 22.502 66.1306 25.2396 72.7861
20.5241 59.3586 21.2399 61.4193 19.0923 63.8331
22.801 55.8822 20.5241 59.3586 21.2399 61.4193
23.4295 54.0808 22.801 55.8822 21.2399 61.4193
21.3249 53.6478 23.4295 54.0808 22.801 55.8822
19.3938 51.4056 21.3249 53.6478 22.801 55.8822
21.3249 53.6478 19.3938 51.4056 22.4373 50.9984
21.6455 72.4221 21.0959 76.1603 23.586 77.3128
18.1448 62.646 21.6455 72.4221 23.586 77.3128
17.168 60.1515 18.1448 62.646 21.6455 72.4221
16.3093 55.4959 14.1362 57.4964 17.168 60.1515
16.3093 55.4959 17.168 60.1515 18.1448 62.646
16.1211 54.8657 16.3093 55.4959 14.1362 57.4964
19.3938 51.4056 16.1211 54.8657 16.3093 55.4959
22.902 47.5137 22.4373 50.9984 19.3938 51.4056
22.902 47.5137 19.3938 51.4056 16.1211 54.8657
22.4373 50.9984 22.902 47.5137 23.5275 47.0627
12.4422 70.099 13.8883 70.8012 13.4607 71.3275
12.4422 70.099 13.4607 71.3275 12.1884 82.4169
14.3571 67.7994 12.4422 70.099 13.8883 70.8012
15.9129 60.7509 14.7456 63.3336 14.3571 67.7994
15.9129 60.7509 14.3571 67.7994 13.8883 70.8012
14.7456 63.3336 15.9129 60.7509 14.1362 57.4964
15.9129 60.7509 17.168 60.1515 14.1362 57.4964
17.0634 76.0356 21.0959 76.1603 23.586 77.3128
15.3422 74.918 17.0634 76.0356 21.0959 76.1603
21.0959 76.1603 15.3422 74.918 14.11 73.7606
17.7946 90.0902 20.9166 90.6766 19.321 90.7444
17.7946 90.0902 19.321 90.7444 17.9949 93.4078
16.9806 87.6792 17.7946 90.0902 17.9949 93.4078
17.8681 87.0498 14.5936 87.3053 16.9806 87.6792
17.8681 87.0498 16.9806 87.6792 17.7946 90.0902
15.2534 86.1517 17.8681 87.0498 14.5936 87.3053
15.6342 85.2842 24.0622 85.4351 15.2534 86.1517
15.6342 85.2842 15.2534 86.1517 14.5936 87.3053
16.1719 84.8937 15.6342 85.2842 24.0622 85.4351
15.5382 81.9688 16.1719 84.8937 15.6342 85.2842
15.0453 81.5593 16.9659 81.6882 15.5382 81.9688
15.0453 81.5593 15.5382 81.9688 15.6342 85.2842
16.2499 80.3205 15.0453 81.5593 16.9659 81.6882
17.0315 79.6398 16.2499 80.3205 16.9659 81.6882
17.0634 76.0356 17.0315 79.6398 16.2499 80.3205
16.2499 80.3205 17.0634 76.0356 15.3422 74.918
13.2773 76.9544 15.3422 74.918 14.11 73.7606
23.1975 91.2277 19.321 90.7444 20.9166 90.6766
19.1172 83.1214 15.5382 81.9688 16.9659 81.6882
17.4242 67.5088 15.9089 68.0536 13.8883 70.8012
17.4242 67.5088 13.8883 70.8012 13.4607 71.3275
15.9089 68.0536 17.4242 67.5088 16.5175 65.3464
12.6746 65.8464 14.3571 67.7994 12.4422 70.099
12.0398 55.0251 12.6746 65.8464 12.4422 70.099
12.6746 65.8464 12.0398 55.0251 11.8741 49.4684
12.0398 55.0251 11.5703 76.3597 11.5076 93.0322
11.8741 49.4684 12.0398 55.0251 11.5703 76.3597
11.6671 45.9038 11.8741 49.4684 11.5703 76.3597
10.5985 30.2674 10.5126 37.5706 11.6671 45.9038
11.8741 49.4684 11.6671 45.9038 10.5898 27.2794
11.6671 45.9038 10.5985 30.2674 10.5898 27.2794
11.1349 72.0264 11.5703 76.3597 11.5076 93.0322
11.5703 76.3597 11.1349 72.0264 10.9023 51.7128
11.1349 72.0264 10.7174 69.108 10.9023 51.7128
10.0598 74.5184 10.5291 79.8628 10.1233 95.5637
8.80757 73.1019 9.30529 73.7891 10.0598 74.5184
11.1349 72.0264 8.80757 73.1019 10.0598 74.5184
11.1349 72.0264 10.0598 74.5184 10.5291 79.8628
8.80757 73.1019 11.1349 72.0264 10.7174 69.108
8.40098 73.048 8.80757 73.1019 9.30529 73.7891
8.44516 71.8917 8.40098 73.048 8.80757 73.1019
9.00699 70.8083 8.44516 71.8917 8.80757 73.1019
9.36709 70.0738 9.00699 70.8083 8.80757 73.1019
9.02135 68.9961 9.36709 70.0738 9.00699 70.8083
8.91027 67.0927 9.02135 68.9961 9.00699 70.8083
9.02135 68.9961 8.91027 67.0927 8.17978 54.575
7.74624 90.7519 6.9288 91.1048 5.03523 94.3981
4.13431 85.9756 7.74624 90.7519 6.9288 91.1048
6.98524 84.8181 4.13431 85.9756 7.74624 90.7519
6.83338 82.9652 6.98524 84.8181 7.74624 90.7519
8.03852 76.0653 6.83338 82.9652 7.74624 90.7519
8.40098 73.048 8.03852 76.0653 6.83338 82.9652
6.83338 82.9652 8.40098 73.048 8.44516 71.8917
4.13431 85.9756 6.98524 84.8181 4.11651 83.8017
6.49239 81.4346 6.83338 82.9652 6.98524 84.8181
3.70012 62.4234 6.49239 81.4346 6.98524 84.8181
6.49239 81.4346 3.70012 62.4234 1.8187 49.1127
3.70012 62.4234 3.07087 59.5815 1.8187 49.1127
3.70012 62.4234 3.85713 66.3406 3.60528 84.532
3.60528 84.532 3.70012 62.4234 3.07087 59.5815
3.07087 59.5815 2.24955 65.3028 1.33477 89.2734
3.07087 59.5815 1.33477 89.2734 0.871504 99.0008
2.24955 65.3028 3.07087 59.5815 1.8187 49.1127
0.413353 82.1436 1.33477 89.2734 0.871504 99.0008
0.692613 72.4352 0.413353 82.1436 1.33477 89.2734
0.919359 70.4436 0.692613 72.4352 1.33477 89.2734
0.377169 64.1852 0.919359 70.4436 0.692613 72.4352
0.919359 70.4436 0.377169 64.1852 1.20919 52.0048
6.06073 75.3927 6.49239 81.4346 6.83338 82.9652
5.43232 67.213 6.06073 75.3927 6.49239 81.4346
6.06073 75.3927 5.43232 67.213 5.46796 62.9401
5.46796 62.9401 5.43232 67.213 4.92106 68.1632
4.92106 68.1632 5.46796 62.9401 5.39298 47.5649
9.14884 68.0763 9.02135 68.9961 9.36709 70.0738
9.36709 70.0738 9.14884 68.0763 9.27671 58.505
8.7961 32.1005 10.5126 37.5706 11.6671 45.9038
10.5126 37.5706 8.7961 32.1005 8.9327 28.9758
8.7961 32.1005 7.96311 30.9289 8.9327 28.9758
8.7961 32.1005 7.12116 33.1278 7.96719 41.078
7.12116 33.1278 8.7961 32.1005 7.96311 30.9289
6.85379 30.8576 7.12116 33.1278 7.96719 41.078
7.50044 26.5996 6.85379 30.8576 7.12116 33.1278
7.92976 24.3954 7.50044 26.5996 7.12116 33.1278
7.50044 26.5996 7.92976 24.3954 7.08974 20.5599
6.85379 30.8576 4.34858 37.4327 3.76755 40.7525
4.34858 37.4327 6.85379 30.8576 7.50044 26.5996
5.08947 41.847 6.53984 41.9695 6.35687 46.5537
6.53984 41.9695 5.08947 41.847 3.76755 40.7525
3.76755 40.7525 5.08947 41.847 1.73084 44.5656
4.34858 37.4327 3.76755 40.7525 1.73084 44.5656
3.42865 35.1997 4.34858 37.4327 1.73084 44.5656
3.25794 34.7434 3.42865 35.1997 1.73084 44.5656
4.90266 31.8708 3.25794 34.7434 3.42865 35.1997
3.3335 30.9076 4.90266 31.8708 3.25794 34.7434
3.25794 34.7434 3.3335 30.9076 3.08424 24.8915
3.3335 30.9076 3.62905 27.564 3.08424 24.8915
4.40383 24.8878 3.62905 27.564 3.3335 30.9076
6.48984 17.2873 4.40383 24.8878 3.62905 27.564
1.32999 16.1465 3.41967 17.2031 6.48984 17.2873
7.5637 15.9501 1.32999 16.1465 6.48984 17.2873
7.5637 15.9501 6.48984 17.2873 4.40383 24.8878
1.32999 16.1465 7.5637 15.9501 2.85671 14.6805
4.23528 17.5747 6.48984 17.2873 3.41967 17.2031
7.5637 15.9501 9.46583 16.1298 11.2127 18.2713
2.85671 14.6805 7.5637 15.9501 9.46583 16.1298
4.49591 14.0179 2.85671 14.6805 9.46583 16.1298
7.187 10.9862 4.49591 14.0179 2.85671 14.6805
9.08234 9.24138 11.0317 10.5436 7.187 10.9862
9.08234 9.24138 7.187 10.9862 2.85671 14.6805
9.652 4.58752 9.08234 9.24138 11.0317 10.5436
9.55042 2.09012 9.652 4.58752 11.0317 10.5436
9.652 4.58752 9.55042 2.09012 6.99414 0.55045
12.6983 12.1341 17.1798 12.1958 17.1522 14.328
11.8292 11.1932 12.6983 12.1341 17.1798 12.1958
17.1798 12.1958 11.8292 11.1932 11.0317 10.5436
11.8292 11.1932 7.187 10.9862 11.0317 10.5436
12.6983 12.1341 13.0959 14.9655 14.5619 20.5939
13.0959 14.9655 12.6983 12.1341 11.8292 11.1932
11.0578 4.29034 9.55042 2.09012 8.92517 0.450403
9.55042 2.09012 6.99414 0.55045 8.92517 0.450403
5.37342 3.54926 3.70721 4.52005 3.5201 9.82064
6.77407 2.60337 5.37342 3.54926 3.70721 4.52005
7.72587 1.97563 6.77407 2.60337 5.37342 3.54926
0.467003 0.669976 7.72587 1.97563 6.77407 2.60337
6.99414 0.55045 0.467003 0.669976 7.72587 1.97563
0.467003 0.669976 6.99414 0.55045 8.92517 0.450403
22.7478 20.4557 22.5937 21.6534 20.4985 22.077
18.5988 17.2607 22.7478 20.4557 20.4985 22.077
17.1522 14.328 18.5988 17.2607 20.4985 22.077
17.1798 12.1958 17.1522 14.328 18.5988 17.2607
18.5988 17.2607 17.1798 12.1958 15.7703 6.78727
17.1798 12.1958 15.1042 8.28325 15.7703 6.78727
15.3437 6.67211 15.7703 6.78727 15.1042 8.28325
15.3437 6.67211 15.1042 8.28325 14.9177 9.42281
14.9177 9.42281 15.3437 6.67211 13.8964 2.77273
16.4962 5.38996 15.3437 6.67211 15.7703 6.78727
18.5858 5.3217 16.4962 5.38996 15.7703 6.78727
16.4962 5.38996 18.5858 5.3217 19.7807 4.46893
20.7407 8.08332 22.7355 9.44635 23.2092 9.90526
18.5858 5.3217 20.7407 8.08332 22.7355 9.44635
22.7355 9.44635 18.5858 5.3217 19.7807 4.46893
24.4597 5.9467 22.7355 9.44635 23.2092 9.90526
22.7355 9.44635 24.4597 5.9467 24.0712 3.47831
22.7478 20.4557 18.5988 17.2607 21.24 12.8827
22.5937 21.6534 22.7478 20.4557 23.9851 16.6716
17.4714 31.8548 16.6686 32.7319 16.7978 35.387
17.853 30.6054 17.4714 31.8548 16.6686 32.7319
18.2024 29.8655 17.853 30.6054 17.4714 31.8548
17.7416 28.5863 18.2024 29.8655 17.853 30.6054
14.5619 20.5939 17.7416 28.5863 17.853 30.6054
17.853 30.6054 14.5619 20.5939 12.5485 14.9436
14.5619 20.5939 13.0959 14.9655 12.5485 14.9436
18.2024 29.8655 19.8274 30.3305 23.0586 32.9865
19.8274 30.3305 18.2024 29.8655 17.7416 28.5863
18.4513 40.5766 20.0437 40.8647 17.2566 41.7873
11.8676 37.7018 18.4513 40.5766 17.2566 41.7873
12.8011 37.6044 11.8676 37.7018 18.4513 40.5766
24.7253 36.1864 12.8011 37.6044 11.8676 37.7018
24.0097 35.427 24.7253 36.1864 11.8676 37.7018
23.0586 32.9865 24.0097 35.427 24.7253 36.1864
22.775 29.2447 19.8274 30.3305 23.0586 32.9865
22.775 29.2447 23.0586 32.9865 24.7253 36.1864
19.8274 30.3305 22.775 29.2447 21.9485 27.7595
11.9511 44.8764 18.3333 45.6244 22.1538 46.4235
14.4814 43.8949 11.9511 44.8764 18.3333 45.6244
20.0437 40.8647 14.4814 43.8949 11.9511 44.8764
14.4814 43.8949 20.0437 40.8647 23.6579 39.3064
20.0437 40.8647 18.4513 40.5766 23.6579 39.3064
24.2518 43.2598 18.3333 45.6244 22.1538 46.4235
18.3333 45.6244 24.2518 43.2598 21.3195 42.2509
16.7978 35.387 16.6686 32.7319 15.1943 28.9863
9.82666 15.8598 9.46583 16.1298 11.2127 18.2713
10.3754 15.2277 9.82666 15.8598 9.46583 16.1298
9.46583 16.1298 10.3754 15.2277 9.76317 12.3774
25.1724 64.1508 25.2396 72.7861 27.4 73.7608
24.9056 62.5898 25.1724 64.1508 25.2396 72.7861
25.4958 62.0483 24.9056 62.5898 25.1724 64.1508
24.8075 58.4456 25.4958 62.0483 24.9056 62.5898
26.3569 57.4936 24.8075 58.4456 25.4958 62.0483
27.5314 56.2206 26.3569 57.4936 24.8075 58.4456
27.1362 55.2048 27.5314 56.2206 24.8075 58.4456
27.6987 35.2368 27.1362 55.2048 27.5314 56.2206
27.6473 30.5942 27.6987 35.2368 27.1362 55.2048
27.083 29.1772 27.6473 30.5942 27.1362 55.2048
26.0837 20.0094 27.083 29.1772 27.6473 30.5942
27.6473 30.5942 26.0837 20.0094 26.3158 13.6097
26.0837 20.0094 25.5075 19.4543 26.3158 13.6097
25.2282 36.974 25.5075 19.4543 25.6547 5.1081
25.5075 19.4543 26.3158 13.6097 25.6547 5.1081
25.9465 50.7791 26.0837 20.0094 25.5075 19.4543
27.8394 12.3201 27.6473 30.5942 27.6987 35.2368
27.6473 30.5942 27.8394 12.3201 27.5708 8.92933
29.4071 36.2001 29.3097 38.758 28.8962 48.0786
29.2805 29.7614 29.4071 36.2001 28.8962 48.0786
29.5114 28.3409 29.2805 29.7614 29.4071 36.2001
29.4057 14.5933 29.5114 28.3409 29.2805 29.7614
29.2805 29.7614 29.4057 14.5933 28.3161 7.03395
31.1969 31.7443 31.712 24.6956 31.2578 0.231515
