-40.4948 1.17609 -42.2079 0.905857 -41.3888 -0.251192
-42.2079 0.905857 -40.4948 1.17609 -44.7958 2.60191
-47.238 0.461027 -42.2079 0.905857 -44.7958 2.60191
-47.238 0.461027 -44.7958 2.60191 -44.9135 3.54496
-45.9162 -0.0802837 -47.238 0.461027 -42.2079 0.905857
-45.1928 -1.77256 -45.9162 -0.0802837 -47.238 0.461027
-41.2728 -8.67262 -47.4559 -6.186 -45.1928 -1.77256
-41.2728 -8.67262 -45.1928 -1.77256 -45.9162 -0.0802837
-47.4559 -6.186 -41.2728 -8.67262 -45.2799 -10.5521
-41.2728 -8.67262 -26.9255 -8.82645 -45.2799 -10.5521
-33.439 -2.04343 -28.8464 -0.0658559 -30.9312 1.28298
-35.7162 -4.09183 -33.439 -2.04343 -30.9312 1.28298
-24.0423 -8.17221 -35.7162 -4.09183 -33.439 -2.04343
-23.897 -8.7779 -24.0423 -8.17221 -35.7162 -4.09183
-26.9255 -8.82645 -23.897 -8.7779 -35.7162 -4.09183
-23.897 -8.7779 -26.9255 -8.82645 -45.2799 -10.5521
-49.046 -0.665437 -45.1928 -1.77256 -47.4559 -6.186
-40.6567 7.21372 -38.5278 11.8689 -38.733 18.9276
-44.9135 3.54496 -43.5638 5.1059 -40.6567 7.21372
-44.7958 2.60191 -44.9135 3.54496 -40.6567 7.21372
-41.291 2.49741 -44.7958 2.60191 -40.6567 7.21372
-41.291 2.49741 -40.6567 7.21372 -38.5278 11.8689
-44.7958 2.60191 -41.291 2.49741 -32.4624 1.74609
-32.4151 13.0485 -34.2335 15.3423 -31.3196 15.5054
-33.6311 2.74793 -32.4151 13.0485 -31.3196 15.5054
-31.3196 15.5054 -33.6311 2.74793 -32.4624 1.74609
-33.6311 2.74793 -41.291 2.49741 -32.4624 1.74609
-43.5638 5.1059 -44.1736 8.09941 -45.5593 12.1144
-45.5593 12.1144 -43.5638 5.1059 -44.9135 3.54496
-41.5065 16.8713 -40.6567 7.21372 -43.5638 5.1059
-27.3083 16.0092 -18.0211 17.9129 -14.9073 18.9801
-31.0459 15.7971 -27.3083 16.0092 -14.9073 18.9801
-31.3196 15.5054 -31.0459 15.7971 -27.3083 16.0092
-24.1495 14.5848 -31.3196 15.5054 -27.3083 16.0092
-27.3083 16.0092 -24.1495 14.5848 -20.7467 13.1658
-31.3196 15.5054 -31.0459 15.7971 -34.3745 18.3594
-34.2335 15.3423 -31.3196 15.5054 -34.3745 18.3594
-34.8702 7.66868 -34.2335 15.3423 -34.3745 18.3594
-34.2335 15.3423 -34.8702 7.66868 -34.9199 5.90571
-36.8222 19.0834 -34.8702 7.66868 -34.9199 5.90571
-16.8567 15.7152 -18.0211 17.9129 -14.9073 18.9801
-17.4908 15.0706 -16.8567 15.7152 -18.0211 17.9129
-16.6485 13.6257 -17.4908 15.0706 -16.8567 15.7152
-15.0006 9.9496 -12.4219 10.0104 -16.6485 13.6257
-15.0006 9.9496 -16.6485 13.6257 -17.4908 15.0706
-6.84902 9.44873 -15.0006 9.9496 -12.4219 10.0104
-15.6008 7.34864 -6.84902 9.44873 -15.0006 9.9496
-15.0006 9.9496 -15.6008 7.34864 -30.9703 6.47503
-13.9056 4.53102 -15.6008 7.34864 -6.84902 9.44873
-15.6008 7.34864 -13.9056 4.53102 -13.1589 3.26963
-13.9056 4.53102 -13.7886 4.48219 -13.1589 3.26963
-0.347229 9.17791 -1.95271 15.3092 -2.05265 19.5153
-0.469531 7.81398 1.64708 8.29577 -0.347229 9.17791
-0.469531 7.81398 -0.347229 9.17791 -1.95271 15.3092
-4.78714 5.91351 -0.469531 7.81398 -1.95271 15.3092
-1.38042 5.815 -4.78714 5.91351 -0.469531 7.81398
-13.8149 4.57856 -1.38042 5.815 -4.78714 5.91351
-13.9056 4.53102 -13.8149 4.57856 -1.38042 5.815
-1.38042 5.815 -13.9056 4.53102 -13.7886 4.48219
3.01628 17.2949 9.93509 17.6271 4.44778 17.6365
3.01628 17.2949 4.44778 17.6365 2.13718 19.5784
2.42557 16.6095 3.01628 17.2949 2.13718 19.5784
-0.347229 9.17791 2.42557 16.6095 2.13718 19.5784
2.42557 16.6095 -0.347229 9.17791 1.64708 8.29577
3.01628 17.2949 2.42557 16.6095 4.00206 2.14966
10.3907 16.1132 3.01628 17.2949 9.93509 17.6271
11.2673 15.9204 10.3907 16.1132 9.93509 17.6271
11.3715 12.7222 11.2673 15.9204 10.3907 16.1132
26.6188 12.5184 34.8152 12.6377 11.3715 12.7222
15.7029 12.1019 26.6188 12.5184 11.3715 12.7222
9.87555 10.7892 15.7029 12.1019 11.3715 12.7222
9.87555 10.7892 11.3715 12.7222 10.3907 16.1132
6.89392 6.32319 9.87555 10.7892 15.7029 12.1019
15.7029 12.1019 6.89392 6.32319 13.9517 3.0544
23.6775 8.50245 26.766 11.6948 26.6188 12.5184
26.6188 12.5184 23.6775 8.50245 19.1593 4.4576
23.6775 8.50245 28.8326 6.26718 19.1593 4.4576
28.8326 6.26718 37.0621 6.89776 36.3819 7.48112
19.1593 4.4576 28.8326 6.26718 37.0621 6.89776
21.8576 4.13362 19.1593 4.4576 37.0621 6.89776
19.1593 4.4576 21.8576 4.13362 35.6331 2.08902
25.2015 36.8766 31.3897 36.9979 14.5497 37.5531
13.9023 36.246 25.2015 36.8766 31.3897 36.9979
16.5597 35.5986 13.9023 36.246 31.3897 36.9979
30.4952 34.6553 16.5597 35.5986 31.3897 36.9979
31.9714 32.4418 30.4952 34.6553 31.3897 36.9979
29.2794 31.0737 31.9714 32.4418 30.4952 34.6553
26.5268 30.576 29.2794 31.0737 30.4952 34.6553
27.4084 30.023 23.0964 30.1231 26.5268 30.576
27.4084 30.023 26.5268 30.576 29.2794 31.0737
24.8627 26.8478 27.4084 30.023 23.0964 30.1231
33.4111 24.9266 24.8627 26.8478 27.4084 30.023
36.867 22.2795 33.4111 24.9266 27.4084 30.023
31.0593 21.4203 36.867 22.2795 33.4111 24.9266
29.7046 20.1912 31.0593 21.4203 33.4111 24.9266
26.4902 16.5879 29.7046 20.1912 33.4111 24.9266
32.4338 15.2389 26.4902 16.5879 29.7046 20.1912
30.5526 14.605 32.4338 15.2389 26.4902 16.5879
34.8152 12.6377 30.5526 14.605 32.4338 15.2389
26.766 11.6948 26.6188 12.5184 34.8152 12.6377
32.4338 15.2389 34.8152 12.6377 41.7616 11.3467
34.8152 12.6377 26.766 11.6948 41.7616 11.3467
46.5529 4.3402 37.0621 6.89776 36.3819 7.48112
49.5895 3.5848 46.5529 4.3402 36.3819 7.48112
46.5529 4.3402 49.5895 3.5848 42.5449 1.34637
6.49915 36.0754 13.9023 36.246 25.2015 36.8766
13.9023 36.246 6.49915 36.0754 0.316753 34.8819
15.4464 40.9535 12.1396 43.7315 15.6275 44.7896
15.4464 40.9535 15.6275 44.7896 18.8126 46.3066
20.4918 39.3234 15.4464 40.9535 18.8126 46.3066
8.89469 38.8171 20.4918 39.3234 15.4464 40.9535
0.135085 36.9799 8.89469 38.8171 15.4464 40.9535
6.49915 36.0754 0.135085 36.9799 8.89469 38.8171
0.135085 36.9799 6.49915 36.0754 0.316753 34.8819
4.26164 45.2454 -2.08408 47.3115 -3.43416 48.5863
-2.08408 47.3115 4.26164 45.2454 15.4464 40.9535
4.26164 45.2454 12.1396 43.7315 15.4464 40.9535
2.55901 47.0206 -1.24778 49.412 5.54377 49.5333
4.26164 45.2454 2.55901 47.0206 -1.24778 49.412
2.55901 47.0206 4.26164 45.2454 12.1396 43.7315
-1.67182 45.8833 -2.08408 47.3115 -3.43416 48.5863
-5.06471 42.7695 -1.67182 45.8833 -3.43416 48.5863
-7.08197 40.8717 -7.86922 41.4316 -7.46452 41.5065
-7.08197 40.8717 -7.46452 41.5065 -5.06471 42.7695
-7.08197 40.8717 -5.06471 42.7695 -1.67182 45.8833
-8.90551 40.1307 -7.08197 40.8717 -7.86922 41.4316
-7.08197 40.8717 -8.90551 40.1307 -7.45119 37.5526
-8.90551 40.1307 -11.8078 41.6267 -10.3802 42.6517
-8.90551 40.1307 -10.3802 42.6517 -9.77217 48.6424
-7.45119 37.5526 -8.90551 40.1307 -11.8078 41.6267
-8.99176 35.649 -7.45119 37.5526 -11.8078 41.6267
-3.13579 33.6273 -8.99176 35.649 -7.45119 37.5526
-2.17024 33.3269 -3.13579 33.6273 -7.45119 37.5526
-6.64214 26.558 -2.17024 33.3269 -3.13579 33.6273
-2.17024 33.3269 -6.64214 26.558 -2.38789 20.2762
-6.64214 26.558 -10.8648 29.2674 -14.0325 34.7413
-10.8648 29.2674 -6.64214 26.558 -2.38789 20.2762
-16.6152 40.2909 -11.8078 41.6267 -10.3802 42.6517
-11.8078 41.6267 -16.6152 40.2909 -15.4875 39.2741
-15.4875 39.2741 -16.6152 40.2909 -21.4279 43.5896
-27.2517 38.998 -15.4875 39.2741 -21.4279 43.5896
-31.3731 37.4698 -27.2517 38.998 -21.4279 43.5896
-27.2517 38.998 -31.3731 37.4698 -19.9877 34.7971
-10.9165 28.6498 -10.8648 29.2674 -14.0325 34.7413
-11.0875 26.2687 -10.9165 28.6498 -10.8648 29.2674
-10.8648 29.2674 -11.0875 26.2687 -8.95308 24.1375
-15.8051 29.7691 -24.0334 30.8767 -28.4049 33.417
-10.9165 28.6498 -15.8051 29.7691 -28.4049 33.417
-15.8051 29.7691 -10.9165 28.6498 -11.0875 26.2687
-27.9452 28.1933 -15.8051 29.7691 -24.0334 30.8767
-35.1969 25.6699 -27.9452 28.1933 -24.0334 30.8767
-39.0802 23.5808 -35.1969 25.6699 -27.9452 28.1933
-44.534 21.9576 -36.7204 22.5178 -39.0802 23.5808
-44.534 21.9576 -39.0802 23.5808 -35.1969 25.6699
-36.7204 22.5178 -44.534 21.9576 -23.1584 20.2356
-30.6541 23.9979 -39.0802 23.5808 -36.7204 22.5178
13.733 28.9839 23.0964 30.1231 26.5268 30.576
20.712 28.7939 13.733 28.9839 23.0964 30.1231
23.0964 30.1231 20.712 28.7939 14.5659 23.7399
9.55914 29.5941 4.89966 30.0608 2.14335 30.7553
13.733 28.9839 9.55914 29.5941 2.14335 30.7553
9.55914 29.5941 13.733 28.9839 13.9017 26.8
13.733 28.9839 20.712 28.7939 13.9017 26.8
8.71766 28.3014 9.55914 29.5941 4.89966 30.0608
9.55914 29.5941 8.71766 28.3014 6.28535 21.7668
-24.0423 -8.17221 -21.9689 1.06079 -22.6511 1.14973
-23.897 -8.7779 -24.0423 -8.17221 -21.9689 1.06079
-24.7201 -13.0336 -23.897 -8.7779 -21.9689 1.06079
-24.2731 -15.9529 -24.7201 -13.0336 -21.9689 1.06079
-23.6577 -25.2498 -24.2731 -15.9529 -24.7201 -13.0336
-27.1854 -27.7431 -23.6577 -25.2498 -24.7201 -13.0336
-23.6577 -25.2498 -27.1854 -27.7431 -30.4782 -34.8444
-25.3683 -33.9778 -30.4782 -34.8444 -30.5228 -38.0129
-30.4061 -25.5487 -32.586 -22.3732 -33.1342 -21.2146
-27.1854 -27.7431 -30.4061 -25.5487 -33.1342 -21.2146
-30.4782 -34.8444 -27.1854 -27.7431 -30.4061 -25.5487
-30.4061 -25.5487 -30.4782 -34.8444 -30.5228 -38.0129
-33.5583 -28.1495 -32.586 -22.3732 -33.1342 -21.2146
-35.9249 -29.7394 -33.5583 -28.1495 -33.1342 -21.2146
-33.5583 -28.1495 -35.9249 -29.7394 -34.2624 -32.2892
-46.3076 -12.7347 -40.526 -11.9221 -48.1115 -11.522
-43.9034 -17.212 -46.3076 -12.7347 -48.1115 -11.522
-35.9249 -29.7394 -43.9034 -17.212 -48.1115 -11.522
-48.1115 -11.522 -35.9249 -29.7394 -34.2624 -32.2892
-40.526 -11.9221 -46.3076 -12.7347 -36.9477 -13.4153
-21.2596 -36.4253 -23.6577 -25.2498 -24.2731 -15.9529
-23.6577 -25.2498 -21.2596 -36.4253 -21.8014 -43.9971
-19.4993 -15.7824 -16.9099 -6.00188 -17.4311 -4.11286
-19.5059 -17.2262 -19.4993 -15.7824 -16.9099 -6.00188
-19.973 -24.1311 -16.573 -22.4339 -19.5059 -17.2262
-19.973 -24.1311 -19.5059 -17.2262 -19.4993 -15.7824
-21.2596 -36.4253 -19.973 -24.1311 -19.4993 -15.7824
-21.8014 -43.9971 -21.2596 -36.4253 -19.973 -24.1311
-19.973 -24.1311 -21.8014 -43.9971 -20.7777 -44.3934
-16.573 -22.4339 -19.973 -24.1311 -18.3888 -24.4571
-14.4029 -25.7725 -16.573 -22.4339 -19.5059 -17.2262
-16.573 -22.4339 -14.4029 -25.7725 -14.1589 -28.7321
-14.1589 -28.7321 -14.4029 -25.7725 -13.0612 -15.1205
-13.3556 -29.2813 -14.1589 -28.7321 -13.0612 -15.1205
-13.2417 -34.821 -13.3556 -29.2813 -13.0612 -15.1205
-12.9081 -35.6425 -13.2417 -34.821 -13.0612 -15.1205
-13.2417 -34.821 -12.9081 -35.6425 -12.4302 -37.2895
-9.87113 -21.0567 -10.4893 -9.05967 -9.00945 1.11235
-10.4149 -28.9134 -9.87113 -21.0567 -10.4893 -9.05967
-10.5936 -32.9789 -10.4149 -28.9134 -9.87113 -21.0567
-10.4149 -28.9134 -10.5936 -32.9789 -12.9081 -35.6425
6.71766 -0.15448 6.49539 0.228709 1.64943 0.793602
10.6592 -5.59036 6.71766 -0.15448 6.49539 0.228709
9.51771 -9.65167 10.6592 -5.59036 6.71766 -0.15448
13.2235 -10.9122 9.51771 -9.65167 10.6592 -5.59036
7.64767 -11.103 13.2235 -10.9122 9.51771 -9.65167
-0.219033 -12.6306 7.64767 -11.103 9.51771 -9.65167
-1.78959 -13.9574 -0.219033 -12.6306 7.64767 -11.103
0.51934 -15.3477 -1.78959 -13.9574 7.64767 -11.103
-7.79384 -21.8431 0.51934 -15.3477 -1.78959 -13.9574
-5.63685 -24.5777 -7.79384 -21.8431 0.51934 -15.3477
-6.34382 -26.1962 -5.63685 -24.5777 -7.79384 -21.8431
-10.5936 -32.9789 -6.34382 -26.1962 -7.79384 -21.8431
-6.34382 -26.1962 -10.5936 -32.9789 -12.4302 -37.2895
-10.5936 -32.9789 -12.9081 -35.6425 -12.4302 -37.2895
-8.92355 -11.1211 -4.77784 -9.42984 -0.422656 -7.32342
-0.219033 -12.6306 -8.92355 -11.1211 -4.77784 -9.42984
-8.92355 -11.1211 -0.219033 -12.6306 -1.78959 -13.9574
-14.1589 -28.7321 -13.3556 -29.2813 -16.4393 -40.3196
-5.63685 -24.5777 -6.34382 -26.1962 -2.8096 -35.7037
8.26113 -14.5105 13.3746 -13.6263 7.64767 -11.103
4.82762 -26.1114 8.26113 -14.5105 7.64767 -11.103
8.26113 -14.5105 4.82762 -26.1114 7.60623 -27.7636
4.82762 -26.1114 1.37769 -24.6431 -0.013713 -23.4701
7.60623 -27.7636 4.82762 -26.1114 1.37769 -24.6431
7.18156 -28.633 7.60623 -27.7636 1.37769 -24.6431
1.37769 -24.6431 7.18156 -28.633 7.68625 -37.343
13.3746 -13.6263 7.64767 -11.103 13.2235 -10.9122
14.1177 -14.9672 13.3746 -13.6263 13.2235 -10.9122
14.1536 -36.6316 14.1177 -14.9672 13.3746 -13.6263
14.2232 -39.0241 14.1536 -36.6316 14.1177 -14.9672
14.1536 -36.6316 14.2232 -39.0241 13.7968 -47.1809
15.4473 -20.5488 17.4709 -9.5254 16.4888 -2.42479
14.2232 -39.0241 15.3083 -23.6232 15.4473 -20.5488
14.2232 -39.0241 15.4473 -20.5488 16.4888 -2.42479
15.3083 -23.6232 14.2232 -39.0241 13.7968 -47.1809
1.92916 -34.783 1.37769 -24.6431 -0.013713 -23.4701
2.9176 -43.9776 1.92916 -34.783 -0.013713 -23.4701
1.92916 -34.783 2.9176 -43.9776 4.3906 -49.1501
7.60623 -27.7636 7.18156 -28.633 11.2064 -43.3754
16.2275 -28.9117 15.3083 -23.6232 15.4473 -20.5488
15.5591 -35.8634 16.2275 -28.9117 15.3083 -23.6232
16.2275 -28.9117 15.5591 -35.8634 16.3512 -41.0362
17.4709 -9.5254 16.4888 -2.42479 18.0561 1.25039
19.7275 -18.0436 17.4709 -9.5254 18.0561 1.25039
19.5475 -18.9378 19.7275 -18.0436 17.4709 -9.5254
18.9174 -29.3841 19.5475 -18.9378 19.7275 -18.0436
19.8756 -32.0459 18.9174 -29.3841 19.7275 -18.0436
20.628 -35.6083 19.8756 -32.0459 18.9174 -29.3841
19.6681 -42.2917 20.628 -35.6083 18.9174 -29.3841
18.9174 -29.3841 19.6681 -42.2917 18.5263 -43.4198
23.4934 -27.7868 28.5446 -25.4063 24.664 -20.589
20.628 -35.6083 23.4934 -27.7868 24.664 -20.589
23.4934 -27.7868 20.628 -35.6083 19.6681 -42.2917
32.7001 -4.5283 35.0258 -3.8416 23.6023 -1.5947
25.6525 -4.91332 32.7001 -4.5283 23.6023 -1.5947
28.8462 -5.18848 25.6525 -4.91332 32.7001 -4.5283
28.6917 -8.2444 28.8462 -5.18848 25.6525 -4.91332
29.418 -13.7386 28.6917 -8.2444 28.8462 -5.18848
29.1509 -15.6167 32.4408 -14.8367 29.418 -13.7386
29.1509 -15.6167 29.418 -13.7386 28.6917 -8.2444
28.5446 -25.4063 29.1509 -15.6167 28.6917 -8.2444
29.2974 -31.8666 23.4934 -27.7868 28.5446 -25.4063
29.2974 -31.8666 28.5446 -25.4063 29.1509 -15.6167
32.5471 -35.6693 29.2974 -31.8666 23.4934 -27.7868
23.4934 -27.7868 32.5471 -35.6693 33.2566 -36.743
34.3983 -20.0222 33.4759 -33.2266 33.2566 -36.743
33.4759 -33.2266 32.5471 -35.6693 33.2566 -36.743
35.0258 -3.8416 43.9241 -1.56993 48.1114 0.65646
43.9241 -1.56993 35.0258 -3.8416 32.7001 -4.5283
32.1067 -22.2073 33.4759 -33.2266 32.5471 -35.6693
29.418 -13.7386 32.4408 -14.8367 33.5125 -14.9925
39.028 -5.54858 43.9241 -1.56993 48.1114 0.65646
35.5716 -6.65941 39.028 -5.54858 43.9241 -1.56993
42.7969 -7.8563 35.5716 -6.65941 39.028 -5.54858
35.5716 -6.65941 42.7969 -7.8563 37.6057 -8.30327
43.6862 -8.64164 37.6057 -8.30327 42.7969 -7.8563
43.6862 -8.64164 42.7969 -7.8563 48.4184 -6.16926
44.6203 -8.72296 43.6862 -8.64164 48.4184 -6.16926
44.0862 -14.5165 44.6203 -8.72296 43.6862 -8.64164
43.2335 -19.8118 44.0862 -14.5165 43.6862 -8.64164
39.5734 -26.0864 43.2335 -19.8118 43.6862 -8.64164
43.2335 -19.8118 39.5734 -26.0864 37.195 -31.3186
39.5734 -26.0864 38.4224 -27.941 37.195 -31.3186
38.4224 -27.941 36.9332 -30.0956 37.195 -31.3186
39.7464 -18.5589 39.5734 -26.0864 38.4224 -27.941
44.6203 -8.72296 44.0862 -14.5165 46.4197 -18.5057
-17.4311 -4.11286 -15.5365 -3.90438 -14.2942 -2.00948
-16.9099 -6.00188 -17.4311 -4.11286 -15.5365 -3.90438
-15.5365 -3.90438 -16.9099 -6.00188 -17.4624 -14.8921
-15.5365 -3.90438 -14.3252 -5.3507 -14.6981 -14.9415
-14.3252 -5.3507 -15.5365 -3.90438 -14.2942 -2.00948
-14.2942 -2.00948 -14.3252 -5.3507 -13.737 -6.43796
