143.261 149.45 143.598 213.97 143.203 291.436
142.195 127.269 140.761 138.32 143.261 149.45
142.752 122.691 142.195 127.269 143.261 149.45
142.916 38.4349 142.752 122.691 143.261 149.45
142.916 38.4349 143.261 149.45 143.598 213.97
142.752 122.691 142.916 38.4349 142.588 29.2371
147.593 186.506 149.075 243.225 149.702 283.397
148.281 181.144 147.593 186.506 149.075 243.225
149.12 167.459 148.281 181.144 147.593 186.506
148.03 157.381 149.12 167.459 147.593 186.506
147.896 146.786 148.03 157.381 149.12 167.459
146.896 126.898 150.427 138.656 147.896 146.786
146.896 126.898 147.896 146.786 148.03 157.381
143.825 57.6232 146.896 126.898 148.03 157.381
146.896 126.898 143.825 57.6232 142.588 29.2371
143.825 57.6232 142.916 38.4349 142.588 29.2371
140.018 216.353 139.348 229.781 141.732 248.179
141.108 158.144 140.018 216.353 141.732 248.179
140.018 216.353 141.108 158.144 140.761 138.32
141.108 158.144 143.261 149.45 140.761 138.32
142.019 167.479 141.108 158.144 143.261 149.45
151.011 120.395 146.896 126.898 150.427 138.656
150.427 138.656 151.011 120.395 152.688 102.456
151.011 120.395 150.305 107.791 152.688 102.456
147.482 86.8567 150.305 107.791 151.011 120.395
147.115 60.871 147.482 86.8567 150.305 107.791
147.482 86.8567 147.115 60.871 146.169 50.0246
147.115 60.871 150.365 71.3321 152.538 77.4183
146.169 50.0246 147.115 60.871 152.538 77.4183
146.341 36.5721 146.169 50.0246 152.538 77.4183
146.169 50.0246 146.341 36.5721 146.744 3.77049
146.341 36.5721 146.814 33.4972 146.744 3.77049
151.306 18.0003 146.814 33.4972 146.341 36.5721
146.814 33.4972 151.306 18.0003 153.586 8.56938
151.306 18.0003 156.414 11.5486 153.586 8.56938
157.674 238.579 158.669 269.31 156.706 289.617
157.188 220.973 157.099 230.374 157.674 238.579
157.188 220.973 157.674 238.579 158.669 269.31
157.268 181.705 157.188 220.973 157.099 230.374
156.134 148.042 157.268 181.705 157.099 230.374
156.337 107.444 156.134 148.042 157.268 181.705
156.214 66.7614 156.337 107.444 156.134 148.042
158.351 63.041 156.214 66.7614 156.337 107.444
158.576 53.985 158.351 63.041 156.214 66.7614
156.66 36.314 158.576 53.985 156.214 66.7614
156.414 11.5486 156.66 36.314 156.214 66.7614
156.66 36.314 156.414 11.5486 157.458 3.77891
156.414 11.5486 153.586 8.56938 157.458 3.77891
160.834 103.58 161.92 117.128 160.215 132.183
160.028 91.5686 160.834 103.58 160.215 132.183
158.351 63.041 160.158 77.6966 160.028 91.5686
158.351 63.041 160.028 91.5686 160.215 132.183
160.158 77.6966 158.351 63.041 158.576 53.985
163.479 33.4076 160.158 77.6966 160.028 91.5686
168.314 22.6626 167.601 32.2441 163.479 33.4076
160.158 77.6966 163.479 33.4076 162.954 16.8246
163.479 33.4076 168.314 22.6626 162.954 16.8246
169.198 79.3221 168.689 92.9618 167.979 100.168
168.822 71.9055 169.198 79.3221 167.979 100.168
168.822 71.9055 167.979 100.168 166.601 137.703
169.198 79.3221 168.822 71.9055 167.601 32.2441
168.822 71.9055 163.479 33.4076 167.601 32.2441
171.195 209.147 172.544 279.235 171.952 293.956
171.502 189.368 171.195 209.147 172.544 279.235
168.723 177.618 171.502 189.368 171.195 209.147
167.754 169.583 168.723 177.618 171.502 189.368
171.122 156.649 167.754 169.583 171.502 189.368
169.86 147.398 171.122 156.649 167.754 169.583
169.225 106.037 169.86 147.398 171.122 156.649
169.86 147.398 169.225 106.037 168.689 92.9618
168.689 92.9618 169.225 106.037 170.754 131.204
170.754 131.204 168.689 92.9618 169.198 79.3221
166.405 257.512 167.562 271.42 163.21 280.681
167.341 230.191 166.405 257.512 167.562 271.42
168.723 177.618 166.842 219.024 167.341 230.191
168.723 177.618 167.341 230.191 167.562 271.42
166.842 219.024 168.723 177.618 167.754 169.583
170.715 12.0263 168.314 22.6626 167.601 32.2441
168.314 22.6626 170.715 12.0263 170.431 -0.718143
172.129 41.7288 172.659 49.0289 172.528 63.8259
170.715 12.0263 172.129 41.7288 172.528 63.8259
172.129 41.7288 170.715 12.0263 170.431 -0.718143
176.105 32.5094 172.659 49.0289 172.528 63.8259
178.311 11.2409 176.105 32.5094 172.659 49.0289
172.659 49.0289 178.311 11.2409 178.102 -3.6213
181.632 61.374 180.083 123.2 180.973 140.626
180.998 37.5224 181.632 61.374 180.083 123.2
180.556 20.0782 180.998 37.5224 181.632 61.374
178.311 11.2409 180.556 20.0782 180.998 37.5224
180.556 20.0782 178.311 11.2409 178.102 -3.6213
179.574 113.359 180.083 123.2 180.973 140.626
180.083 123.2 179.574 113.359 178.665 93.9824
182.032 202.326 183.529 253.026 183.472 268.166
182.524 181.189 180.022 193.265 182.032 202.326
182.524 181.189 182.032 202.326 183.529 253.026
182.316 170.176 182.524 181.189 180.022 193.265
181.487 160.912 182.316 170.176 180.022 193.265
177.912 148.513 181.487 160.912 180.022 193.265
176.108 130.679 177.912 148.513 181.487 160.912
172.928 118.173 176.108 130.679 177.912 148.513
179.574 113.359 172.928 118.173 176.108 130.679
178.665 93.9824 179.574 113.359 172.928 118.173
172.928 118.173 178.665 93.9824 176.446 82.669
176.311 212.97 178.804 219.057 173.83 240.865
176.311 212.97 173.83 240.865 172.718 252.735
172.711 203.067 176.311 212.97 178.804 219.057
182.032 202.326 172.711 203.067 178.804 219.057
172.711 203.067 182.032 202.326 180.022 193.265
182.464 68.8427 182.316 170.176 182.524 181.189
182.316 170.176 182.464 68.8427 182.283 52.5968
183.518 96.4955 182.464 68.8427 182.283 52.5968
186.165 98.1421 183.529 253.026 183.472 268.166
183.529 253.026 186.165 98.1421 187.068 16.0494
186.165 98.1421 186.945 241.93 186.65 270.672
186.945 241.93 186.165 98.1421 187.068 16.0494
187.288 233.497 186.945 241.93 186.65 270.672
187.259 196.086 187.288 233.497 186.945 241.93
187.89 113.395 187.259 196.086 187.288 233.497
187.259 196.086 187.89 113.395 188.645 13.4936
188.445 129.178 189.237 143.926 188.299 213.607
187.89 113.395 188.445 129.178 188.299 213.607
188.445 129.178 187.89 113.395 188.645 13.4936
189.237 143.926 189.862 172.799 190.042 190.11
189.862 172.799 189.237 143.926 188.761 49.6775
189.237 143.926 188.445 129.178 188.761 49.6775
191.123 251.498 190.086 257.014 191.226 288.112
190.24 216.795 191.123 251.498 190.086 257.014
190.042 190.11 190.24 216.795 190.086 257.014
190.764 88.1972 189.862 172.799 190.042 190.11
190.764 88.1972 190.042 190.11 190.24 216.795
189.862 172.799 190.764 88.1972 190.417 28.5747
193.557 157.38 196.619 240.425 197.51 279.999
193.549 147.961 193.557 157.38 196.619 240.425
190.764 88.1972 191.71 116.365 193.549 147.961
196.619 240.425 193.549 147.961 190.417 28.5747
193.549 147.961 190.764 88.1972 190.417 28.5747
193.557 157.38 193.57 176.776 192.708 283.192
192.708 283.192 193.557 157.38 193.549 147.961
197.146 206.824 196.619 240.425 197.51 279.999
196.619 240.425 197.146 206.824 197.81 160.039
197.146 206.824 198.052 179.077 197.81 160.039
198.682 216.095 199.575 266.084 198.845 293.217
198.501 196.221 198.682 216.095 199.575 266.084
198.052 179.077 198.501 196.221 198.682 216.095
197.81 160.039 198.052 179.077 198.501 196.221
199.047 138.595 197.81 160.039 198.501 196.221
199.889 133.648 199.047 138.595 198.501 196.221
198.561 108.789 199.889 133.648 199.047 138.595
197.111 97.8629 198.561 108.789 199.047 138.595
196.112 70.9954 193.269 77.1629 197.111 97.8629
196.112 70.9954 197.111 97.8629 198.561 108.789
193.998 67.0628 196.112 70.9954 193.269 77.1629
193.243 56.4258 193.998 67.0628 193.269 77.1629
193.164 39.2337 193.243 56.4258 193.269 77.1629
193.269 77.1629 193.164 39.2337 191.92 -0.591516
196.452 12.0049 193.164 39.2337 193.243 56.4258
193.164 39.2337 196.452 12.0049 196.24 -0.948863
202.562 170.428 202.138 252.968 202.143 259.415
202.63 149.894 202.562 170.428 202.138 252.968
206.509 146.752 202.63 149.894 202.562 170.428
202.659 117.802 206.509 146.752 202.63 149.894
200.084 89.8819 202.659 117.802 202.63 149.894
196.959 17.093 199.035 53.3069 200.084 89.8819
196.959 17.093 200.084 89.8819 202.63 149.894
196.452 12.0049 196.959 17.093 202.63 149.894
196.959 17.093 196.452 12.0049 196.24 -0.948863
201.573 80.3372 200.084 89.8819 202.659 117.802
200.823 39.2417 201.573 80.3372 200.084 89.8819
200.752 29.9527 200.823 39.2417 200.084 89.8819
206.521 17.7498 200.752 29.9527 200.823 39.2417
200.752 29.9527 206.521 17.7498 206.456 9.54515
207.257 28.0733 207.167 42.074 206.533 81.8814
206.521 17.7498 207.257 28.0733 206.533 81.8814
207.257 28.0733 206.521 17.7498 206.456 9.54515
207.562 197.053 207.362 247.573 208.028 273.229
208.863 191.905 207.562 197.053 208.028 273.229
207.61 178.463 208.863 191.905 207.562 197.053
207.167 42.074 207.61 178.463 207.562 197.053
207.61 178.463 207.167 42.074 207.257 28.0733
210.151 241.107 210.51 262.483 210.282 276.615
208.863 191.905 210.151 241.107 210.282 276.615
209.581 172.37 207.61 178.463 208.863 191.905
209.581 172.37 208.863 191.905 210.151 241.107
209.078 53.326 209.581 172.37 210.151 241.107
209.581 172.37 209.078 53.326 208.605 2.20181
209.948 93.1725 209.078 53.326 208.605 2.20181
210.51 262.483 210.282 276.615 210.65 286.303
210.948 218.112 210.51 262.483 210.65 286.303
211.441 209.183 210.948 218.112 210.65 286.303
213.559 162.534 211.441 209.183 210.948 218.112
212.228 140.495 213.559 162.534 210.948 218.112
212.176 123.783 212.228 140.495 210.948 218.112
212.389 97.4293 210.517 112.713 212.176 123.783
212.389 97.4293 212.176 123.783 212.228 140.495
211.118 66.5282 212.389 97.4293 210.517 112.713
212.223 60.611 211.118 66.5282 212.389 97.4293
216.753 27.8411 216.625 39.1127 212.223 60.611
216.753 27.8411 212.223 60.611 211.118 66.5282
211.118 66.5282 216.753 27.8411 216.178 19.1545
213.017 232.107 211.441 209.183 213.559 162.534
216.625 39.1127 217.465 102.924 216.3 106.146
217.465 102.924 216.625 39.1127 216.753 27.8411
210.454 126.127 212.176 123.783 210.517 112.713
220.492 263.41 219.073 279.983 217.584 287.248
219.808 251.345 220.492 263.41 217.584 287.248
217.979 238.369 219.808 251.345 217.584 287.248
217.824 181.666 218.518 197.216 217.979 238.369
217.824 181.666 217.979 238.369 217.584 287.248
217.541 167.593 217.824 181.666 218.518 197.216
217.166 121.913 216.666 149.764 217.541 167.593
217.166 121.913 217.541 167.593 218.518 197.216
216.3 106.146 217.166 121.913 216.666 149.764
217.465 102.924 216.3 106.146 217.166 121.913
217.166 121.913 217.465 102.924 219.051 9.09567
216.849 229.199 217.824 181.666 217.541 167.593
219.808 251.345 220.492 263.41 221.437 267.657
221.55 210.698 219.808 251.345 221.437 267.657
219.808 251.345 221.55 210.698 223.142 158.637
221.55 210.698 222.669 189.337 223.142 158.637
228.198 199.472 230.798 209.767 228.333 229.262
228.198 199.472 228.333 229.262 226.85 268.875
230.798 209.767 228.198 199.472 223.142 158.637
228.198 199.472 222.669 189.337 223.142 158.637
222.536 223.704 228.198 199.472 222.669 189.337
228.333 229.262 230.023 248.766 229.101 258.928
230.798 209.767 228.333 229.262 230.023 248.766
231.525 193.068 230.798 209.767 230.023 248.766
230.798 209.767 231.525 193.068 231.52 173.976
231.525 193.068 233.522 180.986 231.52 173.976
236.208 208.669 238.155 246.755 238.527 293.987
233.522 180.986 236.208 208.669 238.527 293.987
236.208 208.669 233.522 180.986 233.07 163.188
233.522 180.986 231.52 173.976 233.07 163.188
232.703 236.128 233.999 278.824 232.502 293.762
232.69 221.288 232.703 236.128 232.502 293.762
232.703 236.128 232.69 221.288 233.522 180.986
232.69 221.288 231.525 193.068 233.522 180.986
238.027 188.923 238.155 246.755 238.527 293.987
237.872 172.63 238.913 176.778 238.027 188.923
237.872 172.63 238.027 188.923 238.155 246.755
239.17 147.584 237.872 172.63 238.913 176.778
238.997 130.202 239.17 147.584 237.872 172.63
241.09 90.703 238.997 130.202 239.17 147.584
238.997 130.202 241.09 90.703 241.117 81.0984
243.815 259.867 242.525 272.911 239.867 278.976
240.961 240.162 243.815 259.867 239.867 278.976
241.032 229.933 240.961 240.162 239.867 278.976
239.616 198.067 241.032 229.933 239.867 278.976
241.032 229.933 239.616 198.067 238.913 176.778
239.616 198.067 238.027 188.923 238.913 176.778
242.223 98.3724 242.916 112.374 242.921 136.546
241.09 90.703 242.223 98.3724 242.921 136.546
241.117 81.0984 241.09 90.703 242.223 98.3724
238.74 43.002 238.609 51.6391 241.117 81.0984
238.74 43.002 241.117 81.0984 242.223 98.3724
236.311 9.90371 238.74 43.002 238.609 51.6391
238.74 43.002 236.311 9.90371 237.641 2.75189
236.311 9.90371 233.182 9.63909 237.641 2.75189
242.916 112.374 250.469 131.95 252.405 139.042
250.469 131.95 242.916 112.374 242.223 98.3724
233.398 98.3993 230.933 117.192 233.006 133.003
231.394 82.8267 233.398 98.3993 230.933 117.192
231.222 37.6991 231.394 82.8267 230.933 117.192
230.939 21.6263 231.222 37.6991 230.933 117.192
236.311 9.90371 230.939 21.6263 231.222 37.6991
230.939 21.6263 236.311 9.90371 233.182 9.63909
233.398 98.3993 231.394 82.8267 233.516 63.6855
231.717 142.985 233.006 133.003 237.046 121.893
230.933 117.192 233.006 133.003 231.717 142.985
229.877 91.0301 230.933 117.192 231.717 142.985
230.933 117.192 229.877 91.0301 230.372 69.9985
229.877 91.0301 227.982 110.66 226.562 148.275
230.372 69.9985 229.877 91.0301 227.982 110.66
227.982 110.66 230.372 69.9985 230.241 1.23358
227.316 47.1768 227.982 110.66 226.562 148.275
227.982 110.66 227.316 47.1768 227.649 26.5745
227.316 47.1768 221.536 69.6768 222.674 77.0997
221.536 69.6768 227.316 47.1768 227.649 26.5745
220.937 87.3432 221.93 128.091 220.302 141.032
222.674 77.0997 220.937 87.3432 221.93 128.091
221.536 69.6768 222.674 77.0997 220.937 87.3432
219.42 63.8591 221.536 69.6768 220.937 87.3432
219.989 47.6281 219.42 63.8591 221.536 69.6768
221.536 69.6768 219.989 47.6281 222.582 -3.53387
251.882 116.925 250.469 131.95 252.405 139.042
251.275 110.186 251.882 116.925 250.469 131.95
251.09 90.5469 246.539 97.8567 251.275 110.186
251.09 90.5469 251.275 110.186 251.882 116.925
250.773 73.6817 251.09 90.5469 251.882 116.925
250.154 16.1411 250.773 73.6817 251.882 116.925
250.773 73.6817 250.154 16.1411 250.065 11.0597
250.154 16.1411 256.324 63.4091 258.102 70.8784
250.065 11.0597 250.154 16.1411 258.102 70.8784
258.102 70.8784 250.065 11.0597 250.282 -1.39803
242.923 32.5619 248.573 40.8435 241.872 59.9052
242.923 32.5619 241.872 59.9052 240.97 71.6409
248.787 29.738 242.923 32.5619 248.573 40.8435
250.065 11.0597 248.787 29.738 248.573 40.8435
248.787 29.738 250.065 11.0597 250.282 -1.39803
246.539 97.8567 251.09 90.5469 246.905 78.5584
240.97 71.6409 241.872 59.9052 247.703 58.7369
242.923 32.5619 248.787 29.738 239.168 21.1945
258.102 70.8784 256.324 63.4091 252.008 48.2485
241.032 229.933 241.8 217.585 241.939 162.782
241.8 217.585 241.032 229.933 240.961 240.162
247.652 186.853 241.8 217.585 240.961 240.162
249.447 173.949 250.904 181.542 247.652 186.853
249.447 173.949 247.652 186.853 241.8 217.585
250.904 181.542 249.447 173.949 246.977 149.596
248.18 199.672 250.216 262.824 249.719 291.039
247.652 186.853 248.18 199.672 249.719 291.039
248.18 199.672 247.652 186.853 250.904 181.542
251.011 222.828 250.216 262.824 249.719 291.039
251.122 210.409 251.011 222.828 250.216 262.824
250.216 262.824 251.122 210.409 251.296 157.207
253.462 249.492 253.495 271.389 251.435 280.507
252.851 243.297 253.462 249.492 251.435 280.507
252.665 231.435 252.851 243.297 253.462 249.492
251.011 222.828 252.665 231.435 252.851 243.297
252.665 231.435 251.011 222.828 251.122 210.409
257.106 201.469 253.462 249.492 253.495 271.389
258.31 168.709 257.106 201.469 253.462 249.492
258.432 162.521 258.31 168.709 253.462 249.492
253.462 249.492 258.432 162.521 258.763 142.458
261.053 217.093 262.109 240.792 260.654 246.697
259.254 186.485 261.053 217.093 260.654 246.697
258.432 162.521 259.254 186.485 261.053 217.093
261.053 217.093 258.432 162.521 258.763 142.458
257.233 272.177 257.077 281.103 258.163 293.166
258.31 168.709 257.233 272.177 257.077 281.103
257.233 272.177 258.31 168.709 258.432 162.521
259.006 231.889 259.254 186.485 258.432 162.521
262.109 240.792 261.053 217.093 260.726 150.093
262.109 240.792 260.654 246.697 263.444 260.458
263.925 206.288 262.109 240.792 263.444 260.458
262.109 240.792 263.925 206.288 263.611 181.671
263.925 206.288 266.656 197.024 263.611 181.671
266.656 197.024 263.925 206.288 266.682 213.28
267.163 167.037 266.656 197.024 266.682 213.28
266.656 197.024 267.163 167.037 267.106 162.552
267.982 180.586 270.003 247.251 270.202 263.117
267.163 167.037 267.982 180.586 270.202 263.117
267.982 180.586 267.163 167.037 267.106 162.552
269.499 149.823 267.982 180.586 270.003 247.251
267.982 180.586 269.499 149.823 269.302 140.332
269.499 149.823 271.782 218.427 272.304 239.836
269.302 140.332 269.499 149.823 271.782 218.427
268.862 108.332 269.302 140.332 271.782 218.427
269.302 140.332 268.862 108.332 268.065 89.5114
268.862 108.332 270.225 97.7714 268.065 89.5114
268.862 108.332 269.447 119.174 273.651 128.243
273.651 128.243 268.862 108.332 270.225 97.7714
268.065 89.5114 270.225 97.7714 276.523 102.474
276.523 102.474 268.065 89.5114 268.007 82.3786
268.065 89.5114 262.226 118.156 260.83 127.224
262.226 118.156 268.065 89.5114 268.007 82.3786
261.051 106.572 262.226 118.156 260.83 127.224
258.736 103.814 261.051 106.572 260.83 127.224
259.714 92.5914 258.736 103.814 261.051 106.572
263.611 83.0899 259.714 92.5914 261.051 106.572
266.454 66.5717 263.611 83.0899 259.714 92.5914
262.09 52.0567 266.454 66.5717 259.714 92.5914
261.037 43.2686 262.09 52.0567 266.454 66.5717
258.831 27.445 261.037 43.2686 262.09 52.0567
259.585 19.4802 258.831 27.445 261.037 43.2686
260.577 8.32609 259.585 19.4802 258.831 27.445
259.78 1.55224 260.577 8.32609 258.831 27.445
260.577 8.32609 259.78 1.55224 266.142 0.074051
266.905 38.1783 271.142 53.4752 272.045 58.1247
259.585 19.4802 266.905 38.1783 272.045 58.1247
266.905 38.1783 259.585 19.4802 260.577 8.32609
269.98 30.5954 266.905 38.1783 271.142 53.4752
266.905 38.1783 269.98 30.5954 269.215 8.46052
269.98 30.5954 273.729 21.4316 269.215 8.46052
276.263 36.0313 269.98 30.5954 273.729 21.4316
272.304 239.836 273.685 277.884 273.849 286.971
271.782 218.427 272.304 239.836 273.685 277.884
273.685 277.884 271.782 218.427 272.771 188.148
276.358 227.239 273.685 277.884 273.849 286.971
276.102 190.74 276.358 227.239 273.685 277.884
276.687 173.248 276.102 190.74 276.358 227.239
276.997 148.589 276.687 173.248 276.358 227.239
276.687 173.248 276.997 148.589 277.133 83.0366
276.997 148.589 277.164 163.274 276.762 269.778
277.164 163.274 276.997 148.589 277.133 83.0366
277.572 113.148 277.164 163.274 276.762 269.778
277.164 163.274 277.572 113.148 277.614 7.86974
277.572 113.148 278.01 183.078 278.363 276.672
278.01 183.078 277.572 113.148 277.614 7.86974
278.294 143.348 278.01 183.078 278.363 276.672
278.357 48.5351 278.919 132.509 278.294 143.348
278.357 48.5351 278.294 143.348 278.01 183.078
278.01 183.078 278.357 48.5351 278.013 -0.352646
278.357 48.5351 278.779 26.2502 278.013 -0.352646
280.945 238.975 282.026 253.818 283.948 289.509
280.938 212.552 279.368 219.863 280.945 238.975
280.938 212.552 280.945 238.975 282.026 253.818
282.026 253.818 280.938 212.552 278.919 132.509
280.938 212.552 278.294 143.348 278.919 132.509
279.654 261.401 280.945 238.975 279.368 219.863
283.733 202.602 282.026 253.818 283.948 289.509
283.743 87.2236 283.733 202.602 283.948 289.509
283.405 71.1234 283.743 87.2236 283.733 202.602
282.206 62.4871 283.405 71.1234 283.733 202.602
283.405 71.1234 282.206 62.4871 283.28 23.5754
279.351 123.621 282.206 62.4871 283.28 23.5754
286.694 41.9232 283.405 71.1234 283.743 87.2236
283.405 71.1234 286.694 41.9232 286.687 28.9519
287.936 101.062 288.469 111.965 287.706 166.281
286.694 41.9232 287.936 101.062 287.706 166.281
287.936 101.062 286.694 41.9232 286.687 28.9519
288.469 111.965 287.936 101.062 289.86 3.49
290.12 69.2278 288.469 111.965 287.706 166.281
288.469 111.965 290.12 69.2278 290.356 49.753
290.774 212.13 291.153 259.2 290.173 267.891
291.099 179.593 290.774 212.13 291.153 259.2
290.094 87.7426 291.099 179.593 290.774 212.13
290.12 69.2278 290.094 87.7426 291.099 179.593
291.099 179.593 290.12 69.2278 290.356 49.753
290.173 267.891 289.04 282.754 290.49 286.253
291.153 259.2 290.173 267.891 290.49 286.253
292.156 246.994 291.153 259.2 290.49 286.253
292.178 233.797 292.156 246.994 291.153 259.2
293.696 216.36 292.178 233.797 292.156 246.994
293.823 193.94 293.696 216.36 292.178 233.797
292.522 156.884 293.823 193.94 292.178 233.797
293.47 152.365 292.522 156.884 293.823 193.94
293.604 140.593 293.47 152.365 293.823 193.94
292.117 132.208 293.604 140.593 293.47 152.365
291.617 121.276 292.117 132.208 293.604 140.593
292.237 82.931 291.617 121.276 293.604 140.593
291.457 19.5128 292.237 82.931 293.604 140.593
292.237 82.931 291.457 19.5128 291.121 6.12471
293.582 59.1093 291.457 19.5128 291.121 6.12471
287.97 243.413 290.173 267.891 289.04 282.754
290.173 267.891 287.97 243.413 287.11 202.127
270.003 247.251 270.202 263.117 271.733 271.831
271.733 271.831 270.003 247.251 271.131 232.317
201.483 231.362 202.138 252.968 202.143 259.415
202.143 259.415 201.483 231.362 199.889 188.644
196.112 70.9954 193.998 67.0628 197.971 61.3532
179.286 239.631 173.83 240.865 172.718 252.735
173.83 240.865 179.286 239.631 182.077 227.714
181.477 259.157 177.861 276.02 181.195 287.637
181.195 287.637 181.477 259.157 182.077 227.714
181.477 259.157 179.286 239.631 182.077 227.714
167.341 230.191 166.842 219.024 163.281 202.729
159.45 261.877 158.669 269.31 156.706 289.617
159.87 253.315 159.45 261.877 158.669 269.31
159.47 212.61 159.87 253.315 158.669 269.31
159.464 189.522 159.47 212.61 159.87 253.315
159.47 212.61 159.464 189.522 158.968 161.905
159.464 189.522 159.912 172.755 158.968 161.905
159.464 189.522 159.912 172.755 161.402 143.565
149.711 233.099 149.075 243.225 149.702 283.397
149.075 243.225 149.711 233.099 151.122 209.504
149.711 233.099 150.789 216.294 151.122 209.504
152.204 249.242 152.367 268.181 151.95 286.237
150.789 216.294 152.204 249.242 151.95 286.237
152.204 249.242 150.789 216.294 151.122 209.504
152.532 262.666 152.367 268.181 151.95 286.237
152.367 268.181 152.532 262.666 152.781 201.14
139.257 201.125 140.018 216.353 139.348 229.781
139.257 201.125 139.348 229.781 139.209 281.888
139.267 186.703 139.257 201.125 140.018 216.353
139.586 182.05 139.267 186.703 140.018 216.353
137.049 99.9998 139.586 182.05 139.267 186.703
137.558 93.7476 137.049 99.9998 139.586 182.05
137.687 83.2049 137.558 93.7476 137.049 99.9998
137.049 99.9998 137.687 83.2049 136.795 72.9387
136.506 241.336 136.35 259.571 136.997 266.072
139.257 201.125 136.506 241.336 136.997 266.072
136.506 241.336 139.257 201.125 139.267 186.703
133.892 191.97 136.506 241.336 136.35 259.571
136.506 241.336 133.892 191.97 132.713 168.953
132.713 168.953 133.892 191.97 132.119 223.376
132.713 168.953 132.119 223.376 131.135 258.59
132.984 111.609 133.471 141.838 132.713 168.953
132.984 111.609 132.713 168.953 131.135 258.59
133.471 141.838 132.984 111.609 133.273 92.3525
133.066 282.81 132.119 223.376 133.892 191.97
133.273 92.3525 132.984 111.609 132.035 146.008
131.883 82.3256 133.273 92.3525 132.035 146.008
131.666 62.7786 131.883 82.3256 132.035 146.008
132.858 30.0334 131.666 62.7786 131.883 82.3256
128.869 10.317 132.858 30.0334 131.666 62.7786
132.858 30.0334 128.869 10.317 127.541 3.07471
127.902 237.878 129.04 273.94 129.334 292.206
127.813 198.889 127.136 232.508 127.902 237.878
127.813 198.889 127.902 237.878 129.04 273.94
127.749 116.488 127.813 198.889 129.04 273.94
127.609 16.6004 127.749 116.488 127.813 198.889
127.813 198.889 127.609 16.6004 127.541 3.07471
127.609 16.6004 128.869 10.317 127.541 3.07471
127.893 52.1182 128.41 71.964 130.896 100.277
128.314 37.8104 127.893 52.1182 130.896 100.277
127.609 16.6004 128.314 37.8104 127.893 52.1182
128.314 37.8104 127.609 16.6004 128.869 10.317
129.439 206.639 129.04 273.94 129.334 292.206
129.334 292.206 129.439 206.639 129.683 162.254
127.902 237.878 127.031 249.853 123.881 269.009
127.136 232.508 127.902 237.878 123.881 269.009
126.417 178.584 127.136 232.508 123.881 269.009
126.608 128.769 123.559 161.047 126.417 178.584
126.608 128.769 126.417 178.584 127.136 232.508
123.743 80.5033 126.608 128.769 123.559 161.047
122.854 49.4502 123.743 80.5033 126.608 128.769
126.608 128.769 122.854 49.4502 121.062 2.46735
122.854 49.4502 121.661 40.0141 121.062 2.46735
121.023 112.109 118.847 128.201 121.156 149.67
121.063 86.6908 121.023 112.109 121.156 149.67
121.063 86.6908 121.156 149.67 121.353 247.182
121.661 40.0141 121.063 86.6908 121.353 247.182
121.063 86.6908 121.661 40.0141 121.062 2.46735
122.414 188.02 122.854 49.4502 121.661 40.0141
119.03 218.564 118.673 236.146 118.511 290.341
119.352 207.801 119.03 218.564 118.511 290.341
119.77 182.49 120.203 197.322 119.352 207.801
119.77 182.49 119.352 207.801 119.03 218.564
121.156 149.67 117.934 167.051 119.77 182.49
121.156 149.67 119.77 182.49 120.203 197.322
118.847 128.201 121.156 149.67 117.934 167.051
119.022 97.1618 118.847 128.201 117.934 167.051
119.128 33.8747 118.147 68.1798 119.022 97.1618
118.847 128.201 119.022 97.1618 119.722 18.8716
119.022 97.1618 119.128 33.8747 119.722 18.8716
120.451 262.19 119.352 207.801 120.203 197.322
107.614 281.814 117.118 282.088 111.768 288.324
108.51 273.7 107.614 281.814 117.118 282.088
110.1 259.138 108.51 273.7 117.118 282.088
111.649 220.202 112.834 239.988 110.1 259.138
111.649 220.202 110.1 259.138 108.51 273.7
110.553 193.044 111.649 220.202 112.834 239.988
108.659 170.118 110.553 193.044 111.649 220.202
107.877 163.21 108.659 170.118 111.649 220.202
112.26 143.108 107.877 163.21 108.659 170.118
113.847 130.215 116.077 138.536 112.26 143.108
113.847 130.215 112.26 143.108 107.877 163.21
116.005 123.055 113.847 130.215 116.077 138.536
118.147 68.1798 116.005 123.055 116.077 138.536
116.005 123.055 118.147 68.1798 119.128 33.8747
110.1 259.138 112.834 239.988 116.487 230.459
106.604 248.378 108.51 273.7 107.614 281.814
106.15 231.029 106.604 248.378 108.51 273.7
106.968 213.971 106.15 231.029 108.51 273.7
106.59 200.295 106.968 213.971 106.15 231.029
106.045 180.065 106.59 200.295 106.968 213.971
106.607 149.842 106.045 180.065 106.968 213.971
106.968 213.971 106.607 149.842 107.447 23.1824
102.927 116.238 106.045 180.065 106.59 200.295
102.769 110.891 102.927 116.238 106.045 180.065
102.625 69.853 102.769 110.891 106.045 180.065
106.045 180.065 102.625 69.853 101.735 36.7975
102.625 69.853 101.829 57.9372 101.735 36.7975
103.929 229.148 102.691 271.701 103.548 279.171
102.77 168.443 103.929 229.148 102.691 271.701
102.691 271.701 102.77 168.443 102.769 110.891
102.77 168.443 102.927 116.238 102.769 110.891
102.625 69.853 99.7717 79.2426 100.405 96.0061
99.7717 79.2426 102.625 69.853 101.829 57.9372
100.219 239.94 100.033 256.685 99.6612 291.597
100.86 219.668 100.219 239.94 99.6612 291.597
101.076 210.711 100.86 219.668 99.6612 291.597
101.293 187.326 101.076 210.711 100.86 219.668
100.636 137.889 102.201 181.93 101.293 187.326
100.636 137.889 101.293 187.326 100.86 219.668
100.405 96.0061 100.636 137.889 102.201 181.93
99.7717 79.2426 100.405 96.0061 100.636 137.889
98.5407 18.4507 99.7717 79.2426 100.636 137.889
99.7717 79.2426 98.5407 18.4507 98.4093 8.89977
98.5407 18.4507 93.6583 19.1288 98.0525 31.5852
98.5407 18.4507 98.0525 31.5852 98.5 46.0286
98.5407 18.4507 98.5 46.0286 99.1127 90.6152
98.4093 8.89977 98.5407 18.4507 93.6583 19.1288
93.6583 19.1288 98.4093 8.89977 97.1546 1.59956
93.6106 226.444 92.4731 253.643 93.5967 283.842
97.5026 160.724 93.6106 226.444 93.5967 283.842
97.8587 151.139 97.5026 160.724 93.5967 283.842
97.6595 130.835 97.8587 151.139 97.5026 160.724
97.5026 160.724 97.6595 130.835 98.0525 31.5852
97.6595 130.835 98.5 46.0286 98.0525 31.5852
99.1644 196.357 97.8587 151.139 97.6595 130.835
100.929 247.805 101.076 210.711 101.293 187.326
92.4247 173.914 93.6106 226.444 92.4731 253.643
93.6106 226.444 92.4247 173.914 92.355 160.852
91.5293 198.354 90.3162 209.085 91.4966 217.496
92.4247 173.914 91.5293 198.354 91.4966 217.496
92.355 160.852 92.4247 173.914 91.5293 198.354
92.2068 142.387 92.355 160.852 91.5293 198.354
92.355 160.852 92.2068 142.387 91.7155 57.4111
91.4966 217.496 89.6171 236.743 89.0275 261.844
91.4966 217.496 89.0275 261.844 88.6641 269.143
90.3162 209.085 91.4966 217.496 89.6171 236.743
89.3638 148.498 90.3162 209.085 89.6171 236.743
89.4951 110.875 89.3638 148.498 90.3162 209.085
89.2609 67.583 89.4951 110.875 89.3638 148.498
89.5892 47.6082 89.2609 67.583 89.4951 110.875
89.4951 110.875 89.5892 47.6082 90.5115 32.9408
88.983 191.025 89.0275 261.844 88.6641 269.143
88.6865 103.488 88.983 191.025 88.6641 269.143
88.6911 39.3163 87.2297 81.2162 88.1779 91.8469
88.6911 39.3163 88.1779 91.8469 88.6865 103.488
88.6911 39.3163 88.6865 103.488 88.983 191.025
89.1232 10.1897 88.6911 39.3163 87.2297 81.2162
87.2297 81.2162 89.1232 10.1897 88.5578 -0.232856
83.4415 198.165 83.7051 226.823 86.7626 293.794
86.4128 127.903 83.4415 198.165 86.7626 293.794
87.8743 122.061 86.4128 127.903 86.7626 293.794
88.1779 91.8469 87.8743 122.061 86.7626 293.794
87.2297 81.2162 88.1779 91.8469 87.8743 122.061
87.8743 122.061 87.2297 81.2162 83.4652 81.1359
82.5229 259.51 81.5099 272.434 82.74 283.043
83.7051 226.823 82.5229 259.51 82.74 283.043
83.4415 198.165 83.7051 226.823 82.5229 259.51
82.1557 179.06 83.4415 198.165 82.5229 259.51
81.6599 142.555 82.1557 179.06 82.5229 259.51
82.7148 7.84573 81.6599 142.555 82.1557 179.06
82.1557 179.06 82.7148 7.84573 82.9721 -1.77837
80.4903 253.248 82.5229 259.51 81.5099 272.434
80.1677 117.856 80.4903 253.248 82.5229 259.51
80.1219 110.544 80.1677 117.856 80.4903 253.248
80.1677 117.856 80.1219 110.544 80.0831 20.6813
80.1219 110.544 79.6901 57.9157 80.0831 20.6813
79.6901 57.9157 79.1726 26.0195 80.0831 20.6813
76.0368 148.208 78.3635 160.251 77.4293 167.403
76.0368 148.208 77.4293 167.403 76.2069 190.893
76.0368 148.208 76.2069 190.893 76.3391 289.398
77.481 128.142 76.0368 148.208 78.3635 160.251
77.2662 96.0683 77.481 128.142 78.3635 160.251
77.2082 73.3801 77.2662 96.0683 78.3635 160.251
76.7825 49.6267 77.2082 73.3801 77.2662 96.0683
76.7834 36.9412 76.7825 49.6267 77.2082 73.3801
79.1726 26.0195 76.7834 36.9412 77.2082 73.3801
76.7834 36.9412 79.1726 26.0195 80.0831 20.6813
76.7825 49.6267 72.8647 281.743 72.7351 291.103
72.8647 281.743 76.7825 49.6267 76.7834 36.9412
77.4293 167.403 77.9054 221.399 78.3322 242.989
78.3322 242.989 77.4293 167.403 78.3635 160.251
79.6028 208.694 80.1219 110.544 79.6901 57.9157
77.481 128.142 77.2662 96.0683 76.8682 92.1735
71.6874 203.502 72.8647 281.743 72.7351 291.103
72.8647 281.743 71.6874 203.502 71.6612 190.96
71.6874 203.502 71.2506 243.443 71.2939 256.228
71.6612 190.96 71.6874 203.502 71.2506 243.443
71.1054 173.871 71.6612 190.96 71.2506 243.443
71.7809 160.775 71.1054 173.871 71.6612 190.96
70.7829 153.477 71.7809 160.775 71.1054 173.871
72.8316 118.464 70.7829 153.477 71.7809 160.775
73.0066 109.708 72.8316 118.464 70.7829 153.477
71.4256 91.7677 73.0066 109.708 70.7829 153.477
70.7829 153.477 71.4256 91.7677 71.1804 40.5015
71.4256 91.7677 71.8138 76.9938 71.1804 40.5015
70.3725 232.72 71.2506 243.443 71.2939 256.228
66.4898 208.471 66.1649 222.19 70.3725 232.72
68.3128 180.11 66.4898 208.471 70.3725 232.72
68.3128 180.11 70.3725 232.72 71.2506 243.443
66.8141 143.674 68.3128 180.11 66.4898 208.471
66.326 132.375 66.8141 143.674 66.4898 208.471
63.5301 37.4468 66.326 132.375 66.8141 143.674
66.8141 143.674 63.5301 37.4468 63.4534 26.0972
70.3725 232.72 66.8081 253.573 69.3172 268.841
66.8081 253.573 70.3725 232.72 66.1649 222.19
63.7465 70.6866 62.9752 90.2145 62.6719 122.066
61.4484 50.9162 63.7465 70.6866 62.9752 90.2145
63.5301 37.4468 61.4484 50.9162 63.7465 70.6866
63.4534 26.0972 63.5301 37.4468 61.4484 50.9162
61.2393 17.2608 63.4534 26.0972 61.4484 50.9162
66.1937 7.51529 61.2393 17.2608 63.4534 26.0972
61.2393 17.2608 66.1937 7.51529 68.9657 -0.595931
70.4361 53.603 70.7543 73.0448 69.4233 97.2778
70.6031 22.5412 69.0143 32.9728 70.4361 53.603
70.6031 22.5412 70.4361 53.603 70.7543 73.0448
66.1937 7.51529 70.6031 22.5412 69.0143 32.9728
70.6031 22.5412 66.1937 7.51529 68.9657 -0.595931
62.4877 187.019 66.4898 208.471 66.1649 222.19
66.4898 208.471 62.4877 187.019 63.7308 166.156
62.6911 237.483 61.709 252.456 63.04 276.781
62.4877 187.019 62.6911 237.483 63.04 276.781
62.6911 237.483 62.4877 187.019 61.0398 148.666
62.4877 187.019 63.7308 166.156 61.0398 148.666
61.709 252.456 57.4831 267.004 56.9149 290.598
57.4831 267.004 61.709 252.456 62.6911 237.483
57.4702 258.934 57.4831 267.004 56.9149 290.598
57.2524 226.529 57.4702 258.934 56.9149 290.598
56.3422 223.158 57.2524 226.529 56.9149 290.598
56.0902 207.487 56.3422 223.158 57.2524 226.529
53.5686 201.044 56.0902 207.487 56.3422 223.158
56.0902 207.487 53.5686 201.044 51.9236 157.931
52.838 239.549 53.6021 266.266 52.5399 279.854
53.5686 201.044 52.838 239.549 53.6021 266.266
52.838 239.549 53.5686 201.044 51.9236 157.931
57.9711 197.546 57.4702 258.934 57.4831 267.004
57.6748 163.703 60.3922 183.899 57.9711 197.546
57.6748 163.703 57.9711 197.546 57.4702 258.934
56.1901 141.542 57.6748 163.703 60.3922 183.899
56.1766 128.727 56.1901 141.542 60.3922 183.899
56.0194 106.329 56.1766 128.727 56.1901 141.542
57.2059 97.6377 52.5408 100.285 56.0194 106.329
57.2059 97.6377 56.0194 106.329 56.1766 128.727
51.2115 87.7373 57.2059 97.6377 52.5408 100.285
53.6295 82.8804 51.2115 87.7373 57.2059 97.6377
57.2059 97.6377 53.6295 82.8804 59.7977 80.7156
48.0835 212.521 40.2003 212.639 47.8624 216.712
49.2619 190.354 48.0835 212.521 47.8624 216.712
50.7272 178.714 49.2619 190.354 47.8624 216.712
51.4846 171.793 50.7272 178.714 47.8624 216.712
49.6217 151.54 51.4846 171.793 50.7272 178.714
48.2957 128.752 49.8749 142.194 49.6217 151.54
48.2957 128.752 49.6217 151.54 50.7272 178.714
46.5717 119.759 40.6455 127.016 48.2957 128.752
50.4562 108.532 46.5717 119.759 48.2957 128.752
50.4562 108.532 48.2957 128.752 49.8749 142.194
51.2115 87.7373 50.4562 108.532 49.8749 142.194
51.6857 68.145 53.6295 82.8804 51.2115 87.7373
51.6857 68.145 51.2115 87.7373 50.4562 108.532
53.1156 63.7682 51.6857 68.145 53.6295 82.8804
53.6295 82.8804 53.1156 63.7682 56.7176 63.46
40.3948 228.962 47.5996 231.074 41.0281 237.476
40.3948 228.962 41.0281 237.476 40.145 280.769
38.8207 220.024 40.3948 228.962 40.145 280.769
40.3948 228.962 38.8207 220.024 47.8624 216.712
38.012 263.118 38.023 268.421 38.4217 286.741
38.8207 220.024 38.012 263.118 38.4217 286.741
40.2003 212.639 47.8624 216.712 38.8207 220.024
38.6956 188.871 40.2003 212.639 38.8207 220.024
38.6956 188.871 38.8207 220.024 38.012 263.118
38.0751 168.538 38.6956 188.871 40.2003 212.639
40.2003 212.639 38.0751 168.538 38.5832 159.213
48.8922 250.082 50.7171 263.804 50.9661 290.477
50.7171 263.804 48.8922 250.082 47.5996 231.074
48.8922 250.082 41.0281 237.476 47.5996 231.074
37.2453 247.153 38.012 263.118 38.023 268.421
36.5726 183.873 37.4234 200.732 37.2453 247.153
33.6644 163.882 36.5726 183.873 37.2453 247.153
33.6644 163.882 37.2453 247.153 38.023 268.421
36.5726 183.873 33.6644 163.882 31.6655 148.608
33.4856 193.631 31.2577 247.529 31.2897 257.677
33.6644 163.882 33.4856 193.631 31.2577 247.529
31.6655 148.608 33.6644 163.882 31.2577 247.529
31.2577 247.529 31.6655 148.608 31.3983 113.611
33.3058 269.046 33.4856 193.631 33.6644 163.882
30.9801 221.96 31.2577 247.529 31.2897 257.677
30.964 79.2762 30.9801 221.96 31.2577 247.529
31.2577 247.529 30.964 79.2762 30.9698 53.6118
30.964 79.2762 30.3208 117.805 30.9161 232.913
30.3208 117.805 30.964 79.2762 30.9698 53.6118
29.588 42.5379 30.3208 117.805 30.9161 232.913
30.3208 117.805 29.588 42.5379 29.681 8.97044
27.9379 133.757 27.2773 179.17 27.4773 196.077
28.7493 70.9074 27.9379 133.757 27.2773 179.17
28.5052 63.01 28.7493 70.9074 27.2773 179.17
29.588 42.5379 28.5052 63.01 28.7493 70.9074
28.5052 63.01 29.588 42.5379 29.681 8.97044
28.6895 286.857 27.9379 133.757 28.7493 70.9074
26.8483 206.7 26.4057 239.423 26.7171 282.861
27.4773 196.077 26.8483 206.7 26.7171 282.861
27.2773 179.17 27.4773 196.077 26.8483 206.7
26.8596 173.449 27.2773 179.17 26.8483 206.7
26.6244 101.892 26.8596 173.449 26.8483 206.7
26.8596 173.449 26.6244 101.892 27.4418 29.7931
26.6244 101.892 23.5368 109.727 22.9035 133.605
27.4418 29.7931 26.6244 101.892 23.5368 109.727
23.5368 109.727 27.4418 29.7931 27.2972 -0.409522
23.812 269.611 26.4057 239.423 26.8483 206.7
18.9046 279.69 13.6663 289.745 17.7482 293.969
20.9775 256.868 18.9046 279.69 17.7482 293.969
20.417 252.807 20.9775 256.868 18.9046 279.69
21.621 236.577 20.417 252.807 20.9775 256.868
20.2051 228.702 21.621 236.577 20.417 252.807
21.4037 216.668 20.2051 228.702 21.621 236.577
21.8061 209.062 21.4037 216.668 21.621 236.577
22.9035 133.605 21.8061 209.062 21.621 236.577
22.7209 73 23.5368 109.727 22.9035 133.605
22.7209 73 22.9035 133.605 21.8061 209.062
23.5368 109.727 22.7209 73 23.6725 26.8407
8.71585 263.709 6.57805 267.099 9.37833 277.069
12.0343 252.02 8.71585 263.709 9.37833 277.069
8.71585 263.709 12.0343 252.02 21.4037 216.668
12.0343 252.02 20.2051 228.702 21.4037 216.668
7.20296 238.232 8.71585 263.709 6.57805 267.099
8.00629 219.777 6.21918 227.271 7.20296 238.232
8.00629 219.777 7.20296 238.232 8.71585 263.709
9.14037 203.089 11.3065 210.805 8.00629 219.777
9.14037 203.089 8.00629 219.777 6.21918 227.271
7.51268 186.769 9.14037 203.089 11.3065 210.805
6.15826 181.484 7.51268 186.769 9.14037 203.089
0.051436 136.624 2.66744 153.743 6.15826 181.484
-2.84921 118.612 0.051436 136.624 6.15826 181.484
-2.84921 118.612 6.15826 181.484 9.14037 203.089
0.051436 136.624 -2.84921 118.612 -1.40498 113.229
-2.47997 192.552 -3.5718 242.672 -3.57234 271.582
-2.23064 181.035 -2.47997 192.552 -3.5718 242.672
-2.49253 157.713 -2.23064 181.035 -3.5718 242.672
-2.84921 118.612 -2.49253 157.713 -3.5718 242.672
-0.414894 96.998 -1.40498 113.229 -2.84921 118.612
-2.47452 76.3046 -0.414894 96.998 -2.84921 118.612
-3.48031 40.5973 -2.23989 69.2339 -2.47452 76.3046
-3.48031 40.5973 -2.47452 76.3046 -2.84921 118.612
-3.48031 40.5973 -2.84921 118.612 -3.5718 242.672
-2.23989 69.2339 -3.48031 40.5973 -3.3968 11.9035
-1.65095 220.387 -1.16734 250.185 -0.990566 262.801
-1.80273 212.925 -1.65095 220.387 -0.990566 262.801
-2.23064 181.035 -1.80273 212.925 -1.65095 220.387
-1.65095 220.387 -2.23064 181.035 -2.49253 157.713
-1.16734 250.185 -0.990566 262.801 -0.467924 283.189
-0.569896 227.681 -1.16734 250.185 -0.467924 283.189
-1.16734 250.185 -0.569896 227.681 0.582444 171.401
-0.569896 227.681 0.354569 197.613 0.582444 171.401
2.39663 291.403 0.354569 197.613 0.582444 171.401
-0.782179 51.6208 -2.23989 69.2339 -2.47452 76.3046
-0.263805 17.1553 -0.782179 51.6208 -2.23989 69.2339
-2.23989 69.2339 -0.263805 17.1553 -0.273306 -0.185046
0.92377 29.8681 -0.263805 17.1553 -0.273306 -0.185046
2.28607 128.692 0.051436 136.624 2.66744 153.743
2.66744 153.743 2.28607 128.692 2.65347 93.6856
11.3794 157.115 6.15826 181.484 7.51268 186.769
11.2627 140.137 11.3794 157.115 6.15826 181.484
9.52109 120.675 11.2627 140.137 6.15826 181.484
6.97458 80.7464 8.25947 111.322 9.52109 120.675
6.97458 80.7464 9.52109 120.675 11.2627 140.137
8.25947 111.322 6.97458 80.7464 3.63877 63.9145
6.97458 80.7464 10.3222 69.4976 3.63877 63.9145
6.91033 132.603 9.52109 120.675 8.25947 111.322
13.1174 169.53 11.3794 157.115 11.2627 140.137
10.3222 69.4976 6.97458 80.7464 12.7483 97.276
9.16221 52.6611 8.46934 59.499 10.3222 69.4976
9.16221 52.6611 10.3222 69.4976 12.7483 97.276
9.48607 42.1549 9.16221 52.6611 8.46934 59.499
7.71654 18.0555 9.48607 42.1549 8.46934 59.499
10.023 9.18016 7.71654 18.0555 9.48607 42.1549
7.71654 18.0555 10.023 9.18016 11.6527 -0.983553
13.0022 29.6573 10.023 9.18016 11.6527 -0.983553
19.8958 198.424 21.8061 209.062 21.4037 216.668
17.0066 186.173 19.8958 198.424 21.4037 216.668
16.4076 169.962 17.0066 186.173 19.8958 198.424
16.8924 161.174 16.4076 169.962 19.8958 198.424
17.36 139.974 16.8924 161.174 16.4076 169.962
18.7349 102.542 16.3148 120.741 17.36 139.974
18.7349 102.542 17.36 139.974 16.8924 161.174
16.3148 120.741 18.7349 102.542 20.0624 91.7848
20.0624 91.7848 18.7349 102.542 21.7692 151.885
20.1297 83.625 20.0624 91.7848 21.7692 151.885
18.7042 63.5948 20.1297 83.625 20.0624 91.7848
20.0624 91.7848 18.7042 63.5948 16.8442 46.266
16.3148 120.741 17.36 139.974 13.9285 153.076
13.9285 153.076 16.3148 120.741 13.3859 86.3199
18.9664 40.4664 18.7042 63.5948 20.1297 83.625
18.3659 22.1258 18.9664 40.4664 18.7042 63.5948
20.3395 9.2006 18.3659 22.1258 18.9664 40.4664
18.9664 40.4664 20.3395 9.2006 21.5535 3.34332
21.8061 209.062 19.8958 198.424 20.7821 181.93
39.2475 117.864 46.5717 119.759 40.6455 127.016
36.925 110.348 39.2475 117.864 40.6455 127.016
39.2475 117.864 36.925 110.348 38.8636 103.811
36.925 110.348 39.1786 140.495 40.0225 146.633
39.1786 140.495 36.925 110.348 33.6679 89.6758
36.925 110.348 38.8636 103.811 33.6679 89.6758
40.0225 146.633 39.1786 140.495 32.862 139.383
40.171 87.0211 39.2475 117.864 46.5717 119.759
38.9202 81.2219 40.171 87.0211 39.2475 117.864
38.9615 69.9457 38.9202 81.2219 40.171 87.0211
39.0318 57.5099 38.9615 69.9457 40.171 87.0211
42.8367 49.8032 39.0318 57.5099 40.171 87.0211
46.1646 41.7409 42.8367 49.8032 39.0318 57.5099
39.5844 40.6315 46.1646 41.7409 39.0318 57.5099
41.277 33.6641 39.5844 40.6315 46.1646 41.7409
37.3708 22.5111 41.277 33.6641 46.1646 41.7409
32.0724 21.2144 37.3708 22.5111 41.277 33.6641
50.9369 17.2255 32.0724 21.2144 37.3708 22.5111
42.7088 13.6618 50.9369 17.2255 32.0724 21.2144
49.2128 8.98953 42.7088 13.6618 50.9369 17.2255
41.1428 3.34263 49.2128 8.98953 42.7088 13.6618
49.2128 8.98953 41.1428 3.34263 47.3435 1.71474
53.4035 50.8149 53.1156 63.7682 51.6857 68.145
58.1131 11.5606 53.4035 50.8149 53.1156 63.7682
53.1156 63.7682 58.1131 11.5606 60.8064 -3.22999
53.5412 26.5997 58.1131 11.5606 60.8064 -3.22999
71.4256 91.7677 71.8138 76.9938 73.2553 59.5681
90.3162 209.085 91.5293 198.354 90.6966 183.707
113.595 122.865 116.005 123.055 113.847 130.215
112.95 109.511 113.595 122.865 113.847 130.215
110.168 99.6838 112.95 109.511 113.847 130.215
111.317 80.0835 110.168 99.6838 112.95 109.511
110.871 67.7661 111.317 80.0835 112.95 109.511
111.317 80.0835 110.871 67.7661 107.826 13.7878
110.871 67.7661 110.717 37.0144 107.826 13.7878
110.871 67.7661 110.717 37.0144 112.157 1.4892
113.538 59.0744 113.853 90.3745 112.95 109.511
113.327 51.3989 113.538 59.0744 112.95 109.511
113.388 30.916 113.327 51.3989 113.538 59.0744
113.538 59.0744 113.388 30.916 116.421 8.60356
113.853 90.3745 112.95 109.511 113.595 122.865
113.595 122.865 113.853 90.3745 117.839 59.9162
137.558 93.7476 137.687 83.2049 139.431 9.45614
137.687 83.2049 138.087 46.3071 139.431 9.45614
138.087 46.3071 138.131 23.3545 139.431 9.45614
141.894 106.807 142.195 127.269 140.761 138.32
142.195 127.269 141.894 106.807 141.917 -2.39861
