-37.9145 -3.78332 -29.5806 -3.28367 -36.8065 -3.21316
-37.9145 -3.78332 -36.8065 -3.21316 -37.7778 -2.25726
-38.3567 -4.4582 -37.9145 -3.78332 -37.7778 -2.25726
-43.0533 -6.67604 -38.3567 -4.4582 -37.7778 -2.25726
-38.3567 -4.4582 -43.0533 -6.67604 -42.9881 -6.90995
-46.7473 -0.671672 -43.0533 -6.67604 -42.9881 -6.90995
-26.7698 0.929375 -23.0881 3.12784 -13.6881 5.71322
-30.6331 -0.995045 -26.7698 0.929375 -13.6881 5.71322
-23.0576 -1.58149 0.406822 -1.03715 -30.6331 -0.995045
-26.6269 -1.58603 -23.0576 -1.58149 -30.6331 -0.995045
-36.8065 -3.21316 -26.6269 -1.58603 -30.6331 -0.995045
-36.8065 -3.21316 -30.6331 -0.995045 -26.7698 0.929375
-29.5806 -3.28367 -36.8065 -3.21316 -26.6269 -1.58603
-33.5837 -7.16389 -29.5806 -3.28367 -26.6269 -1.58603
-36.2172 -9.47359 -33.5837 -7.16389 -29.5806 -3.28367
-42.9275 -10.3501 -45.6419 -9.56639 -36.2172 -9.47359
-33.5837 -7.16389 -36.2172 -9.47359 -29.7828 -10.3676
-36.2172 -9.47359 -42.9275 -10.3501 -29.7828 -10.3676
-17.018 12.0268 -23.9883 13.9149 -20.7309 16.3062
-15.1776 11.5268 -13.9689 11.6441 -17.018 12.0268
-15.1776 11.5268 -17.018 12.0268 -23.9883 13.9149
-19.3018 6.75638 -15.1776 11.5268 -13.9689 11.6441
-23.0881 3.12784 -19.3018 6.75638 -13.9689 11.6441
-19.3018 6.75638 -23.0881 3.12784 -26.7698 0.929375
0.406822 -1.03715 19.5362 -0.67237 25.0522 -0.235601
19.5362 -0.67237 0.406822 -1.03715 -23.0576 -1.58149
-45.6079 -8.7588 -36.2172 -9.47359 -45.6419 -9.56639
-35.9685 -13.2791 -42.9275 -10.3501 -45.6419 -9.56639
-25.2455 -13.7415 -35.9685 -13.2791 -42.9275 -10.3501
-28.8189 -14.1762 -25.2455 -13.7415 -35.9685 -13.2791
-38.8555 -14.4667 -28.8189 -14.1762 -35.9685 -13.2791
-41.8384 -15.0851 -38.8555 -14.4667 -35.9685 -13.2791
-43.9647 -16.4637 -41.8384 -15.0851 -38.8555 -14.4667
-38.8555 -14.4667 -43.9647 -16.4637 -38.0658 -19.198
-17.0782 -17.6614 -28.8189 -14.1762 -25.2455 -13.7415
-17.9617 -17.6865 -17.0782 -17.6614 -28.8189 -14.1762
-12.579 -18.4827 -17.9617 -17.6865 -17.0782 -17.6614
-17.9617 -17.6865 -12.579 -18.4827 -27.2812 -19.639
-19.6172 -12.6948 -15.2857 -12.0748 -6.74747 -10.6779
-11.2504 -12.7882 -19.6172 -12.6948 -15.2857 -12.0748
-16.896 -13.4479 -11.2504 -12.7882 -19.6172 -12.6948
-12.579 -18.4827 -16.896 -13.4479 -19.6172 -12.6948
-11.2224 -19.7003 -27.2812 -19.639 -12.579 -18.4827
-11.2224 -19.7003 -12.579 -18.4827 -16.896 -13.4479
-27.2812 -19.639 -11.2224 -19.7003 -1.76929 -19.8846
-11.2224 -19.7003 9.9718 -19.7235 -1.76929 -19.8846
15.0071 -17.1827 23.5355 -12.1972 28.0749 -9.35294
8.82386 -18.7988 13.932 -17.2195 15.0071 -17.1827
7.96332 -19.053 8.82386 -18.7988 15.0071 -17.1827
12.9457 -19.601 -3.42666 -19.21 7.96332 -19.053
12.9457 -19.601 7.96332 -19.053 15.0071 -17.1827
12.9457 -19.601 15.0071 -17.1827 23.5355 -12.1972
-11.2224 -19.7003 12.9457 -19.601 -3.42666 -19.21
9.9718 -19.7235 -11.2224 -19.7003 12.9457 -19.601
10.0354 -21.3184 9.9718 -19.7235 12.9457 -19.601
8.78166 -26.1257 10.793 -24.3166 10.0354 -21.3184
8.78166 -26.1257 10.0354 -21.3184 9.9718 -19.7235
4.02126 -30.7994 1.76591 -29.846 4.81649 -29.2468
4.02126 -30.7994 4.81649 -29.2468 8.78166 -26.1257
4.02126 -30.7994 8.78166 -26.1257 10.793 -24.3166
10.0515 -35.456 4.02126 -30.7994 1.76591 -29.846
15.3184 -37.7364 10.0515 -35.456 4.02126 -30.7994
4.02126 -30.7994 15.3184 -37.7364 20.6559 -39.9847
15.3184 -37.7364 12.0546 -39.6571 20.6559 -39.9847
-4.21467 -12.1878 8.82386 -18.7988 7.96332 -19.053
15.0071 -17.1827 15.9778 -15.3294 19.0898 -8.94764
19.0898 -8.94764 15.0071 -17.1827 13.932 -17.2195
15.3184 -37.7364 -0.289843 -37.2484 -5.68727 -36.5143
12.0546 -39.6571 15.3184 -37.7364 -0.289843 -37.2484
13.2155 -41.6861 12.0546 -39.6571 -0.289843 -37.2484
15.9054 -43.4276 13.2155 -41.6861 12.0546 -39.6571
17.9328 -43.9296 15.9054 -43.4276 12.0546 -39.6571
17.7837 -45.4307 17.9328 -43.9296 15.9054 -43.4276
17.9328 -43.9296 17.7837 -45.4307 19.1073 -45.6466
4.13431 -40.2346 13.2155 -41.6861 15.9054 -43.4276
-1.39585 -37.8441 -0.289843 -37.2484 -5.68727 -36.5143
-9.85763 -39.3264 -1.39585 -37.8441 -5.68727 -36.5143
-4.90676 -43.2268 -9.85763 -39.3264 -1.39585 -37.8441
-1.39585 -37.8441 -4.90676 -43.2268 -7.92861 -48.058
-10.5125 -38.9151 -11.1833 -37.5398 -10.0853 -34.5228
-9.85763 -39.3264 -10.5125 -38.9151 -10.0853 -34.5228
-10.5125 -38.9151 -9.85763 -39.3264 -4.90676 -43.2268
-14.0363 -44.6739 -11.1833 -37.5398 -10.0853 -34.5228
-11.1833 -37.5398 -14.0363 -44.6739 -13.7932 -47.8278
-14.0363 -44.6739 -21.4572 -44.8276 -13.7932 -47.8278
-21.4037 -39.2624 -25.9756 -38.7523 -32.5934 -37.5238
-18.164 -44.4145 -21.4037 -39.2624 -25.9756 -38.7523
-25.9756 -38.7523 -18.164 -44.4145 -21.4572 -44.8276
-18.164 -44.4145 -14.0363 -44.6739 -21.4572 -44.8276
-17.56 -39.7373 -18.164 -44.4145 -14.0363 -44.6739
-33.5325 -23.1766 -26.6359 -21.5728 -29.0012 -21.5455
-27.0879 -25.5638 -33.5325 -23.1766 -26.6359 -21.5728
-28.7189 -26.0277 -27.0879 -25.5638 -33.5325 -23.1766
-34.8329 -27.2663 -28.7189 -26.0277 -33.5325 -23.1766
-34.9834 -28.2642 -34.8329 -27.2663 -28.7189 -26.0277
-29.9795 -29.6258 -34.9834 -28.2642 -28.7189 -26.0277
-24.7306 -33.5875 -29.9795 -29.6258 -28.7189 -26.0277
-23.479 -36.8172 -25.3958 -35.6425 -24.6325 -34.1209
-23.479 -36.8172 -24.6325 -34.1209 -24.7306 -33.5875
-21.4037 -39.2624 -23.479 -36.8172 -24.7306 -33.5875
-21.4037 -39.2624 -24.7306 -33.5875 -28.7189 -26.0277
-28.7189 -26.0277 -21.4037 -39.2624 -18.164 -44.4145
-38.5022 -31.5302 -24.7306 -33.5875 -24.6325 -34.1209
-41.2083 -27.3649 -41.6866 -25.1521 -41.2484 -20.2852
-39.446 -27.4842 -41.2083 -27.3649 -41.2484 -20.2852
-34.9834 -28.2642 -39.446 -27.4842 -41.2083 -27.3649
-41.2083 -27.3649 -34.9834 -28.2642 -29.9795 -29.6258
-41.6866 -25.1521 -43.3442 -24.4205 -45.0953 -21.4273
-43.3442 -24.4205 -41.6866 -25.1521 -41.2083 -27.3649
-22.1438 -27.2617 -28.7189 -26.0277 -27.0879 -25.5638
-16.3139 -27.7811 -22.1438 -27.2617 -27.0879 -25.5638
-15.9796 -28.3413 -16.3139 -27.7811 -22.1438 -27.2617
-22.1438 -27.2617 -15.9796 -28.3413 -23.9144 -28.9876
-12.6595 -25.6542 -9.59305 -22.1488 -9.76934 -19.9664
-16.3139 -27.7811 -12.6595 -25.6542 -9.76934 -19.9664
-12.6595 -25.6542 -16.3139 -27.7811 -15.9796 -28.3413
-9.76934 -19.9664 -9.59305 -22.1488 -3.49071 -26.8928
-32.5934 -37.5238 -25.9756 -38.7523 -24.7363 -41.5018
17.7067 -24.893 10.793 -24.3166 10.0354 -21.3184
17.6087 -26.3837 17.7067 -24.893 10.793 -24.3166
10.793 -24.3166 17.6087 -26.3837 15.537 -27.0105
17.7067 -24.893 18.2324 -21.7011 16.2285 -20.2746
18.2324 -21.7011 17.7067 -24.893 17.6087 -26.3837
24.0916 -24.6968 18.2324 -21.7011 16.2285 -20.2746
18.2324 -21.7011 24.0916 -24.6968 24.7855 -25.2984
24.0916 -24.6968 29.4736 -24.3917 23.9173 -24.0823
24.7855 -25.2984 24.0916 -24.6968 29.4736 -24.3917
32.0239 -25.3437 24.7855 -25.2984 29.4736 -24.3917
31.2946 -25.7293 32.0239 -25.3437 24.7855 -25.2984
25.135 -25.9351 31.2946 -25.7293 24.7855 -25.2984
22.6513 -30.0203 25.135 -25.9351 24.7855 -25.2984
24.7855 -25.2984 22.6513 -30.0203 20.9852 -31.0888
38.1123 -21.42 35.8531 -20.8877 38.4629 -20.2266
34.8947 -24.1348 38.1123 -21.42 35.8531 -20.8877
33.4 -24.4055 34.8947 -24.1348 35.8531 -20.8877
32.0239 -25.3437 33.4 -24.4055 34.8947 -24.1348
34.8947 -24.1348 32.0239 -25.3437 31.2946 -25.7293
20.9852 -31.0888 22.6513 -30.0203 37.0139 -28.5608
31.9518 -31.133 20.9852 -31.0888 37.0139 -28.5608
28.0146 -38.0854 31.9518 -31.133 37.0139 -28.5608
25.8947 -41.1414 27.8866 -38.5932 28.0146 -38.0854
25.8947 -41.1414 28.0146 -38.0854 31.9518 -31.133
27.8866 -38.5932 25.8947 -41.1414 25.5185 -42.5319
25.8947 -41.1414 22.2826 -41.7622 25.5185 -42.5319
28.0146 -38.0854 27.8866 -38.5932 29.2734 -39.7485
22.7053 -14.3675 23.5355 -12.1972 28.0749 -9.35294
23.5355 -12.1972 22.7053 -14.3675 19.3367 -17.9874
22.7053 -14.3675 25.1259 -17.3081 19.3367 -17.9874
35.7083 -12.4566 37.4363 -11.2978 42.2609 -9.01487
30.3704 -15.5555 41.5441 -12.6888 35.7083 -12.4566
30.3704 -15.5555 35.7083 -12.4566 37.4363 -11.2978
25.1259 -17.3081 30.3704 -15.5555 37.4363 -11.2978
30.3704 -15.5555 25.1259 -17.3081 30.0813 -18.2132
25.1259 -17.3081 19.3367 -17.9874 30.0813 -18.2132
-11.515 -3.04822 -26.6269 -1.58603 -23.0576 -1.58149
-15.3131 -3.14905 -11.515 -3.04822 -26.6269 -1.58603
-8.57684 -4.93254 -15.3131 -3.14905 -26.6269 -1.58603
-10.0775 -5.36255 -22.1994 -5.06542 -8.57684 -4.93254
-5.12588 -5.76123 -10.0775 -5.36255 -8.57684 -4.93254
-5.12588 -5.76123 -8.57684 -4.93254 -15.3131 -3.14905
-11.7308 -7.03553 -5.12588 -5.76123 -10.0775 -5.36255
-10.0775 -5.36255 -11.7308 -7.03553 -15.2701 -7.64608
-7.64226 -1.90061 -11.515 -3.04822 -9.99103 -3.70926
-11.515 -3.04822 -15.3131 -3.14905 -9.99103 -3.70926
42.6082 -1.16557 19.5362 -0.67237 25.0522 -0.235601
49.49 -2.62717 42.6082 -1.16557 19.5362 -0.67237
45.846 -3.12789 49.49 -2.62717 19.5362 -0.67237
49.49 -2.62717 45.846 -3.12789 39.4194 -5.05474
45.846 -3.12789 27.9742 -3.93913 39.4194 -5.05474
5.59357 -4.53507 27.9742 -3.93913 45.846 -3.12789
15.9557 -5.34263 5.59357 -4.53507 27.9742 -3.93913
26.6898 -5.73329 21.2196 -5.44165 15.9557 -5.34263
22.7369 -6.50226 26.6898 -5.73329 15.9557 -5.34263
22.7369 -6.50226 15.9557 -5.34263 5.59357 -4.53507
27.1435 -6.92788 22.7369 -6.50226 26.6898 -5.73329
9.78534 -7.31271 27.1435 -6.92788 22.7369 -6.50226
20.172 -7.58233 41.2809 -7.49868 9.78534 -7.31271
0.225524 -7.59224 20.172 -7.58233 9.78534 -7.31271
0.225524 -7.59224 9.78534 -7.31271 22.7369 -6.50226
7.0051 -7.69213 0.225524 -7.59224 20.172 -7.58233
0.225524 -7.59224 7.0051 -7.69213 38.9599 -8.22732
7.0051 -7.69213 28.4991 -7.81585 38.9599 -8.22732
-11.1125 11.429 -13.9689 11.6441 -17.018 12.0268
-10.4078 8.74313 -11.1125 11.429 -13.9689 11.6441
-12.3654 8.02925 -10.4078 8.74313 -13.9689 11.6441
-12.0059 4.75393 -12.3654 8.02925 -10.4078 8.74313
-12.8538 2.57902 -9.51801 4.73109 -12.0059 4.75393
-12.8538 2.57902 -12.0059 4.75393 -12.3654 8.02925
-9.51801 4.73109 -12.8538 2.57902 -12.1855 0.448886
-11.1125 11.429 -10.9456 13.0947 -12.5297 17.7619
-10.9456 13.0947 -11.1125 11.429 -10.4078 8.74313
-0.545396 4.79393 -2.33735 4.89692 -5.46679 4.92233
-12.0059 4.75393 -0.545396 4.79393 -5.46679 4.92233
-0.545396 4.79393 -12.0059 4.75393 -9.51801 4.73109
-4.00135 12.9259 -1.86157 5.14776 -2.33735 4.89692
0.867418 16.2617 -0.158918 17.4082 2.50831 18.5366
2.16857 12.9529 0.867418 16.2617 2.50831 18.5366
0.217842 11.6117 2.16857 12.9529 0.867418 16.2617
-1.86157 5.14776 5.40138 5.35125 2.03935 5.91068
-1.86157 5.14776 2.03935 5.91068 0.217842 11.6117
-1.86157 5.14776 0.217842 11.6117 0.867418 16.2617
-2.33735 4.89692 -1.86157 5.14776 5.40138 5.35125
5.40138 5.35125 -2.33735 4.89692 -0.545396 4.79393
-4.74359 19.5408 -0.158918 17.4082 0.867418 16.2617
26.5951 16.0914 16.2527 18.6716 22.296 21.1763
27.056 13.0479 26.5951 16.0914 16.2527 18.6716
23.8762 12.8335 27.056 13.0479 16.2527 18.6716
20.0385 12.215 23.8762 12.8335 16.2527 18.6716
12.4886 6.95692 20.0385 12.215 23.8762 12.8335
5.40138 5.35125 2.03935 5.91068 12.4886 6.95692
4.8502 2.86718 5.40138 5.35125 12.4886 6.95692
4.8502 2.86718 12.4886 6.95692 23.8762 12.8335
5.40138 5.35125 4.8502 2.86718 2.76779 -0.101783
12.6343 4.02861 4.8502 2.86718 2.76779 -0.101783
7.4119 9.35093 3.5516 10.3999 9.99635 12.3463
10.8994 8.07794 7.4119 9.35093 9.99635 12.3463
12.4886 6.95692 10.8994 8.07794 9.99635 12.3463
10.8994 8.07794 12.4886 6.95692 2.03935 5.91068
3.5516 10.3999 3.41263 10.4049 5.45653 17.9598
3.41263 10.4049 3.5516 10.3999 7.4119 9.35093
38.065 23.8684 30.2657 24.1823 39.9242 24.2598
35.2705 23.1729 38.065 23.8684 39.9242 24.2598
35.1681 21.1909 35.2705 23.1729 39.9242 24.2598
32.7454 20.8364 35.1681 21.1909 35.2705 23.1729
44.598 20.3471 32.7454 20.8364 35.1681 21.1909
39.8042 19.9081 44.598 20.3471 32.7454 20.8364
32.7592 19.1351 39.8042 19.9081 32.7454 20.8364
31.8451 13.5355 32.7592 19.1351 32.7454 20.8364
31.8166 12.3482 23.8762 12.8335 27.056 13.0479
31.8166 12.3482 27.056 13.0479 31.8451 13.5355
31.8166 12.3482 31.8451 13.5355 32.7592 19.1351
27.7241 10.794 31.8166 12.3482 23.8762 12.8335
23.8762 12.8335 27.7241 10.794 24.3162 0.494222
41.0366 17.7282 39.8042 19.9081 44.598 20.3471
37.5714 16.0388 41.0366 17.7282 39.8042 19.9081
39.2266 11.4996 37.5714 16.0388 41.0366 17.7282
37.0369 4.39954 39.2266 11.4996 37.5714 16.0388
35.86 2.62472 45.8383 3.37875 37.0369 4.39954
35.86 2.62472 37.0369 4.39954 37.5714 16.0388
45.8383 3.37875 35.86 2.62472 42.1762 1.66842
14.8348 22.6389 35.2705 23.1729 38.065 23.8684
35.2705 23.1729 14.8348 22.6389 0.543642 21.9335
14.8348 22.6389 -16.311 22.0832 0.543642 21.9335
-3.66046 26.041 8.52691 26.0716 1.12433 26.3394
-22.6437 25.7724 -3.66046 26.041 1.12433 26.3394
-15.7243 25.115 -32.4103 25.6384 -22.6437 25.7724
-15.7243 25.115 -22.6437 25.7724 -3.66046 26.041
5.02895 23.1513 -15.7243 25.115 -32.4103 25.6384
14.8348 22.6389 5.02895 23.1513 -15.7243 25.115
5.02895 23.1513 14.8348 22.6389 -16.311 22.0832
-16.311 22.0832 -19.8941 22.1778 -27.6584 23.3389
-19.8941 22.1778 -16.311 22.0832 -14.4017 21.803
-16.311 22.0832 0.543642 21.9335 -14.4017 21.803
-22.6437 25.7724 -24.5174 26.2045 -30.5122 27.2295
-30.5122 27.2295 -22.6437 25.7724 -32.4103 25.6384
8.52691 26.0716 -3.66046 26.041 13.103 25.0845
34.6534 33.5088 25.9027 34.7386 35.0505 35.5004
37.7149 30.0893 34.6534 33.5088 35.0505 35.5004
38.9539 29.7787 37.7149 30.0893 35.0505 35.5004
19.0409 28.4156 38.9539 29.7787 37.7149 30.0893
18.376 28.404 19.0409 28.4156 37.7149 30.0893
25.8934 27.3284 18.376 28.404 19.0409 28.4156
35.4851 26.4806 25.8934 27.3284 19.0409 28.4156
8.52691 26.0716 1.12433 26.3394 35.4851 26.4806
19.0409 28.4156 35.4851 26.4806 40.541 25.9724
35.4851 26.4806 8.52691 26.0716 40.541 25.9724
-24.2068 31.4797 -27.5677 31.6039 -17.008 32.1892
-15.3485 29.385 -24.2068 31.4797 -27.5677 31.6039
-12.1155 29.3458 -15.3485 29.385 -24.2068 31.4797
-20.1635 29.2339 -12.1155 29.3458 -15.3485 29.385
-2.62768 28.7444 -20.1635 29.2339 -12.1155 29.3458
18.376 28.404 -2.62768 28.7444 -12.1155 29.3458
-2.62768 28.7444 18.376 28.404 25.8934 27.3284
10.2263 36.1466 15.8086 36.6544 13.5262 37.0436
11.0198 35.3254 10.2263 36.1466 15.8086 36.6544
14.15 35.3216 11.0198 35.3254 15.8086 36.6544
25.9027 34.7386 14.15 35.3216 15.8086 36.6544
14.15 35.3216 25.9027 34.7386 34.6534 33.5088
4.32107 34.0798 11.0198 35.3254 10.2263 36.1466
11.0198 35.3254 4.32107 34.0798 2.53724 33.0555
6.34813 44.1758 8.1537 47.0787 8.30065 48.659
5.53674 42.104 6.34813 44.1758 8.1537 47.0787
4.83198 38.1381 5.53674 42.104 8.1537 47.0787
4.32107 34.0798 6.33059 36.4964 4.83198 38.1381
5.53674 42.104 4.83198 38.1381 2.53724 33.0555
4.83198 38.1381 4.32107 34.0798 2.53724 33.0555
1.80067 46.8235 -6.69631 48.1542 -8.26205 49.0539
2.74273 45.3796 1.80067 46.8235 -6.69631 48.1542
6.34813 44.1758 2.74273 45.3796 1.80067 46.8235
2.74273 45.3796 6.34813 44.1758 5.53674 42.104
8.1537 47.0787 10.053 45.7291 18.0503 38.1703
10.053 45.7291 8.1537 47.0787 8.30065 48.659
8.30065 48.659 10.053 45.7291 13.6788 43.314
-5.85393 44.8033 -6.69631 48.1542 -8.26205 49.0539
-2.42744 41.9224 -5.85393 44.8033 -6.69631 48.1542
-9.39193 41.5535 -2.42744 41.9224 -5.85393 44.8033
-2.42744 41.9224 -9.39193 41.5535 -12.9183 41.0202
-12.5422 45.0554 -17.2801 45.9313 -12.1292 48.199
-22.1768 42.6659 -12.5422 45.0554 -17.2801 45.9313
-23.052 42.5573 -22.1768 42.6659 -17.2801 45.9313
-9.39193 41.5535 -23.052 42.5573 -22.1768 42.6659
-12.9183 41.0202 -9.39193 41.5535 -23.052 42.5573
-21.055 40.5819 -12.9183 41.0202 -23.052 42.5573
-20.5734 39.4839 -21.055 40.5819 -23.052 42.5573
-22.9483 34.5169 -20.5734 39.4839 -23.052 42.5573
-1.55735 34.0996 -3.30686 34.4599 -22.9483 34.5169
-24.3873 33.8447 -1.55735 34.0996 -22.9483 34.5169
-24.3873 33.8447 -22.9483 34.5169 -23.052 42.5573
-1.55735 34.0996 -24.3873 33.8447 -35.3364 33.6746
-24.3873 33.8447 -26.5882 33.8386 -35.3364 33.6746
-11.7131 38.353 -20.5734 39.4839 -21.055 40.5819
-20.5734 39.4839 -11.7131 38.353 1.28457 36.405
-4.81877 38.5406 -11.7131 38.353 1.28457 36.405
-7.19892 32.1508 -17.008 32.1892 -23.1673 32.2353
8.95219 31.1993 -7.19892 32.1508 -17.008 32.1892
-17.008 32.1892 8.95219 31.1993 -5.38663 30.5141
8.95219 31.1993 20.6336 31.5736 26.8032 32.6139
20.6336 31.5736 8.95219 31.1993 -5.38663 30.5141
-27.5677 31.6039 -17.008 32.1892 -23.1673 32.2353
-31.4004 31.0724 -27.5677 31.6039 -23.1673 32.2353
-27.5677 31.6039 -31.4004 31.0724 -29.7654 30.261
-2.75389 28.6103 -2.62768 28.7444 -20.1635 29.2339
-2.62768 28.7444 -2.75389 28.6103 13.4895 27.4587
-12.5297 17.7619 -10.9456 13.0947 -9.27212 10.5792
-20.7309 16.3062 -20.5165 18.2199 -17.1698 19.4651
-23.9883 13.9149 -20.7309 16.3062 -20.5165 18.2199
-30.1591 6.30181 -23.9883 13.9149 -20.5165 18.2199
-23.9883 13.9149 -30.1591 6.30181 -34.0188 1.19379
-30.1591 6.30181 -33.8649 5.80226 -34.0188 1.19379
-40.0418 5.44007 -33.8649 5.80226 -30.1591 6.30181
-33.8649 5.80226 -40.0418 5.44007 -39.8289 4.78887
-40.0418 5.44007 -38.4036 9.21959 -38.6066 9.74628
-38.6066 9.74628 -40.0418 5.44007 -45.1291 0.843316
-40.0418 5.44007 -39.8289 4.78887 -45.1291 0.843316
-40.4085 15.9183 -36.3673 18.1227 -37.3454 21.2301
-43.1756 13.5325 -40.4085 15.9183 -37.3454 21.2301
-39.4459 12.5562 -43.1756 13.5325 -40.4085 15.9183
-32.1018 12.0285 -39.4459 12.5562 -40.4085 15.9183
-34.8176 11.8538 -32.1018 12.0285 -39.4459 12.5562
-29.0213 9.90855 -34.8176 11.8538 -32.1018 12.0285
-38.6066 9.74628 -29.0213 9.90855 -34.8176 11.8538
-38.4036 9.21959 -38.6066 9.74628 -29.0213 9.90855
-29.0213 9.90855 -38.4036 9.21959 -37.5338 7.04357
-36.3673 18.1227 -29.937 20.5865 -28.9859 21.2384
-29.937 20.5865 -36.3673 18.1227 -40.4085 15.9183
-29.4556 20.09 -29.937 20.5865 -28.9859 21.2384
-30.5388 17.4095 -29.4556 20.09 -28.9859 21.2384
-28.9859 21.2384 -30.5388 17.4095 -30.5303 16.6228
