67.5863 50.1261 207.418 50.7156 216.755 50.7842
31.1061 50.114 67.5863 50.1261 216.755 50.7842
41.9817 49.4343 31.1061 50.114 67.5863 50.1261
60.8698 48.5575 41.9817 49.4343 67.5863 50.1261
21.1027 48.2344 60.8698 48.5575 41.9817 49.4343
300.017 48.0151 21.1027 48.2344 60.8698 48.5575
232.639 47.9569 300.017 48.0151 21.1027 48.2344
193.097 47.0585 232.639 47.9569 300.017 48.0151
51.5849 46.9845 193.097 47.0585 232.639 47.9569
182.455 46.8163 51.5849 46.9845 193.097 47.0585
171.668 46.5218 182.455 46.8163 193.097 47.0585
133.055 46.3294 171.668 46.5218 182.455 46.8163
82.471 46.2708 133.055 46.3294 182.455 46.8163
321.983 46.1558 82.471 46.2708 133.055 46.3294
287.192 46.1539 321.983 46.1558 82.471 46.2708
71.2802 43.6933 287.192 46.1539 321.983 46.1558
37.6888 43.4579 71.2802 43.6933 287.192 46.1539
102.726 42.3246 37.6888 43.4579 71.2802 43.6933
227.992 41.9255 212.522 42.0159 102.726 42.3246
37.6888 43.4579 102.726 42.3246 82.6911 41.5684
102.726 42.3246 227.992 41.9255 82.6911 41.5684
9.18113 50.5075 103.167 53.0704 88.2547 53.2702
0.444628 50.4726 9.18113 50.5075 88.2547 53.2702
31.1061 50.114 0.444628 50.4726 9.18113 50.5075
0.444628 50.4726 31.1061 50.114 41.9817 49.4343
288.37 42.2835 270.761 42.6618 322.598 42.7303
212.522 42.0159 288.37 42.2835 270.761 42.6618
227.992 41.9255 212.522 42.0159 288.37 42.2835
247.768 41.8116 227.992 41.9255 288.37 42.2835
262.591 41.2967 247.768 41.8116 288.37 42.2835
222.936 39.0923 239.617 40.4424 262.591 41.2967
222.936 39.0923 262.591 41.2967 288.37 42.2835
239.617 40.4424 222.936 39.0923 128.107 38.4032
142.759 40.3497 239.617 40.4424 262.591 41.2967
120.105 39.9116 142.759 40.3497 239.617 40.4424
7.18952 39.7443 120.105 39.9116 142.759 40.3497
57.6923 39.492 7.18952 39.7443 120.105 39.9116
46.7296 38.8604 57.6923 39.492 120.105 39.9116
0.140738 38.208 46.7296 38.8604 57.6923 39.492
29.9203 38.137 0.140738 38.208 46.7296 38.8604
181.346 37.3272 107.038 38.0456 29.9203 38.137
181.346 37.3272 29.9203 38.137 0.140738 38.208
89.4142 37.3187 181.346 37.3272 0.140738 38.208
149.82 36.2431 89.4142 37.3187 0.140738 38.208
168.932 36.1526 149.82 36.2431 89.4142 37.3187
21.5271 36.1216 168.932 36.1526 149.82 36.2431
159.669 36.1015 21.5271 36.1216 168.932 36.1526
218.771 33.4338 159.669 36.1015 168.932 36.1526
279.9 33.3456 218.771 33.4338 168.932 36.1526
310.545 32.6261 201.263 32.7684 299.949 32.7908
310.545 32.6261 299.949 32.7908 279.9 33.3456
310.545 32.6261 279.9 33.3456 168.932 36.1526
182.18 32.4447 310.545 32.6261 201.263 32.7684
130.158 32.2693 112.113 32.3711 182.18 32.4447
130.158 32.2693 182.18 32.4447 310.545 32.6261
101.11 32.1756 130.158 32.2693 112.113 32.3711
112.113 32.3711 101.11 32.1756 18.7977 31.5062
299.949 32.7908 0.719836 32.8139 92.2745 33.159
0.719836 32.8139 299.949 32.7908 201.263 32.7684
73.0507 31.406 101.11 32.1756 130.158 32.2693
28.1215 31.0979 73.0507 31.406 101.11 32.1756
151.875 29.9829 28.1215 31.0979 73.0507 31.406
28.1215 31.0979 151.875 29.9829 117.33 29.8594
151.875 29.9829 172.753 30.0779 161.413 30.3615
39.4308 29.5766 117.33 29.8594 151.875 29.9829
62.5825 29.3812 39.4308 29.5766 151.875 29.9829
62.5825 29.3812 151.875 29.9829 172.753 30.0779
77.5659 29.0069 62.5825 29.3812 39.4308 29.5766
13.8008 28.5776 77.5659 29.0069 39.4308 29.5766
47.3649 28.2971 13.8008 28.5776 77.5659 29.0069
88.9185 23.5746 47.3649 28.2971 77.5659 29.0069
100.042 22.1409 88.9185 23.5746 77.5659 29.0069
88.9185 23.5746 100.042 22.1409 108.643 20.0356
142.094 26.9236 100.042 22.1409 108.643 20.0356
29.636 23.1402 47.3649 28.2971 13.8008 28.5776
48.6053 22.8186 29.636 23.1402 47.3649 28.2971
43.3529 20.3692 48.6053 22.8186 29.636 23.1402
48.6053 22.8186 43.3529 20.3692 72.9776 19.7074
161.413 30.3615 229.72 30.5945 191.328 30.6455
172.753 30.0779 161.413 30.3615 229.72 30.5945
229.72 30.5945 172.753 30.0779 213.291 29.699
191.328 30.6455 258.593 30.8418 241.403 31.9353
229.72 30.5945 191.328 30.6455 258.593 30.8418
268.695 29.4267 229.72 30.5945 258.593 30.8418
249.056 27.9309 268.695 29.4267 229.72 30.5945
198.701 23.4748 249.056 27.9309 268.695 29.4267
187.699 23.2567 198.701 23.4748 249.056 27.9309
210.733 22.7329 187.699 23.2567 198.701 23.4748
243.868 21.0693 210.733 22.7329 187.699 23.2567
221.019 20.2069 277.213 20.8597 243.868 21.0693
221.019 20.2069 243.868 21.0693 187.699 23.2567
233.913 19.7257 221.019 20.2069 277.213 20.8597
252.147 18.7412 233.913 19.7257 221.019 20.2069
310.883 18.0347 168.478 18.6995 252.147 18.7412
310.883 18.0347 252.147 18.7412 233.913 19.7257
272.34 17.9701 310.883 18.0347 168.478 18.6995
123.272 17.0229 272.34 17.9701 310.883 18.0347
129.351 16.7669 123.272 17.0229 310.883 18.0347
158.951 16.725 129.351 16.7669 310.883 18.0347
298.584 16.3568 158.951 16.725 129.351 16.7669
129.351 16.7669 298.584 16.3568 178.744 16.2596
292.034 26.3416 260.066 22.2493 243.868 21.0693
243.868 21.0693 260.066 22.2493 289.095 22.6328
289.095 22.6328 243.868 21.0693 277.213 20.8597
168.478 18.6995 252.147 18.7412 151.997 19.2874
140.521 18.528 168.478 18.6995 151.997 19.2874
1.15092 17.5361 78.6629 18.4233 140.521 18.528
1.15092 17.5361 140.521 18.528 168.478 18.6995
168.478 18.6995 1.15092 17.5361 13.7892 17.0809
21.6569 19.2474 140.521 18.528 78.6629 18.4233
58.6147 16.2793 129.351 16.7669 123.272 17.0229
98.7952 13.687 58.6147 16.2793 129.351 16.7669
59.1042 13.2405 98.7952 13.687 58.6147 16.2793
38.9757 11.6368 59.1042 13.2405 98.7952 13.687
59.1042 13.2405 38.9757 11.6368 30.4433 11.4747
82.7172 12.105 182.148 13.082 146.447 13.1507
38.9757 11.6368 82.7172 12.105 146.447 13.1507
30.4433 11.4747 38.9757 11.6368 82.7172 12.105
160.891 10.977 30.4433 11.4747 82.7172 12.105
200.711 10.7985 70.7374 10.9709 160.891 10.977
200.711 10.7985 160.891 10.977 82.7172 12.105
113.132 10.7359 200.711 10.7985 70.7374 10.9709
129.971 10.6806 113.132 10.7359 200.711 10.7985
303.372 10.2901 129.971 10.6806 200.711 10.7985
263.441 10.08 303.372 10.2901 129.971 10.6806
212.174 8.43424 263.441 10.08 303.372 10.2901
288.389 8.26403 212.174 8.43424 303.372 10.2901
216.857 8.22211 288.389 8.26403 212.174 8.43424
53.165 8.06528 216.857 8.22211 212.174 8.43424
142.924 7.89508 53.165 8.06528 216.857 8.22211
281.148 7.58771 142.924 7.89508 216.857 8.22211
240.369 7.4586 281.148 7.58771 142.924 7.89508
142.924 7.89508 240.369 7.4586 246.692 6.49257
-1.16253 9.86812 129.971 10.6806 113.132 10.7359
18.459 9.7259 -1.16253 9.86812 129.971 10.6806
-1.16253 9.86812 18.459 9.7259 121.079 8.75235
86.0331 7.89426 142.924 7.89508 53.165 8.06528
53.165 8.06528 86.0331 7.89426 12.3306 6.10708
210.473 3.99145 86.0331 7.89426 142.924 7.89508
148.759 3.46737 92.9306 3.74296 133.519 3.74734
148.759 3.46737 133.519 3.74734 198.7 3.83566
189.62 2.74777 148.759 3.46737 198.7 3.83566
189.62 2.74777 198.7 3.83566 210.473 3.99145
241.602 2.62775 189.62 2.74777 210.473 3.99145
241.602 2.62775 210.473 3.99145 142.924 7.89508
189.62 2.74777 241.602 2.62775 271.483 2.51033
92.9306 3.74296 133.519 3.74734 58.4821 3.89464
68.5283 2.45683 92.9306 3.74296 58.4821 3.89464
58.4821 3.89464 68.5283 2.45683 11.9202 1.96593
49.0346 1.11984 68.5283 2.45683 92.9306 3.74296
20.3628 -0.695587 30.2748 -0.595929 49.0346 1.11984
20.3628 -0.695587 49.0346 1.11984 68.5283 2.45683
1.98842 -1.02974 20.3628 -0.695587 30.2748 -0.595929
30.2748 -0.595929 1.98842 -1.02974 40.0752 -2.59551
82.4439 -0.631295 30.2748 -0.595929 49.0346 1.11984
101.053 -1.55408 82.4439 -0.631295 49.0346 1.11984
108.268 -2.07534 101.053 -1.55408 82.4439 -0.631295
120.529 -3.03643 108.268 -2.07534 82.4439 -0.631295
108.268 -2.07534 120.529 -3.03643 140.714 -3.90618
101.053 -1.55408 170.705 -1.44401 281.218 -1.02919
170.705 -1.44401 101.053 -1.55408 108.268 -2.07534
303.636 -0.863034 313.226 0.0377769 289.996 1.55352
281.218 -1.02919 303.636 -0.863034 289.996 1.55352
248.363 -1.51931 170.705 -1.44401 281.218 -1.02919
248.363 -1.51931 281.218 -1.02919 303.636 -0.863034
230.495 -1.98486 248.363 -1.51931 303.636 -0.863034
220.814 -2.65498 318.995 -2.36972 230.495 -1.98486
177.981 -2.79209 220.814 -2.65498 230.495 -1.98486
177.981 -2.79209 230.495 -1.98486 248.363 -1.51931
220.814 -2.65498 177.981 -2.79209 259.727 -3.27193
148.759 3.46737 189.62 2.74777 162.845 1.71942
281.148 7.58771 240.369 7.4586 317.072 6.99683
309.477 12.8492 182.148 13.082 146.447 13.1507
272.55 12.7063 309.477 12.8492 182.148 13.082
190.598 12.3537 272.55 12.7063 309.477 12.8492
309.477 12.8492 190.598 12.3537 226.834 12.0818
298.584 16.3568 158.951 16.725 316.736 16.7341
316.736 16.7341 298.584 16.3568 170.548 13.4085
241.403 31.9353 258.593 30.8418 323.452 28.5879
107.038 38.0456 29.9203 38.137 191.771 38.145
201.214 37.865 107.038 38.0456 191.771 38.145
313.048 36.5963 201.214 37.865 191.771 38.145
296.647 36.566 313.048 36.5963 201.214 37.865
313.048 36.5963 296.647 36.566 278.284 36.1869
273.19 50.5027 207.418 50.7156 216.755 50.7842
207.418 50.7156 273.19 50.5027 263.103 49.8276
196.769 53.8549 82.5666 56.4175 59.5988 56.6833
251.92 53.7944 196.769 53.8549 82.5666 56.4175
308.905 53.5988 251.92 53.7944 196.769 53.8549
240.129 53.486 308.905 53.5988 196.769 53.8549
156.046 53.4284 240.129 53.486 196.769 53.8549
117.96 53.3112 110.217 53.4077 156.046 53.4284
117.96 53.3112 156.046 53.4284 240.129 53.486
88.2547 53.2702 117.96 53.3112 110.217 53.4077
103.167 53.0704 88.2547 53.2702 117.96 53.3112
138.492 53.0443 103.167 53.0704 117.96 53.3112
103.167 53.0704 138.492 53.0443 149.103 50.9686
308.905 53.5988 240.129 53.486 283.078 52.5167
209.903 57.9353 231.161 61.3848 241.49 61.8555
190.066 57.436 209.903 57.9353 231.161 61.3848
172.472 56.7501 190.066 57.436 209.903 57.9353
59.5988 56.6833 178.001 56.6902 172.472 56.7501
59.5988 56.6833 172.472 56.7501 190.066 57.436
82.5666 56.4175 59.5988 56.6833 178.001 56.6902
149.619 56.3241 82.5666 56.4175 178.001 56.6902
178.001 56.6902 149.619 56.3241 217.923 56.2987
262.389 56.9955 322.318 57.0595 196.008 57.2925
172.472 56.7501 262.389 56.9955 322.318 57.0595
322.318 57.0595 172.472 56.7501 178.001 56.6902
310.156 67.2247 282.341 70.0947 323.244 70.1638
300.055 63.1057 310.156 67.2247 323.244 70.1638
291.172 62.9509 300.055 63.1057 310.156 67.2247
241.49 61.8555 291.172 62.9509 300.055 63.1057
306.494 61.3702 241.49 61.8555 300.055 63.1057
276.704 60.2183 306.494 61.3702 241.49 61.8555
241.49 61.8555 276.704 60.2183 253.687 59.7043
291.172 62.9509 241.49 61.8555 158.904 60.2608
241.49 61.8555 231.161 61.3848 158.904 60.2608
271.707 73.0632 287.742 73.7127 320.99 76.6704
168.309 71.9326 179.42 72.5419 250.204 72.8857
168.309 71.9326 250.204 72.8857 271.707 73.0632
163.033 71.8531 168.309 71.9326 271.707 73.0632
186.343 71.3304 163.033 71.8531 271.707 73.0632
262.485 70.5675 186.343 71.3304 271.707 73.0632
262.485 70.5675 271.707 73.0632 287.742 73.7127
220.74 70.4715 296.286 70.5426 262.485 70.5675
220.74 70.4715 262.485 70.5675 186.343 71.3304
323.244 70.1638 220.74 70.4715 296.286 70.5426
282.341 70.0947 323.244 70.1638 220.74 70.4715
239.902 69.5256 282.341 70.0947 220.74 70.4715
207.48 68.5502 239.902 69.5256 220.74 70.4715
226.601 67.3926 207.48 68.5502 239.902 69.5256
198.369 67.2156 226.601 67.3926 207.48 68.5502
137.629 61.1689 198.369 67.2156 226.601 67.3926
113.709 60.2891 92.0702 61.0536 137.629 61.1689
226.601 67.3926 137.629 61.1689 96.2503 58.2628
137.629 61.1689 113.709 60.2891 96.2503 58.2628
92.0702 61.0536 23.6997 61.5999 7.45853 62.0664
23.6997 61.5999 92.0702 61.0536 113.709 60.2891
123.992 68.9119 26.9619 70.1884 20.0475 70.3159
96.3505 68.2867 123.992 68.9119 26.9619 70.1884
81.013 66.1864 96.3505 68.2867 123.992 68.9119
60.611 66.0862 81.013 66.1864 96.3505 68.2867
118.544 63.5191 60.611 66.0862 81.013 66.1864
133.587 61.4084 118.544 63.5191 60.611 66.0862
137.629 61.1689 133.587 61.4084 118.544 63.5191
133.587 61.4084 137.629 61.1689 92.0702 61.0536
221.366 76.4361 179.42 72.5419 168.309 71.9326
276.654 76.393 271.707 73.0632 250.204 72.8857
133.19 72.2857 137.467 73.3699 130.137 76.7209
168.309 71.9326 133.19 72.2857 137.467 73.3699
163.033 71.8531 168.309 71.9326 133.19 72.2857
112.633 71.5318 163.033 71.8531 133.19 72.2857
163.033 71.8531 112.633 71.5318 153.917 70.8159
112.633 71.5318 37.7062 72.0656 73.2763 72.0822
112.633 71.5318 73.2763 72.0822 91.8306 72.5705
37.7062 72.0656 112.633 71.5318 153.917 70.8159
29.6007 76.2877 17.3121 78.3637 10.1972 78.4939
51.9942 72.8833 29.6007 76.2877 17.3121 78.3637
29.6007 76.2877 51.9942 72.8833 37.7062 72.0656
51.9942 72.8833 73.2763 72.0822 37.7062 72.0656
61.1538 77.8982 17.3121 78.3637 10.1972 78.4939
110.347 77.307 61.1538 77.8982 17.3121 78.3637
17.3121 78.3637 110.347 77.307 122.139 76.8878
110.347 77.307 48.7553 79.911 -0.518279 81.2682
48.7553 79.911 110.347 77.307 122.139 76.8878
69.6642 79.8062 48.7553 79.911 -0.518279 81.2682
48.7553 79.911 69.6642 79.8062 137.865 78.6062
99.8557 89.3199 117.11 90.3605 111.784 91.1752
87.3847 86.6081 99.8557 89.3199 117.11 90.3605
83.7537 83.9082 87.3847 86.6081 117.11 90.3605
90.6468 82.2547 83.7537 83.9082 117.11 90.3605
97.0787 79.8109 90.6468 82.2547 83.7537 83.9082
69.6642 79.8062 97.0787 79.8109 83.7537 83.9082
137.865 78.6062 69.6642 79.8062 97.0787 79.8109
198.199 77.3904 147.745 77.6726 137.865 78.6062
198.199 77.3904 137.865 78.6062 97.0787 79.8109
147.745 77.6726 198.199 77.3904 242.562 76.7437
71.3729 89.2812 61.2752 89.941 82.9801 92.4169
87.3847 86.6081 71.3729 89.2812 61.2752 89.941
61.2752 89.941 87.3847 86.6081 83.7537 83.9082
213.185 80.7093 233.61 78.3242 198.199 77.3904
273.73 79.6329 309.001 81.5804 252.482 81.6945
257.94 79.6011 273.73 79.6329 252.482 81.6945
233.61 78.3242 257.94 79.6011 252.482 81.6945
257.94 79.6011 233.61 78.3242 242.562 76.7437
233.61 78.3242 198.199 77.3904 242.562 76.7437
273.73 79.6329 257.94 79.6011 288.737 76.9681
139.873 91.8605 150.307 92.1024 128.628 92.4161
111.784 91.1752 139.873 91.8605 128.628 92.4161
117.11 90.3605 111.784 91.1752 139.873 91.8605
139.873 91.8605 117.11 90.3605 162.445 82.7607
150.307 92.1024 139.873 91.8605 162.477 89.4045
256.811 90.9121 170.41 91.6053 150.307 92.1024
256.811 90.9121 150.307 92.1024 128.628 92.4161
170.41 91.6053 256.811 90.9121 231.67 90.6729
307.509 92.6861 303.459 93.8066 188.492 93.9133
209.244 92.5503 307.509 92.6861 188.492 93.9133
242.53 92.0637 209.244 92.5503 307.509 92.6861
283.763 91.3173 242.53 92.0637 209.244 92.5503
256.811 90.9121 283.763 91.3173 209.244 92.5503
202.657 89.6362 231.67 90.6729 256.811 90.9121
202.657 89.6362 256.811 90.9121 283.763 91.3173
251.863 89.5984 202.657 89.6362 283.763 91.3173
182.219 88.8065 251.863 89.5984 202.657 89.6362
267.835 88.5363 182.219 88.8065 251.863 89.5984
316.45 86.3816 267.835 88.5363 251.863 89.5984
293.349 86.0316 316.45 86.3816 267.835 88.5363
192.962 83.8332 293.349 86.0316 316.45 86.3816
180.313 83.1721 192.962 83.8332 316.45 86.3816
192.962 83.8332 180.313 83.1721 168.72 82.933
302.882 83.8346 180.313 83.1721 168.72 82.933
182.219 88.8065 267.835 88.5363 220.873 88.4868
50.5086 89.1716 61.2752 89.941 82.9801 92.4169
39.6734 87.4644 21.6285 87.5751 28.5191 87.6344
39.6734 87.4644 28.5191 87.6344 50.5086 89.1716
39.6734 87.4644 50.5086 89.1716 61.2752 89.941
21.6285 87.5751 39.6734 87.4644 39.9014 83.6668
28.5191 87.6344 -0.578148 93.5757 8.6379 93.7879
-0.578148 93.5757 28.5191 87.6344 21.6285 87.5751
11.6936 68.4896 26.9619 70.1884 20.0475 70.3159
-1.31226 67.1489 11.6936 68.4896 20.0475 70.3159
11.6936 68.4896 -1.31226 67.1489 39.3776 63.2559
33.3459 60.8345 23.6997 61.5999 7.45853 62.0664
47.817 60.2438 33.3459 60.8345 23.6997 61.5999
23.6997 61.5999 47.817 60.2438 72.8415 59.9832
47.817 60.2438 -2.78184 60.2177 72.8415 59.9832
282.341 70.0947 310.156 67.2247 273.705 63.5099
