57.0991 17.4878 49.2417 21.9386 47.4066 25.7476
58.3363 17.4172 57.0991 17.4878 47.4066 25.7476
60.4683 17.0355 58.3363 17.4172 57.0991 17.4878
57.0991 17.4878 60.4683 17.0355 57.3468 14.9805
64.8501 24.8798 67.4019 27.1583 68.3802 28.8489
63.3965 22.4348 60.5374 22.8748 64.8501 24.8798
63.3965 22.4348 64.8501 24.8798 67.4019 27.1583
63.1917 21.9125 63.3965 22.4348 60.5374 22.8748
65.9547 21.8827 63.1917 21.9125 63.3965 22.4348
64.1705 20.5743 65.9547 21.8827 63.1917 21.9125
63.9518 20.5697 64.1705 20.5743 63.1917 21.9125
60.4683 17.0355 63.9518 20.5697 63.1917 21.9125
56.6929 11.9631 57.3468 14.9805 60.4683 17.0355
56.6929 11.9631 60.4683 17.0355 63.9518 20.5697
55.1025 8.01255 56.6929 11.9631 57.3468 14.9805
53.9585 3.72552 48.0266 3.89371 55.1025 8.01255
53.9585 3.72552 55.1025 8.01255 56.6929 11.9631
33.4284 3.31012 53.9585 3.72552 48.0266 3.89371
32.3857 3.2721 33.4284 3.31012 53.9585 3.72552
37.3686 3.14285 32.3857 3.2721 53.9585 3.72552
53.9585 3.72552 37.3686 3.14285 52.1277 2.22153
26.8483 18.658 28.2368 22.5222 26.1627 22.9344
25.7979 17.7732 26.8483 18.658 26.1627 22.9344
28.4196 17.4552 25.7979 17.7732 26.8483 18.658
30.6107 16.9261 28.4196 17.4552 26.8483 18.658
34.2283 12.4533 30.6107 16.9261 28.4196 17.4552
35.1089 12.28 34.2283 12.4533 30.6107 16.9261
29.354 9.60067 35.1089 12.28 34.2283 12.4533
30.5269 9.31209 29.354 9.60067 35.1089 12.28
33.4284 3.31012 30.5269 9.31209 29.354 9.60067
29.354 9.60067 33.4284 3.31012 32.3857 3.2721
53.3363 9.32299 55.1025 8.01255 48.0266 3.89371
53.0624 26.0881 55.9546 28.1778 43.628 29.1533
47.4022 25.8592 53.0624 26.0881 43.628 29.1533
47.4066 25.7476 47.4022 25.8592 53.0624 26.0881
47.4022 25.8592 47.4066 25.7476 44.5725 21.1002
47.4066 25.7476 49.2417 21.9386 44.5725 21.1002
28.2368 22.5222 26.1627 22.9344 30.6325 23.4206
30.6325 23.4206 28.2368 22.5222 40.9919 22.0103
21.592 22.8564 26.1627 22.9344 30.6325 23.4206
26.1627 22.9344 21.592 22.8564 25.2558 20.0124
18.1758 19.3973 25.2558 20.0124 21.592 22.8564
18.1758 19.3973 21.592 22.8564 22.8923 29.5725
25.2558 20.0124 18.1758 19.3973 20.3769 15.5827
13.0564 27.6294 12.7787 28.1152 15.0021 29.528
15.5414 21.4022 13.0564 27.6294 15.0021 29.528
17.5032 20.6671 15.5414 21.4022 15.0021 29.528
18.1758 19.3973 17.5032 20.6671 15.0021 29.528
21.9225 9.37314 25.4677 13.1121 20.3769 15.5827
21.9225 9.37314 20.3769 15.5827 18.1758 19.3973
21.9225 9.37314 18.1758 19.3973 17.5032 20.6671
25.4677 13.1121 21.9225 9.37314 23.4706 7.82214
11.4274 9.55357 13.0564 27.6294 12.7787 28.1152
13.0564 27.6294 11.4274 9.55357 13.2621 4.67964
9.30351 15.1941 6.62695 15.2108 2.04822 15.2187
8.25089 15.1599 9.30351 15.1941 2.04822 15.2187
7.04992 13.4814 8.25089 15.1599 9.30351 15.1941
9.7723 12.353 7.04992 13.4814 9.30351 15.1941
11.4274 9.55357 9.7723 12.353 9.30351 15.1941
13.2621 4.67964 11.4274 9.55357 9.7723 12.353
9.7723 12.353 13.2621 4.67964 12.1317 0.951099
3.56727 19.6109 7.50375 16.814 6.62695 15.2108
7.50375 16.814 2.58144 27.8668 0.657183 29.3772
2.58144 27.8668 7.50375 16.814 9.30351 15.1941
7.50375 16.814 6.62695 15.2108 9.30351 15.1941
3.83307 26.9168 2.58144 27.8668 0.657183 29.3772
2.58144 27.8668 3.83307 26.9168 9.30417 20.1647
9.51394 9.77954 9.7723 12.353 7.04992 13.4814
9.71193 3.32494 9.51394 9.77954 9.7723 12.353
9.7723 12.353 9.71193 3.32494 9.76887 1.0753
9.71193 3.32494 3.88441 5.13591 0.439585 7.33057
3.88441 5.13591 9.71193 3.32494 9.76887 1.0753
0.439585 7.33057 3.88441 5.13591 2.7073 2.07835
15.5414 21.4022 17.5032 20.6671 13.8171 15.086
33.7199 1.79947 37.3686 3.14285 32.3857 3.2721
32.3857 3.2721 33.7199 1.79947 30.0054 0.496296
40.615 1.89033 33.7199 1.79947 30.0054 0.496296
74.5168 19.4629 63.9518 20.5697 64.1705 20.5743
71.2068 18.3788 74.5168 19.4629 63.9518 20.5697
67.4237 17.7491 71.2068 18.3788 63.9518 20.5697
71.2068 18.3788 67.4237 17.7491 61.0246 13.7508
71.2068 18.3788 83.0574 14.9541 75.8898 14.9028
83.0574 14.9541 71.2068 18.3788 74.5168 19.4629
88.1544 12.9261 83.0574 14.9541 74.5168 19.4629
91.0691 11.2822 88.1544 12.9261 83.0574 14.9541
90.4433 11.1289 91.0691 11.2822 83.0574 14.9541
92.712 9.03124 86.1743 10.7133 90.4433 11.1289
92.712 9.03124 90.4433 11.1289 91.0691 11.2822
86.1743 10.7133 92.712 9.03124 88.2271 7.7439
91.46 15.1271 92.4214 12.9614 88.1544 12.9261
94.756 14.0922 97.4368 15.5068 98.6958 18.1015
97.4368 15.5068 94.756 14.0922 91.0691 11.2822
94.756 14.0922 92.4214 12.9614 91.0691 11.2822
92.4214 12.9614 88.1544 12.9261 91.0691 11.2822
98.0819 10.276 92.712 9.03124 88.2271 7.7439
72.41 9.93227 86.1743 10.7133 90.4433 11.1289
81.1427 9.39236 72.41 9.93227 86.1743 10.7133
72.9682 9.3715 81.1427 9.39236 72.41 9.93227
72.968 7.31212 72.9682 9.3715 72.41 9.93227
67.5363 7.1599 72.968 7.31212 72.41 9.93227
71.27 7.03285 67.5363 7.1599 72.968 7.31212
72.8467 7.02195 71.27 7.03285 72.968 7.31212
81.5433 6.96887 72.8467 7.02195 72.968 7.31212
93.874 6.74226 81.5433 6.96887 72.8467 7.02195
72.8467 7.02195 93.874 6.74226 85.5564 6.56123
99.5864 7.68977 81.5433 6.96887 93.874 6.74226
65.8841 5.55571 71.27 7.03285 67.5363 7.1599
63.6178 3.76042 70.2927 4.80421 65.8841 5.55571
63.6178 3.76042 65.8841 5.55571 67.5363 7.1599
67.4343 3.56251 63.6178 3.76042 70.2927 4.80421
72.4929 1.34173 67.4343 3.56251 63.6178 3.76042
69.7569 0.741997 84.2809 0.787135 72.4929 1.34173
69.7569 0.741997 72.4929 1.34173 63.6178 3.76042
84.2809 0.787135 69.7569 0.741997 69.9833 0.53072
77.2591 6.20958 65.8841 5.55571 70.2927 4.80421
72.4929 1.34173 86.0632 1.5836 85.2053 1.75942
86.0632 1.5836 72.4929 1.34173 84.2809 0.787135
86.9911 2.81172 92.1411 5.69361 96.0163 5.96135
85.657 1.78989 86.9911 2.81172 96.0163 5.96135
85.2053 1.75942 85.657 1.78989 86.9911 2.81172
86.0632 1.5836 85.2053 1.75942 85.657 1.78989
93.5337 1.45717 86.0632 1.5836 85.657 1.78989
86.0632 1.5836 93.5337 1.45717 90.5115 1.10199
96.0163 5.96135 92.1411 5.69361 85.9872 5.64173
71.27 7.03285 72.8467 7.02195 70.1067 6.29619
79.7474 18.1315 86.9454 19.1895 99.2633 19.5612
98.6958 18.1015 79.7474 18.1315 99.2633 19.5612
99.2633 19.5612 98.6958 18.1015 96.7783 11.9204
98.6958 18.1015 97.4368 15.5068 96.7783 11.9204
93.3112 22.1845 96.332 25.6201 89.149 26.4451
98.1622 21.8497 93.3112 22.1845 96.332 25.6201
92.1875 21.0511 98.1622 21.8497 93.3112 22.1845
86.9454 19.1895 92.1875 21.0511 98.1622 21.8497
92.1875 21.0511 86.9454 19.1895 79.7474 18.1315
67.4019 27.1583 68.3802 28.8489 70.9616 29.19
70.2025 24.2572 67.4019 27.1583 70.9616 29.19
67.4019 27.1583 70.2025 24.2572 69.0236 23.3822
77.004 28.7243 70.2025 24.2572 69.0236 23.3822
