-3.31397 12.7097 -17.8871 13.527 -2.60696 13.7402
-5.09485 12.1534 -3.31397 12.7097 -17.8871 13.527
-11.0444 9.34088 -5.09485 12.1534 -3.31397 12.7097
-14.758 8.02764 -11.0444 9.34088 -5.09485 12.1534
-15.334 5.9028 -14.758 8.02764 -11.0444 9.34088
-16.905 4.0559 -4.53588 4.13206 -15.334 5.9028
-16.905 4.0559 -15.334 5.9028 -14.758 8.02764
-4.20832 3.77343 -16.905 4.0559 -4.53588 4.13206
-2.09016 3.62614 -4.20832 3.77343 -4.53588 4.13206
-1.51322 3.48344 -2.09016 3.62614 -4.20832 3.77343
0.273951 2.70805 -1.51322 3.48344 -4.20832 3.77343
-5.33435 1.19642 0.273951 2.70805 -4.20832 3.77343
-16.1753 -1.73069 -5.33435 1.19642 0.273951 2.70805
-24.317 -2.35973 -16.1753 -1.73069 -5.33435 1.19642
-37.0141 -4.69137 -28.8116 -3.5923 -24.317 -2.35973
-37.0141 -4.69137 -24.317 -2.35973 -5.33435 1.19642
-28.8116 -3.5923 -37.0141 -4.69137 -37.1068 -6.01333
-40.9901 -1.64768 -32.8369 -0.0082126 -40.4013 1.69375
-44.1282 -3.1016 -49.7578 -2.44311 -40.9901 -1.64768
-44.1282 -3.1016 -40.9901 -1.64768 -32.8369 -0.0082126
-42.4895 -3.26476 -44.1282 -3.1016 -32.8369 -0.0082126
-38.1583 -4.61452 -42.4895 -3.26476 -44.1282 -3.1016
-37.0141 -4.69137 -38.1583 -4.61452 -42.4895 -3.26476
-37.1068 -6.01333 -37.0141 -4.69137 -38.1583 -4.61452
-37.5667 -7.77737 -37.1068 -6.01333 -38.1583 -4.61452
-39.2734 -8.18881 -37.5667 -7.77737 -38.1583 -4.61452
-44.8145 -8.3298 -39.2734 -8.18881 -38.1583 -4.61452
-43.2873 -8.43781 -44.8145 -8.3298 -39.2734 -8.18881
-40.2115 -9.01841 -43.2873 -8.43781 -44.8145 -8.3298
-31.3422 -9.94933 -40.2115 -9.01841 -43.2873 -8.43781
-36.5269 -10.311 -31.3422 -9.94933 -40.2115 -9.01841
-28.5523 -10.3543 -36.5269 -10.311 -31.3422 -9.94933
-36.5269 -10.311 -28.5523 -10.3543 -43.068 -11.4058
-12.345 -9.86969 11.7145 -9.34883 -4.13183 -9.30142
-20.0438 -10.0969 -12.345 -9.86969 -4.13183 -9.30142
-28.5523 -10.3543 -20.0438 -10.0969 -4.13183 -9.30142
-20.0438 -10.0969 -28.5523 -10.3543 -43.068 -11.4058
20.101 -10.6028 -20.0438 -10.0969 -12.345 -9.86969
2.25299 -10.6762 20.101 -10.6028 -20.0438 -10.0969
-21.3071 -12.0871 2.25299 -10.6762 20.101 -10.6028
2.25299 -10.6762 -21.3071 -12.0871 -39.3945 -12.9313
-21.3071 -12.0871 -7.22564 -12.4745 -39.3945 -12.9313
-7.22564 -12.4745 14.7123 -12.1968 23.3906 -11.6016
-39.3945 -12.9313 -7.22564 -12.4745 14.7123 -12.1968
-32.8873 -13.0835 -39.3945 -12.9313 14.7123 -12.1968
-13.5724 -13.6421 -32.8873 -13.0835 -39.3945 -12.9313
-32.8873 -13.0835 -13.5724 -13.6421 -6.47358 -13.8383
24.3553 -13.8322 44.8919 -13.4795 5.72225 -13.251
-6.47358 -13.8383 24.3553 -13.8322 5.72225 -13.251
24.3553 -13.8322 -6.47358 -13.8383 -23.1779 -14.0038
-6.47358 -13.8383 -13.5724 -13.6421 -39.9788 -13.3892
-39.9788 -13.3892 -6.47358 -13.8383 -23.1779 -14.0038
16.4992 -14.8822 24.3553 -13.8322 44.8919 -13.4795
4.1252 -15.2592 16.4992 -14.8822 24.3553 -13.8322
16.444 -15.4145 4.1252 -15.2592 16.4992 -14.8822
31.5752 -16.231 16.444 -15.4145 4.1252 -15.2592
16.444 -15.4145 31.5752 -16.231 32.5463 -16.2326
-24.7478 -15.2256 -34.9169 -15.0422 -43.0969 -14.5792
-0.999051 -15.7997 -24.7478 -15.2256 -34.9169 -15.0422
0.0341472 -15.8006 -0.999051 -15.7997 -24.7478 -15.2256
31.5752 -16.231 0.0341472 -15.8006 -0.999051 -15.7997
-0.999051 -15.7997 31.5752 -16.231 35.4347 -16.2834
31.5752 -16.231 32.5463 -16.2326 35.4347 -16.2834
-31.5156 -15.3936 -34.9169 -15.0422 -43.0969 -14.5792
-21.7472 -16.3265 -31.5156 -15.3936 -34.9169 -15.0422
-37.5039 -16.7396 -21.7472 -16.3265 -31.5156 -15.3936
-31.9596 -17.2053 -37.5039 -16.7396 -21.7472 -16.3265
-31.2894 -17.7297 -27.3138 -17.2643 -31.9596 -17.2053
-31.2894 -17.7297 -31.9596 -17.2053 -37.5039 -16.7396
-30.2175 -17.9292 -39.2348 -17.9124 -31.2894 -17.7297
-30.2175 -17.9292 -31.2894 -17.7297 -27.3138 -17.2643
-16.6992 -19.2871 -30.2175 -17.9292 -39.2348 -17.9124
-1.00279 -20.4269 0.139562 -19.6657 -16.6992 -19.2871
-1.00279 -20.4269 -16.6992 -19.2871 -39.2348 -17.9124
0.139562 -19.6657 -1.00279 -20.4269 -7.89042 -25.4282
-1.00279 -20.4269 -10.5353 -24.1769 -7.89042 -25.4282
-10.7563 -17.1085 17.7634 -16.8481 13.9839 -16.6291
-31.9596 -17.2053 -10.7563 -17.1085 13.9839 -16.6291
-10.7563 -17.1085 -31.9596 -17.2053 -27.3138 -17.2643
-19.6697 -23.2037 -29.9631 -21.114 -30.1784 -20.3532
-23.7758 -23.521 -19.6697 -23.2037 -29.9631 -21.114
-10.5353 -24.1769 -23.7758 -23.521 -19.6697 -23.2037
-23.7758 -23.521 -10.5353 -24.1769 -7.89042 -25.4282
-35.7383 -23.0995 -29.9631 -21.114 -30.1784 -20.3532
-39.3625 -24.0385 -35.7383 -23.0995 -30.1784 -20.3532
-38.0671 -25.9677 -39.3625 -24.0385 -35.7383 -23.0995
-37.794 -26.8785 -29.6403 -26.7339 -36.771 -26.1162
-37.794 -26.8785 -36.771 -26.1162 -38.0671 -25.9677
-37.794 -26.8785 -38.0671 -25.9677 -39.3625 -24.0385
-17.9117 -27.2385 -37.794 -26.8785 -29.6403 -26.7339
-4.38315 -27.752 -17.9117 -27.2385 -29.6403 -26.7339
-11.473 -27.79 -4.38315 -27.752 -17.9117 -27.2385
-12.9012 -27.9174 -11.473 -27.79 -17.9117 -27.2385
-14.1033 -28.563 -12.9012 -27.9174 -11.473 -27.79
-2.75157 -29.1085 -14.1033 -28.563 -11.473 -27.79
2.99191 -30.1056 -2.75157 -29.1085 -14.1033 -28.563
-14.1033 -28.563 2.99191 -30.1056 4.33969 -31.0037
14.1539 -27.8069 16.3791 -25.1075 20.0082 -24.9674
13.5816 -29.9639 14.1539 -27.8069 20.0082 -24.9674
2.99191 -30.1056 13.5816 -29.9639 14.1539 -27.8069
13.5816 -29.9639 2.99191 -30.1056 4.33969 -31.0037
-32.0873 -31.0756 -14.1033 -28.563 -12.9012 -27.9174
-14.1033 -28.563 -32.0873 -31.0756 -34.7065 -31.516
-32.0873 -31.0756 -35.4818 -29.8462 -30.4455 -28.7879
-34.7065 -31.516 -32.0873 -31.0756 -35.4818 -29.8462
-33.9763 -33.403 -27.4795 -32.834 -34.7065 -31.516
-33.9763 -33.403 -34.7065 -31.516 -35.4818 -29.8462
-30.2904 -33.5661 -33.9763 -33.403 -27.4795 -32.834
-21.4978 -33.648 -30.2904 -33.5661 -27.4795 -32.834
-29.0197 -36.5762 -21.4978 -33.648 -30.2904 -33.5661
-30.2904 -33.5661 -29.0197 -36.5762 -30.0901 -36.7407
-12.8092 -35.2491 -5.24206 -32.0263 -5.07082 -32.021
-14.1153 -35.5649 -12.8092 -35.2491 -5.24206 -32.0263
-11.5273 -36.2983 -14.1153 -35.5649 -12.8092 -35.2491
-7.08662 -36.3155 -11.5273 -36.2983 -12.8092 -35.2491
-29.0197 -36.5762 -7.08662 -36.3155 -11.5273 -36.2983
-30.0901 -36.7407 -29.0197 -36.5762 -7.08662 -36.3155
-25.2912 -37.5208 -30.0901 -36.7407 -7.08662 -36.3155
-25.3666 -38.3106 -13.0548 -38.2982 -25.2912 -37.5208
-25.3666 -38.3106 -25.2912 -37.5208 -30.0901 -36.7407
-14.8091 -38.7282 -25.3666 -38.3106 -13.0548 -38.2982
-13.0548 -38.2982 -14.8091 -38.7282 -10.4896 -39.2302
-21.3493 -39.5493 -14.8091 -38.7282 -25.3666 -38.3106
-19.4906 -40.5298 -21.3493 -39.5493 -25.3666 -38.3106
-12.7215 -43.4452 -16.0011 -43.4007 -19.4906 -40.5298
-12.7215 -43.4452 -19.4906 -40.5298 -21.3493 -39.5493
-13.1151 -43.6015 -12.7215 -43.4452 -16.0011 -43.4007
-16.0011 -43.4007 -13.1151 -43.6015 -18.0281 -45.7253
-6.11477 -47.3693 -13.1151 -43.6015 -12.7215 -43.4452
-6.94358 -47.5593 -6.11477 -47.3693 -13.1151 -43.6015
1.7742 -49.158 -6.94358 -47.5593 -6.11477 -47.3693
-6.94358 -47.5593 1.7742 -49.158 2.72795 -49.4767
-4.08942 -45.1424 4.57228 -47.8357 1.7742 -49.158
4.57228 -47.8357 8.51645 -48.189 1.7742 -49.158
12.5356 -47.4641 8.91753 -44.4646 10.5085 -44.2705
12.9238 -47.7889 12.5356 -47.4641 10.5085 -44.2705
8.51645 -48.189 12.9238 -47.7889 12.5356 -47.4641
1.7742 -49.158 8.51645 -48.189 12.9238 -47.7889
12.9238 -47.7889 1.7742 -49.158 2.72795 -49.4767
21.5284 -33.2719 32.8724 -32.3058 37.5537 -32.0779
26.7478 -33.7767 21.5284 -33.2719 37.5537 -32.0779
27.7288 -35.2956 26.7478 -33.7767 21.5284 -33.2719
31.332 -37.1962 27.7288 -35.2956 26.7478 -33.7767
28.6115 -37.2973 31.332 -37.1962 27.7288 -35.2956
32.2562 -38.03 28.6115 -37.2973 31.332 -37.1962
15.855 -38.5266 32.2562 -38.03 28.6115 -37.2973
18.8544 -38.8209 15.855 -38.5266 32.2562 -38.03
21.8462 -40.0431 18.8544 -38.8209 32.2562 -38.03
6.48704 -43.1537 21.8462 -40.0431 32.2562 -38.03
7.70392 -43.2751 6.48704 -43.1537 32.2562 -38.03
10.5085 -44.2705 7.70392 -43.2751 6.48704 -43.1537
8.91753 -44.4646 10.5085 -44.2705 6.48704 -43.1537
6.48704 -43.1537 8.91753 -44.4646 6.80934 -44.4689
0.471815 -37.4997 15.855 -38.5266 18.8544 -38.8209
37.5537 -32.0779 32.8724 -32.3058 21.015 -32.6874
2.6156 -22.6552 1.8218 -22.6117 21.3153 -19.6826
23.8667 -22.9025 39.8231 -22.8588 2.6156 -22.6552
22.1048 -23.2865 23.8667 -22.9025 2.6156 -22.6552
15.0128 -23.8935 22.1048 -23.2865 2.6156 -22.6552
15.0128 -23.8935 2.6156 -22.6552 1.8218 -22.6117
11.0317 -24.8779 15.0128 -23.8935 22.1048 -23.2865
16.3791 -25.1075 20.0082 -24.9674 11.0317 -24.8779
15.0128 -23.8935 11.0317 -24.8779 0.819377 -25.707
11.0317 -24.8779 16.3791 -25.1075 0.819377 -25.707
39.8231 -22.8588 35.7457 -20.6714 38.6019 -18.6647
38.9064 -23.73 23.8667 -22.9025 39.8231 -22.8588
41.2416 -23.7329 38.9064 -23.73 39.8231 -22.8588
41.2416 -23.7329 39.8231 -22.8588 38.6019 -18.6647
36.8985 -27.2098 41.2416 -23.7329 38.9064 -23.73
41.2416 -23.7329 36.8985 -27.2098 38.5209 -30.1398
36.8985 -27.2098 31.2096 -26.2051 32.5406 -24.0038
31.2096 -26.2051 36.8985 -27.2098 38.5209 -30.1398
24.9604 -26.5901 31.2096 -26.2051 32.5406 -24.0038
31.2096 -26.2051 24.9604 -26.5901 26.6975 -30.4775
-2.44195 -17.5951 -10.7563 -17.1085 17.7634 -16.8481
2.85141 -17.6001 -2.44195 -17.5951 17.7634 -16.8481
-2.44195 -17.5951 2.85141 -17.6001 42.9066 -18.3307
-9.74524 -2.58847 -3.05613 -2.45196 -24.317 -2.35973
-9.51417 -3.92137 -9.74524 -2.58847 -3.05613 -2.45196
-13.2561 -6.64501 -9.51417 -3.92137 -3.05613 -2.45196
-18.2113 -8.11941 -4.99394 -7.85061 -13.2561 -6.64501
-18.2113 -8.11941 -13.2561 -6.64501 -9.51417 -3.92137
-4.99394 -7.85061 -18.2113 -8.11941 -13.3177 -8.35124
-13.2561 -6.64501 -2.22303 -6.41055 -5.57316 -5.87374
-2.22303 -6.41055 -13.2561 -6.64501 -4.99394 -7.85061
-3.05613 -2.45196 -24.317 -2.35973 -16.1753 -1.73069
5.61756 -2.51977 -3.05613 -2.45196 -16.1753 -1.73069
18.4997 -2.65123 5.61756 -2.51977 -3.05613 -2.45196
18.9938 -2.84938 18.4997 -2.65123 -3.05613 -2.45196
15.4996 -3.23417 18.9938 -2.84938 -3.05613 -2.45196
21.8272 -3.34199 15.4996 -3.23417 18.9938 -2.84938
15.4996 -3.23417 21.8272 -3.34199 17.5942 -3.82011
21.8272 -3.34199 37.6417 -3.43152 17.5942 -3.82011
5.61756 -2.51977 6.15678 -2.2761 -1.14706 1.44404
6.15678 -2.2761 5.61756 -2.51977 18.4997 -2.65123
22.0566 -0.488054 18.4997 -2.65123 18.9938 -2.84938
37.6417 -3.43152 41.5166 -3.37777 48.1344 -0.584056
17.5942 -3.82011 37.6417 -3.43152 41.5166 -3.37777
25.5444 -3.94964 17.5942 -3.82011 41.5166 -3.37777
37.3799 -4.99862 25.5444 -3.94964 41.5166 -3.37777
26.6396 -5.11357 37.3799 -4.99862 25.5444 -3.94964
23.8705 -6.75412 26.6396 -5.11357 25.5444 -3.94964
22.2063 -7.55963 23.8705 -6.75412 25.5444 -3.94964
34.5253 -7.6273 22.2063 -7.55963 23.8705 -6.75412
22.2063 -7.55963 34.5253 -7.6273 35.8378 -7.82268
34.5253 -7.6273 49.1961 -6.66697 46.2422 -5.26568
49.1961 -6.66697 34.5253 -7.6273 35.8378 -7.82268
19.9583 -4.23893 25.5444 -3.94964 17.5942 -3.82011
15.8683 -5.65295 19.9583 -4.23893 17.5942 -3.82011
11.9315 -7.1194 15.8683 -5.65295 19.9583 -4.23893
19.9583 -4.23893 11.9315 -7.1194 10.0737 -8.37849
-11.7649 15.5055 11.2124 18.7859 18.6238 19.8829
-13.5723 15.0505 -14.5652 15.1115 -11.7649 15.5055
-13.5723 15.0505 -11.7649 15.5055 11.2124 18.7859
-11.3941 14.0219 -4.08609 14.9327 -13.5723 15.0505
-11.3941 14.0219 -13.5723 15.0505 -14.5652 15.1115
-17.8871 13.527 -2.60696 13.7402 -11.3941 14.0219
-17.8871 13.527 -11.3941 14.0219 -14.5652 15.1115
-24.8667 13.0867 -17.8871 13.527 -14.5652 15.1115
-26.4262 12.3272 -24.8667 13.0867 -17.8871 13.527
-25.9623 11.8247 -26.4262 12.3272 -17.8871 13.527
-24.9885 9.90087 -25.9623 11.8247 -26.4262 12.3272
-20.888 8.09459 -24.9885 9.90087 -25.9623 11.8247
-32.8094 6.77519 -20.888 8.09459 -24.9885 9.90087
-33.4907 6.09115 -32.8094 6.77519 -20.888 8.09459
-29.1344 4.58544 -33.4907 6.09115 -20.888 8.09459
-33.4907 6.09115 -29.1344 4.58544 -30.0037 2.99357
-29.1344 4.58544 -23.6384 3.12978 -30.0037 2.99357
-38.2555 11.4709 -41.9289 11.8478 -40.2068 13.1976
-38.2555 11.4709 -40.2068 13.1976 -38.9401 18.0029
-37.6199 10.7781 -38.2555 11.4709 -38.9401 18.0029
-38.2555 11.4709 -37.6199 10.7781 -33.4907 6.09115
-37.6199 10.7781 -32.8094 6.77519 -33.4907 6.09115
-40.6236 23.3542 -40.8013 23.6686 -41.823 25.3244
-43.9388 18.1376 -40.6236 23.3542 -41.823 25.3244
-44.5053 17.9241 -43.9388 18.1376 -41.823 25.3244
-40.2068 13.1976 -44.5053 17.9241 -43.9388 18.1376
-44.5053 17.9241 -40.2068 13.1976 -41.9289 11.8478
-25.5236 24.2878 -14.3283 24.9768 -16.0819 25.0001
-14.3283 24.9768 -25.5236 24.2878 -40.6236 23.3542
-25.5236 24.2878 -40.8013 23.6686 -40.6236 23.3542
-33.0423 12.5648 -37.6199 10.7781 -32.8094 6.77519
-24.8667 13.0867 -20.8553 18.4246 -19.5232 20.8343
-19.5232 20.8343 -24.8667 13.0867 -26.4262 12.3272
-16.0731 18.0502 -13.0243 18.9111 -9.25664 20.8334
-16.3949 16.2453 -16.0731 18.0502 -13.0243 18.9111
-15.1734 15.9563 -16.3949 16.2453 -13.0243 18.9111
-16.3949 16.2453 -15.1734 15.9563 -14.5652 15.1115
-15.1734 15.9563 -11.7649 15.5055 -14.5652 15.1115
-18.5715 20.4795 -16.0731 18.0502 -16.3949 16.2453
35.6555 26.4407 30.3597 30.5795 31.5726 34.725
37.3069 23.3581 40.0265 26.3941 35.6555 26.4407
37.3069 23.3581 35.6555 26.4407 30.3597 30.5795
38.8788 23.3234 37.3069 23.3581 40.0265 26.3941
30.3835 21.9933 38.8788 23.3234 37.3069 23.3581
24.3276 21.8847 30.3835 21.9933 37.3069 23.3581
19.262 21.3957 23.9623 21.4832 24.3276 21.8847
19.262 21.3957 24.3276 21.8847 37.3069 23.3581
18.3181 20.2825 19.262 21.3957 23.9623 21.4832
18.6238 19.8829 18.3181 20.2825 23.9623 21.4832
15.4551 18.6215 11.2124 18.7859 18.6238 19.8829
15.4551 18.6215 18.6238 19.8829 23.9623 21.4832
14.665 17.1329 15.4551 18.6215 11.2124 18.7859
14.3345 15.3695 10.118 15.5879 14.665 17.1329
14.3345 15.3695 14.665 17.1329 15.4551 18.6215
10.9811 14.4679 14.3345 15.3695 10.118 15.5879
7.1599 12.0957 10.9811 14.4679 14.3345 15.3695
10.9811 14.4679 7.1599 12.0957 2.7463 9.5206
37.2063 27.1721 35.6555 26.4407 40.0265 26.3941
2.7463 9.5206 7.1599 12.0957 11.1623 12.4889
13.3551 8.94069 2.7463 9.5206 11.1623 12.4889
7.75467 8.50607 13.3551 8.94069 2.7463 9.5206
9.38477 4.6823 7.75467 8.50607 13.3551 8.94069
7.75467 8.50607 9.38477 4.6823 6.67041 2.93869
25.7458 8.01902 25.444 15.0802 23.9623 21.4832
26.0951 5.16715 21.04 6.62281 25.147 6.8071
26.0951 5.16715 25.147 6.8071 25.7458 8.01902
26.0951 5.16715 25.7458 8.01902 25.444 15.0802
21.04 6.62281 26.0951 5.16715 25.045 2.87125
22.5161 8.68085 25.7458 8.01902 25.147 6.8071
25.444 15.0802 23.9623 21.4832 24.3276 21.8847
26.3773 14.7025 25.444 15.0802 24.3276 21.8847
29.3997 12.5558 26.3773 14.7025 25.444 15.0802
28.2292 10.5934 29.3997 12.5558 25.444 15.0802
32.8408 8.26033 28.2292 10.5934 29.3997 12.5558
31.6275 7.51214 38.2687 8.12026 32.8408 8.26033
31.6275 7.51214 32.8408 8.26033 28.2292 10.5934
32.1 6.0455 31.6275 7.51214 28.2292 10.5934
32.7801 5.59445 32.1 6.0455 31.6275 7.51214
32.1 6.0455 32.7801 5.59445 34.1812 3.24202
32.7801 5.59445 41.1613 3.49261 34.1812 3.24202
28.7027 16.6867 39.1533 17.9524 36.9712 18.6713
28.6128 16.1632 28.7027 16.6867 39.1533 17.9524
26.3773 14.7025 31.7782 15.0466 28.6128 16.1632
26.3773 14.7025 28.6128 16.1632 28.7027 16.6867
31.7782 15.0466 26.3773 14.7025 29.3997 12.5558
41.1833 8.82593 32.8408 8.26033 38.2687 8.12026
41.1613 3.49261 46.2718 4.24858 45.726 5.42221
40.0745 2.69342 34.1812 3.24202 41.1613 3.49261
40.0745 2.69342 41.1613 3.49261 46.2718 4.24858
34.1812 3.24202 40.0745 2.69342 36.5068 1.80272
36.9712 18.6713 45.5675 19.6922 44.5641 19.7632
39.1533 17.9524 36.9712 18.6713 45.5675 19.6922
45.8964 17.1712 39.1533 17.9524 45.5675 19.6922
45.5675 19.6922 45.8964 17.1712 47.3202 12.5902
45.8964 17.1712 43.7159 12.7529 47.3202 12.5902
37.5187 31.3242 31.5726 34.725 32.5361 34.9224
31.5726 34.725 37.5187 31.3242 40.8386 28.7196
31.5726 34.725 32.5361 34.9224 32.0887 36.7895
30.3597 30.5795 31.5726 34.725 32.0887 36.7895
28.3585 30.3955 30.3597 30.5795 32.0887 36.7895
27.4833 29.6005 25.0006 30.3402 28.3585 30.3955
27.4833 29.6005 28.3585 30.3955 30.3597 30.5795
30.3597 30.5795 27.4833 29.6005 25.191 25.9452
29.721 40.1903 15.4125 41.1181 20.0168 41.2947
23.8724 39.9533 29.721 40.1903 15.4125 41.1181
18.5492 39.668 23.8724 39.9533 15.4125 41.1181
21.0136 39.5719 18.5492 39.668 23.8724 39.9533
25.9884 37.9831 21.0136 39.5719 23.8724 39.9533
26.6669 32.8573 25.9884 37.9831 21.0136 39.5719
28.3585 30.3955 22.0354 31.6403 26.6669 32.8573
28.3585 30.3955 26.6669 32.8573 25.9884 37.9831
25.0006 30.3402 28.3585 30.3955 22.0354 31.6403
23.0189 29.2609 25.0006 30.3402 22.0354 31.6403
25.0006 30.3402 23.0189 29.2609 21.1407 26.9202
15.4125 41.1181 20.0168 41.2947 19.8162 42.7332
12.9134 40.6204 15.4125 41.1181 19.8162 42.7332
13.2356 39.5122 12.9134 40.6204 15.4125 41.1181
13.409 38.7484 13.2356 39.5122 15.4125 41.1181
10.3347 33.7561 13.409 38.7484 13.2356 39.5122
12.3254 33.6959 10.3347 33.7561 13.409 38.7484
15.177 27.99 12.3254 33.6959 13.409 38.7484
12.3254 33.6959 15.177 27.99 15.6982 22.1512
11.6308 41.5982 12.9134 40.6204 13.2356 39.5122
8.50129 34.0213 4.55663 34.5212 5.2445 35.5109
10.3347 33.7561 8.50129 34.0213 5.2445 35.5109
8.50129 34.0213 10.3347 33.7561 9.44453 28.8737
10.3347 33.7561 12.3254 33.6959 9.44453 28.8737
3.24021 48.0005 1.16545 49.0405 4.04242 49.1004
3.78142 38.6047 3.24021 48.0005 4.04242 49.1004
5.6789 36.1033 6.44221 37.9214 3.78142 38.6047
5.2445 35.5109 5.6789 36.1033 3.78142 38.6047
4.55663 34.5212 5.2445 35.5109 3.78142 38.6047
3.24021 48.0005 3.78142 38.6047 3.38041 28.0405
3.78142 38.6047 4.55663 34.5212 3.38041 28.0405
9.26802 38.0126 6.44221 37.9214 5.6789 36.1033
1.35067 45.936 3.24021 48.0005 1.16545 49.0405
1.16545 49.0405 1.35067 45.936 1.48879 29.9093
-9.25664 20.8334 -13.0243 18.9111 -8.67387 16.0481
-19.5232 20.8343 -20.8553 18.4246 -20.363 14.8648
-20.2782 31.7739 -21.6463 31.9971 -37.0236 32.7596
-17.4372 30.9385 -20.2782 31.7739 -37.0236 32.7596
-21.6395 29.4521 -17.4372 30.9385 -37.0236 32.7596
-17.3691 26.7926 -21.6395 29.4521 -17.4372 30.9385
-17.6543 26.4432 -17.3691 26.7926 -21.6395 29.4521
-16.0819 25.0001 -17.6543 26.4432 -21.6395 29.4521
-14.3283 24.9768 -16.0819 25.0001 -17.6543 26.4432
-6.91076 22.777 -14.3283 24.9768 -17.6543 26.4432
-6.22672 21.73 -6.91076 22.777 -14.3283 24.9768
-14.3283 24.9768 -6.22672 21.73 -7.47185 21.2436
-1.95466 22.715 -3.53001 23.0382 0.31421 25.5979
-6.22672 21.73 -1.95466 22.715 -3.53001 23.0382
-1.95466 22.715 -6.22672 21.73 -7.47185 21.2436
-2.42779 46.6114 -2.75017 47.6694 -0.445111 47.9798
-11.2906 41.3842 -9.00992 42.8611 -2.42779 46.6114
-9.20504 41.3444 -11.2906 41.3842 -2.42779 46.6114
-9.20504 41.3444 -2.42779 46.6114 -0.445111 47.9798
-20.404 41.0869 -9.20504 41.3444 -11.2906 41.3842
-19.3419 40.9888 -20.404 41.0869 -9.20504 41.3444
-29.5287 40.1393 -19.3419 40.9888 -20.404 41.0869
-23.8941 39.8678 -29.5287 40.1393 -19.3419 40.9888
-5.42983 39.7396 -23.8941 39.8678 -19.3419 40.9888
-7.91315 38.9445 -5.42983 39.7396 -23.8941 39.8678
-0.727583 36.5725 -7.91315 38.9445 -5.42983 39.7396
0.431409 35.984 -0.727583 36.5725 -5.42983 39.7396
-16.2753 35.6994 0.431409 35.984 -0.727583 36.5725
-18.4059 34.0328 -16.2753 35.6994 0.431409 35.984
-21.6463 31.9971 -14.9093 32.2614 -18.4059 34.0328
-21.6463 31.9971 -18.4059 34.0328 -16.2753 35.6994
-20.2782 31.7739 -21.6463 31.9971 -14.9093 32.2614
-6.74094 31.4352 -20.2782 31.7739 -14.9093 32.2614
-7.03538 30.5205 -6.74094 31.4352 -20.2782 31.7739
-3.54666 29.2094 -7.03538 30.5205 -20.2782 31.7739
0.687867 28.9339 -3.54666 29.2094 -7.03538 30.5205
-3.54666 29.2094 0.687867 28.9339 -8.24232 26.487
-12.1451 43.8734 -9.00992 42.8611 -11.2906 41.3842
-13.4629 46.6206 -2.75017 47.6694 -0.445111 47.9798
-2.75017 47.6694 -13.4629 46.6206 -20.1132 44.7395
-6.04248 49.2433 -13.4629 46.6206 -20.1132 44.7395
-25.8822 38.4307 -23.8941 39.8678 -29.5287 40.1393
-23.8941 39.8678 -25.8822 38.4307 -26.3883 36.2552
-25.8822 38.4307 -27.9005 37.1052 -26.3883 36.2552
-26.3883 36.2552 -27.9005 37.1052 -29.9885 37.3324
-29.9885 37.3324 -26.3883 36.2552 -28.9188 34.9687
-40.5363 10.1567 -38.2555 11.4709 -41.9289 11.8478
-40.0386 9.72862 -40.5363 10.1567 -38.2555 11.4709
-38.2555 11.4709 -40.0386 9.72862 -38.3812 5.12592
-40.5363 10.1567 -40.0386 9.72862 -42.972 8.15269
