306.849 49.9248 253.905 50.4323 183.33 50.9246
337.186 49.6836 306.849 49.9248 253.905 50.4323
292.653 47.7515 337.186 49.6836 306.849 49.9248
300.921 46.8879 292.653 47.7515 337.186 49.6836
317.004 46.4747 300.921 46.8879 337.186 49.6836
207.029 46.216 317.004 46.4747 300.921 46.8879
223.752 46.1514 207.029 46.216 317.004 46.4747
211.446 43.8527 223.752 46.1514 317.004 46.4747
170.119 43.4748 211.446 43.8527 223.752 46.1514
163.735 41.1796 170.119 43.4748 211.446 43.8527
182.264 41.1364 163.735 41.1796 211.446 43.8527
189.024 40.5341 182.264 41.1364 211.446 43.8527
197.052 38.7806 226.398 40.5103 189.024 40.5341
197.052 38.7806 189.024 40.5341 182.264 41.1364
291.264 38.2996 197.052 38.7806 226.398 40.5103
237.846 38.1946 333.006 38.2416 291.264 38.2996
237.846 38.1946 291.264 38.2996 197.052 38.7806
219.417 37.7573 237.846 38.1946 333.006 38.2416
9.71327 37.6824 219.417 37.7573 237.846 38.1946
39.0075 37.558 9.71327 37.6824 219.417 37.7573
26.5703 37.0434 136.273 37.4773 39.0075 37.558
26.5703 37.0434 39.0075 37.558 9.71327 37.6824
83.8766 36.8958 26.5703 37.0434 136.273 37.4773
129.391 36.5379 311.091 36.5988 83.8766 36.8958
129.391 36.5379 83.8766 36.8958 26.5703 37.0434
266.842 36.218 129.391 36.5379 311.091 36.5988
129.391 36.5379 266.842 36.218 247.611 36.1555
68.1467 42.4064 91.8861 42.4725 147.56 42.4769
97.517 42.3739 68.1467 42.4064 147.56 42.4769
17.1854 42.0978 97.517 42.3739 68.1467 42.4064
51.6475 41.2059 17.1854 42.0978 97.517 42.3739
163.735 41.1796 51.6475 41.2059 97.517 42.3739
51.6475 41.2059 163.735 41.1796 182.264 41.1364
6.3597 46.7725 112.091 47.0015 50.3607 47.1278
6.3597 46.7725 50.3607 47.1278 2.51512 48.8134
83.8046 46.5438 6.3597 46.7725 112.091 47.0015
207.029 46.216 83.8046 46.5438 112.091 47.0015
83.8046 46.5438 207.029 46.216 223.752 46.1514
166.577 52.6074 122.703 52.8917 162.138 53.1221
197.147 52.2419 166.577 52.6074 162.138 53.1221
188.581 51.7002 197.147 52.2419 166.577 52.6074
147.561 50.2538 188.581 51.7002 166.577 52.6074
136.952 49.1058 93.7282 50.1726 147.561 50.2538
136.952 49.1058 147.561 50.2538 188.581 51.7002
129.297 48.2195 136.952 49.1058 188.581 51.7002
50.3607 47.1278 129.297 48.2195 136.952 49.1058
129.297 48.2195 50.3607 47.1278 112.091 47.0015
238.334 49.3909 292.653 47.7515 300.921 46.8879
258.471 41.4791 299.089 41.7863 342.927 43.4442
346.834 41.1884 258.471 41.4791 299.089 41.7863
280.773 41.041 346.834 41.1884 258.471 41.4791
189.024 40.5341 280.773 41.041 346.834 41.1884
346.834 41.1884 189.024 40.5341 226.398 40.5103
247.611 36.1555 266.842 36.218 323.605 36.2313
53.3211 33.9313 247.611 36.1555 323.605 36.2313
83.377 33.8576 53.3211 33.9313 323.605 36.2313
223.315 33.2657 83.377 33.8576 53.3211 33.9313
289.647 33.0769 223.315 33.2657 83.377 33.8576
302.483 32.7595 289.647 33.0769 223.315 33.2657
153.866 32.5933 302.483 32.7595 223.315 33.2657
97.3267 32.3858 153.866 32.5933 302.483 32.7595
156.032 32.3675 97.3267 32.3858 302.483 32.7595
61.1038 31.9916 156.032 32.3675 302.483 32.7595
18.197 31.9634 61.1038 31.9916 156.032 32.3675
171.179 31.489 18.197 31.9634 61.1038 31.9916
200.17 31.367 171.179 31.489 61.1038 31.9916
229.87 31.2584 200.17 31.367 61.1038 31.9916
282.128 30.9919 229.87 31.2584 200.17 31.367
241.71 30.9916 282.128 30.9919 200.17 31.367
211.809 29.6686 241.71 30.9916 282.128 30.9919
306.752 28.7319 211.809 29.6686 282.128 30.9919
258.104 27.8531 269.809 28.5467 306.752 28.7319
282.128 30.9919 306.752 28.7319 346.238 27.7081
306.752 28.7319 258.104 27.8531 346.238 27.7081
248.646 31.2888 316.027 31.6 343.158 31.7384
229.87 31.2584 248.646 31.2888 343.158 31.7384
248.646 31.2888 229.87 31.2584 282.128 30.9919
42.3905 32.6273 153.866 32.5933 97.3267 32.3858
109.322 43.7836 91.8861 42.4725 68.1467 42.4064
56.9261 39.9696 51.6475 41.2059 17.1854 42.0978
116.604 39.5225 56.9261 39.9696 51.6475 41.2059
56.9261 39.9696 116.604 39.5225 2.35677 38.9757
31.6944 31.2624 200.17 31.367 171.179 31.489
200.17 31.367 31.6944 31.2624 111.62 31.2307
180.478 29.0478 211.809 29.6686 241.71 30.9916
143.288 28.452 180.478 29.0478 241.71 30.9916
90.2655 27.1179 143.288 28.452 180.478 29.0478
73.5496 26.6391 90.2655 27.1179 180.478 29.0478
12.2885 26.3158 119.191 26.5501 73.5496 26.6391
12.2885 26.3158 73.5496 26.6391 90.2655 27.1179
131.212 26.0464 12.2885 26.3158 119.191 26.5501
227.219 23.3597 131.212 26.0464 119.191 26.5501
119.191 26.5501 227.219 23.3597 242.406 23.3276
-1.00323 29.6131 143.288 28.452 90.2655 27.1179
242.406 23.3276 227.219 23.3597 148.066 23.4069
131.323 23.1535 242.406 23.3276 148.066 23.4069
242.406 23.3276 131.323 23.1535 90.6732 23.0307
90.6732 23.0307 131.323 23.1535 20.9167 23.2985
36.8456 22.3548 90.6732 23.0307 20.9167 23.2985
20.9167 23.2985 36.8456 22.3548 12.5472 21.8408
12.5472 21.8408 36.8456 22.3548 201.68 22.7542
122.455 21.5516 12.5472 21.8408 201.68 22.7542
179.363 21.269 122.455 21.5516 201.68 22.7542
122.455 21.5516 179.363 21.269 29.393 19.4224
179.363 21.269 262.271 21.8587 289.308 22.2735
262.271 21.8587 179.363 21.269 29.393 19.4224
331.324 21.0536 262.271 21.8587 289.308 22.2735
247.236 21.0377 331.324 21.0536 262.271 21.8587
218.588 20.7813 247.236 21.0377 262.271 21.8587
108.511 19.178 218.588 20.7813 262.271 21.8587
79.4343 18.6929 108.511 19.178 262.271 21.8587
262.271 21.8587 79.4343 18.6929 0.745876 18.0587
79.4343 18.6929 67.5635 18.1621 0.745876 18.0587
63.6528 17.3533 67.5635 18.1621 79.4343 18.6929
48.7874 16.1443 63.6528 17.3533 67.5635 18.1621
63.6528 17.3533 48.7874 16.1443 23.2325 13.2749
190.17 18.6883 79.4343 18.6929 108.511 19.178
167.199 18.5655 190.17 18.6883 79.4343 18.6929
137.014 18.1398 167.199 18.5655 79.4343 18.6929
158.255 16.6853 137.014 18.1398 79.4343 18.6929
100.739 16.1651 158.255 16.6853 79.4343 18.6929
158.255 16.6853 100.739 16.1651 107.13 13.71
167.199 18.5655 190.17 18.6883 300.604 19.2151
339.704 18.3127 167.199 18.5655 300.604 19.2151
206.743 18.2331 339.704 18.3127 167.199 18.5655
307.826 16.458 206.743 18.2331 167.199 18.5655
323.869 16.4567 307.826 16.458 206.743 18.2331
269.849 16.1304 323.869 16.4567 307.826 16.458
279.298 16.1033 269.849 16.1304 323.869 16.4567
218.402 13.8836 279.298 16.1033 269.849 16.1304
251.033 12.8688 218.402 13.8836 279.298 16.1033
231.772 12.766 251.033 12.8688 218.402 13.8836
240.062 12.6544 231.772 12.766 251.033 12.8688
276.607 12.2001 240.062 12.6544 251.033 12.8688
251.033 12.8688 276.607 12.2001 310.432 11.8078
209.399 11.1559 240.062 12.6544 231.772 12.766
160.696 10.6155 147.728 10.8159 209.399 11.1559
240.062 12.6544 209.399 11.1559 191.25 10.1351
209.399 11.1559 160.696 10.6155 191.25 10.1351
147.728 10.8159 209.399 11.1559 170.681 11.4279
90.1001 9.34483 142.072 9.84263 147.728 10.8159
90.1001 9.34483 147.728 10.8159 170.681 11.4279
142.072 9.84263 90.1001 9.34483 52.35 8.56533
40.8594 10.4137 61.1643 11.7763 76.3595 12.4461
70.5065 10.1952 40.8594 10.4137 76.3595 12.4461
90.1001 9.34483 70.5065 10.1952 40.8594 10.4137
40.8594 10.4137 90.1001 9.34483 52.35 8.56533
76.3595 12.4461 61.1643 11.7763 10.2804 10.5267
330.153 10.5078 276.607 12.2001 240.062 12.6544
353.855 9.82359 330.153 10.5078 276.607 12.2001
323.039 9.40684 353.855 9.82359 330.153 10.5078
302.1 8.99431 323.039 9.40684 353.855 9.82359
203.379 6.81288 302.1 8.99431 353.855 9.82359
176.221 6.26954 203.379 6.81288 302.1 8.99431
196.123 2.19058 176.221 6.26954 203.379 6.81288
193.11 0.357678 196.123 2.19058 176.221 6.26954
196.123 2.19058 193.11 0.357678 231.678 -1.45478
246.516 1.71219 269.588 3.31994 266.328 7.61514
231.678 -1.45478 246.516 1.71219 266.328 7.61514
246.516 1.71219 231.678 -1.45478 261.092 -2.90283
170.301 1.81372 121.282 6.74366 130.26 8.19262
180.536 0.883041 170.301 1.81372 130.26 8.19262
231.678 -1.45478 193.11 0.357678 180.536 0.883041
261.092 -2.90283 231.678 -1.45478 180.536 0.883041
206.363 -3.29374 261.092 -2.90283 180.536 0.883041
206.363 -3.29374 180.536 0.883041 170.301 1.81372
236.497 -3.67622 206.363 -3.29374 261.092 -2.90283
206.363 -3.29374 236.497 -3.67622 223.853 -3.78172
323.039 9.40684 257.532 10.1986 292.117 10.7898
257.532 10.1986 323.039 9.40684 302.1 8.99431
130.26 8.19262 121.282 6.74366 100.822 6.08021
148.875 1.64261 170.301 1.81372 121.282 6.74366
111.79 0.409388 148.875 1.64261 170.301 1.81372
122.57 -0.806628 111.79 0.409388 170.301 1.81372
128.573 -2.00382 122.57 -0.806628 111.79 0.409388
157.818 -3.29365 97.7766 -2.62787 128.573 -2.00382
157.818 -3.29365 128.573 -2.00382 122.57 -0.806628
97.7766 -2.62787 157.818 -3.29365 139.25 -3.74731
89.9982 0.0294634 111.79 0.409388 148.875 1.64261
69.0111 -0.460777 89.9982 0.0294634 148.875 1.64261
78.7391 -0.709095 69.0111 -0.460777 89.9982 0.0294634
62.1861 -1.13459 78.7391 -0.709095 69.0111 -0.460777
78.7391 -0.709095 62.1861 -1.13459 46.2959 -2.69139
28.2896 3.21596 22.1949 3.62566 30.7217 6.77782
36.4831 1.08962 28.2896 3.21596 30.7217 6.77782
28.2896 3.21596 36.4831 1.08962 46.2959 -2.69139
36.4831 1.08962 62.1861 -1.13459 46.2959 -2.69139
13.7227 1.77576 28.2896 3.21596 22.1949 3.62566
28.2896 3.21596 13.7227 1.77576 0.796685 -0.309631
-0.774701 7.0624 13.7227 1.77576 0.796685 -0.309631
282.75 0.831561 269.588 3.31994 266.328 7.61514
303.949 -3.09334 327.561 -1.72534 321.678 -1.48037
303.949 -3.09334 321.678 -1.48037 282.75 0.831561
269.588 3.31994 282.75 0.831561 288.997 -3.46832
282.75 0.831561 303.949 -3.09334 288.997 -3.46832
313.916 3.03697 282.75 0.831561 321.678 -1.48037
327.561 -1.72534 321.678 -1.48037 340.567 0.74619
337.219 7.65144 340.567 0.74619 350.1 -1.84163
340.567 0.74619 327.561 -1.72534 350.1 -1.84163
247.236 21.0377 218.588 20.7813 353.92 19.5965
73.5496 26.6391 119.191 26.5501 328.546 26.4753
211.809 29.6686 180.478 29.0478 189.711 26.9422
183.33 50.9246 253.905 50.4323 333.589 50.3874
226.378 52.5308 267.508 53.036 262.203 53.1329
197.147 52.2419 226.378 52.5308 262.203 53.1329
188.581 51.7002 197.147 52.2419 226.378 52.5308
226.378 52.5308 188.581 51.7002 277.515 51.3757
57.508 51.9156 166.577 52.6074 122.703 52.8917
166.577 52.6074 57.508 51.9156 40.42 51.5738
233.904 57.5505 268.12 57.6916 338.782 58.2765
196.237 57.4263 233.904 57.5505 338.782 58.2765
193.34 56.672 127.859 57.2574 196.237 57.4263
193.34 56.672 196.237 57.4263 233.904 57.5505
57.508 51.9156 193.34 56.672 233.904 57.5505
193.34 56.672 57.508 51.9156 40.42 51.5738
98.4233 61.5905 48.6909 62.178 42.4852 62.3155
110.711 61.3909 98.4233 61.5905 48.6909 62.178
120.208 59.7897 110.711 61.3909 48.6909 62.178
151.826 59.0322 120.208 59.7897 110.711 61.3909
196.237 57.4263 136.72 57.4909 167.239 58.0296
196.237 57.4263 167.239 58.0296 151.826 59.0322
196.237 57.4263 151.826 59.0322 110.711 61.3909
136.72 57.4909 196.237 57.4263 127.859 57.2574
58.5427 60.0746 120.208 59.7897 151.826 59.0322
68.2177 69.5881 20.2492 70.0774 -2.5095 70.7229
140.081 69.4933 68.2177 69.5881 -2.5095 70.7229
198.073 69.2917 140.081 69.4933 68.2177 69.5881
151.173 69.0566 266.106 69.281 198.073 69.2917
151.173 69.0566 198.073 69.2917 68.2177 69.5881
122.607 68.8691 11.4573 68.8697 151.173 69.0566
122.607 68.8691 151.173 69.0566 266.106 69.281
91.5006 68.6219 122.607 68.8691 11.4573 68.8697
53.606 68.251 91.5006 68.6219 11.4573 68.8697
62.2724 67.3376 53.606 68.251 91.5006 68.6219
73.4725 63.4287 62.2724 67.3376 53.606 68.251
83.7962 63.3549 73.4725 63.4287 62.2724 67.3376
92.5862 63.074 83.7962 63.3549 73.4725 63.4287
98.4233 61.5905 92.5862 63.074 73.4725 63.4287
92.5862 63.074 98.4233 61.5905 110.711 61.3909
30.3932 73.094 93.4917 76.2751 79.914 77.3438
43.2354 72.8121 30.3932 73.094 93.4917 76.2751
80.7452 72.7652 43.2354 72.8121 93.4917 76.2751
111.479 72.3639 80.7452 72.7652 43.2354 72.8121
157.346 71.8701 111.479 72.3639 80.7452 72.7652
140.081 69.4933 157.346 71.8701 111.479 72.3639
157.346 71.8701 140.081 69.4933 198.073 69.2917
350.355 79.148 221.448 79.776 228.864 79.9182
286.6 79.0846 350.355 79.148 221.448 79.776
331.215 77.7537 286.6 79.0846 350.355 79.148
282.413 77.4487 331.215 77.7537 286.6 79.0846
296.248 77.4417 282.413 77.4487 331.215 77.7537
240.576 76.889 296.248 77.4417 331.215 77.7537
163.254 76.6786 240.576 76.889 296.248 77.4417
249.814 76.1841 163.254 76.6786 240.576 76.889
342.985 73.6509 249.814 76.1841 240.576 76.889
327.959 72.9055 342.985 73.6509 249.814 76.1841
312.439 71.4463 322.31 72.7626 327.959 72.9055
312.439 71.4463 327.959 72.9055 342.985 73.6509
260.409 69.8089 312.439 71.4463 322.31 72.7626
312.439 71.4463 260.409 69.8089 266.106 69.281
260.409 69.8089 198.073 69.2917 266.106 69.281
268.12 57.6916 233.904 57.5505 347.471 53.8227
223.479 61.9515 92.5862 63.074 83.7962 63.3549
92.5862 63.074 223.479 61.9515 306.331 61.0829
220.827 67.8081 192.089 68.0803 210.201 68.8469
233.482 66.6636 220.827 67.8081 210.201 68.8469
256.575 62.6376 233.482 66.6636 220.827 67.8081
239.102 62.4552 256.575 62.6376 220.827 67.8081
292.136 62.3545 239.102 62.4552 256.575 62.6376
297.438 62.0838 292.136 62.3545 239.102 62.4552
223.479 61.9515 297.438 62.0838 239.102 62.4552
306.331 61.0829 223.479 61.9515 297.438 62.0838
320.051 60.9256 306.331 61.0829 297.438 62.0838
212.999 60.7698 320.051 60.9256 306.331 61.0829
253.797 60.6135 212.999 60.7698 320.051 60.9256
276.327 58.9673 253.797 60.6135 212.999 60.7698
350.494 58.877 276.327 58.9673 253.797 60.6135
276.327 58.9673 350.494 58.877 178.878 58.5864
233.482 66.6636 278.24 67.5177 252.597 67.5256
278.24 67.5177 233.482 66.6636 256.575 62.6376
252.597 67.5256 351.235 67.55 291.811 67.9961
278.24 67.5177 252.597 67.5256 351.235 67.55
301.804 67.1083 278.24 67.5177 351.235 67.55
278.24 67.5177 301.804 67.1083 330.957 63.6347
167.1 67.6073 91.5006 68.6219 122.607 68.8691
176.865 67.5173 167.1 67.6073 122.607 68.8691
131.057 67.3314 176.865 67.5173 167.1 67.6073
167.1 67.6073 131.057 67.3314 101.535 67.3144
38.5574 79.2636 221.448 79.776 228.864 79.9182
221.448 79.776 38.5574 79.2636 21.1545 79.199
67.8971 81.252 63.7198 81.3636 99.6469 81.8629
67.8971 81.252 99.6469 81.8629 130.907 82.3248
108.35 80.9774 67.8971 81.252 130.907 82.3248
123.573 80.3915 168.664 80.9261 108.35 80.9774
123.573 80.3915 108.35 80.9774 67.8971 81.252
147.871 80.3059 123.573 80.3915 168.664 80.9261
38.5574 79.2636 147.871 80.3059 123.573 80.3915
123.573 80.3915 38.5574 79.2636 21.1545 79.199
108.35 80.9774 176.652 81.1935 201.198 81.345
176.652 81.1935 108.35 80.9774 168.664 80.9261
337.292 80.7144 176.652 81.1935 201.198 81.345
322.471 80.6855 337.292 80.7144 176.652 81.1935
337.292 80.7144 322.471 80.6855 309.127 80.4589
99.6469 81.8629 130.907 82.3248 140.283 83.095
6.98933 81.646 99.6469 81.8629 140.283 83.095
99.6469 81.8629 6.98933 81.646 1.86459 81.586
29.1944 83.9397 31.1926 86.582 21.2765 87.8559
6.98933 81.646 29.1944 83.9397 21.2765 87.8559
21.2765 87.8559 6.98933 81.646 1.86459 81.586
6.94301 93.5878 131.06 93.7486 72.8568 93.7892
157.796 93.5668 6.94301 93.5878 131.06 93.7486
172.705 93.5518 157.796 93.5668 131.06 93.7486
346.192 93.2752 172.705 93.5518 157.796 93.5668
183.893 92.2406 346.192 93.2752 157.796 93.5668
332.425 91.8591 183.893 92.2406 346.192 93.2752
306.894 91.8102 332.425 91.8591 183.893 92.2406
223.688 91.501 306.894 91.8102 332.425 91.8591
141.975 91.3253 296.519 91.3584 223.688 91.501
141.975 91.3253 223.688 91.501 306.894 91.8102
233.753 91.014 141.975 91.3253 296.519 91.3584
319.434 90.6626 233.753 91.014 141.975 91.3253
241.73 90.559 319.434 90.6626 141.975 91.3253
78.0941 90.2348 96.5482 90.3772 241.73 90.559
78.0941 90.2348 241.73 90.559 319.434 90.6626
47.2801 90.2314 78.0941 90.2348 96.5482 90.3772
273.402 90.181 47.2801 90.2314 78.0941 90.2348
60.0541 90.1457 273.402 90.181 47.2801 90.2314
92.3278 89.2725 60.0541 90.1457 47.2801 90.2314
39.9502 89.1695 92.3278 89.2725 47.2801 90.2314
21.2765 87.8559 39.9502 89.1695 92.3278 89.2725
31.1926 86.582 21.2765 87.8559 92.3278 89.2725
92.3278 89.2725 31.1926 86.582 118.894 86.5547
199.729 90.6464 241.73 90.559 96.5482 90.3772
187.624 87.8341 92.3278 89.2725 60.0541 90.1457
92.3278 89.2725 187.624 87.8341 257.84 86.7399
248.114 88.61 277.547 89.0221 153.828 89.332
208.255 87.9465 248.114 88.61 277.547 89.0221
187.624 87.8341 208.255 87.9465 248.114 88.61
257.84 86.7399 187.624 87.8341 208.255 87.9465
340.884 86.6055 257.84 86.7399 208.255 87.9465
289.129 86.4647 340.884 86.6055 257.84 86.7399
260.882 83.4947 289.129 86.4647 257.84 86.7399
268.339 82.173 260.882 83.4947 289.129 86.4647
260.882 83.4947 268.339 82.173 193.887 81.804
110.707 93.4854 157.796 93.5668 6.94301 93.5878
157.796 93.5668 110.707 93.4854 2.86869 91.53
63.7198 81.3636 67.8971 81.252 52.7324 80.9002
282.413 77.4487 296.248 77.4417 206.217 77.3851
163.254 76.6786 249.814 76.1841 236.23 73.9186
17.9852 60.6132 48.6909 62.178 42.4852 62.3155
0.326403 59.7421 17.9852 60.6132 42.4852 62.3155
28.4531 58.9474 0.326403 59.7421 17.9852 60.6132
0.326403 59.7421 28.4531 58.9474 11.9474 58.3385
158.767 56.4596 193.34 56.672 127.859 57.2574
193.34 56.672 158.767 56.4596 31.1343 53.8697
147.561 50.2538 100.779 50.3996 67.2354 50.4726
93.7282 50.1726 147.561 50.2538 67.2354 50.4726
67.2354 50.4726 93.7282 50.1726 23.9622 49.6248
