8.81035 16.1055 17.4264 16.8503 7.35563 17.0367
11.5808 15.9928 8.81035 16.1055 17.4264 16.8503
10.1099 15.6879 11.5808 15.9928 8.81035 16.1055
13.7983 13.7049 10.1099 15.6879 8.81035 16.1055
15.3175 13.0829 13.7983 13.7049 10.1099 15.6879
9.31939 12.9399 15.3175 13.0829 13.7983 13.7049
13.1287 12.5055 4.7046 12.8845 9.31939 12.9399
13.1287 12.5055 9.31939 12.9399 15.3175 13.0829
13.6255 10.936 13.1287 12.5055 15.3175 13.0829
17.7985 10.7544 13.6255 10.936 15.3175 13.0829
13.6255 10.936 17.7985 10.7544 17.9434 10.5346
17.7985 10.7544 19.7812 11.7205 21.6239 13.6064
17.9434 10.5346 17.7985 10.7544 19.7812 11.7205
16.5032 9.47154 17.9434 10.5346 19.7812 11.7205
11.9772 6.2566 16.3116 9.10925 16.5032 9.47154
11.9772 6.2566 16.5032 9.47154 17.9434 10.5346
10.4304 3.50696 11.9772 6.2566 16.3116 9.10925
9.8843 2.96811 11.6044 3.40058 10.4304 3.50696
9.8843 2.96811 10.4304 3.50696 11.9772 6.2566
12.7024 2.80637 9.8843 2.96811 11.6044 3.40058
23.2782 0.83123 12.7024 2.80637 9.8843 2.96811
27.2337 0.472283 23.2782 0.83123 12.7024 2.80637
23.2782 0.83123 27.2337 0.472283 29.1962 0.182676
49.9852 5.68205 50.9774 5.71448 40.0431 6.39469
43.4395 5.56979 49.9852 5.68205 40.0431 6.39469
43.5698 5.54083 43.4395 5.56979 49.9852 5.68205
37.0182 3.96115 43.5698 5.54083 43.4395 5.56979
25.207 3.61597 37.0182 3.96115 43.4395 5.56979
30.2862 3.15989 25.207 3.61597 37.0182 3.96115
29.8248 2.28044 30.2862 3.15989 37.0182 3.96115
26.4027 1.38301 31.7714 1.91019 29.8248 2.28044
26.4027 1.38301 29.8248 2.28044 30.2862 3.15989
27.9713 1.08773 26.4027 1.38301 31.7714 1.91019
27.2337 0.472283 27.9713 1.08773 26.4027 1.38301
27.9713 1.08773 27.2337 0.472283 29.1962 0.182676
13.2972 15.6386 10.1099 15.6879 11.5808 15.9928
11.5808 15.9928 13.2972 15.6386 15.4257 15.6126
22.1767 28.6575 20.7627 29.323 23.2415 29.9153
24.7833 28.2845 22.1767 28.6575 23.2415 29.9153
29.2014 25.0065 24.4335 25.3808 24.7833 28.2845
29.2014 25.0065 24.7833 28.2845 23.2415 29.9153
28.4262 23.5682 29.2014 25.0065 24.4335 25.3808
20.2698 20.4484 22.5606 21.085 25.7796 21.4018
28.0778 18.7739 20.2698 20.4484 25.7796 21.4018
28.0778 18.7739 25.7796 21.4018 28.4262 23.5682
28.0778 18.7739 28.4262 23.5682 29.2014 25.0065
25.1561 18.6304 28.0778 18.7739 20.2698 20.4484
12.1467 17.449 25.1561 18.6304 28.0778 18.7739
7.35563 17.0367 12.1467 17.449 25.1561 18.6304
17.4264 16.8503 7.35563 17.0367 12.1467 17.449
35.6825 14.9914 17.4264 16.8503 12.1467 17.449
17.4264 16.8503 35.6825 14.9914 37.7318 14.5867
41.8254 18.5363 41.4049 20.4938 40.8114 20.5958
39.5803 18.298 41.8254 18.5363 40.8114 20.5958
37.0507 17.3914 39.5803 18.298 40.8114 20.5958
35.8934 15.2529 37.0507 17.3914 39.5803 18.298
35.6825 14.9914 35.8934 15.2529 39.5803 18.298
39.5803 18.298 35.6825 14.9914 37.7318 14.5867
32.3889 23.0041 30.7511 23.5037 35.1852 27.7079
33.6948 21.892 32.3889 23.0041 30.7511 23.5037
33.8827 20.597 33.6948 21.892 30.7511 23.5037
35.8934 15.2529 31.3167 15.9878 32.5002 17.69
35.8934 15.2529 32.5002 17.69 33.8827 20.597
35.8934 15.2529 33.8827 20.597 33.6948 21.892
31.3167 15.9878 35.8934 15.2529 35.6825 14.9914
29.272 21.4093 32.5002 17.69 31.3167 15.9878
36.3009 23.6828 37.0507 17.3914 35.8934 15.2529
40.8859 24.569 41.4049 20.4938 41.8254 18.5363
44.3612 16.0014 39.5803 18.298 41.8254 18.5363
39.5803 18.298 44.3612 16.0014 42.1023 15.4046
43.5404 23.2333 44.547 25.309 45.5874 28.6852
44.8377 20.9195 43.5404 23.2333 44.547 25.309
45.3012 18.7222 44.8377 20.9195 44.547 25.309
45.2609 17.9852 45.3012 18.7222 44.8377 20.9195
44.3612 16.0014 45.2609 17.9852 44.8377 20.9195
45.2609 17.9852 44.3612 16.0014 44.9459 14.6053
44.3612 16.0014 42.1023 15.4046 44.9459 14.6053
49.6242 24.3642 51.1405 28.6708 50.6606 29.8374
48.0424 20.8979 49.6597 22.5348 49.6242 24.3642
48.0424 20.8979 49.6242 24.3642 50.6606 29.8374
49.6597 22.5348 48.0424 20.8979 45.2609 17.9852
48.0424 20.8979 45.3012 18.7222 45.2609 17.9852
50.3141 20.9011 49.6597 22.5348 49.6242 24.3642
49.6597 22.5348 50.3141 20.9011 50.8853 15.0497
52.5806 26.5561 51.1405 28.6708 50.6606 29.8374
52.6099 25.8848 52.5806 26.5561 51.1405 28.6708
51.1405 28.6708 52.6099 25.8848 53.2196 23.4128
52.6099 25.8848 54.1428 24.6634 53.2196 23.4128
52.6099 25.8848 55.6941 27.3566 55.6732 28.4713
55.6941 27.3566 52.6099 25.8848 54.1428 24.6634
55.534 20.9275 55.5306 21.6527 55.6941 27.3566
55.7609 18.9716 55.534 20.9275 55.6941 27.3566
56.7211 17.0808 55.7609 18.9716 55.6941 27.3566
56.7211 17.0808 55.6941 27.3566 55.6732 28.4713
55.7609 18.9716 56.7211 17.0808 55.9716 16.6723
57.8885 17.9238 59.7138 23.7662 59.9052 28.6505
58.7447 17.6608 57.8885 17.9238 59.7138 23.7662
56.7211 17.0808 58.7447 17.6608 57.8885 17.9238
55.9716 16.6723 56.7211 17.0808 58.7447 17.6608
64.0989 16.5294 55.9716 16.6723 58.7447 17.6608
55.9716 16.6723 64.0989 16.5294 68.0993 16.3293
67.4534 16.6042 65.2508 17.643 66.3917 18.7006
67.4534 16.6042 66.3917 18.7006 65.14 25.2316
65.2508 17.643 67.4534 16.6042 64.0989 16.5294
69.9156 19.5559 69.4036 19.8323 68.4063 28.1814
70.8702 17.781 69.9156 19.5559 69.4036 19.8323
67.4534 16.6042 70.8702 17.781 69.4036 19.8323
70.8702 17.781 67.4534 16.6042 68.0993 16.3293
67.4534 16.6042 64.0989 16.5294 68.0993 16.3293
69.9156 19.5559 71.244 23.1621 70.7067 26.4311
71.244 23.1621 69.9156 19.5559 70.8702 17.781
55.5306 21.6527 55.534 20.9275 54.0036 17.2076
72.59 20.0181 71.244 23.1621 70.7067 26.4311
72.4371 16.563 74.1543 16.7438 72.59 20.0181
72.4371 16.563 72.59 20.0181 71.244 23.1621
81.5842 15.9565 72.4371 16.563 74.1543 16.7438
72.4371 16.563 81.5842 15.9565 88.6375 15.2105
72.59 20.0181 73.8746 24.1597 73.7775 25.3538
73.8746 24.1597 72.59 20.0181 74.1543 16.7438
79.8275 23.7267 78.8305 24.7445 79.8255 25.599
79.8275 23.7267 79.8255 25.599 80.183 26.2848
79.8275 23.7267 80.183 26.2848 80.4263 27.9726
80.6324 21.9312 79.8275 23.7267 80.4263 27.9726
80.6068 18.0739 84.1675 18.8181 80.6324 21.9312
80.6068 18.0739 80.6324 21.9312 79.8275 23.7267
81.5842 15.9565 80.6068 18.0739 84.1675 18.8181
84.1675 18.8181 81.5842 15.9565 88.6375 15.2105
86.8287 24.1256 88.9907 26.4911 87.3299 27.1222
86.4517 23.7962 86.8287 24.1256 87.3299 27.1222
86.8287 24.1256 86.4517 23.7962 84.1675 18.8181
86.4517 23.7962 80.6324 21.9312 84.1675 18.8181
87.3299 27.1222 88.1475 27.9834 83.7751 29.3529
88.9907 26.4911 87.3299 27.1222 88.1475 27.9834
93.159 26.3586 88.9907 26.4911 88.1475 27.9834
88.9907 26.4911 93.159 26.3586 92.0764 25.8829
93.159 26.3586 94.2457 26.5554 93.6123 27.618
92.0764 25.8829 93.159 26.3586 94.2457 26.5554
93.2844 23.0173 92.0764 25.8829 94.2457 26.5554
93.6265 20.7038 93.2844 23.0173 92.0764 25.8829
96.2745 19.826 93.6265 20.7038 93.2844 23.0173
96.9733 19.162 94.8643 19.171 96.2745 19.826
96.9733 19.162 96.2745 19.826 93.2844 23.0173
94.6398 19.0752 96.9733 19.162 94.8643 19.171
94.8643 19.171 94.6398 19.0752 90.2848 18.0883
89.7762 21.7795 93.6265 20.7038 96.2745 19.826
96.9733 19.162 94.6398 19.0752 98.7173 16.5524
97.9296 28.9226 97.443 29.7022 96.3491 29.8308
93.6123 27.618 97.9296 28.9226 96.3491 29.8308
94.2457 26.5554 93.6123 27.618 97.9296 28.9226
97.9296 28.9226 94.2457 26.5554 96.755 24.6259
78.8305 24.7445 79.8255 25.599 78.9749 26.7686
78.9749 26.7686 78.8305 24.7445 76.7454 16.5334
78.8305 24.7445 79.8275 23.7267 79.4243 18.8914
73.7775 25.3538 73.8746 24.1597 74.4744 21.0585
60.2162 23.7335 59.7138 23.7662 59.9052 28.6505
62.3111 22.5423 60.2162 23.7335 59.7138 23.7662
59.7138 23.7662 62.3111 22.5423 63.6376 19.2067
60.2619 28.9755 62.3111 22.5423 63.6376 19.2067
13.1561 26.6679 22.1767 28.6575 20.7627 29.323
11.3165 26.0491 6.20485 26.0561 13.1561 26.6679
11.3165 26.0491 13.1561 26.6679 22.1767 28.6575
11.0092 24.9916 11.3165 26.0491 22.1767 28.6575
11.3165 26.0491 11.0092 24.9916 10.0482 23.2234
12.4463 28.3345 13.1561 26.6679 6.20485 26.0561
5.61866 28.3241 4.57679 26.6764 6.20485 26.0561
2.02045 29.7648 4.57679 26.6764 4.15416 24.6766
4.57679 26.6764 6.20485 26.0561 4.15416 24.6766
6.20485 26.0561 11.3165 26.0491 4.15416 24.6766
22.1767 28.6575 24.7833 28.2845 21.0106 24.9181
24.5784 21.4295 13.503 22.3407 17.3365 22.8944
25.7796 21.4018 24.5784 21.4295 17.3365 22.8944
22.5606 21.085 25.7796 21.4018 24.5784 21.4295
24.5784 21.4295 22.5606 21.085 10.6587 20.9267
0.502462 23.1409 13.503 22.3407 24.5784 21.4295
22.5606 21.085 20.2698 20.4484 10.2545 19.6199
6.95147 12.4125 13.1287 12.5055 4.7046 12.8845
5.68908 11.5163 6.95147 12.4125 4.7046 12.8845
8.95124 11.2229 5.68908 11.5163 6.95147 12.4125
4.48497 10.8794 8.95124 11.2229 5.68908 11.5163
4.10356 10.2809 4.7653 10.5416 4.48497 10.8794
5.68908 11.5163 4.48497 10.8794 0.879045 9.46422
4.48497 10.8794 4.10356 10.2809 0.879045 9.46422
7.49756 7.54637 4.7653 10.5416 4.48497 10.8794
6.84178 7.46031 7.49756 7.54637 4.7653 10.5416
9.30801 6.54033 6.84178 7.46031 7.49756 7.54637
3.52703 5.21816 9.30801 6.54033 6.84178 7.46031
7.43619 4.35653 3.52703 5.21816 9.30801 6.54033
3.49719 3.9878 7.43619 4.35653 3.52703 5.21816
3.20685 2.98808 3.49719 3.9878 3.52703 5.21816
3.52703 5.21816 3.20685 2.98808 3.16241 2.87932
3.16241 2.87932 3.20685 2.98808 4.13218 3.33853
6.17368 1.76941 3.16241 2.87932 4.13218 3.33853
4.13218 3.33853 6.17368 1.76941 9.07983 1.07707
39.2649 1.00377 31.7714 1.91019 29.8248 2.28044
31.7714 1.91019 39.2649 1.00377 35.6258 0.678772
46.9719 1.27487 39.2649 1.00377 35.6258 0.678772
50.9774 5.71448 51.7161 4.24313 51.3964 1.42338
34.5793 11.7197 36.049 12.6295 35.6525 14.0502
24.5032 9.02675 30.1803 10.5973 30.6171 10.699
24.5032 9.02675 30.6171 10.699 34.5793 11.7197
31.0304 8.61982 24.5032 9.02675 34.5793 11.7197
31.0304 8.61982 34.5793 11.7197 36.049 12.6295
28.6821 7.88688 37.3022 8.43457 31.0304 8.61982
28.6821 7.88688 31.0304 8.61982 24.5032 9.02675
26.58 7.58526 28.6821 7.88688 24.5032 9.02675
50.3462 6.60932 26.58 7.58526 28.6821 7.88688
40.0431 6.39469 50.3462 6.60932 26.58 7.58526
50.9774 5.71448 40.0431 6.39469 50.3462 6.60932
53.9716 2.9676 51.7161 4.24313 50.9774 5.71448
53.9716 2.9676 50.9774 5.71448 50.3462 6.60932
51.7161 4.24313 53.9716 2.9676 55.5706 0.0392917
53.9716 2.9676 57.09 2.19655 55.5706 0.0392917
24.317 12.3948 30.6171 10.699 30.1803 10.5973
54.3528 8.50145 54.5414 9.74338 50.4633 12.7635
54.8086 8.49776 54.3528 8.50145 54.5414 9.74338
53.9716 2.9676 54.8086 8.49776 54.3528 8.50145
54.8086 8.49776 53.9716 2.9676 57.09 2.19655
60.6287 6.2508 60.4525 7.03979 58.8308 10.5497
58.9344 5.17774 60.6287 6.2508 58.8308 10.5497
57.09 2.19655 58.9344 5.17774 60.6287 6.2508
60.6287 6.2508 57.09 2.19655 55.5706 0.0392917
66.5718 10.1654 66.8575 10.4915 62.1566 10.9705
62.4777 9.14392 66.5718 10.1654 62.1566 10.9705
61.0782 7.33064 62.4777 9.14392 62.1566 10.9705
60.4525 7.03979 61.0782 7.33064 62.1566 10.9705
61.0782 7.33064 60.4525 7.03979 60.6287 6.2508
62.4777 9.14392 61.0782 7.33064 62.49 4.96449
64.1047 3.4898 66.8344 10.0493 66.5718 10.1654
65.2928 0.64788 64.1047 3.4898 66.8344 10.0493
64.1047 3.4898 65.2928 0.64788 63.2693 0.337387
70.8117 8.16905 70.4701 9.0032 68.4329 14.204
70.3122 4.96301 70.8117 8.16905 70.4701 9.0032
70.0417 4.65513 70.3122 4.96301 70.4701 9.0032
70.6856 3.65349 70.0417 4.65513 70.3122 4.96301
70.4985 2.07653 70.6856 3.65349 70.0417 4.65513
70.3463 1.41172 70.4985 2.07653 70.0417 4.65513
70.1823 1.40045 70.3463 1.41172 70.0417 4.65513
65.2928 0.64788 70.1823 1.40045 70.3463 1.41172
70.3463 1.41172 65.2928 0.64788 63.2693 0.337387
72.592 6.04869 73.3212 7.21639 72.1532 9.09063
70.9267 4.48112 72.592 6.04869 72.1532 9.09063
70.6856 3.65349 70.9267 4.48112 72.1532 9.09063
70.9267 4.48112 70.6856 3.65349 70.4985 2.07653
66.8344 10.0493 66.5718 10.1654 66.8575 10.4915
66.8344 10.0493 66.8575 10.4915 67.8545 12.209
67.3441 8.57528 66.8344 10.0493 67.8545 12.209
66.8344 10.0493 67.3441 8.57528 66.9964 6.51384
72.7973 1.03332 70.9267 4.48112 72.592 6.04869
70.9267 4.48112 72.7973 1.03332 72.3986 0.074446
72.7973 1.03332 78.188 4.54611 79.1534 5.92428
78.188 4.54611 72.7973 1.03332 72.3986 0.074446
76.3858 10.8875 80.0246 11.4602 82.9224 12.916
77.9358 10.7558 76.3858 10.8875 80.0246 11.4602
80.5225 6.80696 77.9358 10.7558 76.3858 10.8875
78.188 4.54611 79.1534 5.92428 80.5225 6.80696
82.1685 4.49257 78.188 4.54611 80.5225 6.80696
82.1685 4.49257 80.5225 6.80696 77.9358 10.7558
78.188 4.54611 82.1685 4.49257 81.2607 2.47413
92.0687 13.005 93.6875 13.1555 87.1439 14.4442
89.7799 11.4357 92.0687 13.005 87.1439 14.4442
87.48 7.90603 89.7799 11.4357 92.0687 13.005
87.7221 6.3229 83.1634 7.37435 87.48 7.90603
87.7221 6.3229 87.48 7.90603 92.0687 13.005
84.4367 5.7412 87.7221 6.3229 83.1634 7.37435
83.3673 5.30035 84.4367 5.7412 83.1634 7.37435
82.1685 4.49257 83.3673 5.30035 83.1634 7.37435
83.3673 5.30035 82.1685 4.49257 81.2607 2.47413
84.4367 5.7412 83.3673 5.30035 86.5722 2.80004
94.0494 10.7467 92.0687 13.005 93.6875 13.1555
93.7203 9.28771 94.0494 10.7467 92.0687 13.005
95.4078 7.43166 93.7203 9.28771 94.0494 10.7467
96.6914 6.66506 95.4078 7.43166 94.0494 10.7467
96.7962 6.20353 96.6914 6.66506 95.4078 7.43166
95.4078 7.43166 96.7962 6.20353 96.6924 2.80354
96.7855 13.9724 96.6914 6.66506 96.7962 6.20353
99.7214 12.366 96.7962 6.20353 96.6924 2.80354
74.4309 5.99262 73.3212 7.21639 72.1532 9.09063
73.3212 7.21639 74.4309 5.99262 75.0551 3.63247
75.5794 12.1444 74.4309 5.99262 75.0551 3.63247
40.229 11.9778 40.642 12.9076 42.8079 14.1555
38.1796 9.2921 40.1646 9.96802 40.229 11.9778
38.1796 9.2921 40.229 11.9778 40.642 12.9076
36.6918 8.80048 38.1796 9.2921 40.642 12.9076
37.3022 8.43457 31.0304 8.61982 36.6918 8.80048
37.3022 8.43457 36.6918 8.80048 38.1796 9.2921
38.1796 9.2921 37.3022 8.43457 45.2159 7.6089
42.8079 14.1555 40.642 12.9076 36.6425 10.8081
16.5032 9.47154 16.3116 9.10925 22.7666 5.0448
