-1.24108 -33.4489 -0.90012 -18.5681 -1.26406 -9.74025
-0.90012 -18.5681 -1.24108 -33.4489 -1.34552 -46.5286
-1.96074 -20.2222 -2.66508 -7.03583 -2.79326 -1.21718
-2.48182 -21.6263 -1.96074 -20.2222 -2.66508 -7.03583
-2.10924 -26.0039 -2.48182 -21.6263 -1.96074 -20.2222
-2.48182 -21.6263 -2.10924 -26.0039 -1.34552 -46.5286
-2.10924 -26.0039 -1.24108 -33.4489 -1.34552 -46.5286
-0.517171 -19.5828 -0.90012 -18.5681 -1.26406 -9.74025
-0.90012 -18.5681 -0.517171 -19.5828 0.449469 -29.3544
-0.517171 -19.5828 2.85971 -24.8836 0.449469 -29.3544
-3.2338 -8.3086 -2.66508 -7.03583 -2.79326 -1.21718
-4.97139 -14.6276 -3.2338 -8.3086 -2.79326 -1.21718
-5.79021 -21.545 -4.97139 -14.6276 -3.2338 -8.3086
-6.60722 -21.9389 -9.64211 -21.6001 -5.79021 -21.545
-6.36545 -25.196 -6.60722 -21.9389 -5.79021 -21.545
-6.36545 -25.196 -5.79021 -21.545 -3.2338 -8.3086
-3.2338 -8.3086 -6.36545 -25.196 -5.83311 -29.1933
-8.04646 -11.966 -4.97139 -14.6276 -5.79021 -21.545
-10.1324 -20.2266 -9.76501 -16.3708 -12.1805 -15.145
-5.79021 -21.545 -10.1324 -20.2266 -9.76501 -16.3708
-9.64211 -21.6001 -5.79021 -21.545 -10.1324 -20.2266
-11.3257 -29.7784 -9.64211 -21.6001 -10.1324 -20.2266
-13.7169 -37.3956 -11.3257 -29.7784 -10.1324 -20.2266
-13.3342 -39.1001 -15.0669 -37.733 -13.7169 -37.3956
-13.3342 -39.1001 -13.7169 -37.3956 -11.3257 -29.7784
-15.0669 -37.733 -13.3342 -39.1001 -15.5221 -44.4703
-14.5602 -36.1308 -18.439 -34.9203 -16.0544 -30.4855
-13.7169 -37.3956 -14.5602 -36.1308 -18.439 -34.9203
-18.439 -34.9203 -13.7169 -37.3956 -15.0669 -37.733
-13.8581 -25.8494 -14.6674 -23.1788 -15.8879 -20.6384
-14.5602 -36.1308 -13.8581 -25.8494 -15.8879 -20.6384
-13.8581 -25.8494 -14.5602 -36.1308 -13.7169 -37.3956
-13.4272 -3.48723 -20.3241 -2.9614 -21.7328 -2.77238
-13.8689 -3.74101 -13.4272 -3.48723 -20.3241 -2.9614
-15.0249 -4.86449 -13.8689 -3.74101 -13.4272 -3.48723
-14.4628 -13.5526 -15.0249 -4.86449 -13.4272 -3.48723
-14.6674 -23.1788 -14.4628 -13.5526 -15.0249 -4.86449
-14.4628 -13.5526 -14.6674 -23.1788 -13.8581 -25.8494
-22.2214 -3.58341 -20.3241 -2.9614 -21.7328 -2.77238
-27.6919 -11.1676 -22.2214 -3.58341 -21.7328 -2.77238
-28.9418 -13.7324 -29.2184 -12.1393 -27.6919 -11.1676
-28.9418 -13.7324 -27.6919 -11.1676 -22.2214 -3.58341
-30.5165 -22.7728 -28.9418 -13.7324 -29.2184 -12.1393
-30.4732 -26.1289 -29.7379 -25.2963 -30.5165 -22.7728
-31.3412 -27.8505 -28.9861 -27.7351 -30.4732 -26.1289
-31.3412 -27.8505 -30.4732 -26.1289 -30.5165 -22.7728
-31.3412 -27.8505 -30.5165 -22.7728 -29.2184 -12.1393
-30.8687 -31.853 -31.3412 -27.8505 -28.9861 -27.7351
-29.2655 -32.0282 -30.8687 -31.853 -28.9861 -27.7351
-28.9861 -27.7351 -29.2655 -32.0282 -27.2603 -40.7772
-29.7379 -25.2963 -26.4638 -22.48 -24.4929 -14.8707
-26.4638 -22.48 -29.7379 -25.2963 -30.4732 -26.1289
-29.9472 -12.4165 -29.2184 -12.1393 -27.6919 -11.1676
-29.2184 -12.1393 -29.9472 -12.4165 -31.9099 -13.555
-37.5927 -3.51712 -40.4855 -3.50285 -43.506 -1.07878
-35.9049 -4.04779 -37.5927 -3.51712 -40.4855 -3.50285
-36.8263 -4.79607 -35.9049 -4.04779 -40.4855 -3.50285
-36.2692 -4.8106 -36.8263 -4.79607 -35.9049 -4.04779
-36.1861 -9.14933 -36.2692 -4.8106 -36.8263 -4.79607
-37.9572 -9.36571 -36.1861 -9.14933 -36.8263 -4.79607
-32.7012 -11.5177 -37.9572 -9.36571 -36.1861 -9.14933
-29.9472 -12.4165 -32.7012 -11.5177 -36.1861 -9.14933
-32.7012 -11.5177 -29.9472 -12.4165 -31.9099 -13.555
-32.4418 -4.55394 -35.9049 -4.04779 -37.5927 -3.51712
-35.9049 -4.04779 -32.4418 -4.55394 -24.9784 -6.99944
-23.8741 7.87993 -49.1118 8.17736 -41.8987 8.24567
-38.1921 7.72558 -23.8741 7.87993 -49.1118 8.17736
-37.5064 7.38302 -38.1921 7.72558 -49.1118 8.17736
-44.7365 6.61287 -37.5064 7.38302 -49.1118 8.17736
-41.9923 3.53928 -44.7365 6.61287 -37.5064 7.38302
-37.848 2.05528 -40.4447 3.04492 -41.9923 3.53928
-41.0848 0.630792 -37.848 2.05528 -41.9923 3.53928
-41.0848 0.630792 -41.9923 3.53928 -44.7365 6.61287
-42.9905 0.390581 -41.0848 0.630792 -44.7365 6.61287
-31.9558 0.259279 -42.9905 0.390581 -41.0848 0.630792
-39.952 -0.737809 -31.9558 0.259279 -42.9905 0.390581
-45.0399 -1.05228 -39.952 -0.737809 -42.9905 0.390581
-43.506 -1.07878 -45.0399 -1.05228 -39.952 -0.737809
-40.4855 -3.50285 -43.506 -1.07878 -45.0399 -1.05228
-40.6076 -5.27178 -40.4855 -3.50285 -45.0399 -1.05228
-40.4855 -3.50285 -40.6076 -5.27178 -39.9318 -6.37855
-39.9318 -6.37855 -40.6076 -5.27178 -45.3614 -3.98142
-40.6715 -6.89215 -39.9318 -6.37855 -45.3614 -3.98142
-42.9436 -8.05745 -49.2762 -6.94419 -40.6715 -6.89215
-44.2897 -10.3883 -42.9436 -8.05745 -40.6715 -6.89215
-44.2897 -10.3883 -40.6715 -6.89215 -39.9318 -6.37855
-46.7999 -13.1232 -40.8439 -10.6453 -44.2897 -10.3883
-46.7999 -13.1232 -44.2897 -10.3883 -42.9436 -8.05745
-40.8439 -10.6453 -46.7999 -13.1232 -41.7209 -13.4866
-20.2063 5.26501 -11.0416 5.93845 -15.3455 6.03096
-41.9923 3.53928 -20.2063 5.26501 -11.0416 5.93845
-11.0416 5.93845 -41.9923 3.53928 -40.4447 3.04492
-23.3555 15.05 -27.7113 20.6971 -28.0689 21.3999
-23.4138 14.5685 -23.3555 15.05 -27.7113 20.6971
-17.7975 7.61259 -15.1011 8.93245 -18.8322 9.3413
-17.7975 7.61259 -18.8322 9.3413 -23.4138 14.5685
-18.3913 7.1617 -17.7975 7.61259 -23.4138 14.5685
-18.3913 7.1617 -23.4138 14.5685 -27.7113 20.6971
-10.1524 6.15188 -18.3913 7.1617 -17.7975 7.61259
-15.3455 6.03096 -10.1524 6.15188 -18.3913 7.1617
-11.0416 5.93845 -15.3455 6.03096 -10.1524 6.15188
-4.59413 5.92908 -11.0416 5.93845 -10.1524 6.15188
-12.0729 5.16205 -4.59413 5.92908 -11.0416 5.93845
-4.33916 5.15783 -12.0729 5.16205 -4.59413 5.92908
-4.59413 5.92908 -4.33916 5.15783 -1.44159 0.442037
-4.33916 5.15783 -3.82848 3.12159 -1.44159 0.442037
-14.1015 18.8741 -7.29038 19.0345 -1.2074 20.6377
-20.5897 18.3508 -14.1015 18.8741 -1.2074 20.6377
-23.3555 15.05 -20.5897 18.3508 -14.1015 18.8741
-14.1015 18.8741 -23.3555 15.05 -23.4138 14.5685
-4.33916 5.15783 -3.82848 3.12159 -9.16747 0.936235
-18.8322 9.3413 -15.1011 8.93245 -2.03745 8.65596
-4.32991 14.5027 -7.29038 19.0345 -1.2074 20.6377
-5.80524 10.8472 -10.8449 13.5814 -4.32991 14.5027
-5.80524 10.8472 -4.32991 14.5027 -1.2074 20.6377
-10.8449 13.5814 -5.80524 10.8472 -6.35785 10.2229
-28.0689 21.3999 -32.0977 21.8278 -29.018 22.2401
-27.7113 20.6971 -28.0689 21.3999 -32.0977 21.8278
-32.9234 20.6392 -27.7113 20.6971 -32.0977 21.8278
-37.5195 20.0132 -32.9234 20.6392 -32.0977 21.8278
-32.9234 20.6392 -37.5195 20.0132 -40.6333 19.1776
-37.5195 20.0132 -39.5308 21.2271 -42.9493 21.8345
-42.9493 21.8345 -37.5195 20.0132 -40.6333 19.1776
-35.0042 27.2079 -30.147 27.2241 -36.4712 27.6534
-39.5308 21.2271 -35.0042 27.2079 -36.4712 27.6534
-35.0042 27.2079 -39.5308 21.2271 -37.5195 20.0132
-10.3717 26.5538 -35.0042 27.2079 -30.147 27.2241
-35.0042 27.2079 -10.3717 26.5538 -8.19229 26.3755
-8.19229 26.3755 -10.3717 26.5538 -7.68269 26.6473
-8.19229 26.3755 -7.68269 26.6473 -2.05418 27.0756
-18.3248 25.1287 -8.19229 26.3755 -2.05418 27.0756
-17.5138 25.0905 -18.3248 25.1287 -2.05418 27.0756
-14.9906 24.9748 -17.5138 25.0905 -2.05418 27.0756
-11.8437 24.8526 -14.9906 24.9748 -2.05418 27.0756
-23.1813 24.7732 -11.8437 24.8526 -14.9906 24.9748
-9.67398 24.1101 -23.1813 24.7732 -11.8437 24.8526
-12.6429 23.3045 -25.033 23.4422 -9.72969 23.4947
-6.28751 23.266 -12.6429 23.3045 -9.72969 23.4947
-6.28751 23.266 -9.72969 23.4947 -9.67398 24.1101
-6.28751 23.266 -9.67398 24.1101 -11.8437 24.8526
-12.6429 23.3045 -6.28751 23.266 -2.88127 22.7219
-4.01439 28.5981 -13.6611 29.0064 -0.848271 29.6289
-7.68269 26.6473 -4.01439 28.5981 -0.848271 29.6289
-4.01439 28.5981 -7.68269 26.6473 -10.3717 26.5538
-14.0872 23.5898 -9.72969 23.4947 -25.033 23.4422
-34.3093 25.7108 -18.3248 25.1287 -17.5138 25.0905
-25.033 23.4422 -12.6429 23.3045 -34.7203 23.2715
-24.3905 28.98 -13.6611 29.0064 -0.848271 29.6289
-13.6611 29.0064 -24.3905 28.98 -37.1309 28.6586
-20.4067 31.7391 -24.951 35.5071 -24.7287 35.8075
-24.5633 30.6962 -17.6401 31.5325 -20.4067 31.7391
-24.5633 30.6962 -20.4067 31.7391 -24.951 35.5071
-21.3528 29.9883 -28.2814 30.5759 -24.5633 30.6962
-21.3528 29.9883 -24.5633 30.6962 -17.6401 31.5325
-24.3905 28.98 -21.3528 29.9883 -28.2814 30.5759
-28.2814 30.5759 -24.3905 28.98 -37.1309 28.6586
-4.39753 38.9586 -6.29232 43.1894 -5.14313 49.4929
-5.1955 36.9906 -4.39753 38.9586 -6.29232 43.1894
-6.5941 32.9151 -6.16437 36.6417 -5.1955 36.9906
-6.5941 32.9151 -5.1955 36.9906 -4.39753 38.9586
-10.6896 32.6878 -6.5941 32.9151 -6.16437 36.6417
-20.4067 31.7391 -10.6896 32.6878 -6.5941 32.9151
-6.5941 32.9151 -20.4067 31.7391 -17.6401 31.5325
-7.22964 42.9886 -6.29232 43.1894 -5.14313 49.4929
-9.53673 41.0922 -7.22964 42.9886 -6.29232 43.1894
-6.29232 43.1894 -9.53673 41.0922 -10.8424 39.6559
-9.53673 41.0922 -16.716 41.4773 -9.49621 41.9195
-16.716 41.4773 -9.53673 41.0922 -10.8424 39.6559
-19.659 44.4602 -19.0177 45.4165 -18.5117 45.9955
-18.0116 44.2576 -19.659 44.4602 -18.5117 45.9955
-15.2006 42.1317 -18.0116 44.2576 -18.5117 45.9955
-16.716 41.4773 -9.49621 41.9195 -15.2006 42.1317
-16.716 41.4773 -15.2006 42.1317 -18.0116 44.2576
-18.0116 44.2576 -16.716 41.4773 -15.1206 38.0187
-5.1955 36.9906 -6.16437 36.6417 -17.1013 35.2895
-28.2641 33.2179 -24.951 35.5071 -24.7287 35.8075
-29.7532 32.6899 -28.2641 33.2179 -24.7287 35.8075
-24.7287 35.8075 -29.7532 32.6899 -35.7671 30.8274
-28.2641 33.2179 -29.7532 32.6899 -33.7876 30.6515
-32.6771 17.8536 -30.3677 18.843 -32.9234 20.6392
-35.5189 16.559 -32.6771 17.8536 -30.3677 18.843
-33.2 15.2601 -35.5189 16.559 -30.3677 18.843
-39.4682 14.6798 -33.2 15.2601 -35.5189 16.559
-42.7287 14.6131 -39.4682 14.6798 -35.5189 16.559
-39.4682 14.6798 -42.7287 14.6131 -40.9495 12.8307
-30.3677 18.843 -32.9234 20.6392 -27.7113 20.6971
-27.7113 20.6971 -30.3677 18.843 -27.4112 14.2148
-32.6771 17.8536 -35.5189 16.559 -43.2169 16.3338
-38.1921 7.72558 -37.5064 7.38302 -30.3808 5.30222
-42.1486 -24.0841 -42.3483 -21.3789 -31.4891 -19.3953
-36.5516 -24.5008 -42.1486 -24.0841 -31.4891 -19.3953
-36.1583 -26.5319 -36.5516 -24.5008 -31.4891 -19.3953
-36.7293 -28.089 -36.1583 -26.5319 -36.5516 -24.5008
-35.4963 -28.1713 -36.7293 -28.089 -36.1583 -26.5319
-30.8687 -31.853 -35.4963 -28.1713 -36.1583 -26.5319
-30.7409 -32.3929 -29.2655 -32.0282 -30.8687 -31.853
-30.7409 -32.3929 -30.8687 -31.853 -35.4963 -28.1713
-29.2655 -32.0282 -30.7409 -32.3929 -30.5172 -35.3244
-46.7493 -17.1896 -45.9651 -16.3184 -43.3286 -15.3861
-43.6254 -18.8522 -46.7493 -17.1896 -43.3286 -15.3861
-42.3483 -21.3789 -43.6254 -18.8522 -43.3286 -15.3861
-43.6254 -18.8522 -42.3483 -21.3789 -42.1486 -24.0841
-36.7293 -28.089 -35.4963 -28.1713 -36.5801 -30.3223
-26.4638 -22.48 -24.4929 -14.8707 -23.8009 -14.1139
-25.3717 -24.5842 -26.4638 -22.48 -23.8009 -14.1139
-23.1893 -34.7871 -25.3717 -24.5842 -26.4638 -22.48
-22.6904 -35.489 -23.1893 -34.7871 -25.3717 -24.5842
-23.1893 -34.7871 -22.6904 -35.489 -26.2083 -39.9616
-19.4229 -3.72034 -22.2214 -3.58341 -20.3241 -2.9614
-18.9211 -4.41324 -19.4229 -3.72034 -22.2214 -3.58341
-19.604 -7.21763 -18.9211 -4.41324 -22.2214 -3.58341
-18.9211 -4.41324 -19.604 -7.21763 -19.3658 -12.8124
-17.7964 -6.97645 -15.0249 -4.86449 -13.8689 -3.74101
-16.7539 -11.5664 -17.7964 -6.97645 -15.0249 -4.86449
-17.7964 -6.97645 -16.7539 -11.5664 -18.7495 -17.0416
-16.0544 -30.4855 -17.8422 -26.9821 -21.8369 -19.111
-18.439 -34.9203 -16.0544 -30.4855 -17.8422 -26.9821
-21.1576 -35.0417 -18.439 -34.9203 -17.8422 -26.9821
-19.3653 -43.0113 -21.1576 -35.0417 -18.439 -34.9203
-18.439 -34.9203 -19.3653 -43.0113 -17.6376 -44.0445
-9.64211 -21.6001 -11.3257 -29.7784 -11.6127 -34.1733
-6.60722 -21.9389 -6.36545 -25.196 -7.81466 -31.2512
-3.03519 -31.4914 -3.2338 -8.3086 -2.66508 -7.03583
-2.66508 -7.03583 -3.03519 -31.4914 -2.96255 -37.5512
-2.96255 -37.5512 -3.03519 -31.4914 -3.90363 -22.1531
-3.90363 -22.1531 -2.96255 -37.5512 -3.83101 -46.7143
7.81903 -30.8831 2.85971 -24.8836 -0.517171 -19.5828
2.85971 -24.8836 7.81903 -30.8831 5.84905 -31.2831
1.63093 -11.0592 4.0844 -8.84507 3.66992 -3.63647
-0.117882 -12.3357 0.0892287 -12.1589 1.63093 -11.0592
0.711645 -12.8277 -0.117882 -12.3357 1.63093 -11.0592
0.711645 -12.8277 1.63093 -11.0592 4.0844 -8.84507
7.81903 -30.8831 0.711645 -12.8277 -0.117882 -12.3357
9.21214 -33.9662 5.84905 -31.2831 7.81903 -30.8831
9.21214 -33.9662 7.81903 -30.8831 0.711645 -12.8277
7.35164 -38.5929 9.21214 -33.9662 5.84905 -31.2831
7.26711 -39.4619 7.35164 -38.5929 5.84905 -31.2831
7.68828 -40.6327 2.96142 -40.1658 7.26711 -39.4619
7.68828 -40.6327 7.26711 -39.4619 7.35164 -38.5929
6.30453 -43.2671 7.68828 -40.6327 2.96142 -40.1658
6.36969 -46.4877 6.30453 -43.2671 7.68828 -40.6327
7.68828 -40.6327 6.36969 -46.4877 6.74277 -47.3695
0.573851 -6.61521 0.0892287 -12.1589 -0.117882 -12.3357
6.36969 -46.4877 1.38228 -44.7893 -0.546973 -44.5846
-0.546973 -44.5846 6.36969 -46.4877 6.74277 -47.3695
5.29144 -10.0714 4.0844 -8.84507 3.66992 -3.63647
8.1042 -14.2207 6.47254 -10.4481 5.29144 -10.0714
8.1042 -14.2207 5.29144 -10.0714 4.0844 -8.84507
8.81935 -15.6687 8.1042 -14.2207 6.47254 -10.4481
7.75869 -17.136 8.81935 -15.6687 8.1042 -14.2207
8.1042 -14.2207 7.75869 -17.136 4.08741 -17.9765
6.66627 -1.18756 3.49515 0.0486975 6.40478 2.82284
6.66627 -1.18756 6.40478 2.82284 7.04757 10.8058
6.67028 -2.84323 6.66627 -1.18756 7.04757 10.8058
5.29144 -10.0714 5.02508 -3.30895 6.67028 -2.84323
7.04757 10.8058 6.67028 -2.84323 6.47254 -10.4481
6.67028 -2.84323 5.29144 -10.0714 6.47254 -10.4481
3.88499 16.2578 3.90934 3.98585 3.49515 0.0486975
3.90934 3.98585 6.40478 2.82284 3.49515 0.0486975
1.0966 20.9593 0.537131 25.7488 -0.685894 27.9168
1.17845 19.2695 3.49499 20.0655 1.0966 20.9593
1.17845 19.2695 1.0966 20.9593 -0.685894 27.9168
2.1821 13.5636 3.26207 19.1866 1.17845 19.2695
2.1821 13.5636 1.17845 19.2695 -0.685894 27.9168
1.54663 5.63066 2.1821 13.5636 3.26207 19.1866
1.61482 3.16534 0.702388 4.77073 1.54663 5.63066
1.61482 3.16534 1.54663 5.63066 3.26207 19.1866
0.702388 4.77073 1.61482 3.16534 -0.245773 -2.44815
1.61482 3.16534 3.49515 0.0486975 -0.245773 -2.44815
3.49515 0.0486975 6.66627 -1.18756 -0.245773 -2.44815
-0.487157 16.2224 1.54663 5.63066 0.702388 4.77073
0.870718 34.7524 0.537131 25.7488 1.0966 20.9593
3.92178 22.9333 1.0966 20.9593 3.49499 20.0655
9.905 22.0281 12.7244 25.5764 13.1274 28.9679
9.54595 21.2133 6.74405 21.5434 9.905 22.0281
9.54595 21.2133 9.905 22.0281 12.7244 25.5764
3.49499 20.0655 9.54595 21.2133 6.74405 21.5434
9.54595 21.2133 3.49499 20.0655 1.17845 19.2695
5.0227 30.6205 8.53752 33.1576 4.46627 33.3806
9.905 22.0281 8.23732 25.1821 5.0227 30.6205
4.46627 33.3806 5.0227 30.6205 6.74405 21.5434
5.0227 30.6205 9.905 22.0281 6.74405 21.5434
11.474 29.4257 15.9671 29.8707 14.5535 30.2906
13.1274 28.9679 11.474 29.4257 15.9671 29.8707
12.7244 25.5764 13.1274 28.9679 15.9671 29.8707
14.4509 24.6835 12.7244 25.5764 15.9671 29.8707
14.8163 23.3834 14.4509 24.6835 15.9671 29.8707
15.133 14.8489 14.8163 23.3834 14.4509 24.6835
13.6937 10.8704 15.133 14.8489 14.4509 24.6835
15.133 14.8489 13.6937 10.8704 13.086 3.86218
13.2762 12.18 11.5866 14.0344 11.535 18.3593
13.6937 10.8704 13.2762 12.18 11.5866 14.0344
11.5866 14.0344 13.6937 10.8704 13.086 3.86218
10.7054 -6.12975 11.5866 14.0344 11.535 18.3593
11.535 18.3593 10.7054 -6.12975 10.4992 -9.35623
10.7054 -6.12975 11.0578 -9.15711 10.4992 -9.35623
10.4992 -9.35623 11.0578 -9.15711 13.3462 -8.40804
13.8157 -11.4162 10.4992 -9.35623 13.3462 -8.40804
12.5101 -14.4048 13.8157 -11.4162 10.4992 -9.35623
11.6895 -16.9384 12.5101 -14.4048 13.8157 -11.4162
11.4893 -23.3371 11.6895 -16.9384 13.8157 -11.4162
10.8724 -45.4078 12.1889 -27.2156 11.4893 -23.3371
11.6895 -16.9384 11.4893 -23.3371 10.4398 -48.0823
11.4893 -23.3371 10.8724 -45.4078 10.4398 -48.0823
10.7054 -6.12975 11.2528 -5.69117 13.5371 0.684323
11.2528 -5.69117 10.7054 -6.12975 11.0578 -9.15711
12.0357 -39.4213 14.3591 -18.644 14.3866 -16.5934
10.8724 -45.4078 12.0357 -39.4213 14.3866 -16.5934
12.0357 -39.4213 10.8724 -45.4078 10.4398 -48.0823
14.725 -19.9037 14.3591 -18.644 14.3866 -16.5934
15.0965 -20.5125 14.725 -19.9037 14.3866 -16.5934
15.0654 -32.037 15.0965 -20.5125 14.725 -19.9037
15.1072 -39.2117 15.0654 -32.037 15.0965 -20.5125
15.0654 -32.037 15.1072 -39.2117 14.5235 -44.0569
15.1072 -39.2117 16.2974 -29.7993 16.5911 -27.3448
16.2974 -29.7993 15.1072 -39.2117 14.5235 -44.0569
18.1478 -15.0724 18.971 -3.80616 18.6037 1.78253
17.9851 -21.8173 18.1478 -15.0724 18.971 -3.80616
16.5911 -27.3448 17.9851 -21.8173 18.1478 -15.0724
16.2974 -29.7993 16.5911 -27.3448 17.9851 -21.8173
17.9851 -21.8173 16.2974 -29.7993 16.5783 -38.1453
20.5639 -19.0843 19.4909 -17.3182 18.971 -3.80616
20.5639 -19.0843 18.971 -3.80616 18.6037 1.78253
20.5916 -19.869 20.5639 -19.0843 19.4909 -17.3182
20.0098 -23.0544 20.5916 -19.869 19.4909 -17.3182
19.7719 -23.463 20.0098 -23.0544 19.4909 -17.3182
19.4898 -34.931 19.7719 -23.463 20.0098 -23.0544
20.2669 -37.9406 19.4898 -34.931 20.0098 -23.0544
19.4898 -34.931 20.2669 -37.9406 20.3904 -43.6415
20.2669 -37.9406 25.0907 -39.4968 20.3904 -43.6415
25.0907 -39.4968 27.1032 -39.6474 20.3904 -43.6415
20.8767 -12.099 20.8863 -6.85884 20.7456 -5.55133
20.5639 -19.0843 20.8767 -12.099 20.7456 -5.55133
20.8767 -12.099 20.5639 -19.0843 20.5916 -19.869
20.2669 -37.9406 22.9619 -37.1017 24.064 -31.7201
22.9619 -37.1017 20.2669 -37.9406 25.0907 -39.4968
26.9383 -35.9948 27.366 -23.9273 26.7145 -21.9999
27.366 -23.9273 26.9383 -35.9948 27.1032 -39.6474
26.9383 -35.9948 25.0907 -39.4968 27.1032 -39.6474
28.6624 -27.2465 27.366 -23.9273 26.7145 -21.9999
27.366 -23.9273 28.6624 -27.2465 28.1683 -35.7874
20.8863 -6.85884 20.8767 -12.099 21.2793 -21.6248
21.4866 -8.34572 20.8863 -6.85884 20.7456 -5.55133
23.2329 -9.20053 21.4866 -8.34572 20.7456 -5.55133
24.1921 -9.78705 23.2329 -9.20053 21.4866 -8.34572
21.4866 -8.34572 24.1921 -9.78705 23.9284 -10.4009
22.884 0.081015 23.2329 -9.20053 24.1921 -9.78705
32.9817 -3.51224 31.5849 0.626504 31.0162 1.32847
34.6101 -4.48684 32.9817 -3.51224 31.5849 0.626504
30.5958 -5.94054 34.6101 -4.48684 32.9817 -3.51224
24.1921 -9.78705 28.5231 -8.23212 30.5958 -5.94054
24.1921 -9.78705 30.5958 -5.94054 32.9817 -3.51224
23.9284 -10.4009 24.1921 -9.78705 28.5231 -8.23212
28.5231 -8.23212 23.9284 -10.4009 27.5362 -10.5745
35.2619 -6.14777 30.5958 -5.94054 34.6101 -4.48684
30.5958 -5.94054 35.2619 -6.14777 31.9212 -8.7902
35.7382 -3.30036 31.5849 0.626504 31.0162 1.32847
41.5332 -5.66333 40.1767 -4.1392 35.7382 -3.30036
31.5849 0.626504 35.7382 -3.30036 40.4748 -10.1676
35.7382 -3.30036 41.5332 -5.66333 40.4748 -10.1676
41.5332 -5.66333 44.0804 -1.42598 44.4136 -0.327407
40.4748 -10.1676 41.5332 -5.66333 44.0804 -1.42598
40.195 -12.19 40.4748 -10.1676 44.0804 -1.42598
37.506 -14.5125 40.195 -12.19 40.4748 -10.1676
39.9721 -14.5315 37.506 -14.5125 40.195 -12.19
41.824 -15.2216 39.9721 -14.5315 40.195 -12.19
39.9721 -14.5315 41.824 -15.2216 41.9519 -15.8669
45.3604 -10.2204 41.824 -15.2216 41.9519 -15.8669
36.1052 -21.6155 39.9721 -14.5315 37.506 -14.5125
37.5021 -23.5476 39.4698 -22.3915 36.1052 -21.6155
37.506 -14.5125 36.1052 -21.6155 33.1706 -23.7133
36.1052 -21.6155 37.5021 -23.5476 33.1706 -23.7133
36.2936 -26.3339 37.5021 -23.5476 39.4698 -22.3915
37.5021 -23.5476 36.2936 -26.3339 31.1844 -37.2967
36.2936 -26.3339 34.1422 -34.0558 31.1844 -37.2967
37.7058 -25.9243 36.2936 -26.3339 34.1422 -34.0558
45.195 2.00241 44.2758 2.62493 40.4638 3.56931
44.4136 -0.327407 45.195 2.00241 40.4638 3.56931
44.0804 -1.42598 44.4136 -0.327407 45.195 2.00241
45.195 2.00241 44.0804 -1.42598 44.9169 -7.27982
48.0851 4.27843 46.1404 6.35501 47.7231 7.19166
44.2758 2.62493 40.4638 3.56931 48.0851 4.27843
47.7231 7.19166 48.0851 4.27843 49.7662 1.9749
48.0851 4.27843 44.2758 2.62493 49.7662 1.9749
44.4342 7.69287 45.0938 11.3103 46.5845 11.9217
46.1404 6.35501 44.4342 7.69287 46.5845 11.9217
44.4342 7.69287 46.1404 6.35501 48.0851 4.27843
43.5929 12.5668 45.4852 14.6003 37.1524 21.3992
46.5845 11.9217 43.5929 12.5668 45.4852 14.6003
45.0938 11.3103 46.5845 11.9217 43.5929 12.5668
40.8493 11.1455 45.0938 11.3103 43.5929 12.5668
32.6524 10.2707 40.8493 11.1455 45.0938 11.3103
45.0938 11.3103 32.6524 10.2707 27.049 9.14851
33.1967 15.15 32.6613 15.5639 20.2456 16.3294
32.1259 14.5958 33.1967 15.15 20.2456 16.3294
32.6524 10.2707 32.1259 14.5958 33.1967 15.15
27.049 9.14851 32.6524 10.2707 32.1259 14.5958
23.8743 5.72298 26.9306 6.17617 27.049 9.14851
21.5537 5.49335 23.8743 5.72298 27.049 9.14851
21.5537 5.49335 27.049 9.14851 32.1259 14.5958
23.8743 5.72298 21.5537 5.49335 36.2026 1.85147
30.6105 29.7538 29.9331 30.5768 33.4786 34.902
30.3127 25.1575 30.6105 29.7538 29.9331 30.5768
31.9363 22.6342 30.3127 25.1575 30.6105 29.7538
32.6261 21.8592 31.9363 22.6342 30.6105 29.7538
31.7681 21.5337 32.6261 21.8592 31.9363 22.6342
29.0432 19.9802 31.7681 21.5337 32.6261 21.8592
24.1889 19.8308 36.2206 19.9545 29.0432 19.9802
24.1889 19.8308 29.0432 19.9802 31.7681 21.5337
31.4773 18.4705 24.1889 19.8308 36.2206 19.9545
32.6613 15.5639 31.4773 18.4705 36.2206 19.9545
36.2206 19.9545 32.6613 15.5639 33.1967 15.15
33.8603 27.405 37.3285 30.7168 33.4786 34.902
37.3285 30.7168 33.8603 27.405 34.0257 26.4174
29.9331 30.5768 33.4786 34.902 32.6319 35.99
26.3241 26.5122 29.9331 30.5768 32.6319 35.99
23.2163 24.8406 23.6106 25.9181 26.3241 26.5122
29.9331 30.5768 26.3241 26.5122 24.2006 23.0409
26.3241 26.5122 23.2163 24.8406 24.2006 23.0409
19.1175 39.2844 19.3471 40.0199 21.0518 40.6156
19.7406 36.0912 19.1175 39.2844 21.0518 40.6156
20.6816 29.3252 20.8241 33.4229 19.7406 36.0912
20.6816 29.3252 19.7406 36.0912 19.1175 39.2844
23.2163 24.8406 20.6816 29.3252 20.8241 33.4229
20.6816 29.3252 23.2163 24.8406 24.2006 23.0409
23.7938 41.2381 24.1727 28.3378 23.6106 25.9181
24.1727 28.3378 26.3241 26.5122 23.6106 25.9181
28.5206 40.4791 26.9517 33.1038 26.3241 26.5122
26.9517 33.1038 24.1727 28.3378 26.3241 26.5122
37.3285 30.7168 33.4786 34.902 32.6319 35.99
43.0511 24.6053 40.2019 26.9974 37.3285 30.7168
43.0511 24.6053 37.3285 30.7168 32.6319 35.99
40.2019 26.9974 43.0511 24.6053 44.1682 21.5167
17.211 10.8116 15.133 14.8489 14.8163 23.3834
16.978 9.03421 17.211 10.8116 15.133 14.8489
16.0655 4.79965 16.978 9.03421 15.133 14.8489
16.978 9.03421 16.0655 4.79965 16.8713 3.50759
17.211 10.8116 19.0364 13.9142 18.9084 18.3917
19.0364 13.9142 17.211 10.8116 16.978 9.03421
16.6618 36.5933 14.6837 41.87 16.7808 44.9663
18.2306 30.7895 16.6618 36.5933 16.7808 44.9663
15.9671 29.8707 14.5535 30.2906 18.2306 30.7895
16.7808 44.9663 18.2306 30.7895 18.4253 29.1351
18.2306 30.7895 15.9671 29.8707 18.4253 29.1351
14.6837 41.87 13.3833 44.1642 13.17 47.1268
13.3833 44.1642 14.6837 41.87 16.6618 36.5933
13.3833 44.1642 13.17 47.1268 11.8327 48.4337
11.8327 48.4337 13.3833 44.1642 12.9195 42.2198
