242.599 51.7228 270.749 51.8325 278.192 52.1943
262.48 51.6313 242.599 51.7228 270.749 51.8325
249.645 48.4555 262.48 51.6313 242.599 51.7228
230.666 47.7506 249.645 48.4555 242.599 51.7228
216.458 46.2061 230.666 47.7506 249.645 48.4555
211.678 43.1188 216.458 46.2061 249.645 48.4555
246.021 42.4796 261.213 42.7893 211.678 43.1188
216.458 46.2061 211.678 43.1188 188.432 42.3271
211.678 43.1188 246.021 42.4796 188.432 42.3271
173.64 50.8432 142.044 51.812 159.263 52.5807
197.585 49.923 173.64 50.8432 159.263 52.5807
210.667 48.9562 197.585 49.923 173.64 50.8432
230.666 47.7506 210.667 48.9562 173.64 50.8432
173.64 50.8432 230.666 47.7506 216.458 46.2061
142.044 51.812 82.7643 53.1836 89.7089 53.7783
82.7643 53.1836 142.044 51.812 173.64 50.8432
197.585 49.923 193.268 53.2321 209.639 56.5793
209.639 56.5793 197.585 49.923 210.667 48.9562
261.213 42.7893 292.791 42.8558 317.35 43.6087
246.021 42.4796 261.213 42.7893 292.791 42.8558
270.647 41.8836 246.021 42.4796 292.791 42.8558
283.798 40.0254 270.647 41.8836 246.021 42.4796
329.716 39.5142 283.798 40.0254 270.647 41.8836
340.992 39.2847 329.716 39.5142 283.798 40.0254
309.856 38.8639 340.992 39.2847 283.798 40.0254
358.791 38.0043 309.856 38.8639 340.992 39.2847
378.345 36.8963 358.791 38.0043 340.992 39.2847
299.26 36.7411 378.345 36.8963 358.791 38.0043
367.468 36.2429 299.26 36.7411 378.345 36.8963
371.505 33.4765 367.468 36.2429 378.345 36.8963
367.468 36.2429 371.505 33.4765 307.491 32.7154
349.008 41.5739 329.716 39.5142 340.992 39.2847
299.26 36.7411 236.6 36.9862 231.66 37.4443
236.6 36.9862 299.26 36.7411 367.468 36.2429
126.507 42.2483 112.863 42.2876 142.772 42.4445
171.727 40.3816 126.507 42.2483 142.772 42.4445
183.61 38.3055 171.727 40.3816 126.507 42.2483
148.311 38.1283 183.61 38.3055 126.507 42.2483
203.763 37.8572 32.8879 37.8998 148.311 38.1283
203.763 37.8572 148.311 38.1283 183.61 38.3055
231.66 37.4443 203.763 37.8572 183.61 38.3055
236.6 36.9862 231.66 37.4443 203.763 37.8572
216.494 36.3842 236.6 36.9862 203.763 37.8572
203.763 37.8572 216.494 36.3842 198.161 32.7255
103.766 42.1137 126.507 42.2483 112.863 42.2876
103.766 42.1137 112.863 42.2876 51.3827 43.0179
68.747 42.0158 103.766 42.1137 51.3827 43.0179
81.022 39.564 68.747 42.0158 51.3827 43.0179
68.747 42.0158 81.022 39.564 86.8952 38.9452
22.4394 40.9201 81.022 39.564 86.8952 38.9452
121.933 37.8471 203.763 37.8572 32.8879 37.8998
-3.05667 37.7869 121.933 37.8471 32.8879 37.8998
42.855 37.7628 -3.05667 37.7869 121.933 37.8471
121.933 37.8471 42.855 37.7628 61.4711 37.5521
8.06455 36.9874 42.855 37.7628 -3.05667 37.7869
0.546752 33.0538 8.06455 36.9874 -3.05667 37.7869
28.2172 32.6982 0.546752 33.0538 8.06455 36.9874
0.546752 33.0538 28.2172 32.6982 58.0909 31.7766
28.2172 32.6982 96.6587 32.5625 58.0909 31.7766
28.2172 32.6982 128.748 33.6376 158.746 36.7173
96.6587 32.5625 28.2172 32.6982 128.748 33.6376
48.5936 30.7066 96.6587 32.5625 128.748 33.6376
41.8924 30.1564 140.002 30.3328 48.5936 30.7066
11.6412 29.5393 41.8924 30.1564 48.5936 30.7066
11.6412 29.5393 48.5936 30.7066 96.6587 32.5625
41.8924 30.1564 11.6412 29.5393 20.7697 28.5857
108.142 29.5385 41.8924 30.1564 140.002 30.3328
148.431 28.9996 108.142 29.5385 140.002 30.3328
108.142 29.5385 148.431 28.9996 183.953 27.9071
148.431 28.9996 161.793 30.0203 166.802 31.6544
183.953 27.9071 148.431 28.9996 161.793 30.0203
161.793 30.0203 183.953 27.9071 226.005 27.4404
207.928 29.9029 161.793 30.0203 166.802 31.6544
279.842 29.6165 207.928 29.9029 161.793 30.0203
286.515 29.2288 337.137 29.5975 279.842 29.6165
286.515 29.2288 279.842 29.6165 161.793 30.0203
161.793 30.0203 286.515 29.2288 259.605 28.8838
259.605 28.8838 286.515 29.2288 376.836 29.3806
327.45 28.8784 259.605 28.8838 376.836 29.3806
376.836 29.3806 327.45 28.8784 353.905 28.0791
361.556 31.487 268.037 31.4901 322.443 31.6551
303.534 30.544 361.556 31.487 268.037 31.4901
279.842 29.6165 303.534 30.544 268.037 31.4901
303.534 30.544 279.842 29.6165 337.137 29.5975
250.584 27.4164 327.45 28.8784 259.605 28.8838
222.863 26.7703 189.757 27.2122 250.584 27.4164
222.863 26.7703 250.584 27.4164 327.45 28.8784
122.794 26.6284 222.863 26.7703 189.757 27.2122
222.863 26.7703 122.794 26.6284 93.7232 26.119
93.7232 26.119 122.794 26.6284 71.9403 26.9798
76.5053 26.0412 93.7232 26.119 71.9403 26.9798
239.716 23.3571 76.5053 26.0412 93.7232 26.119
93.7232 26.119 239.716 23.3571 246.758 23.2864
181.505 23.43 119.653 23.4444 136.637 23.9089
239.716 23.3571 181.505 23.43 119.653 23.4444
119.653 23.4444 239.716 23.3571 246.758 23.2864
119.653 23.4444 136.637 23.9089 1.40196 23.9451
203.447 23.0151 119.653 23.4444 1.40196 23.9451
359.473 22.986 203.447 23.0151 119.653 23.4444
72.8284 22.9212 359.473 22.986 203.447 23.0151
277.309 22.8803 72.8284 22.9212 359.473 22.986
291.623 22.4205 277.309 22.8803 359.473 22.986
332.941 20.3105 291.623 22.4205 277.309 22.8803
351.803 19.8085 332.941 20.3105 291.623 22.4205
229.78 19.1206 219.516 19.2062 311.186 19.5212
376.785 18.7707 229.78 19.1206 311.186 19.5212
376.785 18.7707 311.186 19.5212 351.803 19.8085
376.785 18.7707 351.803 19.8085 291.623 22.4205
340.289 18.416 376.785 18.7707 229.78 19.1206
229.78 19.1206 340.289 18.416 323.847 18.3556
257.569 20.4657 148.691 21.0235 126.308 21.3478
148.691 21.0235 257.569 20.4657 351.803 19.8085
257.569 20.4657 332.941 20.3105 351.803 19.8085
72.8284 22.9212 277.309 22.8803 206.699 22.8416
148.691 21.0235 126.308 21.3478 61.2274 21.5216
61.2274 21.5216 148.691 21.0235 27.6447 21.0071
268.947 17.5392 229.78 19.1206 219.516 19.2062
297.031 17.0769 268.947 17.5392 229.78 19.1206
190.185 16.7431 297.031 17.0769 268.947 17.5392
297.031 17.0769 190.185 16.7431 172.616 16.505
158.814 18.2231 100.156 19.2593 93.8104 19.5256
190.185 16.7431 158.814 18.2231 100.156 19.2593
100.156 19.2593 190.185 16.7431 172.616 16.505
76.8748 18.0276 100.156 19.2593 93.8104 19.5256
52.5466 16.8454 76.8748 18.0276 93.8104 19.5256
36.5262 16.5122 17.0563 16.5442 52.5466 16.8454
76.8748 18.0276 52.5466 16.8454 76.0326 13.9964
52.5466 16.8454 36.5262 16.5122 76.0326 13.9964
17.0563 16.5442 52.5466 16.8454 13.4003 17.4059
13.4003 17.4059 17.0563 16.5442 19.6762 11.8698
113.086 16.2743 76.8748 18.0276 100.156 19.2593
76.8748 18.0276 113.086 16.2743 103.887 11.6035
371.411 16.1116 340.289 18.416 376.785 18.7707
356.855 11.5554 371.411 16.1116 340.289 18.416
343.175 10.3758 356.855 11.5554 340.289 18.416
201.37 9.84332 300.946 10.2747 343.175 10.3758
356.855 11.5554 343.175 10.3758 347.72 9.82747
343.175 10.3758 201.37 9.84332 347.72 9.82747
343.175 10.3758 313.746 10.9563 329.523 11.4707
313.746 10.9563 343.175 10.3758 300.946 10.2747
49.9544 10.1396 62.6615 10.4349 209.545 11.1262
39.2773 10.1256 49.9544 10.1396 62.6615 10.4349
13.5598 9.99113 39.2773 10.1256 62.6615 10.4349
201.37 9.84332 13.5598 9.99113 39.2773 10.1256
319.48 9.64391 347.72 9.82747 201.37 9.84332
319.48 9.64391 201.37 9.84332 13.5598 9.99113
106.737 9.30298 238.962 9.60242 319.48 9.64391
246.978 8.98593 106.737 9.30298 319.48 9.64391
246.978 8.98593 319.48 9.64391 347.72 9.82747
273.365 8.7181 -2.49768 8.89952 246.978 8.98593
273.365 8.7181 246.978 8.98593 347.72 9.82747
233.255 8.61927 273.365 8.7181 -2.49768 8.89952
167.724 8.11612 120.678 8.53484 233.255 8.61927
167.724 8.11612 233.255 8.61927 273.365 8.7181
179.291 7.97482 167.724 8.11612 120.678 8.53484
293.791 7.61579 179.291 7.97482 167.724 8.11612
167.724 8.11612 293.791 7.61579 373.725 7.35697
293.791 7.61579 191.623 7.51893 373.725 7.35697
67.4778 7.41588 191.623 7.51893 293.791 7.61579
93.91 7.23821 67.4778 7.41588 191.623 7.51893
67.4778 7.41588 93.91 7.23821 28.138 6.68593
93.91 7.23821 223.319 6.76946 28.138 6.68593
163.637 6.57801 28.138 6.68593 223.319 6.76946
163.637 6.57801 223.319 6.76946 378.939 7.2092
126.279 6.5673 163.637 6.57801 28.138 6.68593
140.659 6.54225 126.279 6.5673 28.138 6.68593
279.815 6.32622 147.654 6.5114 140.659 6.54225
279.815 6.32622 140.659 6.54225 126.279 6.5673
260.396 6.1488 279.815 6.32622 147.654 6.5114
361.423 3.306 260.396 6.1488 279.815 6.32622
369.41 3.12138 308.391 3.27649 361.423 3.306
369.41 3.12138 361.423 3.306 279.815 6.32622
221.334 2.85667 369.41 3.12138 308.391 3.27649
377.288 2.78275 221.334 2.85667 369.41 3.12138
331.564 2.61207 377.288 2.78275 221.334 2.85667
377.288 2.78275 331.564 2.61207 196.382 2.08013
331.564 2.61207 176.078 2.18425 196.382 2.08013
121.843 3.12621 36.7571 3.15936 137.682 3.23177
63.987 2.71412 121.843 3.12621 36.7571 3.15936
49.1015 2.56464 63.987 2.71412 36.7571 3.15936
176.078 2.18425 49.1015 2.56464 63.987 2.71412
196.382 2.08013 176.078 2.18425 49.1015 2.56464
231.662 0.89986 196.382 2.08013 49.1015 2.56464
239.069 0.592879 209.194 0.643701 231.662 0.89986
322.566 0.399644 239.069 0.592879 231.662 0.89986
322.566 0.399644 231.662 0.89986 196.382 2.08013
280.862 0.20863 322.566 0.399644 239.069 0.592879
239.069 0.592879 280.862 0.20863 263.556 -0.578775
231.662 0.89986 97.4602 1.04205 26.7949 1.52265
97.4602 1.04205 231.662 0.89986 209.194 0.643701
140.659 6.54225 147.654 6.5114 247.242 3.61125
69.3338 0.498915 97.4602 1.04205 26.7949 1.52265
9.78652 -1.88766 69.3338 0.498915 97.4602 1.04205
69.3338 0.498915 9.78652 -1.88766 0.0831298 -2.13668
169.97 -1.87898 187.78 -1.8731 82.9185 -1.6264
9.78652 -1.88766 169.97 -1.87898 82.9185 -1.6264
0.0831298 -2.13668 9.78652 -1.88766 169.97 -1.87898
86.5685 -3.0301 0.0831298 -2.13668 169.97 -1.87898
169.97 -1.87898 86.5685 -3.0301 112.77 -3.10303
112.77 -3.10303 86.5685 -3.0301 22.4286 -2.90378
158.274 -3.25386 112.77 -3.10303 22.4286 -2.90378
22.4286 -2.90378 158.274 -3.25386 151.492 -3.58185
158.274 -3.25386 112.77 -3.10303 336.786 -3.00407
336.786 -3.00407 158.274 -3.25386 270.949 -3.69574
187.78 -1.8731 169.97 -1.87898 298.987 -2.57178
209.194 0.643701 239.069 0.592879 126.933 -0.540974
288.746 1.52928 322.566 0.399644 349.724 -0.223835
322.566 0.399644 280.862 0.20863 349.724 -0.223835
236.6 36.9862 216.494 36.3842 236.208 32.933
310.871 51.111 270.749 51.8325 278.192 52.1943
326.194 50.6233 368.488 50.8961 310.871 51.111
326.194 50.6233 310.871 51.111 270.749 51.8325
318.123 49.5308 326.194 50.6233 270.749 51.8325
270.749 51.8325 318.123 49.5308 290.512 49.4342
331.972 56.4927 318.424 57.2995 370.604 58.0329
347.41 52.3174 331.972 56.4927 318.424 57.2995
360.06 51.9043 347.41 52.3174 331.972 56.4927
331.972 56.4927 360.06 51.9043 368.488 50.8961
360.06 51.9043 343.315 51.4147 368.488 50.8961
343.315 51.4147 310.871 51.111 368.488 50.8961
301.404 53.4274 347.41 52.3174 360.06 51.9043
326.194 50.6233 318.123 49.5308 380.652 47.2047
228.92 60.164 136.076 60.24 192.66 60.5774
228.92 60.164 192.66 60.5774 219.492 62.3389
98.8707 59.9362 228.92 60.164 136.076 60.24
197.586 59.6382 98.8707 59.9362 228.92 60.164
166.372 57.3656 197.586 59.6382 228.92 60.164
67.1446 56.3867 11.8067 57.0099 121.7 57.1624
67.1446 56.3867 121.7 57.1624 166.372 57.3656
128.54 56.279 67.1446 56.3867 166.372 57.3656
89.7089 53.7783 128.54 56.279 166.372 57.3656
89.7089 53.7783 166.372 57.3656 228.92 60.164
38.9824 52.5835 82.7643 53.1836 89.7089 53.7783
38.9824 52.5835 89.7089 53.7783 128.54 56.279
96.1084 50.8283 38.9824 52.5835 82.7643 53.1836
58.4008 50.4054 96.1084 50.8283 38.9824 52.5835
18.5034 49.5948 58.4008 50.4054 96.1084 50.8283
127.932 48.8679 18.5034 49.5948 96.1084 50.8283
150.215 48.7597 127.932 48.8679 96.1084 50.8283
123.102 48.5211 150.215 48.7597 127.932 48.8679
48.4899 47.9067 123.102 48.5211 127.932 48.8679
-1.59734 47.3905 68.8317 47.5006 48.4899 47.9067
-1.59734 47.3905 48.4899 47.9067 127.932 48.8679
33.0869 46.3713 -1.59734 47.3905 68.8317 47.5006
6.45378 46.2392 33.0869 46.3713 -1.59734 47.3905
108.154 46.1485 6.45378 46.2392 33.0869 46.3713
33.0869 46.3713 108.154 46.1485 179.07 46.0876
108.598 57.9005 166.372 57.3656 121.7 57.1624
58.8647 61.7301 22.8493 62.1714 47.9623 62.5465
36.8984 59.9664 29.6951 60.1364 58.8647 61.7301
98.8707 59.9362 36.8984 59.9664 58.8647 61.7301
98.8707 59.9362 58.8647 61.7301 47.9623 62.5465
36.8984 59.9664 98.8707 59.9362 197.586 59.6382
156.829 63.6587 170.221 66.5045 217.116 67.1389
178.112 63.6127 156.829 63.6587 217.116 67.1389
153.569 60.8165 178.112 63.6127 217.116 67.1389
178.112 63.6127 153.569 60.8165 136.076 60.24
153.569 60.8165 192.66 60.5774 136.076 60.24
208.072 71.7082 193.018 78.8762 198.317 82.4895
197.608 69.8765 208.072 71.7082 193.018 78.8762
236.324 68.2284 226.112 69.0976 197.608 69.8765
193.682 67.5997 236.324 68.2284 197.608 69.8765
193.682 67.5997 197.608 69.8765 193.018 78.8762
217.116 67.1389 193.682 67.5997 236.324 68.2284
170.221 66.5045 217.116 67.1389 193.682 67.5997
91.5422 63.8742 170.221 66.5045 193.682 67.5997
170.221 66.5045 91.5422 63.8742 81.0525 63.2023
48.3038 67.5633 17.1763 68.8514 69.2127 68.9447
31.9462 66.7347 48.3038 67.5633 17.1763 68.8514
91.5422 63.8742 31.9462 66.7347 48.3038 67.5633
31.9462 66.7347 91.5422 63.8742 81.0525 63.2023
258.884 78.0463 247.733 79.0197 277.696 79.4158
208.072 71.7082 258.884 78.0463 277.696 79.4158
277.696 79.4158 208.072 71.7082 197.608 69.8765
216.568 91.5108 226.362 91.9618 206.404 92.0887
183.9 90.6637 216.568 91.5108 206.404 92.0887
203.538 89.2062 183.9 90.6637 216.568 91.5108
192.685 87.002 203.538 89.2062 183.9 90.6637
226.026 83.2168 192.685 87.002 203.538 89.2062
239.567 82.3085 226.026 83.2168 203.538 89.2062
220.641 81.876 239.567 82.3085 226.026 83.2168
210.644 80.5058 220.641 81.876 239.567 82.3085
247.733 79.0197 210.644 80.5058 239.567 82.3085
210.644 80.5058 247.733 79.0197 258.884 78.0463
151.618 89.5118 93.2969 89.6969 69.0155 90.7974
151.618 89.5118 69.0155 90.7974 36.9645 91.3642
113.735 89.1977 151.618 89.5118 93.2969 89.6969
132.209 88.2317 113.735 89.1977 93.2969 89.6969
172.731 87.5345 138.343 87.6477 132.209 88.2317
172.731 87.5345 132.209 88.2317 113.735 89.1977
192.685 87.002 172.731 87.5345 113.735 89.1977
172.731 87.5345 192.685 87.002 226.026 83.2168
32.0988 88.2843 97.9787 88.6181 53.3675 88.8443
132.209 88.2317 32.0988 88.2843 97.9787 88.6181
32.0988 88.2843 132.209 88.2317 138.343 87.6477
268.682 67.9182 236.324 68.2284 226.112 69.0976
246.882 67.299 268.682 67.9182 236.324 68.2284
282.907 63.7823 246.882 67.299 236.324 68.2284
306.846 61.9457 282.907 63.7823 246.882 67.299
299.677 60.925 306.846 61.9457 282.907 63.7823
286.179 60.1334 299.677 60.925 282.907 63.7823
272.128 60.1126 286.179 60.1334 282.907 63.7823
286.179 60.1334 272.128 60.1126 258.318 58.5788
258.318 58.5788 272.128 60.1126 242.87 62.2601
242.87 62.2601 258.318 58.5788 251.657 58.4111
340.17 59.9597 299.677 60.925 306.846 61.9457
360.045 59.6878 340.17 59.9597 306.846 61.9457
340.17 59.9597 360.045 59.6878 376.884 59.0962
346.459 63.5655 360.045 59.6878 376.884 59.0962
258.709 67.1787 246.882 67.299 268.682 67.9182
293.555 67.1233 258.709 67.1787 268.682 67.9182
258.709 67.1787 293.555 67.1233 278.661 67.0023
293.555 67.1233 343.545 68.9066 353.322 69.8004
343.545 68.9066 293.555 67.1233 296.594 66.478
293.555 67.1233 278.661 67.0023 296.594 66.478
362.479 67.9603 343.545 68.9066 353.322 69.8004
343.545 68.9066 362.479 67.9603 372.719 66.1196
378.593 68.0972 362.479 67.9603 372.719 66.1196
266.315 89.8901 216.568 91.5108 226.362 91.9618
259.489 89.2147 266.315 89.8901 216.568 91.5108
253.725 86.0531 242.629 88.0961 259.489 89.2147
253.725 86.0531 259.489 89.2147 266.315 89.8901
266.315 89.8901 253.725 86.0531 270.037 83.5913
290.792 76.8588 253.725 86.0531 242.629 88.0961
242.629 88.0961 290.792 76.8588 311.969 71.4031
290.792 76.8588 330.278 72.487 311.969 71.4031
332.036 80.1834 380.366 80.2419 321.894 82.3613
332.036 80.1834 321.894 82.3613 303.722 83.3107
368.526 79.2112 332.036 80.1834 380.366 80.2419
343.561 76.6423 368.526 79.2112 380.366 80.2419
353.155 76.4362 343.561 76.6423 380.366 80.2419
330.278 72.487 353.155 76.4362 343.561 76.6423
353.155 76.4362 330.278 72.487 323.894 70.2619
330.278 72.487 311.969 71.4031 323.894 70.2619
366.208 93.3486 302.201 93.3629 381.761 93.5784
333.346 92.4064 366.208 93.3486 381.761 93.5784
320.062 92.0341 333.346 92.4064 366.208 93.3486
350.157 91.9919 320.062 92.0341 333.346 92.4064
358.288 89.9734 350.157 91.9919 320.062 92.0341
341.882 89.6045 358.288 89.9734 320.062 92.0341
310.15 87.8421 341.882 89.6045 358.288 89.9734
283.488 87.2505 310.15 87.8421 341.882 89.6045
291.967 86.2025 283.488 87.2505 310.15 87.8421
307.209 83.6828 291.967 86.2025 283.488 87.2505
303.722 83.3107 307.209 83.6828 283.488 87.2505
321.894 82.3613 303.722 83.3107 307.209 83.6828
307.209 83.6828 321.894 82.3613 363.459 82.1869
156.901 92.7126 116.382 92.7367 12.8383 93.6342
22.7802 91.99 156.901 92.7126 116.382 92.7367
80.1116 91.7786 22.7802 91.99 156.901 92.7126
58.8012 91.5385 80.1116 91.7786 22.7802 91.99
36.9645 91.3642 58.8012 91.5385 22.7802 91.99
22.7802 91.99 36.9645 91.3642 -2.75509 90.255
36.9645 91.3642 69.0155 90.7974 -2.75509 90.255
121.751 83.5764 172.731 87.5345 138.343 87.6477
92.8307 83.3653 170.157 83.5149 121.751 83.5764
92.8307 83.3653 121.751 83.5764 138.343 87.6477
170.157 83.5149 92.8307 83.3653 78.69 83.1707
78.69 83.1707 92.8307 83.3653 7.58959 83.4036
37.7048 82.8041 78.69 83.1707 7.58959 83.4036
101.369 82.7538 37.7048 82.8041 78.69 83.1707
50.9854 82.4872 101.369 82.7538 37.7048 82.8041
3.68547 82.2387 50.9854 82.4872 37.7048 82.8041
57.0911 81.4702 3.68547 82.2387 50.9854 82.4872
130.498 73.1534 57.0911 81.4702 50.9854 82.4872
146.902 72.4338 1.09549 72.818 93.8771 72.9514
146.902 72.4338 93.8771 72.9514 130.498 73.1534
146.902 72.4338 130.498 73.1534 50.9854 82.4872
102.565 72.2738 146.902 72.4338 1.09549 72.818
113.557 71.7165 57.5905 72.1435 102.565 72.2738
113.557 71.7165 102.565 72.2738 146.902 72.4338
81.9262 71.494 113.557 71.7165 57.5905 72.1435
118.639 71.3012 81.9262 71.494 113.557 71.7165
141.99 70.4972 118.639 71.3012 113.557 71.7165
113.557 71.7165 141.99 70.4972 158.768 69.9427
41.2967 73.8452 130.498 73.1534 93.8771 72.9514
20.2208 80.9975 57.0911 81.4702 3.68547 82.2387
28.788 80.2153 20.2208 80.9975 3.68547 82.2387
20.2208 80.9975 28.788 80.2153 68.2319 78.3129
81.9262 71.494 118.639 71.3012 9.36502 70.81
131.054 81.9714 50.9854 82.4872 101.369 82.7538
147.596 80.9527 131.054 81.9714 50.9854 82.4872
142.535 79.9467 147.596 80.9527 50.9854 82.4872
162.941 77.7616 142.535 79.9467 147.596 80.9527
142.535 79.9467 162.941 77.7616 113.184 76.0107
183.82 76.6888 193.018 78.8762 198.317 82.4895
193.018 78.8762 183.82 76.6888 176.787 73.8554
29.6951 60.1364 36.8984 59.9664 -0.0961337 58.5542
