94.9415 13.7404 93.8516 14.5547 93.7338 15.9545
94.6466 13.1332 94.9415 13.7404 93.8516 14.5547
94.0728 11.2538 94.6466 13.1332 94.9415 13.7404
93.604 10.8534 94.0728 11.2538 94.6466 13.1332
93.3462 10.8337 93.604 10.8534 94.6466 13.1332
93.604 10.8534 93.3462 10.8337 96.945 10.797
90.4663 12.4676 89.0002 13.5333 89.9834 13.9025
91.8557 11.8962 90.4663 12.4676 89.9834 13.9025
93.3462 10.8337 91.8557 11.8962 90.4663 12.4676
93.3196 10.623 96.945 10.797 93.3462 10.8337
93.3196 10.623 93.3462 10.8337 90.4663 12.4676
90.4663 12.4676 93.3196 10.623 90.6887 7.71391
95.8893 12.2774 99.713 12.4094 97.9596 13.7628
94.0728 11.2538 95.8893 12.2774 97.9596 13.7628
95.8893 12.2774 94.0728 11.2538 93.604 10.8534
89.9834 13.9025 89.0002 13.5333 83.9145 11.8219
86.2019 11.9781 90.4663 12.4676 89.0002 13.5333
81.2614 9.37387 86.2019 11.9781 89.0002 13.5333
86.2019 11.9781 81.2614 9.37387 79.1256 7.12125
72.2723 12.9704 68.7305 13.2005 67.2991 13.9959
79.072 11.7743 72.2723 12.9704 67.2991 13.9959
77.4626 11.7348 79.072 11.7743 72.2723 12.9704
76.5187 11.2449 77.4626 11.7348 79.072 11.7743
78.7106 10.6432 76.5187 11.2449 79.072 11.7743
81.2614 9.37387 78.7106 10.6432 79.072 11.7743
78.7106 10.6432 81.2614 9.37387 79.1256 7.12125
71.0598 14.0635 65.9494 14.1759 67.1963 14.2075
67.2991 13.9959 71.0598 14.0635 65.9494 14.1759
68.7305 13.2005 67.2991 13.9959 65.9494 14.1759
67.2266 11.2776 68.7305 13.2005 65.9494 14.1759
67.6494 9.95943 67.2266 11.2776 65.9494 14.1759
67.2266 11.2776 67.6494 9.95943 69.116 9.8056
57.1374 10.5211 54.1982 10.6361 53.9176 10.6864
63.3752 10.1623 57.1374 10.5211 54.1982 10.6361
67.6494 9.95943 63.3752 10.1623 57.1374 10.5211
69.116 9.8056 67.6494 9.95943 63.3752 10.1623
63.6755 9.45512 69.116 9.8056 63.3752 10.1623
64.3501 7.58241 63.6755 9.45512 63.3752 10.1623
63.6755 9.45512 64.3501 7.58241 65.3679 7.36993
64.3501 7.58241 60.5358 7.74636 58.1828 8.0343
65.3679 7.36993 64.3501 7.58241 60.5358 7.74636
62.7745 7.28743 65.3679 7.36993 60.5358 7.74636
65.3679 7.36993 62.7745 7.28743 66.855 7.02408
65.9494 14.1759 67.1963 14.2075 62.3634 14.4215
63.4516 13.2833 65.9494 14.1759 62.3634 14.4215
62.2398 13.224 63.4516 13.2833 62.3634 14.4215
54.4782 12.8475 54.612 12.8603 62.2398 13.224
53.4469 12.6854 54.4782 12.8475 62.2398 13.224
53.4469 12.6854 62.2398 13.224 63.4516 13.2833
63.4516 13.2833 53.4469 12.6854 58.1059 12.1552
50.3241 13.8974 54.612 12.8603 54.4782 12.8475
53.9176 10.6864 54.1982 10.6361 51.7783 8.76498
46.8245 8.49908 39.9216 9.32021 40.9184 9.34808
46.8245 8.49908 40.9184 9.34808 47.0821 9.55502
47.5719 8.41519 46.8245 8.49908 47.0821 9.55502
48.9367 8.2892 47.5719 8.41519 47.0821 9.55502
60.5358 7.74636 58.1828 8.0343 55.3674 8.05908
60.5358 7.74636 55.3674 8.05908 48.9367 8.2892
47.5719 8.41519 48.9367 8.2892 51.7643 7.69714
48.9367 8.2892 60.5358 7.74636 51.7643 7.69714
15.9616 12.6303 8.45816 12.75 16.8842 12.8085
14.1153 12.4277 15.9616 12.6303 8.45816 12.75
18.6819 12.4237 14.1153 12.4277 15.9616 12.6303
22.4641 12.4162 18.6819 12.4237 15.9616 12.6303
29.4544 12.3731 22.4641 12.4162 15.9616 12.6303
31.0516 12.0581 29.4544 12.3731 22.4641 12.4162
27.478 12.0137 31.0516 12.0581 22.4641 12.4162
28.1901 11.9718 27.478 12.0137 31.0516 12.0581
32.7603 11.4742 28.1901 11.9718 27.478 12.0137
34.5791 11.2883 32.7603 11.4742 27.478 12.0137
34.0995 11.061 34.5791 11.2883 27.478 12.0137
37.9664 10.8789 34.0995 11.061 34.5791 11.2883
40.9184 9.34808 37.9664 10.8789 34.0995 11.061
34.0995 11.061 40.9184 9.34808 39.9216 9.32021
0.0285573 14.0756 26.039 14.0821 22.0226 14.1409
17.2455 14.0693 0.0285573 14.0756 26.039 14.0821
8.26586 13.7446 17.2455 14.0693 0.0285573 14.0756
19.4723 13.6264 8.26586 13.7446 17.2455 14.0693
30.2777 13.3429 19.4723 13.6264 8.26586 13.7446
39.0535 13.2767 30.2777 13.3429 19.4723 13.6264
12.8584 13.1963 39.0535 13.2767 30.2777 13.3429
23.8569 13.1772 12.8584 13.1963 39.0535 13.2767
41.1337 12.8942 23.8569 13.1772 39.0535 13.2767
46.1319 12.5805 41.1337 12.8942 39.0535 13.2767
39.2034 12.2537 46.1319 12.5805 41.1337 12.8942
32.7603 11.4742 39.2034 12.2537 46.1319 12.5805
46.1319 12.5805 32.7603 11.4742 34.5791 11.2883
22.0226 14.1409 26.039 14.0821 46.1886 13.8541
5.95481 13.3082 12.8584 13.1963 6.40726 13.1568
12.8584 13.1963 23.8569 13.1772 6.40726 13.1568
23.8569 13.1772 41.1337 12.8942 34.6073 12.8157
2.91406 12.0936 22.4641 12.4162 18.6819 12.4237
22.4641 12.4162 2.91406 12.0936 8.42365 12.0647
48.5694 7.05607 47.5719 8.41519 46.8245 8.49908
47.5719 8.41519 48.5694 7.05607 48.6537 6.96767
48.5694 7.05607 45.9464 7.89611 44.9744 8.27697
45.9464 7.89611 48.5694 7.05607 48.6537 6.96767
44.1798 7.69465 45.9464 7.89611 44.9744 8.27697
33.5204 7.51534 33.4423 7.58096 44.1798 7.69465
45.9464 7.89611 44.1798 7.69465 37.9505 6.7486
44.1798 7.69465 33.5204 7.51534 37.9505 6.7486
22.1827 8.08197 15.0191 8.63598 9.82902 8.73481
25.0833 7.94545 22.1827 8.08197 15.0191 8.63598
33.4423 7.58096 25.0833 7.94545 15.0191 8.63598
25.0833 7.94545 33.4423 7.58096 33.5204 7.51534
22.1827 8.08197 4.65817 8.12183 1.59173 8.17795
4.65817 8.12183 22.1827 8.08197 25.0833 7.94545
7.72935 10.4894 12.1657 10.9976 6.99704 11.2014
5.23639 9.97767 7.72935 10.4894 6.99704 11.2014
0.319082 8.73969 5.23639 9.97767 6.99704 11.2014
1.59173 8.17795 0.319082 8.73969 5.23639 9.97767
0.319082 8.73969 1.59173 8.17795 1.93139 7.97351
1.59173 8.17795 4.65817 8.12183 1.93139 7.97351
7.72935 10.4894 5.23639 9.97767 7.32921 9.17907
19.8568 10.1295 7.72935 10.4894 12.1657 10.9976
7.72935 10.4894 19.8568 10.1295 26.4461 9.1088
19.7479 10.4429 19.8568 10.1295 26.4461 9.1088
76.1294 9.89145 78.7106 10.6432 76.5187 11.2449
76.5187 11.2449 76.1294 9.89145 74.2154 7.80062
96.4945 10.6213 93.3196 10.623 96.945 10.797
95.9156 10.3437 96.4945 10.6213 96.945 10.797
96.3061 9.12635 95.9156 10.3437 96.945 10.797
94.1519 8.82973 96.3061 9.12635 95.9156 10.3437
91.4288 6.64756 94.1519 8.82973 95.9156 10.3437
90.4849 5.84737 89.6485 6.29534 91.4288 6.64756
90.4849 5.84737 91.4288 6.64756 94.1519 8.82973
98.2322 4.9707 99.7865 5.78607 90.4849 5.84737
90.3861 4.49724 98.2322 4.9707 90.4849 5.84737
90.3861 4.49724 90.4849 5.84737 89.6485 6.29534
89.6485 6.29534 90.3861 4.49724 89.4661 1.90273
90.3861 4.49724 91.4654 2.33098 89.4661 1.90273
89.4661 1.90273 91.4654 2.33098 99.5096 2.41121
99.5096 2.41121 89.4661 1.90273 90.8921 1.87805
82.2889 2.68256 77.8783 3.28349 76.388 3.53731
89.4661 1.90273 82.2889 2.68256 76.388 3.53731
92.4301 1.36646 90.8921 1.87805 89.4661 1.90273
92.4301 1.36646 89.4661 1.90273 82.2889 2.68256
97.4766 1.17835 92.4301 1.36646 90.8921 1.87805
93.0545 0.297166 97.4766 1.17835 92.4301 1.36646
97.4766 1.17835 93.0545 0.297166 93.2317 0.245424
80.8455 6.05 89.6485 6.29534 91.4288 6.64756
85.3038 6.04926 80.8455 6.05 89.6485 6.29534
84.6175 5.51776 85.3038 6.04926 80.8455 6.05
80.3876 5.50276 84.6175 5.51776 80.8455 6.05
74.8561 5.36736 80.3876 5.50276 80.8455 6.05
80.3876 5.50276 74.8561 5.36736 78.3583 4.40196
83.8046 3.90784 84.6175 5.51776 85.3038 6.04926
85.3038 6.04926 83.8046 3.90784 86.2404 3.76798
79.7593 1.44116 77.8783 3.28349 76.388 3.53731
80.8783 0.742749 79.7593 1.44116 77.8783 3.28349
79.7593 1.44116 80.8783 0.742749 75.279 0.350038
75.279 0.350038 80.8783 0.742749 89.2515 0.90318
89.2515 0.90318 75.279 0.350038 80.5686 0.311862
72.0431 2.42381 71.7195 4.68575 73.676 4.70229
72.576 0.681043 72.9849 1.56418 72.0431 2.42381
71.7195 4.68575 72.0431 2.42381 71.5467 0.206503
72.0431 2.42381 72.576 0.681043 71.5467 0.206503
72.576 0.681043 75.279 0.350038 71.5467 0.206503
75.279 0.350038 80.5686 0.311862 71.5467 0.206503
71.7195 4.68575 73.676 4.70229 72.7663 6.57789
70.7076 3.88037 71.7195 4.68575 72.7663 6.57789
68.9829 1.90303 70.7076 3.88037 71.7195 4.68575
71.7195 4.68575 68.9829 1.90303 68.7589 1.17867
68.9829 1.90303 65.1324 2.57199 58.0863 5.30932
65.1324 2.57199 68.9829 1.90303 68.7589 1.17867
70.3116 4.95395 70.7076 3.88037 68.9829 1.90303
60.8089 1.9287 65.1324 2.57199 58.0863 5.30932
65.1324 2.57199 60.8089 1.9287 63.108 1.35596
57.0825 5.76363 55.7195 6.02954 53.761 6.70036
56.6533 5.18838 57.0825 5.76363 55.7195 6.02954
56.8773 4.88852 56.6533 5.18838 57.0825 5.76363
53.1433 4.25936 56.8773 4.88852 56.6533 5.18838
51.7875 3.16415 53.1433 4.25936 56.8773 4.88852
51.222 3.03333 51.7875 3.16415 53.1433 4.25936
55.4336 2.63216 51.222 3.03333 51.7875 3.16415
57.8333 2.3155 51.0483 2.46101 55.4336 2.63216
57.8333 2.3155 55.4336 2.63216 51.7875 3.16415
60.8089 1.9287 57.8333 2.3155 51.7875 3.16415
57.8333 2.3155 60.8089 1.9287 63.108 1.35596
51.5373 2.19004 57.8333 2.3155 51.0483 2.46101
49.1321 2.12421 51.5373 2.19004 51.0483 2.46101
50.0502 1.83899 49.1321 2.12421 51.5373 2.19004
52.8076 1.52871 50.0502 1.83899 51.5373 2.19004
50.0502 1.83899 52.8076 1.52871 55.1816 0.279741
48.9911 4.96097 47.9753 5.10715 47.0174 6.17299
48.7601 3.73423 48.9911 4.96097 47.9753 5.10715
49.1321 2.12421 48.7601 3.73423 48.9911 4.96097
48.9598 1.43029 50.0502 1.83899 49.1321 2.12421
48.9598 1.43029 49.1321 2.12421 48.7601 3.73423
39.6964 1.38081 35.7429 1.41853 48.9598 1.43029
46.1278 0.50047 39.6964 1.38081 48.9598 1.43029
49.0006 0.379595 46.1278 0.50047 48.9598 1.43029
49.0006 0.379595 48.9598 1.43029 50.0502 1.83899
46.1278 0.50047 49.0006 0.379595 47.1638 0.188
45.1859 4.78491 47.9753 5.10715 47.0174 6.17299
43.0999 4.40598 45.1859 4.78491 47.0174 6.17299
45.1859 4.78491 43.0999 4.40598 41.9603 3.78056
39.7805 5.03363 34.479 6.0073 33.1472 6.56587
43.0999 4.40598 39.7805 5.03363 33.1472 6.56587
39.7805 5.03363 43.0999 4.40598 41.9603 3.78056
25.7195 5.99023 34.479 6.0073 33.1472 6.56587
22.5808 5.84123 25.7195 5.99023 33.1472 6.56587
25.7195 5.99023 22.5808 5.84123 13.8312 5.36288
22.5808 5.84123 11.8709 5.57278 13.8312 5.36288
21.8211 6.09269 22.5808 5.84123 11.8709 5.57278
8.2737 6.32943 5.88749 6.51376 8.98889 6.58705
1.99069 6.08289 8.2737 6.32943 5.88749 6.51376
11.8709 5.57278 1.99069 6.08289 8.2737 6.32943
13.8312 5.36288 11.8709 5.57278 1.99069 6.08289
11.2353 5.29033 13.8312 5.36288 1.99069 6.08289
8.28174 5.00648 11.2353 5.29033 13.8312 5.36288
7.5173 4.59334 8.28174 5.00648 13.8312 5.36288
6.43624 4.52691 7.5173 4.59334 8.28174 5.00648
9.69659 4.29738 6.43624 4.52691 7.5173 4.59334
6.43624 4.52691 9.69659 4.29738 4.95894 4.04345
21.6744 4.52738 9.69659 4.29738 4.95894 4.04345
11.2353 5.29033 8.28174 5.00648 1.14365 4.69672
37.6379 4.50646 39.7805 5.03363 34.479 6.0073
39.7805 5.03363 37.6379 4.50646 36.5206 4.18241
36.5206 4.18241 37.6379 4.50646 26.4425 4.57646
26.4425 4.57646 36.5206 4.18241 26.0733 4.00159
25.2493 0.92404 39.6964 1.38081 35.7429 1.41853
39.6964 1.38081 25.2493 0.92404 21.9626 0.532387
25.2493 0.92404 18.3064 0.888675 21.9626 0.532387
16.7986 1.00659 10.8174 1.41862 11.7432 1.59021
18.3064 0.888675 16.7986 1.00659 10.8174 1.41862
10.8174 1.41862 18.3064 0.888675 21.9626 0.532387
32.0551 2.36105 27.5798 2.42706 35.7554 2.51152
17.7934 1.52728 32.0551 2.36105 35.7554 2.51152
14.3779 1.33944 17.7934 1.52728 32.0551 2.36105
16.7986 1.00659 14.3779 1.33944 17.7934 1.52728
17.7934 1.52728 16.7986 1.00659 18.3064 0.888675
19.9794 3.07948 38.8772 3.11715 31.2285 3.71765
33.965 2.8476 19.9794 3.07948 38.8772 3.11715
35.0671 2.62521 33.965 2.8476 38.8772 3.11715
35.7554 2.51152 35.0671 2.62521 38.8772 3.11715
27.5798 2.42706 35.7554 2.51152 35.0671 2.62521
21.5708 2.35889 27.5798 2.42706 35.0671 2.62521
18.0458 1.88466 21.5708 2.35889 27.5798 2.42706
27.5798 2.42706 18.0458 1.88466 19.3092 1.75206
18.0458 1.88466 11.6444 1.84659 19.3092 1.75206
19.9794 3.07948 7.16502 3.23156 14.4641 3.44738
33.965 2.8476 19.9794 3.07948 7.16502 3.23156
1.87937 2.74799 33.965 2.8476 7.16502 3.23156
33.965 2.8476 1.87937 2.74799 23.1559 2.73407
2.24498 0.831 10.8174 1.41862 11.7432 1.59021
10.8174 1.41862 2.24498 0.831 1.67487 0.0447868
98.2322 4.9707 90.3861 4.49724 93.6986 4.41719
96.2702 8.77004 94.1519 8.82973 96.3061 9.12635
96.3061 9.12635 96.2702 8.77004 99.6693 7.8611
93.7338 15.9545 93.5592 16.4391 95.2154 17.1338
93.8516 14.5547 93.7338 15.9545 93.5592 16.4391
93.5592 16.4391 93.8516 14.5547 90.5808 14.4953
95.3692 17.4184 95.2154 17.1338 97.6366 15.968
93.5592 16.4391 95.2154 17.1338 95.3692 17.4184
86.6821 16.1865 93.5592 16.4391 95.3692 17.4184
80.3889 15.9167 86.6821 16.1865 93.5592 16.4391
93.5592 16.4391 80.3889 15.9167 81.281 15.8737
80.3889 15.9167 78.0628 16.1944 77.7761 17.0417
85.1114 15.278 81.281 15.8737 80.3889 15.9167
85.1114 15.278 80.3889 15.9167 78.0628 16.1944
78.0628 16.1944 85.1114 15.278 80.6634 14.4497
77.1209 18.7595 87.0624 18.7845 86.0942 19.1344
73.7683 18.4752 77.1209 18.7595 87.0624 18.7845
78.4346 18.4574 73.7683 18.4752 87.0624 18.7845
81.0938 17.676 78.4346 18.4574 73.7683 18.4752
83.9549 17.3884 81.0938 17.676 78.4346 18.4574
83.7726 16.6196 83.9549 17.3884 81.0938 17.676
86.6821 16.1865 83.7726 16.6196 83.9549 17.3884
83.7726 16.6196 86.6821 16.1865 80.3889 15.9167
68.7305 21.3283 65.4801 21.5757 76.4665 21.6667
62.2815 21.2973 68.7305 21.3283 65.4801 21.5757
62.9554 21.1088 62.2815 21.2973 68.7305 21.3283
60.5006 20.6906 62.9554 21.1088 62.2815 21.2973
64.4273 20.6698 60.5006 20.6906 62.9554 21.1088
67.3268 20.0713 64.4273 20.6698 62.9554 21.1088
68.5241 19.3511 65.6646 19.5904 67.3268 20.0713
72.0485 19.2004 68.5241 19.3511 67.3268 20.0713
72.0485 19.2004 67.3268 20.0713 62.9554 21.1088
77.1209 18.7595 72.0485 19.2004 68.5241 19.3511
68.5241 19.3511 77.1209 18.7595 73.7683 18.4752
95.0511 21.1853 88.9413 21.458 83.0701 21.715
96.6176 21.1249 95.0511 21.1853 88.9413 21.458
95.8041 20.6286 96.6176 21.1249 95.0511 21.1853
91.6685 19.8325 95.8041 20.6286 95.0511 21.1853
91.0698 19.5617 91.6685 19.8325 95.8041 20.6286
86.0942 19.1344 91.0698 19.5617 91.6685 19.8325
87.0624 18.7845 86.0942 19.1344 91.0698 19.5617
85.3153 18.4159 87.0624 18.7845 91.0698 19.5617
81.8465 18.3631 85.3153 18.4159 87.0624 18.7845
96.2741 18.1779 81.8465 18.3631 85.3153 18.4159
81.8465 18.3631 96.2741 18.1779 98.1907 18.0124
95.522 22.0685 81.4183 22.3713 93.936 22.3829
97.4598 21.8672 91.8173 22.0605 95.522 22.0685
97.4598 21.8672 95.522 22.0685 93.936 22.3829
96.6176 21.1249 97.4598 21.8672 91.8173 22.0605
97.4598 21.8672 96.6176 21.1249 96.5284 20.076
96.6176 21.1249 95.8041 20.6286 96.5284 20.076
65.099 22.1338 95.522 22.0685 91.8173 22.0605
64.1095 23.2849 84.0132 24.0228 90.7631 24.2414
57.5509 23.1734 64.1095 23.2849 84.0132 24.0228
61.0741 23.1048 57.5509 23.1734 64.1095 23.2849
81.5727 22.9035 61.0741 23.1048 64.1095 23.2849
84.4809 22.8179 81.5727 22.9035 61.0741 23.1048
72.6441 22.8004 84.4809 22.8179 61.0741 23.1048
86.3097 22.4118 72.6441 22.8004 61.0741 23.1048
93.936 22.3829 86.3097 22.4118 72.6441 22.8004
81.4183 22.3713 93.936 22.3829 86.3097 22.4118
86.3097 22.4118 81.4183 22.3713 44.8828 22.2598
92.9387 22.9656 81.5727 22.9035 84.4809 22.8179
73.0672 25.6614 63.8788 25.7043 16.2973 25.8738
65.2517 25.6208 73.0672 25.6614 16.2973 25.8738
64.444 25.293 65.2517 25.6208 73.0672 25.6614
90.8241 25.2404 64.444 25.293 73.0672 25.6614
96.6705 25.1721 50.5471 25.1946 90.8241 25.2404
96.6705 25.1721 90.8241 25.2404 73.0672 25.6614
30.1638 25.0772 96.6705 25.1721 50.5471 25.1946
14.8319 24.9968 30.1638 25.0772 50.5471 25.1946
26.4239 24.9964 14.8319 24.9968 30.1638 25.0772
69.0543 24.6986 26.4239 24.9964 14.8319 24.9968
82.6627 24.6656 69.0543 24.6986 26.4239 24.9964
81.644 24.4436 82.6627 24.6656 69.0543 24.6986
90.7631 24.2414 81.644 24.4436 82.6627 24.6656
84.0132 24.0228 90.7631 24.2414 81.644 24.4436
65.4555 23.9995 84.0132 24.0228 81.644 24.4436
84.0132 24.0228 65.4555 23.9995 65.152 23.9508
65.4555 23.9995 40.2123 24.2317 42.4288 24.2761
40.2123 24.2317 65.4555 23.9995 65.152 23.9508
1.89221 25.3922 64.444 25.293 90.8241 25.2404
94.0294 28.1154 78.4422 28.1745 88.0218 28.2581
94.0294 28.1154 88.0218 28.2581 93.9946 28.3915
94.4948 27.6506 94.0294 28.1154 93.9946 28.3915
98.158 26.5625 99.3102 26.7946 94.4948 27.6506
93.8427 26.3829 98.158 26.5625 94.4948 27.6506
93.8427 26.3829 94.4948 27.6506 94.0294 28.1154
79.0993 26.0884 80.8457 26.2093 93.8427 26.3829
89.2247 26.0032 79.0993 26.0884 93.8427 26.3829
89.2247 26.0032 93.8427 26.3829 98.158 26.5625
63.8788 25.7043 89.2247 26.0032 79.0993 26.0884
89.2247 26.0032 63.8788 25.7043 73.0672 25.6614
89.5352 27.2208 80.8457 26.2093 79.0993 26.0884
96.6705 25.1721 30.1638 25.0772 58.8163 25.0631
56.8424 28.1577 78.4422 28.1745 88.0218 28.2581
68.4026 28.1291 56.8424 28.1577 78.4422 28.1745
66.2426 27.6782 68.4026 28.1291 78.4422 28.1745
51.6527 26.6112 66.2426 27.6782 68.4026 28.1291
66.2426 27.6782 51.6527 26.6112 46.6222 25.9003
42.3651 28.4922 27.7301 28.5691 42.1319 28.6207
48.7782 27.1482 42.3651 28.4922 42.1319 28.6207
51.6527 26.6112 46.9105 26.7984 48.7782 27.1482
51.6527 26.6112 48.7782 27.1482 42.1319 28.6207
46.9105 26.7984 51.6527 26.6112 46.6222 25.9003
48.7782 27.1482 34.36 27.4002 33.4131 27.5831
34.36 27.4002 48.7782 27.1482 46.9105 26.7984
3.36208 28.9585 11.3624 29.1151 26.9331 29.1714
22.021 28.8726 3.36208 28.9585 26.9331 29.1714
27.7301 28.5691 22.021 28.8726 26.9331 29.1714
22.021 28.8726 27.7301 28.5691 28.8006 28.4082
27.7301 28.5691 42.3651 28.4922 28.8006 28.4082
11.3624 29.1151 15.6879 29.5021 12.6059 29.6145
12.6059 29.6145 11.3624 29.1151 3.36208 28.9585
12.6059 29.6145 24.688 29.8728 22.626 29.8883
15.6879 29.5021 12.6059 29.6145 24.688 29.8728
24.688 29.8728 15.6879 29.5021 22.1954 29.3623
52.4077 29.8053 24.688 29.8728 22.626 29.8883
34.4351 29.6916 52.4077 29.8053 24.688 29.8728
48.806 29.3958 34.4351 29.6916 24.688 29.8728
53.2153 29.2473 56.2156 29.3663 48.806 29.3958
53.2153 29.2473 48.806 29.3958 24.688 29.8728
54.5848 29.0849 53.2153 29.2473 56.2156 29.3663
64.7243 28.927 54.5848 29.0849 56.2156 29.3663
68.8764 28.6091 64.7243 28.927 54.5848 29.0849
79.0425 28.5416 68.8764 28.6091 64.7243 28.927
68.8764 28.6091 79.0425 28.5416 79.3458 28.5163
55.9877 29.5921 53.5801 29.6019 66.3001 29.9007
48.806 29.3958 55.9877 29.5921 53.5801 29.6019
55.9877 29.5921 48.806 29.3958 56.2156 29.3663
92.8289 29.1091 86.7 29.1239 83.2649 29.9101
81.474 28.5446 92.8289 29.1091 86.7 29.1239
86.7 29.1239 81.474 28.5446 79.0425 28.5416
91.2679 28.6156 81.474 28.5446 79.3458 28.5163
81.474 28.5446 79.0425 28.5416 79.3458 28.5163
33.4016 26.5614 34.36 27.4002 33.4131 27.5831
34.36 27.4002 33.4016 26.5614 35.0094 25.9967
33.4016 26.5614 28.0468 26.3068 35.0094 25.9967
28.676 26.6244 26.0323 27.3743 27.572 27.7547
26.0323 27.3743 28.676 26.6244 28.0468 26.3068
28.676 26.6244 33.4016 26.5614 28.0468 26.3068
17.5159 27.3136 26.0323 27.3743 27.572 27.7547
26.0323 27.3743 17.5159 27.3136 10.2884 26.7946
17.5159 27.3136 4.95671 27.8461 4.08914 28.3582
4.95671 27.8461 17.5159 27.3136 10.2884 26.7946
40.2123 24.2317 42.4288 24.2761 43.6196 24.6647
35.9335 24.0935 40.2123 24.2317 43.6196 24.6647
26.6375 24.0378 13.087 24.0675 35.9335 24.0935
33.9073 24.024 26.6375 24.0378 35.9335 24.0935
33.9073 24.024 35.9335 24.0935 40.2123 24.2317
26.6375 24.0378 33.9073 24.024 1.80976 23.8138
21.0966 24.4276 7.94406 24.4509 13.3913 24.6045
35.9335 24.0935 21.0966 24.4276 13.3913 24.6045
21.0966 24.4276 35.9335 24.0935 13.087 24.0675
55.1808 22.8545 61.0741 23.1048 57.5509 23.1734
36.8888 22.1701 55.1808 22.8545 57.5509 23.1734
30.1422 21.9457 36.8888 22.1701 57.5509 23.1734
36.8888 22.1701 30.1422 21.9457 25.4904 21.7462
18.8185 22.6334 19.7997 22.9655 21.27 23.3277
21.4556 22.426 16.3791 22.623 18.8185 22.6334
21.4556 22.426 18.8185 22.6334 21.27 23.3277
24.0664 22.0674 21.4556 22.426 16.3791 22.623
17.1487 21.9692 24.0664 22.0674 16.3791 22.623
30.1422 21.9457 17.1487 21.9692 24.0664 22.0674
17.1487 21.9692 30.1422 21.9457 25.4904 21.7462
18.8185 22.6334 11.059 23.3087 12.5959 23.4574
11.059 23.3087 18.8185 22.6334 16.3791 22.623
21.4556 22.426 27.5932 22.9456 29.9413 23.1691
27.5932 22.9456 21.4556 22.426 24.0664 22.0674
29.9413 23.1691 27.5932 22.9456 32.1061 22.7254
12.5959 23.4574 11.059 23.3087 1.40019 22.7176
60.5006 20.6906 64.4273 20.6698 63.9483 20.1453
67.3268 20.0713 65.6646 19.5904 59.9164 18.8897
65.6646 19.5904 68.5241 19.3511 63.8107 18.5172
78.0628 16.1944 77.7761 17.0417 76.0426 17.6978
71.9127 16.1286 78.0628 16.1944 76.0426 17.6978
72.1461 15.7444 71.9127 16.1286 78.0628 16.1944
77.7952 14.8699 72.1461 15.7444 78.0628 16.1944
72.1461 15.7444 77.7952 14.8699 73.5159 14.7713
67.0303 16.833 64.5026 16.8997 65.4905 17.4307
71.9127 16.1286 67.0303 16.833 65.4905 17.4307
67.0303 16.833 71.9127 16.1286 72.1461 15.7444
64.5026 16.8997 65.4905 17.4307 65.0438 17.9359
62.6792 16.0621 64.5026 16.8997 65.0438 17.9359
60.5005 15.0964 62.2435 16.0106 62.6792 16.0621
64.5026 16.8997 62.6792 16.0621 59.8737 14.6975
62.6792 16.0621 60.5005 15.0964 59.8737 14.6975
62.6792 16.0621 54.6985 16.0636 43.9218 16.1059
54.6985 16.0636 62.6792 16.0621 62.2435 16.0106
52.4638 17.2056 38.6952 17.7171 36.7208 17.8253
47.6285 17.1772 52.4638 17.2056 38.6952 17.7171
45.5871 16.8038 47.6285 17.1772 52.4638 17.2056
43.9218 16.1059 45.5871 16.8038 52.4638 17.2056
40.6623 15.6574 54.6985 16.0636 43.9218 16.1059
40.6623 15.6574 43.9218 16.1059 45.5871 16.8038
45.5871 16.8038 40.6623 15.6574 36.8005 15.5563
36.8005 15.5563 40.6623 15.6574 46.6771 15.6717
46.6771 15.6717 36.8005 15.5563 6.6848 14.9422
36.8005 15.5563 18.7427 15.4048 6.6848 14.9422
20.4916 16.2815 22.194 16.3544 19.122 16.8008
18.8723 16.0042 20.4916 16.2815 19.122 16.8008
18.9412 15.9233 18.8723 16.0042 20.4916 16.2815
18.7427 15.4048 18.9412 15.9233 18.8723 16.0042
18.8723 16.0042 18.7427 15.4048 6.6848 14.9422
29.4706 20.7232 48.3153 20.9652 50.0746 21.0404
19.3268 20.7025 8.70035 20.722 29.4706 20.7232
38.1269 20.6626 19.3268 20.7025 29.4706 20.7232
38.1269 20.6626 29.4706 20.7232 48.3153 20.9652
39.2525 20.594 38.1269 20.6626 48.3153 20.9652
38.1859 19.5087 39.2525 20.594 38.1269 20.6626
45.8787 19.2644 38.1859 19.5087 39.2525 20.594
45.099 19.0868 45.8787 19.2644 38.1859 19.5087
47.6654 18.7822 0.342539 18.8889 45.099 19.0868
47.6654 18.7822 45.099 19.0868 45.8787 19.2644
2.4464 18.6754 47.6654 18.7822 0.342539 18.8889
7.94545 18.675 2.4464 18.6754 47.6654 18.7822
11.0932 18.591 7.94545 18.675 2.4464 18.6754
22.6404 18.0685 11.0932 18.591 2.4464 18.6754
27.019 17.9169 22.6404 18.0685 2.4464 18.6754
36.7208 17.8253 27.019 17.9169 22.6404 18.0685
38.6952 17.7171 36.7208 17.8253 27.019 17.9169
25.929 17.5654 38.6952 17.7171 27.019 17.9169
38.6952 17.7171 25.929 17.5654 13.9429 17.4217
25.929 17.5654 14.5015 17.494 13.9429 17.4217
9.23038 17.8269 14.5015 17.494 13.9429 17.4217
20.8637 20.9602 25.6315 21.0872 14.4621 21.5215
30.224 20.7917 20.8637 20.9602 25.6315 21.0872
23.0182 20.7827 30.224 20.7917 20.8637 20.9602
29.4706 20.7232 23.0182 20.7827 30.224 20.7917
23.0182 20.7827 29.4706 20.7232 8.70035 20.722
7.94545 18.675 11.0932 18.591 23.078 18.4991
52.568 20.1665 48.3153 20.9652 50.0746 21.0404
48.3153 20.9652 52.568 20.1665 53.4068 19.1871
52.568 20.1665 55.8357 20.1299 53.4068 19.1871
58.136 20.5921 58.2824 20.8118 54.6164 21.6099
57.0989 20.5298 58.136 20.5921 54.6164 21.6099
55.8357 20.1299 57.0989 20.5298 58.136 20.5921
58.136 20.5921 55.8357 20.1299 53.4068 19.1871
58.4954 21.2018 58.2824 20.8118 59.7624 20.1903
58.2824 20.8118 58.136 20.5921 59.7624 20.1903
26.3525 20.6383 38.1269 20.6626 19.3268 20.7025
19.6331 20.564 26.3525 20.6383 19.3268 20.7025
26.2185 20.5637 19.6331 20.564 26.3525 20.6383
26.3525 20.6383 26.2185 20.5637 25.1799 19.3226
13.4184 20.1676 26.2185 20.5637 19.6331 20.564
26.2185 20.5637 13.4184 20.1676 10.3967 19.8736
13.4184 20.1676 5.22799 20.3382 11.1146 20.4441
5.22799 20.3382 13.4184 20.1676 10.3967 19.8736
47.6285 17.1772 45.5871 16.8038 38.9227 16.7203
22.194 16.3544 20.4916 16.2815 32.3773 15.729
64.5026 16.8997 67.0303 16.833 65.1892 16.1787
