11.5198 -2.00991 24.0531 -1.95121 22.971 -1.66965
14.7794 -2.84244 11.5198 -2.00991 24.0531 -1.95121
5.72817 -4.03012 14.7794 -2.84244 24.0531 -1.95121
-1.47297 -4.64524 9.86026 -4.63072 5.72817 -4.03012
-1.47297 -4.64524 5.72817 -4.03012 14.7794 -2.84244
7.06037 -4.79064 -1.47297 -4.64524 9.86026 -4.63072
9.86026 -4.63072 7.06037 -4.79064 19.9107 -4.87374
18.3729 -3.73244 21.7045 -3.72456 49.7111 -3.27106
5.72817 -4.03012 18.3729 -3.73244 21.7045 -3.72456
21.7045 -3.72456 5.72817 -4.03012 9.86026 -4.63072
23.8722 -1.06539 -12.2841 -0.235663 -13.6187 -0.0923105
32.5539 -1.65481 23.8722 -1.06539 -12.2841 -0.235663
22.971 -1.66965 32.5539 -1.65481 -12.2841 -0.235663
24.0531 -1.95121 22.971 -1.66965 32.5539 -1.65481
45.9734 -2.05138 24.0531 -1.95121 32.5539 -1.65481
43.9252 -2.18542 45.9734 -2.05138 24.0531 -1.95121
45.9734 -2.05138 43.9252 -2.18542 36.3338 -2.89108
28.1531 -0.667469 35.3712 -0.958704 23.8722 -1.06539
39.3214 -0.310387 46.6748 -0.139124 40.9773 -0.0372048
35.3712 -0.958704 39.3214 -0.310387 40.9773 -0.0372048
39.3214 -0.310387 35.3712 -0.958704 32.5539 -1.65481
35.3712 -0.958704 23.8722 -1.06539 32.5539 -1.65481
0.363933 -5.74899 7.06037 -4.79064 -1.47297 -4.64524
2.38258 -6.43976 2.85675 -6.18064 0.363933 -5.74899
-1.47297 -4.64524 0.363933 -5.74899 0.430458 -7.09605
0.363933 -5.74899 2.38258 -6.43976 0.430458 -7.09605
16.6177 -7.31093 2.85675 -6.18064 0.363933 -5.74899
2.85675 -6.18064 16.6177 -7.31093 22.1724 -8.19762
16.6177 -7.31093 33.4056 -6.14792 30.7465 -5.1448
33.4056 -6.14792 16.6177 -7.31093 22.1724 -8.19762
34.213 -9.25958 27.5918 -9.08881 39.3402 -8.972
42.715 -9.28259 34.213 -9.25958 39.3402 -8.972
42.715 -9.28259 39.3402 -8.972 33.4056 -6.14792
42.715 -9.28259 33.4056 -6.14792 30.7465 -5.1448
7.75969 -9.85677 42.715 -9.28259 34.213 -9.25958
-1.3655 -9.95575 7.75969 -9.85677 34.213 -9.25958
33.9768 -10.1465 -1.3655 -9.95575 7.75969 -9.85677
4.45928 -10.54 33.9768 -10.1465 -1.3655 -9.95575
19.9829 -11.0109 30.6384 -10.9072 4.45928 -10.54
8.13048 -11.6648 19.9829 -11.0109 4.45928 -10.54
8.13048 -11.6648 4.45928 -10.54 -1.3655 -9.95575
12.2662 -12.2388 8.13048 -11.6648 19.9829 -11.0109
6.63169 -12.9638 12.2662 -12.2388 8.13048 -11.6648
22.6893 -13.4203 6.63169 -12.9638 12.2662 -12.2388
19.4535 -13.9389 22.6893 -13.4203 6.63169 -12.9638
28.5977 -14.1523 19.4535 -13.9389 22.6893 -13.4203
42.7324 -15.1049 28.5977 -14.1523 22.6893 -13.4203
44.0551 -15.1593 42.7324 -15.1049 22.6893 -13.4203
42.7324 -15.1049 44.0551 -15.1593 39.6173 -15.4696
30.6384 -10.9072 45.901 -10.8714 30.9153 -10.5988
45.901 -10.8714 30.6384 -10.9072 19.9829 -11.0109
0.582661 -8.63883 27.5918 -9.08881 34.213 -9.25958
26.1209 -14.4176 28.5977 -14.1523 19.4535 -13.9389
11.0507 -15.7715 26.1209 -14.4176 19.4535 -13.9389
3.18682 -17.3602 11.0507 -15.7715 19.4535 -13.9389
8.51576 -17.6161 3.18682 -17.3602 11.0507 -15.7715
31.5912 -18.8249 30.3496 -18.4894 8.51576 -17.6161
31.5912 -18.8249 8.51576 -17.6161 3.18682 -17.3602
21.2974 -19.337 31.5912 -18.8249 3.18682 -17.3602
23.3152 -21.1333 21.2974 -19.337 31.5912 -18.8249
29.3651 -21.2613 23.3152 -21.1333 31.5912 -18.8249
26.6201 -21.4521 29.3651 -21.2613 23.3152 -21.1333
26.4413 -22.5145 26.6201 -21.4521 29.3651 -21.2613
25.1757 -22.6585 26.4413 -22.5145 26.6201 -21.4521
-0.643073 -22.7796 12.7874 -22.6681 25.1757 -22.6585
24.7016 -22.7912 -0.643073 -22.7796 25.1757 -22.6585
24.7016 -22.7912 25.1757 -22.6585 26.4413 -22.5145
25.69 -23.4166 24.7016 -22.7912 26.4413 -22.5145
29.8549 -23.6956 25.69 -23.4166 26.4413 -22.5145
26.4413 -22.5145 29.8549 -23.6956 41.5416 -24.138
10.4689 -22.1644 25.1757 -22.6585 12.7874 -22.6681
0.361239 -24.0426 29.8549 -23.6956 25.69 -23.4166
15.6319 -24.3671 0.361239 -24.0426 29.8549 -23.6956
29.7001 -24.9877 15.6319 -24.3671 0.361239 -24.0426
28.1679 -25.0678 29.7001 -24.9877 0.361239 -24.0426
8.40978 -27.5715 28.1679 -25.0678 29.7001 -24.9877
7.43484 -27.689 8.40978 -27.5715 28.1679 -25.0678
8.40978 -27.5715 7.43484 -27.689 23.9303 -28.2598
7.43484 -27.689 2.30668 -27.6619 -4.49126 -27.5503
23.9303 -28.2598 7.43484 -27.689 2.30668 -27.6619
22.222 -28.9113 23.9303 -28.2598 2.30668 -27.6619
26.9799 -29.6102 22.222 -28.9113 23.9303 -28.2598
25.0037 -29.9697 26.9799 -29.6102 22.222 -28.9113
9.36363 -30.0605 25.0037 -29.9697 22.222 -28.9113
13.2487 -30.0772 9.36363 -30.0605 25.0037 -29.9697
14.256 -30.3404 13.2487 -30.0772 9.36363 -30.0605
27.3436 -30.6601 14.256 -30.3404 13.2487 -30.0772
25.1606 -30.7455 37.0495 -30.6726 27.3436 -30.6601
25.1606 -30.7455 27.3436 -30.6601 14.256 -30.3404
0.0226674 -30.9017 25.1606 -30.7455 37.0495 -30.6726
16.3915 -31.0381 0.0226674 -30.9017 37.0495 -30.6726
13.3102 -31.227 16.3915 -31.0381 0.0226674 -30.9017
24.8003 -32.7519 13.3102 -31.227 16.3915 -31.0381
13.3102 -31.227 24.8003 -32.7519 30.9782 -33.9387
26.9799 -29.6102 32.7961 -29.0614 35.9677 -28.9411
35.9677 -28.9411 26.9799 -29.6102 25.0037 -29.9697
30.9782 -33.9387 24.8003 -32.7519 37.2645 -32.0849
8.92325 -36.0967 15.4953 -35.4691 27.3938 -34.819
22.4012 -37.5541 8.92325 -36.0967 27.3938 -34.819
22.4012 -37.5541 27.3938 -34.819 30.9782 -33.9387
22.4012 -37.5541 30.9782 -33.9387 37.2645 -32.0849
17.4714 -37.826 22.4012 -37.5541 8.92325 -36.0967
18.6817 -41.2164 17.4714 -37.826 22.4012 -37.5541
17.4714 -37.826 18.6817 -41.2164 16.2279 -42.9163
16.2279 -42.9163 18.6817 -41.2164 28.9471 -38.6497
16.2837 -43.4605 16.2279 -42.9163 28.9471 -38.6497
19.7891 -44.9432 18.0831 -43.9352 16.2837 -43.4605
11.5366 -46.126 19.7891 -44.9432 16.2837 -43.4605
11.5366 -46.126 16.2837 -43.4605 16.2279 -42.9163
19.7891 -44.9432 11.5366 -46.126 4.79299 -47.1256
4.47162 -45.1497 2.8509 -44.2905 2.45393 -41.2983
4.89183 -45.7421 4.47162 -45.1497 2.45393 -41.2983
4.47162 -45.1497 4.89183 -45.7421 4.79299 -47.1256
4.89183 -45.7421 11.5366 -46.126 4.79299 -47.1256
5.72626 -34.429 4.35194 -32.3206 6.30481 -31.8736
5.32292 -39.2998 3.46355 -35.131 5.72626 -34.429
5.32292 -39.2998 5.72626 -34.429 6.30481 -31.8736
5.96226 -43.4949 5.32292 -39.2998 3.46355 -35.131
7.83575 -45.6771 5.96226 -43.4949 5.32292 -39.2998
4.89183 -45.7421 7.83575 -45.6771 5.96226 -43.4949
7.83575 -45.6771 4.89183 -45.7421 11.5366 -46.126
-10.8397 -28.3527 2.30668 -27.6619 -4.49126 -27.5503
-10.305 -29.1385 -10.8397 -28.3527 2.30668 -27.6619
-7.92967 -29.3671 -10.305 -29.1385 2.30668 -27.6619
-10.133 -30.674 -7.92967 -29.3671 -10.305 -29.1385
-10.8225 -32.8359 -10.133 -30.674 -10.305 -29.1385
-10.133 -30.674 -10.8225 -32.8359 -9.0902 -33.0892
-24.3675 -27.7263 -28.9933 -26.7287 -30.0469 -26.0209
-10.8397 -28.3527 -24.3675 -27.7263 -30.0469 -26.0209
-24.3675 -27.7263 -10.8397 -28.3527 -10.305 -29.1385
-19.2352 -32.7435 -24.1358 -30.7533 -20.5211 -29.6281
-9.0902 -33.0892 -10.8225 -32.8359 -19.2352 -32.7435
-9.05968 -33.3077 -9.0902 -33.0892 -19.2352 -32.7435
-20.5036 -33.5415 -9.05968 -33.3077 -19.2352 -32.7435
-20.5036 -33.5415 -19.2352 -32.7435 -24.1358 -30.7533
-22.2266 -33.7245 -20.5036 -33.5415 -24.1358 -30.7533
-21.6226 -39.3254 -22.2266 -33.7245 -20.5036 -33.5415
-22.2266 -33.7245 -21.6226 -39.3254 -23.0695 -42.3656
-21.6226 -39.3254 -18.9026 -41.6851 -23.0695 -42.3656
-33.6358 -27.4222 -28.9933 -26.7287 -30.0469 -26.0209
-28.9933 -26.7287 -33.6358 -27.4222 -37.0106 -28.4506
-33.6358 -27.4222 -37.7897 -28.0263 -37.0106 -28.4506
-31.7509 -22.2169 -28.4055 -22.0136 -29.1747 -21.1738
-34.8448 -22.6525 -31.7509 -22.2169 -29.1747 -21.1738
-37.5656 -23.9713 -34.8448 -22.6525 -31.7509 -22.2169
-42.5386 -25.8544 -40.453 -25.7097 -37.5656 -23.9713
-42.5386 -25.8544 -37.5656 -23.9713 -34.8448 -22.6525
-37.6836 -27.0429 -42.5386 -25.8544 -40.453 -25.7097
-38.4183 -27.0746 -37.6836 -27.0429 -42.5386 -25.8544
-33.6358 -27.4222 -38.4183 -27.0746 -37.6836 -27.0429
-38.4183 -27.0746 -33.6358 -27.4222 -37.7897 -28.0263
-37.0106 -28.4506 -37.7897 -28.0263 -39.5899 -27.9907
-39.5899 -27.9907 -37.0106 -28.4506 -40.2157 -28.9713
-23.957 -22.5695 -28.4055 -22.0136 -29.1747 -21.1738
-24.2998 -24.3921 -23.957 -22.5695 -28.4055 -22.0136
-28.4055 -22.0136 -24.2998 -24.3921 -25.8048 -24.677
-10.46 -5.48489 -8.3774 -2.55304 -8.12434 -1.86071
-8.05445 -7.51866 -10.46 -5.48489 -8.3774 -2.55304
-8.62204 -10.1333 -8.05445 -7.51866 -10.46 -5.48489
-8.75833 -10.4374 -8.62204 -10.1333 -10.46 -5.48489
-7.98032 -12.4911 -8.75833 -10.4374 -8.62204 -10.1333
-2.04223 -13.6338 -7.98032 -12.4911 -8.62204 -10.1333
-6.23206 -16.1858 -2.04223 -13.6338 -7.98032 -12.4911
-10.5814 -17.406 -10.2335 -16.4565 -6.23206 -16.1858
-7.42904 -18.2615 -10.5814 -17.406 -6.23206 -16.1858
-7.42904 -18.2615 -6.23206 -16.1858 -2.04223 -13.6338
-8.16256 -19.6076 -7.42904 -18.2615 -10.5814 -17.406
-4.05974 -20.916 -8.16256 -19.6076 -7.42904 -18.2615
-6.47595 -21.3446 -4.05974 -20.916 -8.16256 -19.6076
-8.25826 -23.2362 -6.47595 -21.3446 -4.05974 -20.916
-11.2834 -24.0191 -8.25826 -23.2362 -6.47595 -21.3446
-16.4886 -24.2785 -11.2834 -24.0191 -6.47595 -21.3446
-25.8048 -24.677 -24.2998 -24.3921 -16.4886 -24.2785
-11.2834 -24.0191 -16.4886 -24.2785 -21.0611 -24.75
-16.4886 -24.2785 -25.8048 -24.677 -21.0611 -24.75
-16.4886 -24.2785 -16.3309 -22.4825 -11.3249 -21.5255
-16.3309 -22.4825 -16.4886 -24.2785 -24.2998 -24.3921
-10.2335 -16.4565 -11.823 -13.3966 -11.5153 -12.2984
-10.2335 -16.4565 -11.5153 -12.2984 -12.7716 -4.66195
-11.823 -13.3966 -10.2335 -16.4565 -10.5814 -17.406
-6.77496 -3.4853 -8.05445 -7.51866 -8.62204 -10.1333
-8.12434 -1.86071 -8.3774 -2.55304 -2.54041 -2.7197
-14.0032 -15.7419 -11.823 -13.3966 -11.5153 -12.2984
-11.823 -13.3966 -14.0032 -15.7419 -13.5229 -18.7959
-14.4949 -19.5841 -13.5229 -18.7959 -14.0032 -15.7419
-14.4949 -19.5841 -14.0032 -15.7419 -13.0142 -6.72863
-13.5229 -18.7959 -14.4949 -19.5841 -14.7098 -20.4878
-15.0742 -12.5343 -19.0879 -7.99463 -19.7456 -6.63823
-15.0713 -12.8552 -15.0742 -12.5343 -19.0879 -7.99463
-14.4949 -19.5841 -16.1513 -14.3381 -15.0713 -12.8552
-14.4949 -19.5841 -15.0713 -12.8552 -15.0742 -12.5343
-16.1513 -14.3381 -14.4949 -19.5841 -14.7098 -20.4878
-22.9724 -11.9583 -19.0879 -7.99463 -19.7456 -6.63823
-29.0441 -18.8572 -22.9724 -11.9583 -19.7456 -6.63823
-29.1303 -19.4143 -29.0441 -18.8572 -22.9724 -11.9583
-22.9724 -11.9583 -29.1303 -19.4143 -25.6304 -19.8142
-29.1303 -19.4143 -32.3902 -19.5834 -25.6304 -19.8142
-30.1639 -9.09129 -26.2009 -5.84381 -22.9939 -3.58133
-28.2221 -9.45241 -30.1639 -9.09129 -22.9939 -3.58133
-27.2297 -10.3511 -28.2221 -9.45241 -22.9939 -3.58133
-29.1264 -16.1144 -27.2297 -10.3511 -28.2221 -9.45241
-29.0441 -18.8572 -29.1264 -16.1144 -27.2297 -10.3511
-29.1264 -16.1144 -29.0441 -18.8572 -29.1303 -19.4143
-34.7133 -12.9089 -28.2221 -9.45241 -30.1639 -9.09129
-28.2221 -9.45241 -34.7133 -12.9089 -35.4237 -13.9993
-36.6145 -6.48653 -36.323 -4.45307 -37.2643 -3.56377
-40.2805 -12.7312 -36.6145 -6.48653 -37.2643 -3.56377
-40.6491 -13.5044 -40.2805 -12.7312 -36.6145 -6.48653
-41.3781 -14.1814 -40.6491 -13.5044 -40.2805 -12.7312
-37.031 -15.8219 -42.5683 -14.476 -41.3781 -14.1814
-37.031 -15.8219 -41.3781 -14.1814 -40.6491 -13.5044
-34.3436 -16.7638 -37.031 -15.8219 -40.6491 -13.5044
-32.3721 -17.3528 -34.3436 -16.7638 -40.6491 -13.5044
-29.1303 -19.4143 -32.3721 -17.3528 -34.3436 -16.7638
-32.3902 -19.5834 -29.1303 -19.4143 -34.3436 -16.7638
-34.3436 -16.7638 -32.3902 -19.5834 -34.7382 -20.9626
-48.2087 -10.2538 -48.5895 -7.67258 -47.3845 -7.17638
-42.7863 -13.9256 -48.2087 -10.2538 -47.3845 -7.17638
-48.2087 -10.2538 -42.7863 -13.9256 -42.5683 -14.476
-42.7863 -13.9256 -41.3781 -14.1814 -42.5683 -14.476
-43.7932 -9.0894 -42.7863 -13.9256 -41.3781 -14.1814
-48.5227 -11.4485 -48.2087 -10.2538 -48.5895 -7.67258
-48.2087 -10.2538 -48.5227 -11.4485 -47.8142 -13.4985
-42.5683 -14.476 -37.031 -15.8219 -41.2134 -17.1323
-15.0713 -12.8552 -16.1513 -14.3381 -18.5276 -16.8345
-30.6642 -32.063 -24.1358 -30.7533 -20.5211 -29.6281
-24.1358 -30.7533 -30.6642 -32.063 -32.3493 -33.2513
-32.3493 -33.2513 -30.6642 -32.063 -36.3318 -31.8275
-34.6925 -33.5063 -32.3493 -33.2513 -36.3318 -31.8275
-35.352 -33.6422 -34.6925 -33.5063 -36.3318 -31.8275
-27.8823 -33.9406 -35.352 -33.6422 -34.6925 -33.5063
-24.4156 -35.4397 -27.8823 -33.9406 -35.352 -33.6422
-35.352 -33.6422 -24.4156 -35.4397 -29.2521 -36.1813
-9.05968 -33.3077 -20.5036 -33.5415 -13.0253 -33.8303
-7.15298 -34.2789 -9.05968 -33.3077 -9.0902 -33.0892
-8.38887 -37.6316 -7.15298 -34.2789 -9.05968 -33.3077
-9.08335 -38.9676 -8.38887 -37.6316 -9.05968 -33.3077
-7.21607 -42.7328 -9.08335 -38.9676 -8.38887 -37.6316
-4.69995 -43.8725 -10.9508 -42.9688 -7.21607 -42.7328
-4.69995 -43.8725 -7.21607 -42.7328 -8.38887 -37.6316
-6.10656 -45.839 -4.69995 -43.8725 -10.9508 -42.9688
-6.8973 -47.254 -6.10656 -45.839 -4.69995 -43.8725
-4.69995 -43.8725 -6.8973 -47.254 -2.88639 -49.3241
-15.3507 -39.9394 -7.21607 -42.7328 -10.9508 -42.9688
-6.10656 -45.839 -6.8973 -47.254 -14.5853 -47.8062
4.35194 -32.3206 6.30481 -31.8736 3.01266 -31.7044
3.01266 -31.7044 4.35194 -32.3206 -2.04212 -33.6506
5.72626 -34.429 3.46355 -35.131 -0.324648 -35.7243
2.8509 -44.2905 4.47162 -45.1497 -1.75536 -46.3802
36.7477 -17.602 38.1067 -17.0224 36.5699 -16.1024
30.3496 -18.4894 36.7477 -17.602 36.5699 -16.1024
31.5912 -18.8249 30.3496 -18.4894 36.7477 -17.602
33.9494 -19.2189 31.5912 -18.8249 36.7477 -17.602
32.8366 -19.8662 33.9494 -19.2189 31.5912 -18.8249
33.9494 -19.2189 32.8366 -19.8662 35.4946 -21.3111
38.1067 -17.0224 36.7477 -17.602 43.1308 -19.1357
36.5699 -16.1024 38.1067 -17.0224 45.7557 -20.1522
46.6748 -0.139124 39.3214 -0.310387 47.7931 -0.823849
-33.5626 -0.678956 -12.2841 -0.235663 -13.6187 -0.0923105
-27.7123 -1.32436 -48.3823 -0.790744 -33.5626 -0.678956
-27.7123 -1.32436 -33.5626 -0.678956 -12.2841 -0.235663
-48.3823 -0.790744 -27.7123 -1.32436 -49.8021 -1.55706
19.4032 4.18636 35.1537 4.79366 45.0068 4.89023
8.18971 4.10071 19.4032 4.18636 35.1537 4.79366
34.3118 3.96083 8.18971 4.10071 19.4032 4.18636
3.60494 3.80565 34.3118 3.96083 8.18971 4.10071
-5.9648 3.24687 3.60494 3.80565 8.18971 4.10071
-9.96597 3.22515 -5.9648 3.24687 8.18971 4.10071
-24.0338 2.95263 -9.96597 3.22515 -5.9648 3.24687
11.5654 2.7659 -24.0338 2.95263 -5.9648 3.24687
-0.321436 2.57218 11.5654 2.7659 -24.0338 2.95263
-45.2977 2.4973 -0.321436 2.57218 -24.0338 2.95263
-35.9963 2.44016 -45.2977 2.4973 -0.321436 2.57218
-16.3971 1.88973 -35.9963 2.44016 -45.2977 2.4973
-24.0756 1.79433 -16.3971 1.88973 -45.2977 2.4973
-14.5397 1.04653 -24.0756 1.79433 -16.3971 1.88973
-32.9504 0.795574 24.9797 0.897975 -14.5397 1.04653
-32.9504 0.795574 -14.5397 1.04653 -24.0756 1.79433
-24.0756 1.79433 -32.9504 0.795574 -48.3823 -0.790744
-32.9504 0.795574 -37.95 0.139535 -48.3823 -0.790744
-37.95 0.139535 -33.5626 -0.678956 -48.3823 -0.790744
-35.2188 0.307524 -37.95 0.139535 -33.5626 -0.678956
36.7218 1.34053 -14.5397 1.04653 24.9797 0.897975
-22.4466 5.99462 -28.3476 6.11392 6.86368 6.25741
15.6544 5.64123 -22.4466 5.99462 6.86368 6.25741
32.7519 5.20979 15.6544 5.64123 6.86368 6.25741
45.0068 4.89023 32.7519 5.20979 6.86368 6.25741
35.1537 4.79366 45.0068 4.89023 32.7519 5.20979
12.0755 4.77772 35.1537 4.79366 32.7519 5.20979
-9.79174 4.72515 12.0755 4.77772 32.7519 5.20979
-32.4462 4.2305 -9.79174 4.72515 12.0755 4.77772
-9.79174 4.72515 -32.4462 4.2305 -37.429 4.15926
-32.4462 4.2305 -14.3535 4.15927 -37.429 4.15926
3.74589 6.5814 26.92 7.05354 48.5028 7.6992
-19.3528 6.45983 3.74589 6.5814 48.5028 7.6992
-35.719 6.28726 -19.3528 6.45983 3.74589 6.5814
-28.3476 6.11392 -35.719 6.28726 3.74589 6.5814
-43.8773 5.47176 -22.4466 5.99462 -28.3476 6.11392
-43.8773 5.47176 -28.3476 6.11392 -35.719 6.28726
-22.4466 5.99462 -43.8773 5.47176 -48.4016 4.92738
-36.284 7.85703 -33.7748 7.00306 -35.719 6.28726
-33.7748 7.00306 -19.3528 6.45983 -35.719 6.28726
39.7293 15.1183 30.8492 15.2855 3.62543 15.477
-10.585 15.0627 39.7293 15.1183 3.62543 15.477
-20.2265 15.0016 -10.585 15.0627 3.62543 15.477
-15.4944 14.4133 -20.2265 15.0016 -10.585 15.0627
-14.6402 12.9138 -15.4944 14.4133 -10.585 15.0627
-18.1007 12.7328 -47.1463 12.905 -14.6402 12.9138
-15.3203 12.4052 -18.1007 12.7328 -14.6402 12.9138
-15.3203 12.4052 -14.6402 12.9138 -10.585 15.0627
-36.7029 12.2856 -15.3203 12.4052 -18.1007 12.7328
-27.7909 12.2101 -36.7029 12.2856 -15.3203 12.4052
-26.0384 12.153 -27.7909 12.2101 -36.7029 12.2856
-12.9242 12.053 -26.0384 12.153 -27.7909 12.2101
-7.51736 11.8974 -12.9242 12.053 -26.0384 12.153
-40.8096 11.6655 -7.51736 11.8974 -26.0384 12.153
-40.8738 10.6287 -40.8096 11.6655 -7.51736 11.8974
-32.4253 10.3442 -40.8738 10.6287 -7.51736 11.8974
-27.801 9.70513 -32.4253 10.3442 -40.8738 10.6287
-16.088 8.97248 -27.801 9.70513 -32.4253 10.3442
-19.4254 8.73873 -16.088 8.97248 -27.801 9.70513
-24.3274 8.30448 -27.8784 8.39751 -19.4254 8.73873
-24.3274 8.30448 -19.4254 8.73873 -16.088 8.97248
-20.1477 8.05918 -24.3274 8.30448 -27.8784 8.39751
-27.9333 7.37123 -20.1477 8.05918 -27.8784 8.39751
-33.7748 7.00306 -27.9333 7.37123 -27.8784 8.39751
-27.9333 7.37123 -33.7748 7.00306 -19.3528 6.45983
-40.2017 13.9376 -40.7325 13.0545 -47.1463 12.905
-40.7325 13.0545 -14.6402 12.9138 -47.1463 12.905
-20.2265 15.0016 -44.3718 15.4024 -38.5618 15.6401
-44.3718 15.4024 -20.2265 15.0016 -15.4944 14.4133
7.94464 18.8389 -1.02803 18.8403 37.5595 20.2654
7.94464 18.8389 37.5595 20.2654 39.9792 20.3721
-17.8777 18.5828 7.94464 18.8389 -1.02803 18.8403
-0.346614 18.5602 -17.8777 18.5828 7.94464 18.8389
-9.66634 18.5036 -0.346614 18.5602 -17.8777 18.5828
40.2712 18.4683 -9.66634 18.5036 -0.346614 18.5602
29.537 18.397 40.2712 18.4683 -9.66634 18.5036
6.62327 17.6861 29.537 18.397 40.2712 18.4683
2.81086 17.5848 6.62327 17.6861 40.2712 18.4683
0.574418 17.4763 2.81086 17.5848 40.2712 18.4683
-21.5547 17.3171 0.574418 17.4763 2.81086 17.5848
23.603 17.2884 -21.5547 17.3171 0.574418 17.4763
-11.4251 17.1364 23.603 17.2884 -21.5547 17.3171
9.68355 17.1237 -11.4251 17.1364 23.603 17.2884
4.29742 16.8295 -30.2383 16.8839 9.68355 17.1237
4.29742 16.8295 9.68355 17.1237 23.603 17.2884
-37.2658 16.7128 4.29742 16.8295 -30.2383 16.8839
-42.3643 16.6914 -37.2658 16.7128 -30.2383 16.8839
-10.4264 16.5145 -42.3643 16.6914 -37.2658 16.7128
-14.4745 16.4996 -10.4264 16.5145 -42.3643 16.6914
30.8492 15.2855 -14.4745 16.4996 -42.3643 16.6914
-14.4745 16.4996 30.8492 15.2855 39.7293 15.1183
-23.5894 17.8709 -5.2448 17.7042 2.81086 17.5848
-5.2448 17.7042 6.62327 17.6861 2.81086 17.5848
-24.3274 8.30448 15.3875 8.57095 22.7474 8.78006
15.3875 8.57095 -24.3274 8.30448 -20.1477 8.05918
22.7474 8.78006 15.3875 8.57095 -7.69485 7.89614
-7.51736 11.8974 -12.9242 12.053 -3.54443 12.6332
2.92515 11.6747 -7.51736 11.8974 -3.54443 12.6332
4.95215 11.1933 2.92515 11.6747 -7.51736 11.8974
-4.30898 10.6037 4.95215 11.1933 -7.51736 11.8974
4.95215 11.1933 -4.30898 10.6037 -1.16861 9.15773
25.072 13.2254 41.9495 13.491 35.7521 13.5272
28.9451 13.1869 25.072 13.2254 41.9495 13.491
15.1055 12.262 28.9451 13.1869 25.072 13.2254
28.9451 13.1869 15.1055 12.262 4.95215 11.1933
15.1055 12.262 2.92515 11.6747 4.95215 11.1933
41.9495 13.491 35.7521 13.5272 38.5349 14.09
46.0795 13.0692 41.9495 13.491 38.5349 14.09
45.7336 12.7594 46.0795 13.0692 41.9495 13.491
41.9083 10.7156 45.7336 12.7594 41.9495 13.491
45.7336 12.7594 41.9083 10.7156 41.8901 9.7125
-10.4264 16.5145 -14.4745 16.4996 45.3128 15.8573
15.3398 20.0955 37.5595 20.2654 39.9792 20.3721
37.5595 20.2654 15.3398 20.0955 20.0004 19.7611
16.663 22.1264 11.8702 22.4597 31.7014 22.489
11.7928 21.4813 16.663 22.1264 11.8702 22.4597
5.10172 20.7869 11.7928 21.4813 11.8702 22.4597
15.3398 20.0955 5.10172 20.7869 11.7928 21.4813
5.10172 20.7869 15.3398 20.0955 20.0004 19.7611
16.663 22.1264 11.7928 21.4813 16.7716 20.7613
16.8646 22.7237 20.6991 22.8449 27.48 22.8509
31.7014 22.489 16.8646 22.7237 27.48 22.8509
31.7014 22.489 27.48 22.8509 21.5778 24.3328
11.8702 22.4597 31.7014 22.489 16.8646 22.7237
6.14104 22.3525 11.8702 22.4597 16.8646 22.7237
4.11927 22.2026 6.14104 22.3525 11.8702 22.4597
11.8702 22.4597 4.11927 22.2026 -2.7214 20.9602
-10.7094 25.5082 -13.179 26.3855 -10.7066 28.1451
-7.66349 25.1836 -10.7094 25.5082 -10.7066 28.1451
-4.33592 23.5122 -7.66349 25.1836 -10.7066 28.1451
-7.66349 25.1836 -4.33592 23.5122 -2.7214 20.9602
-4.33592 23.5122 4.11927 22.2026 -2.7214 20.9602
-3.26901 26.3767 -4.33592 23.5122 4.11927 22.2026
11.0181 25.829 16.2503 27.9261 14.9309 28.765
9.50795 24.3549 11.0181 25.829 16.2503 27.9261
6.14104 22.3525 9.50795 24.3549 16.2503 27.9261
9.50795 24.3549 6.14104 22.3525 4.11927 22.2026
11.1938 27.0392 11.0181 25.829 9.50795 24.3549
33.4463 25.5234 17.9805 26.6418 16.2503 27.9261
33.4463 25.5234 16.2503 27.9261 14.9309 28.765
17.9805 26.6418 33.4463 25.5234 31.4302 25.3122
33.4463 25.5234 37.5982 26.4423 36.1962 26.4971
37.5982 26.4423 33.4463 25.5234 34.7487 24.8998
33.4463 25.5234 31.4302 25.3122 34.7487 24.8998
26.2689 29.3898 23.4763 30.0399 28.6566 30.5928
26.2689 29.3898 28.6566 30.5928 32.6841 31.4675
28.1877 29.3409 26.2689 29.3898 32.6841 31.4675
34.598 27.3883 28.1877 29.3409 26.2689 29.3898
41.6301 26.5691 41.4148 26.7565 34.598 27.3883
36.1962 26.4971 41.6301 26.5691 34.598 27.3883
36.1962 26.4971 34.598 27.3883 26.2689 29.3898
37.5982 26.4423 36.1962 26.4971 41.6301 26.5691
41.6301 26.5691 37.5982 26.4423 41.3361 25.688
16.9833 31.509 12.1998 32.146 24.0637 32.1985
23.4763 30.0399 16.9833 31.509 12.1998 32.146
12.1998 32.146 23.4763 30.0399 26.2689 29.3898
12.1998 32.146 24.0637 32.1985 10.2411 32.2379
1.39621 31.3308 12.1998 32.146 10.2411 32.2379
-1.57111 30.8488 1.39621 31.3308 12.1998 32.146
12.1998 32.146 -1.57111 30.8488 6.80155 30.7358
-32.6462 33.8804 -21.3634 34.6446 -30.0463 34.7568
-30.974 33.012 -27.6065 33.366 -32.6462 33.8804
-36.1004 32.8921 -30.974 33.012 -32.6462 33.8804
-36.1004 32.8921 -32.6462 33.8804 -30.0463 34.7568
-23.5725 32.3275 -36.1004 32.8921 -30.974 33.012
-6.92466 30.9476 -23.5725 32.3275 -30.974 33.012
-1.57111 30.8488 -25.5872 30.8653 -6.92466 30.9476
-1.57111 30.8488 -6.92466 30.9476 -30.974 33.012
6.80155 30.7358 -1.57111 30.8488 -25.5872 30.8653
-25.5872 30.8653 6.80155 30.7358 -4.27736 30.6275
-20.7625 31.2882 -6.92466 30.9476 -25.5872 30.8653
-21.3634 34.6446 -30.0463 34.7568 -20.2337 34.8334
11.6091 34.0738 -21.3634 34.6446 -20.2337 34.8334
-21.3634 34.6446 11.6091 34.0738 34.8589 33.6129
-0.315819 47.1046 -0.647607 47.7832 3.98967 48.2911
-0.425933 44.4498 -0.315819 47.1046 -0.647607 47.7832
0.25045 43.8195 -0.425933 44.4498 -0.315819 47.1046
-1.44857 39.7204 -0.843343 41.3174 0.25045 43.8195
-0.889209 38.6314 -1.44857 39.7204 0.25045 43.8195
1.62869 38.5601 -0.889209 38.6314 0.25045 43.8195
1.62869 38.5601 0.25045 43.8195 -0.315819 47.1046
25.6149 37.6019 1.62869 38.5601 -0.889209 38.6314
25.8333 37.1 25.6149 37.6019 -0.889209 38.6314
6.49838 37.0267 25.8333 37.1 -0.889209 38.6314
3.00522 37.0135 6.49838 37.0267 -0.889209 38.6314
-2.72466 36.4782 3.00522 37.0135 6.49838 37.0267
17.1962 35.6176 -2.72466 36.4782 6.49838 37.0267
2.02575 35.3758 17.1962 35.6176 -2.72466 36.4782
5.77112 34.4956 2.02575 35.3758 -2.72466 36.4782
11.6091 34.0738 5.77112 34.4956 2.02575 35.3758
2.02575 35.3758 11.6091 34.0738 34.8589 33.6129
-11.2101 41.4596 -13.7632 41.5511 -14.3392 42.0007
-0.843343 41.3174 -11.2101 41.4596 -14.3392 42.0007
-11.2101 41.4596 -0.843343 41.3174 -1.44857 39.7204
-22.1858 41.5749 -13.7632 41.5511 -11.2101 41.4596
24.4439 38.8863 21.2983 42.8929 11.2385 43.1699
26.3009 38.877 24.4439 38.8863 21.2983 42.8929
25.6149 37.6019 26.3009 38.877 24.4439 38.8863
26.3009 38.877 25.6149 37.6019 25.8333 37.1
3.98967 48.2911 -1.99027 49.1091 7.58912 49.3611
-0.647607 47.7832 3.98967 48.2911 -1.99027 49.1091
-5.46705 44.4734 -0.647607 47.7832 -1.99027 49.1091
-12.3267 43.4756 -10.1569 44.1534 -6.27756 44.3593
-12.3267 43.4756 -6.27756 44.3593 -5.46705 44.4734
-0.647607 47.7832 -5.46705 44.4734 -7.1648 43.2415
-5.46705 44.4734 -12.3267 43.4756 -7.1648 43.2415
-5.46705 44.4734 -10.403 44.6845 -18.2414 44.9546
-18.2414 44.9546 -5.46705 44.4734 -6.27756 44.3593
-10.8135 48.0069 -10.403 44.6845 -5.46705 44.4734
-1.44857 39.7204 -0.889209 38.6314 -8.93076 38.4671
-13.179 26.3855 -17.6504 26.5827 -19.1395 29.0445
-10.7094 25.5082 -13.179 26.3855 -17.6504 26.5827
-17.6504 26.5827 -10.7094 25.5082 -11.1585 24.4471
-17.3857 23.5094 -17.6504 26.5827 -19.1395 29.0445
-15.3601 23.4585 -17.3857 23.5094 -17.6504 26.5827
-20.2907 22.7453 -15.3601 23.4585 -17.3857 23.5094
-19.4006 21.4726 -20.2907 22.7453 -15.3601 23.4585
-23.3706 20.2303 -19.4006 21.4726 -20.2907 22.7453
-19.4006 21.4726 -23.3706 20.2303 -23.3153 20.0385
-24.3409 20.4427 -29.3914 24.2841 -30.212 26.6903
-23.3706 20.2303 -26.7125 20.3082 -24.3409 20.4427
-23.3706 20.2303 -24.3409 20.4427 -30.212 26.6903
-26.7125 20.3082 -23.3706 20.2303 -23.3153 20.0385
-32.4215 22.3791 -29.3914 24.2841 -30.212 26.6903
-29.3914 24.2841 -32.4215 22.3791 -32.9218 20.5667
-40.6191 23.9886 -38.1999 28.395 -36.5068 29.0245
-34.2315 22.5035 -40.6191 23.9886 -36.5068 29.0245
-40.6191 23.9886 -34.2315 22.5035 -32.9218 20.5667
-34.2315 22.5035 -32.4215 22.3791 -32.9218 20.5667
-43.1338 20.57 -41.1766 20.9305 -41.4467 20.9678
-43.1338 20.57 -41.4467 20.9678 -40.6191 23.9886
-43.1338 20.57 -40.6191 23.9886 -38.1999 28.395
-41.1766 20.9305 -43.1338 20.57 -41.2493 19.884
-24.3409 20.4427 -26.7125 20.3082 -30.3861 20.1283
-10.7094 25.5082 -7.66349 25.1836 -9.78872 21.1919
-22.4466 5.99462 15.6544 5.64123 6.67135 5.1562
