10.6968 42.4296 88.5651 42.1447 123.089 41.7682
88.5651 42.1447 216.497 41.9918 123.089 41.7682
102.546 47.8578 47.7724 48.1471 28.5045 48.8428
110.663 47.4161 102.546 47.8578 47.7724 48.1471
183.757 47.178 110.663 47.4161 102.546 47.8578
151.68 46.0934 183.757 47.178 110.663 47.4161
100.99 43.2558 151.68 46.0934 110.663 47.4161
88.5651 42.1447 127.463 42.6741 100.99 43.2558
88.5651 42.1447 100.99 43.2558 110.663 47.4161
127.463 42.6741 88.5651 42.1447 216.497 41.9918
400.637 49.3549 220.62 50.7921 346.912 50.9105
362.17 48.7888 400.637 49.3549 220.62 50.7921
342.605 48.1642 307.162 48.3907 362.17 48.7888
342.605 48.1642 362.17 48.7888 400.637 49.3549
269.28 47.803 342.605 48.1642 307.162 48.3907
227.026 47.5894 269.28 47.803 307.162 48.3907
183.757 47.178 227.026 47.5894 307.162 48.3907
227.026 47.5894 183.757 47.178 151.68 46.0934
178.502 43.7663 100.99 43.2558 127.463 42.6741
303.695 42.7936 349.193 43.0958 371.987 43.6662
272.151 42.7488 303.695 42.7936 371.987 43.6662
216.497 41.9918 272.151 42.7488 303.695 42.7936
242.886 41.7396 123.089 41.7682 216.497 41.9918
242.886 41.7396 216.497 41.9918 303.695 42.7936
201.436 41.4584 242.886 41.7396 123.089 41.7682
401.193 41.4297 201.436 41.4584 242.886 41.7396
377.311 41.216 401.193 41.4297 201.436 41.4584
283.659 40.0198 377.311 41.216 401.193 41.4297
260.931 39.9411 283.659 40.0198 377.311 41.216
148.844 39.3697 260.931 39.9411 377.311 41.216
47.1396 38.7656 66.7239 39.1793 148.844 39.3697
47.1396 38.7656 148.844 39.3697 260.931 39.9411
260.931 39.9411 47.1396 38.7656 43.0851 38.6673
47.1396 38.7656 20.9487 39.5392 59.4138 41.0833
43.0851 38.6673 47.1396 38.7656 20.9487 39.5392
209.85 38.5274 322.131 38.6359 43.0851 38.6673
30.4315 38.4684 209.85 38.5274 43.0851 38.6673
30.4315 38.4684 43.0851 38.6673 20.9487 39.5392
168.812 38.2285 30.4315 38.4684 209.85 38.5274
250.9 37.8862 168.812 38.2285 209.85 38.5274
162.089 37.8652 250.9 37.8862 168.812 38.2285
136.669 37.7215 162.089 37.8652 250.9 37.8862
83.5508 37.3476 190.515 37.5735 136.669 37.7215
162.089 37.8652 136.669 37.7215 2.59726 37.2213
136.669 37.7215 83.5508 37.3476 2.59726 37.2213
83.5508 37.3476 341.461 37.6303 393.472 37.7918
341.461 37.6303 83.5508 37.3476 2.59726 37.2213
230.995 40.6979 148.844 39.3697 66.7239 39.1793
287.84 37.2667 341.461 37.6303 393.472 37.7918
326.316 37.0079 287.84 37.2667 393.472 37.7918
312.2 36.3684 326.316 37.0079 287.84 37.2667
343.963 33.4431 312.2 36.3684 326.316 37.0079
316.785 33.4065 343.963 33.4431 312.2 36.3684
343.963 33.4431 316.785 33.4065 391.411 32.4008
316.785 33.4065 277.273 33.7044 110.305 36.6537
391.411 32.4008 316.785 33.4065 277.273 33.7044
277.273 33.7044 391.411 32.4008 408.22 32.0289
206.629 33.4912 277.273 33.7044 110.305 36.6537
201.586 32.9022 206.629 33.4912 110.305 36.6537
240.467 31.4292 178.34 32.3967 201.586 32.9022
240.467 31.4292 201.586 32.9022 206.629 33.4912
173.148 31.2305 330.865 31.2947 240.467 31.4292
173.148 31.2305 240.467 31.4292 178.34 32.3967
260.305 30.7385 173.148 31.2305 330.865 31.2947
67.123 30.5453 9.4419 30.7267 260.305 30.7385
373.195 30.5224 67.123 30.5453 260.305 30.7385
373.195 30.5224 260.305 30.7385 330.865 31.2947
287.937 30.4508 373.195 30.5224 67.123 30.5453
190.505 30.2897 287.937 30.4508 373.195 30.5224
162.424 29.8624 190.505 30.2897 373.195 30.5224
62.6846 29.626 162.424 29.8624 190.505 30.2897
310.742 29.5712 62.6846 29.626 162.424 29.8624
253.574 29.5286 310.742 29.5712 62.6846 29.626
269.028 29.395 253.574 29.5286 310.742 29.5712
217.804 28.4992 269.028 29.395 253.574 29.5286
269.028 29.395 217.804 28.4992 231.63 28.1271
217.804 28.4992 137.418 28.4927 231.63 28.1271
29.7807 33.1309 201.586 32.9022 178.34 32.3967
287.937 30.4508 190.505 30.2897 0.223775 30.019
137.418 28.4927 217.804 28.4992 88.5041 28.8368
50.6384 27.9845 137.418 28.4927 88.5041 28.8368
97.7632 27.7569 50.6384 27.9845 137.418 28.4927
50.6384 27.9845 97.7632 27.7569 42.209 27.7069
42.209 27.7069 97.7632 27.7569 401.682 27.9478
110.866 27.3478 42.209 27.7069 401.682 27.9478
119.13 27.2064 302.575 27.2249 110.866 27.3478
119.13 27.2064 110.866 27.3478 42.209 27.7069
146.331 27.1658 119.13 27.2064 302.575 27.2249
119.13 27.2064 146.331 27.1658 16.7456 27.1042
360.094 27.4837 110.866 27.3478 302.575 27.2249
16.7456 27.1042 146.331 27.1658 348.321 27.1877
77.3016 26.9593 16.7456 27.1042 348.321 27.1877
348.321 27.1877 77.3016 26.9593 378.395 26.735
132.839 26.3064 77.3016 26.9593 16.7456 27.1042
359.101 23.7496 209.058 23.8969 132.839 26.3064
359.101 23.7496 132.839 26.3064 77.3016 26.9593
226.643 23.6749 359.101 23.7496 209.058 23.8969
48.2461 23.5051 62.519 23.6391 226.643 23.6749
48.2461 23.5051 226.643 23.6749 359.101 23.7496
98.4811 23.4981 48.2461 23.5051 359.101 23.7496
83.2817 23.1882 98.4811 23.4981 48.2461 23.5051
72.6117 22.9435 129.1 23.0978 83.2817 23.1882
72.6117 22.9435 83.2817 23.1882 48.2461 23.5051
141.132 22.0633 72.6117 22.9435 129.1 23.0978
38.1015 21.7715 141.132 22.0633 72.6117 22.9435
16.2386 21.154 38.1015 21.7715 72.6117 22.9435
72.6117 22.9435 16.2386 21.154 3.11167 21.0802
111.176 21.4444 16.2386 21.154 3.11167 21.0802
340.119 21.7552 38.1015 21.7715 141.132 22.0633
38.1015 21.7715 340.119 21.7552 236.872 21.6507
410.91 21.9792 268.407 22.3195 388.926 22.3575
340.119 21.7552 410.91 21.9792 268.407 22.3195
248.119 21.1198 236.872 21.6507 340.119 21.7552
248.119 21.1198 340.119 21.7552 410.91 21.9792
198.418 21.0768 248.119 21.1198 236.872 21.6507
286.507 19.1648 198.418 21.0768 248.119 21.1198
198.418 21.0768 286.507 19.1648 280.576 18.3884
286.507 19.1648 350.516 19.3694 373.276 19.4935
280.576 18.3884 286.507 19.1648 350.516 19.3694
350.516 19.3694 280.576 18.3884 306.537 18.1947
88.1651 19.7126 6.6334 19.7226 161.852 19.8122
179.243 19.6821 88.1651 19.7126 6.6334 19.7226
220.113 18.923 179.243 19.6821 6.6334 19.7226
280.576 18.3884 220.113 18.923 179.243 19.6821
186.31 17.91 306.537 18.1947 280.576 18.3884
186.31 17.91 280.576 18.3884 220.113 18.923
121.742 17.4345 186.31 17.91 220.113 18.923
147.364 17.3111 296.262 17.4271 121.742 17.4345
173.631 16.54 147.364 17.3111 121.742 17.4345
220.113 18.923 121.742 17.4345 32.8911 16.4858
121.742 17.4345 173.631 16.54 32.8911 16.4858
323.113 17.7494 121.742 17.4345 296.262 17.4271
256.396 16.4789 173.631 16.54 147.364 17.3111
328.885 16.0671 256.396 16.4789 147.364 17.3111
216.256 13.9871 328.885 16.0671 256.396 16.4789
172.044 13.9515 216.256 13.9871 256.396 16.4789
31.9371 13.8086 19.209 13.917 172.044 13.9515
31.9371 13.8086 172.044 13.9515 216.256 13.9871
216.256 13.9871 31.9371 13.8086 101.506 13.7733
19.209 13.917 31.9371 13.8086 59.5231 13.3227
31.9371 13.8086 81.9048 13.5949 59.5231 13.3227
81.9048 13.5949 149.331 13.4854 59.5231 13.3227
360.23 13.153 149.331 13.4854 81.9048 13.5949
137.354 13.0686 360.23 13.153 149.331 13.4854
110 12.4322 137.354 13.0686 149.331 13.4854
271.712 12.067 282.692 12.1956 110 12.4322
149.331 13.4854 110 12.4322 51.8655 11.5428
110 12.4322 271.712 12.067 51.8655 11.5428
232.582 10.4703 286.39 11.4893 271.712 12.067
286.39 11.4893 232.582 10.4703 256.708 10.4094
256.708 10.4094 232.582 10.4703 208.213 10.531
238.773 10.1169 256.708 10.4094 208.213 10.531
208.213 10.531 238.773 10.1169 196.049 9.48829
286.39 11.4893 271.712 12.067 282.692 12.1956
367.461 11.2139 286.39 11.4893 282.692 12.1956
286.39 11.4893 367.461 11.2139 377.798 10.7565
402.902 9.33211 238.773 10.1169 256.708 10.4094
300.857 9.1182 402.902 9.33211 238.773 10.1169
337.023 7.82821 300.857 9.1182 238.773 10.1169
300.857 9.1182 337.023 7.82821 346.213 7.80164
37.8791 7.85891 68.8489 7.96989 176.364 8.21731
337.023 7.82821 37.8791 7.85891 176.364 8.21731
37.8791 7.85891 337.023 7.82821 346.213 7.80164
37.8791 7.85891 68.8489 7.96989 0.315315 8.85688
11.5377 7.28537 37.8791 7.85891 0.315315 8.85688
132.057 7.20913 11.5377 7.28537 37.8791 7.85891
193.816 7.10047 132.057 7.20913 11.5377 7.28537
118.328 7.0683 193.816 7.10047 11.5377 7.28537
92.6942 6.66632 118.328 7.0683 11.5377 7.28537
118.328 7.0683 92.6942 6.66632 129.517 3.95385
193.816 7.10047 118.328 7.0683 161.314 6.28689
193.816 7.10047 132.057 7.20913 247.256 7.5701
321.453 6.86044 193.816 7.10047 247.256 7.5701
332.95 6.72231 321.453 6.86044 193.816 7.10047
193.816 7.10047 332.95 6.72231 307.697 6.57224
389.133 6.30241 332.95 6.72231 321.453 6.86044
367.844 3.9208 389.133 6.30241 332.95 6.72231
358.565 3.82757 367.844 3.9208 332.95 6.72231
367.844 3.9208 358.565 3.82757 286.36 3.02084
358.565 3.82757 341.977 3.73206 286.36 3.02084
341.977 3.73206 233.669 3.20052 286.36 3.02084
358.565 3.82757 203.487 3.90448 268.47 3.90731
203.487 3.90448 358.565 3.82757 341.977 3.73206
143.195 3.3122 27.2713 3.55909 58.8609 3.82811
233.669 3.20052 143.195 3.3122 58.8609 3.82811
143.195 3.3122 233.669 3.20052 286.36 3.02084
6.53886 3.15191 143.195 3.3122 27.2713 3.55909
100.768 2.66314 6.53886 3.15191 143.195 3.3122
160.628 2.25028 100.768 2.66314 6.53886 3.15191
6.53886 3.15191 160.628 2.25028 67.1228 2.23947
276.433 1.99424 160.628 2.25028 100.768 2.66314
260.68 1.94406 276.433 1.99424 160.628 2.25028
36.0329 1.75971 260.68 1.94406 160.628 2.25028
90.3671 1.42363 36.0329 1.75971 260.68 1.94406
178.526 1.41428 90.3671 1.42363 260.68 1.94406
216.525 1.03226 178.526 1.41428 90.3671 1.42363
188.244 0.828735 216.525 1.03226 90.3671 1.42363
119.736 0.591419 188.244 0.828735 90.3671 1.42363
90.3671 1.42363 119.736 0.591419 18.0793 0.469797
146.274 0.39262 119.736 0.591419 188.244 0.828735
166.596 -0.673428 146.274 0.39262 119.736 0.591419
212.906 -1.54153 166.596 -0.673428 146.274 0.39262
107.224 -1.69917 212.906 -1.54153 166.596 -0.673428
0.479604 -2.72465 107.224 -1.69917 166.596 -0.673428
52.9904 -3.24488 0.479604 -2.72465 107.224 -1.69917
107.224 -1.69917 52.9904 -3.24488 83.4997 -3.29449
251.6 -1.77103 260.68 1.94406 276.433 1.99424
260.68 1.94406 251.6 -1.77103 238.078 -3.14796
251.6 -1.77103 296.608 -0.101727 321.802 1.51112
296.608 -0.101727 251.6 -1.77103 238.078 -3.14796
347.568 -1.87254 296.608 -0.101727 321.802 1.51112
296.608 -0.101727 347.568 -1.87254 311.314 -2.35107
347.568 -1.87254 382.096 0.772389 389.071 1.89277
382.096 0.772389 347.568 -1.87254 330.236 -3.41476
347.568 -1.87254 311.314 -2.35107 330.236 -3.41476
398.854 -0.472327 382.096 0.772389 389.071 1.89277
389.071 1.89277 398.854 -0.472327 406.714 -1.66442
360.23 13.153 137.354 13.0686 411.961 12.9423
402.143 20.7978 373.276 19.4935 378.65 18.7182
373.276 19.4935 350.516 19.3694 378.65 18.7182
361.297 39.7077 260.931 39.9411 283.659 40.0198
260.931 39.9411 361.297 39.7077 411.925 39.34
302.244 46.8701 227.026 47.5894 269.28 47.803
328.499 46.8692 302.244 46.8701 269.28 47.803
302.244 46.8701 328.499 46.8692 406.975 46.6539
109.652 67.8654 122.475 68.0948 78.4029 68.6186
98.6029 66.201 109.652 67.8654 122.475 68.0948
88.6549 66.0062 98.6029 66.201 109.652 67.8654
76.9843 63.2035 88.6549 66.0062 98.6029 66.201
9.37941 62.9969 76.9843 63.2035 88.6549 66.0062
32.8877 62.5076 9.37941 62.9969 76.9843 63.2035
170.968 61.7771 139.693 62.2221 32.8877 62.5076
37.8645 61.7631 170.968 61.7771 32.8877 62.5076
37.8645 61.7631 32.8877 62.5076 9.37941 62.9969
106.429 61.3159 37.8645 61.7631 170.968 61.7771
132.354 60.2599 106.429 61.3159 37.8645 61.7631
152.767 60.1456 132.354 60.2599 106.429 61.3159
213.615 59.4568 152.767 60.1456 106.429 61.3159
121.935 59.4272 213.615 59.4568 152.767 60.1456
17.0867 58.4208 90.7361 58.6107 121.935 59.4272
17.0867 58.4208 121.935 59.4272 152.767 60.1456
66.922 58.3339 17.0867 58.4208 90.7361 58.6107
62.2278 57.9031 66.922 58.3339 90.7361 58.6107
193.762 57.8307 287.652 57.8862 62.2278 57.9031
-1.74215 57.76 193.762 57.8307 62.2278 57.9031
-1.74215 57.76 62.2278 57.9031 66.922 58.3339
100.02 57.6402 -1.74215 57.76 193.762 57.8307
46.7386 57.5808 100.02 57.6402 -1.74215 57.76
263.548 56.5954 46.7386 57.5808 -1.74215 57.76
333.474 56.4574 263.548 56.5954 46.7386 57.5808
183.523 56.3845 333.474 56.4574 263.548 56.5954
217.525 56.1094 183.523 56.3845 333.474 56.4574
282.254 53.8957 217.525 56.1094 183.523 56.3845
187.461 53.874 282.254 53.8957 183.523 56.3845
257.221 53.859 187.461 53.874 282.254 53.8957
393.745 53.5777 257.221 53.859 282.254 53.8957
163.382 52.8384 393.745 53.5777 257.221 53.859
140.625 52.654 163.382 52.8384 393.745 53.5777
292.179 52.3942 140.625 52.654 393.745 53.5777
251.956 51.5035 131.35 51.6499 241.116 51.8135
251.956 51.5035 241.116 51.8135 292.179 52.3942
251.956 51.5035 292.179 52.3942 393.745 53.5777
380.132 51.3281 251.956 51.5035 131.35 51.6499
320.972 51.1932 380.132 51.3281 131.35 51.6499
371.452 51.1284 320.972 51.1932 380.132 51.3281
201.058 50.9207 371.452 51.1284 320.972 51.1932
346.912 50.9105 201.058 50.9207 371.452 51.1284
220.62 50.7921 346.912 50.9105 201.058 50.9207
201.058 50.9207 220.62 50.7921 210.893 49.1813
57.5286 52.0167 241.116 51.8135 131.35 51.6499
10.6809 53.5726 163.382 52.8384 140.625 52.654
302.814 57.7988 193.762 57.8307 287.652 57.8862
193.762 57.8307 302.814 57.7988 271.047 57.7464
231.853 66.2577 207.105 68.4089 203.265 68.5124
307.569 62.6326 231.853 66.2577 207.105 68.4089
249.253 62.1152 307.569 62.6326 231.853 66.2577
241.289 61.5411 249.253 62.1152 231.853 66.2577
276.981 60.5906 241.289 61.5411 249.253 62.1152
213.615 59.4568 276.981 60.5906 241.289 61.5411
197.6 59.4141 121.935 59.4272 213.615 59.4568
276.981 60.5906 213.615 59.4568 228.449 58.2377
213.615 59.4568 197.6 59.4141 228.449 58.2377
318.549 61.9884 249.253 62.1152 307.569 62.6326
339.268 60.8881 318.549 61.9884 307.569 62.6326
376.479 60.287 339.268 60.8881 307.569 62.6326
339.268 60.8881 376.479 60.287 367.731 59.6509
410.569 60.8947 403.015 63.3771 407.287 66.0336
376.479 60.287 410.569 60.8947 403.015 63.3771
367.731 59.6509 376.479 60.287 410.569 60.8947
410.569 60.8947 367.731 59.6509 387.34 58.8879
318.549 61.9884 339.268 60.8881 360.444 58.8447
128.341 77.046 83.3771 77.6012 166.469 77.9146
161.528 76.6868 128.341 77.046 166.469 77.9146
161.528 76.6868 166.469 77.9146 210.912 80.6272
149.169 76.4074 258.914 76.5905 161.528 76.6868
149.169 76.4074 161.528 76.6868 128.341 77.046
177.377 76.1102 149.169 76.4074 258.914 76.5905
252.096 76.0324 177.377 76.1102 258.914 76.5905
250.37 72.6879 252.096 76.0324 258.914 76.5905
301.799 71.4202 250.37 72.6879 258.914 76.5905
317.426 69.9049 301.799 71.4202 258.914 76.5905
257.095 69.72 317.426 69.9049 301.799 71.4202
219.774 69.666 257.095 69.72 301.799 71.4202
308.27 69.3261 219.774 69.666 257.095 69.72
353.668 69.0088 308.27 69.3261 257.095 69.72
378.994 66.4562 353.668 69.0088 308.27 69.3261
407.287 66.0336 378.994 66.4562 353.668 69.0088
403.015 63.3771 407.287 66.0336 378.994 66.4562
378.994 66.4562 403.015 63.3771 353.161 62.5929
242.557 77.5553 342.94 77.5936 223.943 77.6838
161.528 76.6868 242.557 77.5553 223.943 77.6838
242.557 77.5553 161.528 76.6868 258.914 76.5905
362.34 72.0236 339.273 72.1395 366.469 73.6606
329.772 71.1483 362.34 72.0236 339.273 72.1395
392.358 70.7953 329.772 71.1483 362.34 72.0236
317.426 69.9049 392.358 70.7953 329.772 71.1483
392.358 70.7953 317.426 69.9049 397.759 69.6943
317.426 69.9049 257.095 69.72 397.759 69.6943
231.432 79.381 300.36 80.2416 352.359 81.5099
320.467 78.9066 231.432 79.381 300.36 80.2416
342.94 77.5936 223.943 77.6838 320.467 78.9066
342.94 77.5936 320.467 78.9066 300.36 80.2416
358.009 77.4677 342.94 77.5936 300.36 80.2416
342.94 77.5936 358.009 77.4677 412.069 76.7396
376.943 78.7696 387.308 79.8831 398.524 81.3593
371.012 78.6669 376.943 78.7696 398.524 81.3593
358.009 77.4677 371.012 78.6669 398.524 81.3593
371.012 78.6669 358.009 77.4677 412.069 76.7396
107.855 79.7513 71.6732 79.9209 58.6661 80.587
83.3771 77.6012 107.855 79.7513 71.6732 79.9209
123.15 76.8281 128.341 77.046 83.3771 77.6012
71.6732 79.9209 83.3771 77.6012 89.2999 76.105
83.3771 77.6012 123.15 76.8281 89.2999 76.105
313.365 91.3716 287.476 91.5916 401.849 91.6151
358.4 90.3986 313.365 91.3716 287.476 91.5916
382.129 90.3704 358.4 90.3986 313.365 91.3716
296.47 89.9698 382.129 90.3704 358.4 90.3986
159.207 88.6616 296.47 89.9698 382.129 90.3704
29.1699 87.522 133.313 88.2262 159.207 88.6616
29.1699 87.522 159.207 88.6616 296.47 89.9698
119.853 87.2569 29.1699 87.522 133.313 88.2262
81.7175 87.0981 119.853 87.2569 29.1699 87.522
61.0709 86.2795 81.7175 87.0981 29.1699 87.522
50.7422 83.4638 61.0709 86.2795 81.7175 87.0981
26.5655 80.692 50.7422 83.4638 61.0709 86.2795
71.6732 79.9209 58.6661 80.587 26.5655 80.692
39.7259 79.2057 71.6732 79.9209 26.5655 80.692
23.156 78.2198 39.7259 79.2057 26.5655 80.692
9.10822 77.7285 23.156 78.2198 26.5655 80.692
-0.773801 77.6182 9.10822 77.7285 26.5655 80.692
-0.773801 77.6182 26.5655 80.692 61.0709 86.2795
12.1429 73.6467 -0.773801 77.6182 9.10822 77.7285
19.7859 72.5976 0.954003 72.6402 12.1429 73.6467
19.7859 72.5976 12.1429 73.6467 9.10822 77.7285
37.0359 72.0698 19.7859 72.5976 0.954003 72.6402
0.954003 72.6402 37.0359 72.0698 27.7824 71.6333
37.0359 72.0698 61.2668 72.2524 70.3066 73.5944
61.2668 72.2524 37.0359 72.0698 27.7824 71.6333
108.596 87.0458 81.7175 87.0981 119.853 87.2569
119.853 87.2569 108.596 87.0458 99.0467 83.4231
133.313 88.2262 143.449 86.8119 141.717 83.4291
143.449 86.8119 133.313 88.2262 159.207 88.6616
188.381 83.6525 143.449 86.8119 159.207 88.6616
276.051 83.2745 266.605 83.5522 188.381 83.6525
286.096 82.6864 276.051 83.2745 188.381 83.6525
143.449 86.8119 188.381 83.6525 198.63 81.6072
188.381 83.6525 286.096 82.6864 198.63 81.6072
266.605 83.5522 221.635 87.6607 203.109 88.1306
221.635 87.6607 266.605 83.5522 276.051 83.2745
257.216 87.0382 276.051 83.2745 286.096 82.6864
221.635 87.6607 203.109 88.1306 411.833 88.628
272.785 87.3676 221.635 87.6607 411.833 88.628
329.86 87.1988 272.785 87.3676 411.833 88.628
371.486 87.1556 329.86 87.1988 411.833 88.628
326.943 83.7855 371.486 87.1556 411.833 88.628
371.486 87.1556 326.943 83.7855 312.838 83.0707
387.969 86.2325 326.943 83.7855 312.838 83.0707
186.692 92.6279 152.582 92.7609 336.093 92.9545
323.529 92.5918 186.692 92.6279 336.093 92.9545
252.829 92.0373 323.529 92.5918 186.692 92.6279
276.209 91.9555 252.829 92.0373 323.529 92.5918
287.476 91.5916 401.849 91.6151 276.209 91.9555
287.476 91.5916 276.209 91.9555 252.829 92.0373
178.969 91.4051 287.476 91.5916 252.829 92.0373
169.029 91.3397 178.969 91.4051 287.476 91.5916
12.1957 90.9837 169.029 91.3397 178.969 91.4051
236.026 90.9803 12.1957 90.9837 169.029 91.3397
53.5919 90.8735 236.026 90.9803 12.1957 90.9837
12.1957 90.9837 53.5919 90.8735 212.129 89.8105
-3.88344 93.0315 102.761 93.0544 68.9682 93.2213
-3.88344 93.0315 68.9682 93.2213 36.1194 93.824
152.582 92.7609 -3.88344 93.0315 102.761 93.0544
22.3777 92.7609 152.582 92.7609 -3.88344 93.0315
152.582 92.7609 22.3777 92.7609 186.692 92.6279
68.9682 93.2213 232.622 93.5338 350.662 93.6305
350.662 93.6305 68.9682 93.2213 102.761 93.0544
22.3777 92.7609 186.692 92.6279 88.7755 92.52
70.3066 73.5944 61.2668 72.2524 49.7097 69.9065
128.341 77.046 123.15 76.8281 128.839 69.3668
149.169 76.4074 177.377 76.1102 187.517 71.888
207.105 68.4089 203.265 68.5124 241.628 68.6199
270.655 67.3033 207.105 68.4089 241.628 68.6199
207.105 68.4089 270.655 67.3033 293.218 66.5239
276.905 68.5416 270.655 67.3033 293.218 66.5239
122.475 68.0948 78.4029 68.6186 143.037 69.0076
152.233 67.3889 122.475 68.0948 143.037 69.0076
156.966 66.9452 152.233 67.3889 143.037 69.0076
152.233 67.3889 156.966 66.9452 161.073 63.3054
156.966 66.9452 177.1 66.7331 161.073 63.3054
173.651 67.3853 156.966 66.9452 177.1 66.7331
20.3509 49.0111 66.4348 49.3358 167.265 49.3423
118.711 48.9087 20.3509 49.0111 167.265 49.3423
28.5045 48.8428 118.711 48.9087 20.3509 49.0111
47.7724 48.1471 28.5045 48.8428 20.3509 49.0111
20.3509 49.0111 47.7724 48.1471 36.0589 46.4758
89.1974 49.5584 76.9066 49.6333 1.23732 50.7705
66.4348 49.3358 89.1974 49.5584 76.9066 49.6333
76.9066 49.6333 66.4348 49.3358 20.3509 49.0111
