49.5795 13.3289 54.0285 13.3608 52.7707 13.3613
49.5795 13.3289 52.7707 13.3613 45.2266 13.3734
46.7396 13.3277 49.5795 13.3289 45.2266 13.3734
46.2868 13.0303 46.7396 13.3277 45.2266 13.3734
46.7396 13.3277 46.2868 13.0303 49.1764 12.8542
46.2868 13.0303 36.1361 13.0684 27.5092 13.1022
36.1361 13.0684 46.2868 13.0303 49.1764 12.8542
68.744 14.0355 73.092 14.3432 75.9114 14.5751
65.6685 13.8102 63.8866 13.8837 68.744 14.0355
65.6685 13.8102 68.744 14.0355 73.092 14.3432
53.7065 13.3987 65.6685 13.8102 63.8866 13.8837
52.7707 13.3613 53.7065 13.3987 65.6685 13.8102
65.6685 13.8102 52.7707 13.3613 54.0285 13.3608
60.2827 17.34 55.3373 17.8445 53.686 18.1344
61.6324 17.2567 60.2827 17.34 53.686 18.1344
64.9801 16.8703 61.6324 17.2567 60.2827 17.34
64.3107 16.4975 64.9801 16.8703 60.2827 17.34
63.4738 16.4662 64.3107 16.4975 60.2827 17.34
62.3939 15.6548 63.4738 16.4662 64.3107 16.4975
61.3455 14.9484 62.4298 15.3876 62.3939 15.6548
61.3455 14.9484 62.3939 15.6548 63.4738 16.4662
60.5695 14.6199 56.1123 14.6268 61.3455 14.9484
60.5695 14.6199 61.3455 14.9484 62.4298 15.3876
61.7606 14.6056 60.5695 14.6199 56.1123 14.6268
57.2766 14.5755 61.7606 14.6056 56.1123 14.6268
60.7266 14.4546 57.2766 14.5755 61.7606 14.6056
68.744 14.0355 60.7266 14.4546 61.7606 14.6056
60.7266 14.4546 68.744 14.0355 63.8866 13.8837
54.5578 15.0706 55.5667 15.6419 58.9308 15.6588
61.3455 14.9484 54.5578 15.0706 58.9308 15.6588
54.5578 15.0706 61.3455 14.9484 56.1123 14.6268
58.7784 20.6592 57.5292 21.099 55.9171 21.6917
63.0617 19.745 58.7784 20.6592 55.9171 21.6917
63.4649 19.1276 63.0617 19.745 58.7784 20.6592
64.3623 18.6516 63.4649 19.1276 58.7784 20.6592
66.3731 17.6643 65.661 17.9055 64.3623 18.6516
66.3731 17.6643 64.3623 18.6516 63.4649 19.1276
66.9274 17.3021 70.8197 17.5892 66.3731 17.6643
66.9274 17.3021 66.3731 17.6643 65.661 17.9055
64.9801 16.8703 66.9274 17.3021 70.8197 17.5892
70.8197 17.5892 64.9801 16.8703 64.3107 16.4975
63.0617 19.745 64.8426 21.64 64.4839 22.4186
64.8426 21.64 63.0617 19.745 63.4649 19.1276
53.693 13.2991 49.5795 13.3289 54.0285 13.3608
56.6372 13.1402 53.693 13.2991 54.0285 13.3608
53.693 13.2991 56.6372 13.1402 58.3379 13.0152
77.2586 13.9742 74.8887 14.2922 73.092 14.3432
73.092 14.3432 77.2586 13.9742 78.952 13.7167
78.952 13.7167 77.2586 13.9742 80.0019 14.0322
78.0488 13.2191 74.3312 13.2532 78.952 13.7167
78.0488 13.2191 78.952 13.7167 80.0019 14.0322
75.8942 12.9214 78.0488 13.2191 74.3312 13.2532
78.9687 12.6546 75.8942 12.9214 78.0488 13.2191
72.5587 12.3507 79.7596 12.6391 78.9687 12.6546
72.5587 12.3507 78.9687 12.6546 75.8942 12.9214
67.7351 12.3067 72.5587 12.3507 75.8942 12.9214
60.6263 12.2364 67.7351 12.3067 72.5587 12.3507
72.5587 12.3507 60.6263 12.2364 56.6397 12.1968
96.5823 12.7304 97.0687 12.7594 91.5943 12.8925
78.9687 12.6546 96.5823 12.7304 91.5943 12.8925
96.5823 12.7304 78.9687 12.6546 79.7596 12.6391
74.8887 14.2922 73.092 14.3432 75.9114 14.5751
89.982 14.0727 74.8887 14.2922 75.9114 14.5751
74.8887 14.2922 89.982 14.0727 91.4955 14.0335
88.119 14.6082 89.982 14.0727 91.4955 14.0335
97.563 12.7078 96.5823 12.7304 97.0687 12.7594
95.5691 12.5286 97.563 12.7078 96.5823 12.7304
82.6222 12.0833 95.5691 12.5286 96.5823 12.7304
83.9387 11.9221 82.6222 12.0833 95.5691 12.5286
84.5253 11.7985 83.9387 11.9221 82.6222 12.0833
79.6872 11.5472 84.5253 11.7985 82.6222 12.0833
76.9536 11.4545 79.6872 11.5472 82.6222 12.0833
90.2053 11.2279 76.9536 11.4545 79.6872 11.5472
80.8852 11.1818 64.5533 11.2165 90.2053 11.2279
96.5075 11.018 80.8852 11.1818 90.2053 11.2279
99.7251 10.9899 96.5075 11.018 90.2053 11.2279
99.7251 10.9899 90.2053 11.2279 79.6872 11.5472
82.0817 10.9594 99.7251 10.9899 96.5075 11.018
72.2333 10.9329 82.0817 10.9594 96.5075 11.018
79.3348 10.9138 72.2333 10.9329 82.0817 10.9594
82.0817 10.9594 79.3348 10.9138 98.9941 10.8429
64.5533 11.2165 80.8852 11.1818 65.2184 10.9598
57.0595 10.8146 79.3348 10.9138 72.2333 10.9329
62.4548 10.7236 57.0595 10.8146 79.3348 10.9138
85.0709 10.5747 85.7466 10.6899 62.4548 10.7236
69.8209 10.5484 85.0709 10.5747 62.4548 10.7236
69.8209 10.5484 62.4548 10.7236 57.0595 10.8146
85.0709 10.5747 69.8209 10.5484 54.4294 10.4452
97.6191 10.234 85.0709 10.5747 85.7466 10.6899
87.0749 10.1283 97.6191 10.234 85.0709 10.5747
97.6191 10.234 87.0749 10.1283 79.7457 10.0194
87.0749 10.1283 79.2556 10.05 79.7457 10.0194
79.2556 10.05 68.2261 10.0832 76.9234 10.0863
79.7457 10.0194 79.2556 10.05 68.2261 10.0832
68.2261 10.0832 79.7457 10.0194 70.4409 10.0028
68.2261 10.0832 76.9234 10.0863 68.727 10.1205
63.8364 9.78508 68.2261 10.0832 68.727 10.1205
61.7869 9.69751 63.8364 9.78508 68.727 10.1205
56.7188 9.57063 67.0067 9.64279 61.7869 9.69751
56.7188 9.57063 61.7869 9.69751 68.727 10.1205
83.7338 9.54608 56.7188 9.57063 67.0067 9.64279
82.3847 9.53395 83.7338 9.54608 56.7188 9.57063
76.6585 9.46231 82.3847 9.53395 83.7338 9.54608
82.0427 9.43329 76.6585 9.46231 83.7338 9.54608
94.0666 9.02384 82.0427 9.43329 83.7338 9.54608
96.048 8.91959 94.0666 9.02384 82.0427 9.43329
82.0427 9.43329 96.048 8.91959 92.4128 8.83013
93.1404 9.91404 63.8364 9.78508 61.7869 9.69751
99.4596 9.49007 94.0666 9.02384 96.048 8.91959
74.2878 9.34823 82.0427 9.43329 76.6585 9.46231
78.9675 9.2293 74.2878 9.34823 82.0427 9.43329
80.9354 9.14701 78.9675 9.2293 82.0427 9.43329
78.9675 9.2293 80.9354 9.14701 79.7259 8.88125
69.0399 9.02125 78.9675 9.2293 74.2878 9.34823
57.3431 8.49012 72.5134 8.71579 70.7133 8.81367
57.3431 8.49012 70.7133 8.81367 69.0399 9.02125
57.3431 8.49012 69.0399 9.02125 74.2878 9.34823
61.4526 8.32415 57.3431 8.49012 72.5134 8.71579
54.7598 8.25195 61.4526 8.32415 57.3431 8.49012
64.6295 8.16632 54.7598 8.25195 61.4526 8.32415
59.6042 8.11702 64.6295 8.16632 54.7598 8.25195
62.9325 8.10712 59.6042 8.11702 64.6295 8.16632
59.6042 8.11702 62.9325 8.10712 69.399 8.08697
69.399 8.08697 62.9325 8.10712 93.7082 8.13927
79.4007 8.08673 69.399 8.08697 93.7082 8.13927
76.8528 7.89598 79.4007 8.08673 69.399 8.08697
79.773 7.25854 76.8528 7.89598 79.4007 8.08673
79.4993 7.19852 81.1673 7.25135 79.773 7.25854
79.4993 7.19852 79.773 7.25854 76.8528 7.89598
80.3844 6.35403 79.4993 7.19852 76.8528 7.89598
82.0843 5.34354 83.2939 5.7248 80.3844 6.35403
82.0843 5.34354 80.3844 6.35403 76.8528 7.89598
84.4047 5.26579 82.0843 5.34354 83.2939 5.7248
85.6907 5.10875 84.4047 5.26579 83.2939 5.7248
92.6758 4.2037 98.033 4.43003 90.7075 4.51537
92.6758 4.2037 90.7075 4.51537 85.6907 5.10875
92.6758 4.2037 85.6907 5.10875 84.4047 5.26579
84.4047 5.26579 92.6758 4.2037 91.7188 4.20167
91.4556 5.43167 90.8431 5.77085 96.256 6.14414
96.9792 5.42489 91.4556 5.43167 96.256 6.14414
96.256 6.14414 96.9792 5.42489 98.033 4.43003
96.9792 5.42489 94.9144 4.78662 98.033 4.43003
94.9144 4.78662 90.7075 4.51537 98.033 4.43003
90.8431 5.77085 89.3896 6.35777 87.5723 6.78185
87.5723 6.78185 90.8431 5.77085 91.4556 5.43167
77.953 5.19485 84.4047 5.26579 82.0843 5.34354
77.7928 4.84979 77.953 5.19485 84.4047 5.26579
74.542 4.7467 77.7928 4.84979 77.953 5.19485
77.7928 4.84979 74.542 4.7467 74.4095 4.33007
68.5048 6.54495 76.8338 6.66033 61.477 6.9093
68.5048 6.54495 61.477 6.9093 55.0957 7.13129
55.8685 6.19849 68.5048 6.54495 76.8338 6.66033
53.4557 6.14199 55.8685 6.19849 68.5048 6.54495
71.4031 6.0966 53.4557 6.14199 55.8685 6.19849
63.9341 6.01415 71.4031 6.0966 53.4557 6.14199
67.9182 5.85465 63.9341 6.01415 71.4031 6.0966
67.4951 5.26058 67.9182 5.85465 63.9341 6.01415
69.9782 5.24742 67.4951 5.26058 67.9182 5.85465
71.7002 4.92609 69.9782 5.24742 67.9182 5.85465
69.9782 5.24742 71.7002 4.92609 74.4095 4.33007
71.7002 4.92609 74.542 4.7467 74.4095 4.33007
61.8158 7.17384 73.6715 7.2818 65.8397 7.31064
55.0957 7.13129 61.8158 7.17384 65.8397 7.31064
61.477 6.9093 55.0957 7.13129 61.8158 7.17384
61.8158 7.17384 61.477 6.9093 75.8127 6.89801
65.1464 4.78057 69.9782 5.24742 67.4951 5.26058
59.6476 4.61966 65.1464 4.78057 67.4951 5.26058
65.1464 4.78057 59.6476 4.61966 63.5064 4.53375
59.6476 4.61966 55.9298 4.60296 63.5064 4.53375
56.1817 5.05448 59.6476 4.61966 55.9298 4.60296
69.9782 5.24742 65.1464 4.78057 68.359 4.32596
93.1104 3.82421 92.6758 4.2037 98.033 4.43003
80.1795 3.70684 82.3943 3.75623 93.1104 3.82421
98.033 4.43003 93.1104 3.82421 90.5002 3.41068
93.1104 3.82421 80.1795 3.70684 90.5002 3.41068
78.8603 3.67987 80.1795 3.70684 82.3943 3.75623
82.3943 3.75623 78.8603 3.67987 66.047 3.64601
88.6895 3.3576 78.8603 3.67987 80.1795 3.70684
80.1795 3.70684 88.6895 3.3576 98.8834 3.00073
88.6895 3.3576 92.7888 3.15424 98.8834 3.00073
87.368 3.12877 92.7888 3.15424 88.6895 3.3576
79.5857 2.95334 87.368 3.12877 92.7888 3.15424
80.4896 2.63791 79.5857 2.95334 92.7888 3.15424
74.3235 1.92717 80.4896 2.63791 79.5857 2.95334
80.4896 2.63791 74.3235 1.92717 76.6552 1.91225
63.4938 3.25675 87.368 3.12877 79.5857 2.95334
62.3988 2.32132 55.6014 2.47026 56.7818 2.87003
55.4655 2.30532 62.3988 2.32132 55.6014 2.47026
69.1194 2.16587 55.4655 2.30532 62.3988 2.32132
60.4838 2.00426 69.1194 2.16587 55.4655 2.30532
74.3235 1.92717 60.4838 2.00426 69.1194 2.16587
76.6552 1.91225 74.3235 1.92717 60.4838 2.00426
60.4838 2.00426 76.6552 1.91225 94.5223 1.70011
76.6552 1.91225 92.8443 1.82155 94.5223 1.70011
94.5223 1.70011 92.8443 1.82155 99.5489 2.34591
94.2231 1.22319 94.5223 1.70011 99.5489 2.34591
99.5489 2.34591 94.2231 1.22319 92.8062 0.882874
94.2231 1.22319 91.9995 1.158 92.8062 0.882874
91.9995 1.158 88.7107 1.32174 87.0109 1.47399
92.8062 0.882874 91.9995 1.158 88.7107 1.32174
93.3718 0.805519 92.8062 0.882874 88.7107 1.32174
95.271 0.702577 93.3718 0.805519 92.8062 0.882874
91.1314 0.287882 95.271 0.702577 93.3718 0.805519
95.271 0.702577 91.1314 0.287882 92.9374 0.192801
86.9813 0.506534 91.1314 0.287882 81.5775 0.1587
91.1314 0.287882 92.9374 0.192801 81.5775 0.1587
82.7373 0.827689 88.7107 1.32174 87.0109 1.47399
78.6684 0.817087 82.7373 0.827689 87.0109 1.47399
72.938 0.749313 78.6684 0.817087 82.7373 0.827689
82.7373 0.827689 72.938 0.749313 64.1081 0.64245
72.938 0.749313 66.4385 0.701354 64.1081 0.64245
69.4389 1.39175 60.006 1.44564 54.0421 1.69611
80.5676 1.24452 69.4389 1.39175 60.006 1.44564
79.5749 1.11494 80.5676 1.24452 60.006 1.44564
78.6684 0.817087 79.5749 1.11494 80.5676 1.24452
79.5749 1.11494 78.6684 0.817087 72.938 0.749313
64.1081 0.64245 66.4385 0.701354 61.8363 0.71998
61.8363 0.71998 64.1081 0.64245 64.7164 0.385976
80.1912 1.55042 69.4389 1.39175 80.5676 1.24452
54.0421 1.69611 60.006 1.44564 55.5288 1.11781
84.3846 7.83368 81.1673 7.25135 84.7878 7.03216
81.1673 7.25135 79.4993 7.19852 84.7878 7.03216
70.7133 8.81367 72.5134 8.71579 86.4667 8.31695
83.9387 11.9221 84.5253 11.7985 94.1031 11.4324
97.563 12.7078 95.5691 12.5286 99.6603 12.1604
62.3939 15.6548 65.2294 15.6627 72.7528 16.0553
62.4298 15.3876 62.3939 15.6548 65.2294 15.6627
66.4033 15.2211 62.4298 15.3876 65.2294 15.6627
62.4298 15.3876 66.4033 15.2211 73.6284 14.8077
65.5265 20.764 64.8426 21.64 64.4839 22.4186
65.5071 19.672 65.5265 20.764 64.8426 21.64
65.4821 19.4691 68.3939 19.4904 65.5071 19.672
65.4821 19.4691 65.5071 19.672 64.8426 21.64
65.1504 19.3141 65.4821 19.4691 64.8426 21.64
64.8426 21.64 65.1504 19.3141 64.6959 19.1369
69.0806 21.3311 70.9884 21.4792 71.9205 22.1562
68.3939 19.4904 69.0806 21.3311 70.9884 21.4792
70.9884 21.4792 68.3939 19.4904 68.8728 19.2609
68.3939 19.4904 65.4821 19.4691 68.8728 19.2609
73.7348 21.2276 70.9884 21.4792 71.9205 22.1562
75.2035 21.0486 73.7348 21.2276 70.9884 21.4792
70.9884 21.4792 75.2035 21.0486 74.5024 20.9066
73.7348 21.2276 74.4007 22.0409 75.5166 22.2464
75.2035 21.0486 73.7348 21.2276 75.5166 22.2464
75.7862 19.8506 75.2035 21.0486 75.5166 22.2464
75.7195 19.1886 75.9741 19.7539 75.7862 19.8506
75.7195 19.1886 75.7862 19.8506 75.2035 21.0486
75.2035 21.0486 75.7195 19.1886 75.6234 17.1545
75.7862 19.8506 77.1941 20.7915 78.1716 22.4254
77.1941 20.7915 75.7862 19.8506 75.9741 19.7539
76.3695 19.1731 75.7195 19.1886 75.9741 19.7539
75.9741 19.7539 76.3695 19.1731 78.291 16.3583
79.7563 19.5497 77.1941 20.7915 78.1716 22.4254
77.1941 20.7915 79.7563 19.5497 80.5946 18.7074
79.7563 19.5497 81.9332 18.8577 80.5946 18.7074
83.6296 17.3562 80.5946 18.7074 81.9332 18.8577
83.6296 17.3562 81.9332 18.8577 82.9396 19.8785
84.4592 15.9734 85.1695 16.7037 83.6296 17.3562
84.4592 15.9734 83.6296 17.3562 80.5946 18.7074
84.7878 15.9342 84.4592 15.9734 85.1695 16.7037
86.5826 15.83 84.7878 15.9342 85.1695 16.7037
84.7878 15.9342 86.5826 15.83 85.0967 15.3556
80.5799 22.5827 79.7563 19.5497 81.9332 18.8577
86.5826 15.83 90.2059 16.0431 94.5289 16.4257
85.0967 15.3556 86.5826 15.83 90.2059 16.0431
90.2059 16.0431 85.0967 15.3556 91.0301 15.1251
80.1169 15.7663 84.7878 15.9342 84.4592 15.9734
84.7878 15.9342 80.1169 15.7663 82.0426 15.3094
93.8118 16.9817 91.2465 17.8388 91.6025 17.8583
93.8118 16.9817 91.6025 17.8583 96.5615 18.3608
93.8118 16.9817 96.5615 18.3608 99.313 18.7747
94.5289 16.4257 93.8118 16.9817 91.2465 17.8388
94.8598 15.521 90.2059 16.0431 94.5289 16.4257
93.8118 16.9817 94.5289 16.4257 96.0676 15.4241
94.5289 16.4257 94.8598 15.521 96.0676 15.4241
88.5271 26.0501 88.86 26.0513 90.7036 27.4124
88.587 25.427 88.5271 26.0501 88.86 26.0513
89.695 24.1513 88.587 25.427 88.86 26.0513
91.0228 23.7577 89.695 24.1513 88.86 26.0513
91.0566 23.6271 91.0228 23.7577 89.695 24.1513
94.0126 22.1752 91.0566 23.6271 89.695 24.1513
95.6625 22.0021 91.5375 22.1355 94.0126 22.1752
95.6625 22.0021 94.0126 22.1752 91.0566 23.6271
98.0143 21.3249 95.6625 22.0021 91.5375 22.1355
93.6827 21.3067 98.0143 21.3249 91.5375 22.1355
96.4222 20.7927 93.6827 21.3067 98.0143 21.3249
97.4894 20.3496 94.8578 20.5776 96.4222 20.7927
97.4894 20.3496 96.4222 20.7927 98.0143 21.3249
89.149 19.0405 97.4894 20.3496 94.8578 20.5776
87.7753 18.8392 89.149 19.0405 94.8578 20.5776
89.0911 18.608 87.7753 18.8392 89.149 19.0405
91.6025 17.8583 89.0911 18.608 87.7753 18.8392
87.7753 18.8392 91.6025 17.8583 91.2465 17.8388
88.4839 21.0613 96.4222 20.7927 94.8578 20.5776
86.2877 22.296 94.0126 22.1752 91.5375 22.1355
82.7052 27.2849 80.24 27.497 82.3594 28.0251
83.2838 27.1771 82.7052 27.2849 80.24 27.497
85.2126 26.5389 83.2838 27.1771 80.24 27.497
87.3634 26.1602 85.2126 26.5389 83.2838 27.1771
88.5271 26.0501 87.3634 26.1602 83.2838 27.1771
87.3634 26.1602 88.5271 26.0501 88.587 25.427
84.1281 29.2758 87.3951 29.4861 82.7895 29.5125
87.2484 28.9969 84.1281 29.2758 87.3951 29.4861
86.9774 28.8955 87.2484 28.9969 84.1281 29.2758
85.5511 28.0279 86.9774 28.8955 87.2484 28.9969
83.8283 27.7191 85.5511 28.0279 86.9774 28.8955
82.7052 27.2849 83.8283 27.7191 85.5511 28.0279
85.5511 28.0279 82.7052 27.2849 83.2838 27.1771
93.71 26.126 92.1503 28.7418 91.1375 29.7841
94.7644 24.5788 93.0947 24.6434 93.71 26.126
94.7644 24.5788 93.71 26.126 92.1503 28.7418
91.0228 23.7577 94.7644 24.5788 93.0947 24.6434
94.7644 24.5788 91.0228 23.7577 91.0566 23.6271
95.2978 27.904 92.1503 28.7418 91.1375 29.7841
92.1503 28.7418 95.2978 27.904 95.2199 27.8013
95.2199 27.8013 95.2978 27.904 96.5387 27.9666
97.8738 26.7362 95.2199 27.8013 96.5387 27.9666
99.3883 25.848 99.984 26.2579 97.8738 26.7362
99.3883 25.848 97.8738 26.7362 95.2199 27.8013
98.7841 25.0968 96.8401 25.549 99.3883 25.848
98.7841 25.0968 99.3883 25.848 99.984 26.2579
95.7621 23.1685 98.7841 25.0968 96.8401 25.549
96.8401 25.549 95.7621 23.1685 95.534 22.8071
95.7621 23.1685 96.24 22.9669 95.534 22.8071
99.0497 23.0789 96.24 22.9669 95.534 22.8071
77.1926 27.2 80.24 27.497 82.3594 28.0251
80.24 27.497 77.1926 27.2 77.9857 27.006
77.9857 27.006 77.1926 27.2 73.909 27.7091
72.9183 26.7796 77.9857 27.006 73.909 27.7091
77.9857 27.006 72.9183 26.7796 73.0047 26.7036
70.0478 27.998 70.9171 29.1913 75.0632 29.4036
69.2471 27.139 70.0478 27.998 70.9171 29.1913
72.9183 26.7796 66.6196 27.0034 69.2471 27.139
72.9183 26.7796 69.2471 27.139 70.0478 27.998
66.6196 27.0034 72.9183 26.7796 73.0047 26.7036
66.3183 29.4145 66.0811 29.6953 69.5456 29.8936
75.0632 29.4036 66.3183 29.4145 69.5456 29.8936
70.9171 29.1913 75.0632 29.4036 66.3183 29.4145
66.3183 29.4145 70.9171 29.1913 66.1379 29.0699
62.4967 29.2562 66.3183 29.4145 66.0811 29.6953
66.3183 29.4145 62.4967 29.2562 61.4277 28.7963
57.6142 29.3462 56.1899 29.6333 60.9737 29.954
62.4967 29.2562 57.6142 29.3462 60.9737 29.954
61.4277 28.7963 62.4967 29.2562 57.6142 29.3462
60.2145 28.5972 61.4277 28.7963 57.6142 29.3462
57.8788 27.6906 60.2145 28.5972 61.4277 28.7963
60.3283 27.2516 57.8788 27.6906 61.4277 28.7963
57.8788 27.6906 60.3283 27.2516 56.5113 27.071
56.5113 27.071 60.3283 27.2516 63.8584 27.3113
62.4735 26.871 56.5113 27.071 63.8584 27.3113
61.6853 26.3662 62.4735 26.871 63.8584 27.3113
60.9239 26.1081 61.6853 26.3662 62.4735 26.871
60.8628 26.0358 60.9239 26.1081 61.6853 26.3662
63.6869 25.4159 60.8628 26.0358 61.6853 26.3662
66.8798 25.2814 68.5682 25.4018 63.6869 25.4159
60.8628 26.0358 63.6869 25.4159 62.7804 25.111
63.6869 25.4159 66.8798 25.2814 62.7804 25.111
63.6869 25.4159 66.7966 25.7959 70.18 25.842
70.18 25.842 63.6869 25.4159 68.5682 25.4018
60.9239 26.1081 60.8628 26.0358 56.3133 25.7867
73.7343 24.9976 66.8798 25.2814 68.5682 25.4018
75.4972 24.9961 73.7343 24.9976 68.5682 25.4018
72.0581 24.8543 75.4972 24.9961 73.7343 24.9976
70.2346 24.7695 68.9958 24.831 72.0581 24.8543
70.2346 24.7695 72.0581 24.8543 75.4972 24.9961
68.5559 24.6855 70.2346 24.7695 68.9958 24.831
65.8477 24.285 68.5559 24.6855 68.9958 24.831
62.5082 23.7268 66.1354 24.1923 65.8477 24.285
62.5082 23.7268 65.8477 24.285 68.9958 24.831
66.1354 24.1923 62.5082 23.7268 56.7257 22.7812
62.5082 23.7268 56.2372 23.3443 56.7257 22.7812
65.8477 24.285 66.1354 24.1923 67.9224 23.8633
69.9342 24.29 68.5559 24.6855 70.2346 24.7695
70.2346 24.7695 69.9342 24.29 72.2871 24.2142
85.2637 25.2973 87.3634 26.1602 85.2126 26.5389
83.3941 24.8921 85.2637 25.2973 85.2126 26.5389
85.2637 25.2973 83.3941 24.8921 81.7341 24.4967
81.7341 24.4967 83.3941 24.8921 77.3543 25.2579
79.9375 24.453 81.7341 24.4967 77.3543 25.2579
80.6644 23.066 79.9375 24.453 81.7341 24.4967
79.9375 24.453 80.6644 23.066 78.1305 22.665
85.2659 23.373 87.8204 23.923 88.272 24.1577
80.6644 23.066 85.2659 23.373 88.272 24.1577
85.2659 23.373 80.6644 23.066 78.1305 22.665
55.953 20.1284 57.5292 21.099 55.9171 21.6917
56.3282 20.0568 55.953 20.1284 57.5292 21.099
53.7799 19.6137 56.3282 20.0568 55.953 20.1284
55.0102 19.4243 53.7799 19.6137 56.3282 20.0568
56.3282 20.0568 55.0102 19.4243 57.0884 19.222
57.5292 21.099 58.7784 20.6592 61.9796 19.1471
57.2766 14.5755 60.7266 14.4546 53.496 13.9633
34.1615 16.1061 38.4069 16.2209 32.4057 16.6557
31.5913 15.056 34.1615 16.1061 32.4057 16.6557
31.5308 14.6623 28.8799 14.7969 31.5913 15.056
31.5308 14.6623 31.5913 15.056 34.1615 16.1061
29.3254 14.5432 31.5308 14.6623 28.8799 14.7969
27.5092 13.1022 29.3254 14.5432 28.8799 14.7969
32.3189 13.0562 36.1361 13.0684 27.5092 13.1022
26.3224 12.8807 32.3189 13.0562 27.5092 13.1022
26.3224 12.8807 27.5092 13.1022 28.8799 14.7969
27.3811 12.7012 26.3224 12.8807 32.3189 13.0562
30.2661 11.5 29.407 12.4121 27.3811 12.7012
30.2661 11.5 27.3811 12.7012 26.3224 12.8807
32.2204 10.5491 33.9539 11.0122 30.2661 11.5
32.2204 10.5491 30.2661 11.5 26.3224 12.8807
33.5197 10.1194 32.2204 10.5491 33.9539 11.0122
33.9539 11.0122 33.5197 10.1194 34.4262 9.4551
32.8928 14.4424 29.3254 14.5432 31.5308 14.6623
51.265 14.221 32.8928 14.4424 31.5308 14.6623
32.8928 14.4424 51.265 14.221 46.3497 14.1001
50.6078 21.4748 42.1609 21.8523 48.7606 22.0435
46.1465 21.097 50.6078 21.4748 42.1609 21.8523
41.2824 19.9635 46.1465 21.097 50.6078 21.4748
39.734 19.6337 41.2824 19.9635 46.1465 21.097
37.8444 19.4113 39.734 19.6337 46.1465 21.097
34.3988 18.5325 37.8444 19.4113 39.734 19.6337
27.455 17.4606 34.3988 18.5325 37.8444 19.4113
39.4249 17.3191 27.455 17.4606 34.3988 18.5325
34.1301 17.1755 39.4249 17.3191 27.455 17.4606
32.4057 16.6557 34.1301 17.1755 27.455 17.4606
38.4069 16.2209 32.4057 16.6557 34.1301 17.1755
44.2666 15.9954 38.4069 16.2209 34.1301 17.1755
38.4069 16.2209 44.2666 15.9954 35.9347 14.9057
45.5942 19.1455 39.734 19.6337 41.2824 19.9635
46.208 18.3718 45.5942 19.1455 39.734 19.6337
48.1174 17.6585 49.741 17.703 46.208 18.3718
48.1174 17.6585 46.208 18.3718 39.734 19.6337
49.741 17.703 48.1174 17.6585 49.3388 17.6104
49.5082 24.3556 47.6999 24.5819 45.7489 25.221
49.1824 23.3008 49.5082 24.3556 47.6999 24.5819
47.1042 23.1627 43.4039 23.1927 49.1824 23.3008
49.9886 22.4987 47.1042 23.1627 49.1824 23.3008
49.9886 22.4987 49.1824 23.3008 49.5082 24.3556
51.5587 22.4907 49.9886 22.4987 49.5082 24.3556
46.1458 22.2766 51.5587 22.4907 49.9886 22.4987
48.7606 22.0435 46.1458 22.2766 51.5587 22.4907
42.1609 21.8523 48.7606 22.0435 46.1458 22.2766
36.3392 21.2374 42.1609 21.8523 46.1458 22.2766
42.1609 21.8523 36.3392 21.2374 35.9966 20.859
29.9575 21.753 34.1293 22.0949 26.4109 22.2412
35.9966 20.859 36.3392 21.2374 29.9575 21.753
35.9966 20.859 29.9575 21.753 26.4109 22.2412
32.3555 20.6231 35.9966 20.859 26.4109 22.2412
35.9966 20.859 32.3555 20.6231 35.9564 20.3567
49.3253 28.246 49.7876 29.0711 52.9152 29.5438
48.642 27.9572 49.3253 28.246 52.9152 29.5438
44.153 27.5576 50.7262 27.6554 48.642 27.9572
44.153 27.5576 48.642 27.9572 49.3253 28.246
46.562 27.3518 44.153 27.5576 50.7262 27.6554
46.8988 27.1816 46.562 27.3518 44.153 27.5576
45.3525 26.8546 46.8988 27.1816 44.153 27.5576
43.7143 25.9567 45.3525 26.8546 46.8988 27.1816
44.1025 25.8169 43.7143 25.9567 46.8988 27.1816
45.7489 25.221 47.9402 25.6268 44.1025 25.8169
45.7489 25.221 44.1025 25.8169 43.7143 25.9567
45.5688 24.5816 47.6999 24.5819 45.7489 25.221
45.5688 24.5816 45.7489 25.221 43.7143 25.9567
47.6999 24.5819 45.5688 24.5816 43.2122 24.5191
45.5688 24.5816 35.0405 25.1025 33.0736 25.2823
35.0405 25.1025 45.5688 24.5816 43.2122 24.5191
44.1025 25.8169 47.9402 25.6268 53.0773 25.4383
53.4145 27.0152 46.8988 27.1816 46.562 27.3518
46.8988 27.1816 53.4145 27.0152 49.8668 26.7607
27.8783 24.9192 35.0405 25.1025 33.0736 25.2823
27.8783 24.9192 33.0736 25.2823 32.5842 25.8004
35.0405 25.1025 27.8783 24.9192 29.2899 24.2382
42.0888 28.6828 30.7108 28.9429 33.5841 29.1677
40.6238 28.3467 42.0888 28.6828 30.7108 28.9429
40.2452 28.0881 40.6238 28.3467 42.0888 28.6828
37.9508 27.8449 40.2452 28.0881 40.6238 28.3467
37.2229 27.5964 28.128 27.6161 37.9508 27.8449
37.2229 27.5964 37.9508 27.8449 40.2452 28.0881
30.8921 27.381 37.2229 27.5964 28.128 27.6161
26.977 26.8874 30.8921 27.381 28.128 27.6161
27.5669 26.095 26.977 26.8874 30.8921 27.381
27.8783 24.9192 27.5669 26.095 26.977 26.8874
27.336 23.7826 29.2899 24.2382 27.8783 24.9192
27.336 23.7826 27.8783 24.9192 26.977 26.8874
35.3889 23.7112 27.336 23.7826 29.2899 24.2382
30.8458 23.6776 35.3889 23.7112 27.336 23.7826
30.8357 23.286 30.8458 23.6776 35.3889 23.7112
26.9539 22.5669 30.8357 23.286 30.8458 23.6776
30.8357 23.286 26.9539 22.5669 30.2989 22.3814
37.2229 27.5964 30.8921 27.381 42.4243 27.3397
33.5197 10.1194 32.2204 10.5491 28.7261 10.637
28.7261 10.637 33.5197 10.1194 31.9049 9.69038
34.3715 11.9721 29.407 12.4121 27.3811 12.7012
38.4978 11.559 34.3715 11.9721 29.407 12.4121
29.407 12.4121 38.4978 11.559 38.6595 11.5323
41.5564 11.638 46.2465 12.1374 50.981 12.262
41.3579 11.6271 41.5564 11.638 46.2465 12.1374
38.4978 11.559 41.3579 11.6271 46.2465 12.1374
41.3579 11.6271 38.4978 11.559 38.6595 11.5323
34.7679 12.0036 34.3715 11.9721 38.4978 11.559
46.5274 10.4535 41.3579 11.6271 41.5564 11.638
48.863 10.1534 46.5274 10.4535 41.5564 11.638
51.6011 10.0618 48.863 10.1534 41.5564 11.638
53.2983 9.68461 51.6011 10.0618 48.863 10.1534
52.1128 9.54128 53.2983 9.68461 48.863 10.1534
45.8738 8.60281 52.1128 9.54128 53.2983 9.68461
53.2983 9.68461 45.8738 8.60281 49.0758 8.58622
36.1607 9.25887 43.8878 9.26929 41.5789 9.38993
42.7422 9.08641 36.1607 9.25887 43.8878 9.26929
44.2653 8.64977 42.7422 9.08641 43.8878 9.26929
45.8738 8.60281 44.2653 8.64977 43.8878 9.26929
45.5798 8.37039 49.0758 8.58622 45.8738 8.60281
45.5798 8.37039 45.8738 8.60281 44.2653 8.64977
49.0758 8.58622 45.5798 8.37039 44.1129 8.08913
45.5798 8.37039 38.4771 8.31708 44.1129 8.08913
38.4771 8.31708 26.6006 8.38821 25.4278 8.42545
44.1129 8.08913 38.4771 8.31708 26.6006 8.38821
43.3128 8.06929 44.1129 8.08913 26.6006 8.38821
44.1818 7.53728 43.3128 8.06929 44.1129 8.08913
48.9113 7.15822 44.1818 7.53728 44.1129 8.08913
32.6514 6.95465 48.9113 7.15822 44.1818 7.53728
48.9113 7.15822 32.6514 6.95465 32.1738 6.89679
32.6514 6.95465 30.1623 7.09481 27.9205 7.73506
32.1738 6.89679 32.6514 6.95465 30.1623 7.09481
39.4952 5.87097 49.1358 6.45246 40.4089 6.6621
39.4952 5.87097 40.4089 6.6621 32.1738 6.89679
39.4952 5.87097 32.1738 6.89679 30.1623 7.09481
49.1358 6.45246 39.4952 5.87097 47.8628 5.77119
39.4952 5.87097 34.6228 5.88503 29.4996 5.92538
34.6228 5.88503 39.4952 5.87097 47.8628 5.77119
46.5274 10.4535 48.863 10.1534 39.2502 9.95486
25.7054 12.2818 25.3171 12.5806 25.8575 13.5236
25.4278 8.42545 25.7054 12.2818 25.8575 13.5236
26.2928 7.24162 26.6006 8.38821 25.4278 8.42545
25.0497 6.93017 26.2928 7.24162 25.4278 8.42545
25.0497 6.93017 25.4278 8.42545 25.7054 12.2818
25.9032 6.87709 25.0497 6.93017 26.2928 7.24162
26.2928 7.24162 25.9032 6.87709 25.7813 3.73423
24.5745 10.7635 25.7054 12.2818 25.3171 12.5806
23.9155 9.96374 24.5745 10.7635 25.3171 12.5806
24.5745 10.7635 23.9155 9.96374 23.5769 8.92218
22.9894 12.676 22.1345 14.2093 22.1562 14.645
23.9155 9.96374 22.9894 12.676 22.1345 14.2093
23.5769 8.92218 23.9155 9.96374 22.1345 14.2093
22.431 8.653 23.5769 8.92218 22.1345 14.2093
23.5769 8.92218 22.431 8.653 23.8271 6.45474
22.4091 25.1948 22.6923 27.6355 22.283 28.4364
22.2573 23.857 22.4091 25.1948 22.6923 27.6355
21.7961 19.5555 22.2573 23.857 22.6923 27.6355
21.0508 16.4775 22.5852 17.0117 21.7961 19.5555
21.0508 16.4775 21.7961 19.5555 22.2573 23.857
22.3099 16.1309 20.4554 16.4097 21.0508 16.4775
22.3099 16.1309 21.0508 16.4775 22.5852 17.0117
22.1562 14.645 22.3099 16.1309 22.5852 17.0117
21.952 12.7425 22.1345 14.2093 22.1562 14.645
21.952 12.7425 22.1562 14.645 22.3099 16.1309
21.4569 6.58501 21.952 12.7425 22.1345 14.2093
19.7685 4.42327 20.4175 6.1536 21.4569 6.58501
22.1345 14.2093 21.4569 6.58501 21.492 4.31599
21.4569 6.58501 19.7685 4.42327 21.492 4.31599
19.7685 4.42327 19.2737 4.40141 21.492 4.31599
17.3325 6.548 17.4812 6.61582 19.1187 6.75687
17.3137 5.97238 17.3325 6.548 19.1187 6.75687
17.3605 5.86539 17.3137 5.97238 19.1187 6.75687
18.3279 5.75008 17.3605 5.86539 19.1187 6.75687
19.7685 4.42327 18.3279 5.75008 17.3605 5.86539
17.3605 5.86539 19.7685 4.42327 19.2737 4.40141
16.4158 10.417 16.0432 11.4646 17.0371 12.649
17.4812 6.61582 16.4158 10.417 16.0432 11.4646
16.0432 11.4646 17.4812 6.61582 17.3325 6.548
19.8845 9.18195 20.4175 6.1536 19.7685 4.42327
21.2092 28.1223 21.9625 25.919 22.2573 23.857
21.9625 25.919 22.4091 25.1948 22.2573 23.857
24.4515 26.2188 22.6923 27.6355 22.283 28.4364
23.5519 25.1701 25.5437 25.6311 24.4515 26.2188
23.5519 25.1701 24.4515 26.2188 22.6923 27.6355
23.3955 24.3847 23.5519 25.1701 25.5437 25.6311
24.7435 24.1293 23.3955 24.3847 25.5437 25.6311
23.8285 23.4034 24.7435 24.1293 23.3955 24.3847
23.9433 21.5191 23.8285 23.4034 23.3955 24.3847
23.8285 23.4034 23.9433 21.5191 24.4129 15.8986
25.5437 25.6311 24.4515 26.2188 25.4512 27.1665
25.884 21.9912 25.5437 25.6311 25.4512 27.1665
26.271 20.4701 25.884 21.9912 25.4512 27.1665
25.884 21.9912 26.271 20.4701 25.4566 17.4957
8.12077 21.7677 8.83182 23.2352 6.88509 23.3604
8.20534 21.4431 10.564 21.5127 8.12077 21.7677
8.20534 21.4431 8.12077 21.7677 6.88509 23.3604
10.0598 21.4309 8.20534 21.4431 10.564 21.5127
12.7782 19.0194 10.0598 21.4309 10.564 21.5127
13.1707 18.7738 12.7782 19.0194 10.564 21.5127
13.9181 18.3256 13.1707 18.7738 10.564 21.5127
20.4554 16.4097 21.0508 16.4775 15.5925 17.3594
13.1707 18.7738 13.9181 18.3256 17.2552 15.9824
13.9181 18.3256 15.5925 17.3594 17.2552 15.9824
15.5925 17.3594 20.4554 16.4097 17.2552 15.9824
15.2499 20.3402 17.4837 21.3432 15.8883 21.9644
14.3611 19.8721 15.2499 20.3402 15.8883 21.9644
13.9181 18.3256 14.3611 19.8721 15.2499 20.3402
15.2499 20.3402 13.9181 18.3256 15.5925 17.3594
18.328 25.4171 18.3837 26.3086 20.1669 27.3194
17.219 25.2375 18.328 25.4171 18.3837 26.3086
18.6066 24.9983 17.219 25.2375 18.328 25.4171
18.0465 22.4136 18.6066 24.9983 17.219 25.2375
18.0821 22.1872 18.0465 22.4136 17.219 25.2375
17.4837 21.3432 15.8883 21.9644 18.0821 22.1872
19.9689 21.2222 17.4837 21.3432 18.0821 22.1872
19.9689 21.2222 18.0821 22.1872 18.0465 22.4136
19.0564 20.3863 19.9689 21.2222 17.4837 21.3432
18.1518 19.1739 19.0564 20.3863 19.9689 21.2222
19.9689 21.2222 18.1518 19.1739 18.702 17.8439
16.1108 25.3408 18.3837 26.3086 20.1669 27.3194
15.1567 25.1188 16.1108 25.3408 20.1669 27.3194
13.9287 24.2889 15.1567 25.1188 16.1108 25.3408
14.2932 23.7549 13.9287 24.2889 16.1108 25.3408
16.1108 25.3408 14.2932 23.7549 14.9396 22.967
14.4886 27.3444 15.1567 25.1188 13.9287 24.2889
6.42571 21.9199 4.47277 21.5897 8.20534 21.4431
0.344048 26.164 1.67335 26.219 7.35164 26.3535
2.39217 26.0765 0.344048 26.164 7.35164 26.3535
1.95176 24.914 2.39217 26.0765 0.344048 26.164
2.77469 24.5975 1.95176 24.914 2.39217 26.0765
3.34961 24.5967 2.77469 24.5975 2.39217 26.0765
4.89409 24.5576 3.34961 24.5967 2.77469 24.5975
2.96567 24.4982 4.89409 24.5576 2.77469 24.5975
0.509528 23.7279 2.96567 24.4982 2.77469 24.5975
0.856914 23.5218 0.509528 23.7279 2.96567 24.4982
0.93338 22.9607 1.8866 23.292 0.856914 23.5218
0.93338 22.9607 0.856914 23.5218 0.509528 23.7279
2.79448 22.0301 0.93338 22.9607 1.8866 23.292
0.93338 22.9607 2.79448 22.0301 3.60259 21.2892
2.79448 22.0301 4.47277 21.5897 3.60259 21.2892
4.47277 21.5897 8.20534 21.4431 3.60259 21.2892
8.20534 21.4431 10.0598 21.4309 3.60259 21.2892
5.47819 27.9405 2.21383 29.308 0.785944 29.872
4.49136 27.7785 5.47819 27.9405 0.785944 29.872
3.1504 26.8163 4.49136 27.7785 5.47819 27.9405
1.67335 26.219 3.1504 26.8163 4.49136 27.7785
4.49136 27.7785 1.67335 26.219 0.344048 26.164
7.84371 25.5021 9.91223 25.7143 10.3411 25.7758
3.34961 24.5967 7.84371 25.5021 9.91223 25.7143
9.91223 25.7143 3.34961 24.5967 4.89409 24.5576
10.3411 25.7758 9.91223 25.7143 12.5476 23.6294
11.1402 29.3006 2.21383 29.308 0.785944 29.872
10.7734 29.1215 11.1402 29.3006 2.21383 29.308
2.21383 29.308 10.7734 29.1215 4.38242 28.7181
11.1402 29.3006 10.7734 29.1215 10.0123 28.1631
13.1707 18.7738 12.7782 19.0194 7.13664 19.5212
6.35264 18.7577 13.1707 18.7738 7.13664 19.5212
2.35767 17.7419 6.35264 18.7577 7.13664 19.5212
0.841907 17.1259 2.35767 17.7419 6.35264 18.7577
6.35264 18.7577 0.841907 17.1259 3.34896 15.9136
2.35767 17.7419 0.186529 18.5044 1.03322 20.1012
0.841907 17.1259 2.35767 17.7419 0.186529 18.5044
0.351844 15.1601 0.841907 17.1259 0.186529 18.5044
0.292755 11.8143 1.95498 12.1509 0.351844 15.1601
0.292755 11.8143 0.351844 15.1601 0.186529 18.5044
2.12431 10.3314 0.292755 11.8143 1.95498 12.1509
1.98049 10.3073 2.12431 10.3314 0.292755 11.8143
3.48043 9.86203 1.98049 10.3073 2.12431 10.3314
1.96138 9.61175 3.48043 9.86203 1.98049 10.3073
1.82141 8.71574 1.96138 9.61175 1.98049 10.3073
1.36591 7.93754 1.30877 8.30271 1.82141 8.71574
1.95568 6.27053 1.36591 7.93754 1.82141 8.71574
1.95568 6.27053 1.82141 8.71574 1.96138 9.61175
1.36591 7.93754 1.95568 6.27053 2.16769 5.3752
1.95568 6.27053 2.1213 6.12002 2.16769 5.3752
3.48043 9.86203 6.50902 9.95971 4.28693 10.0333
3.48043 9.86203 4.28693 10.0333 5.86291 11.2793
6.50902 9.95971 3.48043 9.86203 1.96138 9.61175
12.7904 14.813 10.2417 15.5807 8.7052 15.6988
12.5853 14.556 12.7904 14.813 8.7052 15.6988
12.0411 12.9814 12.5853 14.556 12.7904 14.813
10.3566 12.4586 12.0411 12.9814 12.5853 14.556
8.40617 10.8278 10.3566 12.4586 12.0411 12.9814
6.02614 10.2785 7.0572 10.7665 8.40617 10.8278
7.49095 10.1508 6.02614 10.2785 8.40617 10.8278
7.49095 10.1508 8.40617 10.8278 12.0411 12.9814
4.28693 10.0333 7.49095 10.1508 6.02614 10.2785
7.49095 10.1508 4.28693 10.0333 6.50902 9.95971
6.77808 14.4065 7.0572 10.7665 6.02614 10.2785
8.32604 13.1737 8.13514 14.6618 7.97076 14.9188
8.40617 10.8278 8.32604 13.1737 7.97076 14.9188
7.97076 14.9188 8.40617 10.8278 7.0572 10.7665
4.71199 7.27839 9.00169 7.98488 7.02785 8.63015
3.02688 6.57085 4.71199 7.27839 7.02785 8.63015
2.1213 6.12002 3.02688 6.57085 7.02785 8.63015
2.16769 5.3752 2.1213 6.12002 3.02688 6.57085
4.46168 4.55002 2.16769 5.3752 3.02688 6.57085
5.59198 4.36297 4.46168 4.55002 3.02688 6.57085
4.18991 4.27892 5.59198 4.36297 4.46168 4.55002
2.43374 3.30653 4.18849 3.58163 4.18991 4.27892
2.43374 3.30653 4.18991 4.27892 4.46168 4.55002
4.18849 3.58163 2.43374 3.30653 1.80967 2.91699
0.302374 4.69804 2.43374 3.30653 1.80967 2.91699
9.52913 2.03618 4.18991 4.27892 5.59198 4.36297
4.18991 4.27892 9.52913 2.03618 12.0745 0.88924
9.52913 2.03618 12.3311 1.91091 12.0745 0.88924
9.08049 2.50156 8.44291 2.92788 11.6417 3.85669
9.52913 2.03618 9.08049 2.50156 8.44291 2.92788
9.08049 2.50156 9.52913 2.03618 12.3311 1.91091
4.71199 7.27839 3.02688 6.57085 6.32421 5.45536
7.02785 8.63015 9.00169 7.98488 13.0145 7.41706
13.2724 18.5282 6.35264 18.7577 13.1707 18.7738
13.4518 18.3554 13.2724 18.5282 13.1707 18.7738
13.2724 18.5282 13.4518 18.3554 8.44029 16.4862
20.4554 16.4097 22.3099 16.1309 21.7471 15.62
19.4514 12.7339 16.6804 14.0397 19.0691 14.4463
17.0371 12.649 19.4514 12.7339 16.6804 14.0397
16.0432 11.4646 17.0371 12.649 16.6804 14.0397
15.7315 10.7672 16.0432 11.4646 16.6804 14.0397
15.1644 8.67677 15.7315 10.7672 16.0432 11.4646
16.0432 11.4646 15.1644 8.67677 14.8558 7.28225
15.1644 8.67677 14.3652 9.54661 14.0311 11.9439
14.3652 9.54661 15.1644 8.67677 14.8558 7.28225
14.0311 11.9439 14.3652 9.54661 13.9352 7.57752
16.9456 5.59104 17.3605 5.86539 17.3137 5.97238
17.3137 5.97238 16.9456 5.59104 14.0282 5.40505
14.5547 1.60026 16.9456 5.59104 17.3605 5.86539
16.9456 5.59104 14.5547 1.60026 14.1686 1.0308
14.5547 1.60026 17.0966 1.58614 14.1686 1.0308
24.8694 5.26853 25.9032 6.87709 25.0497 6.93017
25.9032 6.87709 24.8694 5.26853 24.6302 2.23321
41.2544 5.68185 34.6228 5.88503 29.4996 5.92538
44.493 5.68057 41.2544 5.68185 34.6228 5.88503
37.7192 5.5047 44.493 5.68057 41.2544 5.68185
40.3941 5.16442 37.7192 5.5047 44.493 5.68057
49.7446 4.92019 40.3941 5.16442 44.493 5.68057
47.6838 4.81912 49.7446 4.92019 40.3941 5.16442
46.4857 4.73863 47.6838 4.81912 40.3941 5.16442
47.6838 4.81912 46.4857 4.73863 43.8416 2.8576
36.6623 4.35203 40.3941 5.16442 37.7192 5.5047
40.3941 5.16442 36.6623 4.35203 40.0841 3.79819
36.6623 4.35203 27.5071 4.36171 28.6614 4.83903
40.0841 3.79819 36.6623 4.35203 27.5071 4.36171
37.471 3.79307 40.0841 3.79819 27.5071 4.36171
33.4 2.70954 37.471 3.79307 40.0841 3.79819
31.5884 2.28973 35.9 2.34194 33.4 2.70954
31.5884 2.28973 33.4 2.70954 37.471 3.79307
37.1614 2.24778 31.5884 2.28973 35.9 2.34194
40.2929 2.12212 37.1614 2.24778 35.9 2.34194
34.1502 1.96106 40.2929 2.12212 37.1614 2.24778
36.6818 1.9065 34.1502 1.96106 40.2929 2.12212
35.2528 1.76015 30.4148 1.84239 36.6818 1.9065
35.2528 1.76015 36.6818 1.9065 40.2929 2.12212
37.2573 1.67834 35.2528 1.76015 30.4148 1.84239
40.0592 1.65952 37.2573 1.67834 35.2528 1.76015
38.2992 1.50109 40.0592 1.65952 37.2573 1.67834
37.4853 1.11907 38.2992 1.50109 37.2573 1.67834
33.4859 0.356589 36.874 1.08161 37.4853 1.11907
38.2992 1.50109 37.4853 1.11907 36.1357 0.221216
37.4853 1.11907 33.4859 0.356589 36.1357 0.221216
33.4859 0.356589 29.5025 0.331161 36.1357 0.221216
37.4853 1.11907 36.874 1.08161 29.9284 0.842183
47.6462 2.50932 49.5994 2.8275 48.5731 3.74211
47.6462 2.50932 48.5731 3.74211 47.6838 4.81912
48.2997 2.508 47.6462 2.50932 49.5994 2.8275
49.5994 2.8275 48.2997 2.508 50.0179 1.99648
48.5731 3.74211 47.6838 4.81912 49.7446 4.92019
51.3283 3.60468 48.5731 3.74211 49.7446 4.92019
48.5731 3.74211 51.3283 3.60468 53.1765 3.4196
51.3283 3.60468 53.1751 4.5604 53.0925 5.61991
53.1751 4.5604 51.3283 3.60468 53.1765 3.4196
45.7277 1.51405 48.2997 2.508 47.6462 2.50932
45.0233 1.12877 45.7277 1.51405 48.2997 2.508
43.7897 0.682942 45.0233 1.12877 45.7277 1.51405
42.7431 0.548957 44.1601 0.58648 43.7897 0.682942
42.7431 0.548957 43.7897 0.682942 45.7277 1.51405
44.1601 0.58648 42.7431 0.548957 52.951 0.330983
43.7897 0.682942 46.027 0.77449 53.1741 0.99624
53.1741 0.99624 43.7897 0.682942 44.1601 0.58648
50.981 12.262 46.2465 12.1374 40.5708 12.1239
35.9993 13.005 32.3189 13.0562 36.1361 13.0684
36.1361 13.0684 35.9993 13.005 39.9329 12.7227
