107.258 78.7091 106.274 73.8399 93.9984 49.491
100.122 78.2976 107.258 78.7091 119.861 83.0057
76.4256 76.6142 100.122 78.2976 119.861 83.0057
48.7822 72.7234 56.8824 72.8036 76.4256 76.6142
48.7822 72.7234 76.4256 76.6142 119.861 83.0057
56.8824 72.8036 48.7822 72.7234 38.5568 72.083
52.5241 82.3168 40.3995 88.0485 50.7973 88.4923
52.5241 82.3168 50.7973 88.4923 47.2388 102.31
42.4855 78.2132 52.5241 82.3168 40.3995 88.0485
38.5568 72.083 48.7822 72.7234 42.4855 78.2132
38.5568 72.083 42.4855 78.2132 40.3995 88.0485
30.1339 56.0189 38.5568 72.083 40.3995 88.0485
19.778 27.3405 30.1339 56.0189 38.5568 72.083
21.1816 13.6958 26.101 17.2993 20.9335 17.5018
21.1816 13.6958 20.9335 17.5018 19.778 27.3405
8.8987 11.2682 21.1816 13.6958 19.778 27.3405
8.8987 11.2682 19.778 27.3405 30.1339 56.0189
30.1339 56.0189 8.8987 11.2682 2.26092 -0.367063
8.8987 11.2682 9.28812 2.65851 2.26092 -0.367063
9.28812 2.65851 17.7712 2.09755 2.26092 -0.367063
33.6611 26.2514 20.9335 17.5018 26.101 17.2993
30.6455 2.95088 9.28812 2.65851 17.7712 2.09755
70.9723 103.758 70.4513 108.171 60.9203 108.665
62.0093 101.242 70.9723 103.758 60.9203 108.665
60.2755 91.6654 62.0093 101.242 70.9723 103.758
57.3575 83.5395 60.2755 91.6654 70.9723 103.758
60.2755 91.6654 57.3575 83.5395 52.5241 82.3168
57.3575 83.5395 72.5831 86.2516 77.5962 87.1088
52.5241 82.3168 57.3575 83.5395 77.5962 87.1088
77.5962 87.1088 52.5241 82.3168 42.4855 78.2132
71.9177 80.194 42.4855 78.2132 48.7822 72.7234
93.7816 73.6152 100.122 78.2976 107.258 78.7091
98.7991 72.6424 93.7816 73.6152 107.258 78.7091
87.3766 56.7725 98.7991 72.6424 107.258 78.7091
76.2478 47.8924 87.3766 56.7725 98.7991 72.6424
66.4134 41.4054 76.2478 47.8924 98.7991 72.6424
56.8118 27.8336 66.4134 41.4054 76.2478 47.8924
52.7994 27.1805 56.8118 27.8336 66.4134 41.4054
56.8118 27.8336 52.7994 27.1805 51.4468 18.404
69.8183 50.0281 52.7994 27.1805 41.4029 13.5417
52.7994 27.1805 51.4468 18.404 41.4029 13.5417
107.313 122.345 103.048 129.99 100.288 136.341
117.642 103.084 107.313 122.345 100.288 136.341
123.118 91.5517 117.642 103.084 107.313 122.345
119.861 83.0057 123.118 91.5517 107.313 122.345
106.274 73.8399 107.258 78.7091 119.861 83.0057
119.425 60.9134 106.274 73.8399 119.861 83.0057
119.425 60.9134 119.861 83.0057 123.118 91.5517
106.274 73.8399 119.425 60.9134 103.099 59.101
117.642 103.084 123.654 108.838 120.206 117.237
117.642 103.084 120.206 117.237 121.254 129.839
123.654 108.838 117.642 103.084 123.118 91.5517
121.577 72.9189 131.868 122.902 131.384 130.585
130.874 62.4586 128.165 71.2747 121.577 72.9189
119.425 60.9134 130.874 62.4586 121.577 72.9189
119.425 60.9134 121.577 72.9189 131.384 130.585
108.703 56.0731 103.099 59.101 119.425 60.9134
108.703 56.0731 119.425 60.9134 130.874 62.4586
103.626 50.8048 122.227 52.5897 108.703 56.0731
103.626 50.8048 108.703 56.0731 103.099 59.101
102.545 41.2434 103.626 50.8048 103.099 59.101
103.099 59.101 102.545 41.2434 98.2091 33.591
102.545 41.2434 111.049 38.4691 98.2091 33.591
103.626 50.8048 110.306 50.7031 119.547 42.0752
110.306 50.7031 103.626 50.8048 122.227 52.5897
136.066 48.6113 110.306 50.7031 122.227 52.5897
129.734 43.7346 136.066 48.6113 110.306 50.7031
62.1496 22.1805 70.8153 26.635 107.918 27.5522
73.2257 21.2467 62.1496 22.1805 107.918 27.5522
101.943 20.9149 73.2257 21.2467 107.918 27.5522
101.943 20.9149 107.918 27.5522 129.734 43.7346
101.943 20.9149 129.734 43.7346 136.066 48.6113
82.7561 20.8739 101.943 20.9149 73.2257 21.2467
90.0541 17.7908 82.7561 20.8739 73.2257 21.2467
92.4557 12.4507 90.0541 17.7908 73.2257 21.2467
98.2169 6.69888 92.4557 12.4507 73.2257 21.2467
92.4557 12.4507 98.2169 6.69888 107.197 -1.15525
98.2169 6.69888 99.8518 -0.187218 107.197 -1.15525
107.197 -1.15525 99.8518 -0.187218 62.3219 0.0422552
86.8064 -2.92232 107.197 -1.15525 62.3219 0.0422552
69.5932 -3.10065 86.8064 -2.92232 62.3219 0.0422552
143.268 -3.24611 69.5932 -3.10065 86.8064 -2.92232
69.5932 -3.10065 143.268 -3.24611 80.8835 -3.33719
80.2246 29.8646 87.453 27.592 70.8153 26.635
87.453 27.592 107.918 27.5522 70.8153 26.635
70.8153 26.635 81.6922 39.9229 87.6731 41.8962
62.1496 22.1805 70.8153 26.635 81.6922 39.9229
81.6922 39.9229 62.1496 22.1805 48.2975 13.7274
72.7428 7.35129 73.2257 21.2467 62.1496 22.1805
73.2257 21.2467 72.7428 7.35129 76.7125 6.14617
58.2051 7.53694 72.7428 7.35129 76.7125 6.14617
107.133 10.6952 90.0541 17.7908 82.7561 20.8739
90.0541 17.7908 107.133 10.6952 121.357 3.88376
110.822 20.8128 82.7561 20.8739 101.943 20.9149
110.822 20.8128 101.943 20.9149 119.704 23.5319
130.067 18.2584 110.822 20.8128 119.704 23.5319
130.067 18.2584 119.704 23.5319 118.356 28.0196
110.822 20.8128 130.067 18.2584 118.594 12.139
130.972 7.65448 118.594 12.139 130.067 18.2584
130.972 7.65448 130.067 18.2584 130.053 29.9467
118.594 12.139 130.972 7.65448 126.935 -2.30255
136.821 11.5392 130.972 7.65448 126.935 -2.30255
108.703 56.0731 122.227 52.5897 131.094 51.0684
133.397 102.211 132.551 109.639 131.868 122.902
133.397 102.211 131.868 122.902 131.384 130.585
137.29 70.4032 132.905 89.2314 133.397 102.211
137.29 70.4032 133.397 102.211 131.384 130.585
140.225 42.9269 137.634 60.3228 137.29 70.4032
140.225 42.9269 137.29 70.4032 131.384 130.585
137.634 60.3228 140.225 42.9269 141.49 18.2552
140.225 42.9269 139.174 78.3033 137.878 90.4868
139.174 78.3033 140.225 42.9269 141.49 18.2552
133.397 102.211 132.905 89.2314 126.226 82.9332
138.353 98.438 139.123 117.428 139.056 130.971
137.878 90.4868 138.353 98.438 139.056 130.971
139.174 78.3033 137.878 90.4868 138.353 98.438
138.353 98.438 139.174 78.3033 142.308 27.1169
139.056 130.971 139.123 117.428 141.606 108.888
97.9649 123.715 103.048 129.99 100.288 136.341
103.048 129.99 97.9649 123.715 113.059 92.1639
103.048 129.99 107.313 122.345 111.016 107.399
86.3913 87.1022 79.274 98.3425 70.9723 103.758
70.9723 103.758 86.3913 87.1022 86.5649 80.4336
79.274 98.3425 70.9723 103.758 70.4513 108.171
87.4196 96.841 79.274 98.3425 70.4513 108.171
79.274 98.3425 87.4196 96.841 103.908 91.3985
70.4513 108.171 60.9203 108.665 48.5341 112.928
77.7017 106.601 70.4513 108.171 48.5341 112.928
70.4513 108.171 77.7017 106.601 100.965 97.7663
32.9761 90.3265 37.7021 98.5767 41.3937 107.371
37.7021 98.5767 32.9761 90.3265 50.7973 88.4923
32.6919 123.655 30.1829 127.661 19.7236 128.015
37.5362 117.157 32.6919 123.655 30.1829 127.661
30.257 109.531 37.5362 117.157 32.6919 123.655
29.0315 102.464 30.257 109.531 37.5362 117.157
32.9761 90.3265 29.0315 102.464 37.5362 117.157
40.3995 88.0485 50.7973 88.4923 32.9761 90.3265
28.9539 81.118 40.3995 88.0485 32.9761 90.3265
28.9539 81.118 32.9761 90.3265 29.0315 102.464
29.0315 102.464 28.9539 81.118 28.8707 68.5998
30.1829 127.661 19.7236 128.015 19.819 136.45
43.5527 126.359 30.1829 127.661 19.819 136.45
43.5527 126.359 19.819 136.45 8.62613 141.475
56.274 123.796 43.5527 126.359 30.1829 127.661
50.5186 123.187 56.274 123.796 30.1829 127.661
67.5629 117 50.5186 123.187 30.1829 127.661
89.1675 108.623 67.5629 117 30.1829 127.661
30.1829 127.661 89.1675 108.623 106.172 102.855
89.1675 108.623 97.9485 107.055 106.172 102.855
76.1485 133.771 97.9485 107.055 106.172 102.855
43.5527 126.359 57.4984 127.864 52.2617 133.208
57.4984 127.864 43.5527 126.359 56.274 123.796
81.3343 119.798 57.4984 127.864 52.2617 133.208
57.4984 127.864 81.3343 119.798 90.3279 116.311
73.5605 126.831 81.3343 119.798 90.3279 116.311
47.0151 140.651 8.62613 141.475 -2.46686 143.964
33.7733 139.505 79.583 140.359 47.0151 140.651
33.7733 139.505 47.0151 140.651 8.62613 141.475
79.583 140.359 33.7733 139.505 89.564 132.694
72.8096 141.391 58.4886 142.146 40.0377 143.842
58.4886 142.146 72.8096 141.391 47.0151 140.651
72.8096 141.391 113.468 141.598 90.9329 141.879
72.8096 141.391 90.9329 141.879 127.883 142.889
47.0151 140.651 72.8096 141.391 113.468 141.598
113.468 141.598 47.0151 140.651 79.583 140.359
90.9329 141.879 122.892 142.275 136.862 142.935
122.892 142.275 90.9329 141.879 113.468 141.598
19.819 136.45 8.62613 141.475 -2.46686 143.964
12.9659 133.429 19.819 136.45 -2.46686 143.964
3.36021 126.67 12.9659 133.429 19.819 136.45
2.67787 120.237 3.36021 126.67 19.819 136.45
-1.13439 111.578 2.67787 120.237 3.36021 126.67
-0.86771 96.0665 -1.13439 111.578 2.67787 120.237
-0.243948 79.1208 -0.86771 96.0665 2.67787 120.237
-0.0830424 66.5004 -0.243948 79.1208 2.67787 120.237
0.0238074 51.4182 -1.38118 57.1183 -0.0830424 66.5004
0.0238074 51.4182 -0.0830424 66.5004 2.67787 120.237
2.67787 120.237 0.0238074 51.4182 -0.632553 12.4656
0.0238074 51.4182 -1.75793 21.4301 -0.632553 12.4656
136.862 142.935 122.892 142.275 110.309 133.432
-1.13439 111.578 -0.86771 96.0665 -1.21185 93.3654
-1.38118 57.1183 0.0238074 51.4182 -2.72791 40.5521
17.4088 116.302 19.7236 128.015 19.819 136.45
12.3159 98.3019 17.4088 116.302 19.819 136.45
8.94909 90.0908 12.3159 98.3019 19.819 136.45
12.3159 98.3019 8.94909 90.0908 3.61442 30.3123
8.94909 90.0908 6.99735 108.32 10.6084 121.431
6.99735 108.32 8.94909 90.0908 3.61442 30.3123
13.9535 69.3459 17.8698 108.997 17.4088 116.302
12.7428 57.045 13.9535 69.3459 17.8698 108.997
9.59139 51.0844 12.7428 57.045 13.9535 69.3459
9.0775 41.0475 9.59139 51.0844 12.7428 57.045
7.78046 33.4283 9.0775 41.0475 12.7428 57.045
12.7428 57.045 7.78046 33.4283 9.35685 23.1054
10.4075 82.062 9.59139 51.0844 9.0775 41.0475
17.8698 108.997 17.4088 116.302 19.7236 128.015
20.3171 97.0134 17.8698 108.997 19.7236 128.015
20.8034 91.3867 20.3171 97.0134 19.7236 128.015
20.3171 97.0134 20.8034 91.3867 23.2755 57.9132
17.7989 67.3279 20.3171 97.0134 17.8698 108.997
19.6274 47.9764 17.7989 67.3279 20.3171 97.0134
17.7989 67.3279 19.6274 47.9764 17.9986 42.7541
30.257 109.531 29.0315 102.464 22.3977 83.5553
28.8072 9.08048 8.8987 11.2682 21.1816 13.6958
21.1816 13.6958 28.8072 9.08048 53.4614 -3.87737
28.8072 9.08048 42.1572 -0.50061 53.4614 -3.87737
46.2943 59.6926 56.8824 72.8036 76.4256 76.6142
39.8638 56.8922 46.2943 59.6926 56.8824 72.8036
56.8824 72.8036 39.8638 56.8922 31.858 52.2638
39.8638 56.8922 43.532 53.0682 32.9324 39.4366
43.532 53.0682 39.8638 56.8922 46.2943 59.6926
42.8709 39.1987 43.532 53.0682 46.2943 59.6926
37.925 26.0324 42.8709 39.1987 43.532 53.0682
43.532 53.0682 37.925 26.0324 36.1963 20.5465
37.925 26.0324 53.1567 47.708 63.5267 62.5169
53.1567 47.708 37.925 26.0324 36.1963 20.5465
81.2564 73.7667 76.4256 76.6142 100.122 78.2976
72.758 67.521 81.2564 73.7667 76.4256 76.6142
59.5429 49.7919 72.758 67.521 76.4256 76.6142
76.4256 76.6142 59.5429 49.7919 50.7462 37.8552
72.758 67.521 59.5429 49.7919 56.3227 41.4354
73.8289 62.0452 72.758 67.521 81.2564 73.7667
81.2564 73.7667 73.8289 62.0452 76.7101 59.4087
