22.2792 -5.14508 34.7539 -3.17907 34.7065 -0.792099
26.9394 -8.0343 22.2792 -5.14508 34.7539 -3.17907
28.621 -12.0367 26.9394 -8.0343 34.7539 -3.17907
28.6621 -13.6233 28.621 -12.0367 26.9394 -8.0343
27.9889 -16.3911 28.6621 -13.6233 26.9394 -8.0343
34.5566 -17.3678 27.9889 -16.3911 28.6621 -13.6233
22.2888 -17.8539 34.5566 -17.3678 27.9889 -16.3911
14.8795 -18.9954 22.2888 -17.8539 27.9889 -16.3911
10.2175 -20.5513 5.70648 -19.2185 14.8795 -18.9954
10.2175 -20.5513 14.8795 -18.9954 22.2888 -17.8539
13.9283 -21.7245 10.2175 -20.5513 5.70648 -19.2185
0.678729 -23.4212 13.9283 -21.7245 5.70648 -19.2185
22.1794 -24.4519 -5.10634 -23.4873 0.678729 -23.4212
22.1794 -24.4519 0.678729 -23.4212 13.9283 -21.7245
28.5476 -24.8832 22.1794 -24.4519 -5.10634 -23.4873
13.5576 -24.9782 28.5476 -24.8832 -5.10634 -23.4873
30.8739 -25.5624 13.5576 -24.9782 28.5476 -24.8832
33.1665 -27.5373 30.8739 -25.5624 13.5576 -24.9782
22.5229 -29.8495 33.1665 -27.5373 13.5576 -24.9782
25.0713 -32.7503 22.5229 -29.8495 33.1665 -27.5373
33.1665 -27.5373 25.0713 -32.7503 1.00963 -49.4775
-15.4767 -19.8922 -13.6155 -19.4542 -42.7538 -11.9781
-16.0866 -20.6852 -15.4767 -19.8922 -13.6155 -19.4542
0.678729 -23.4212 -16.0866 -20.6852 -13.6155 -19.4542
-16.0866 -20.6852 0.678729 -23.4212 -5.10634 -23.4873
7.92704 -17.0039 -3.96166 -16.2249 -0.345434 -15.7228
7.92704 -17.0039 -0.345434 -15.7228 -47.8964 1.38531
14.8795 -18.9954 7.92704 -17.0039 -3.96166 -16.2249
-3.96166 -16.2249 14.8795 -18.9954 5.70648 -19.2185
-41.7741 -9.50414 -0.345434 -15.7228 -3.96166 -16.2249
-1.99823 -10.5187 -24.0167 2.67908 -28.1985 6.03774
-0.650108 -12.2912 -1.99823 -10.5187 -24.0167 2.67908
8.51495 -15.4224 -0.650108 -12.2912 -1.99823 -10.5187
10.7471 -16.6842 8.51495 -15.4224 -0.650108 -12.2912
7.92704 -17.0039 10.7471 -16.6842 -0.650108 -12.2912
10.7471 -16.6842 7.92704 -17.0039 14.8795 -18.9954
-15.1833 13.4775 -2.65041 -0.135425 8.51495 -15.4224
-30.3115 36.2359 -2.65041 -0.135425 10.7471 -16.6842
-2.65041 -0.135425 8.51495 -15.4224 10.7471 -16.6842
46.6736 -6.35848 36.7241 -9.95098 28.6621 -13.6233
36.7241 -9.95098 28.621 -12.0367 28.6621 -13.6233
37.5422 -24.2293 22.1794 -24.4519 28.5476 -24.8832
6.59048 -42.6628 25.0713 -32.7503 22.5229 -29.8495
25.0713 -32.7503 6.59048 -42.6628 5.00799 -44.8438
-5.32575 -38.2507 -10.3728 -37.7456 -3.10956 -36.775
6.59048 -42.6628 -5.32575 -38.2507 -10.3728 -37.7456
-10.3728 -37.7456 6.59048 -42.6628 5.00799 -44.8438
34.5566 -17.3678 22.2888 -17.8539 26.4701 -19.3285
46.0602 16.8855 25.5594 -1.46898 22.2792 -5.14508
25.5594 -1.46898 13.9248 -1.88982 22.2792 -5.14508
13.7256 -0.137123 6.68164 8.29053 7.92262 12.2552
13.9248 -1.88982 13.7256 -0.137123 6.68164 8.29053
26.9394 -8.0343 22.2792 -5.14508 13.9248 -1.88982
6.68164 8.29053 13.9248 -1.88982 16.215 -8.36956
13.9248 -1.88982 26.9394 -8.0343 16.215 -8.36956
24.4964 10.9408 31.3856 15.0871 29.1354 18.469
24.4964 10.9408 29.1354 18.469 32.8847 25.4231
15.8519 1.22427 17.2943 9.58963 24.4964 10.9408
15.8519 1.22427 24.4964 10.9408 31.3856 15.0871
31.3856 15.0871 15.8519 1.22427 13.9248 -1.88982
15.8519 1.22427 13.7256 -0.137123 13.9248 -1.88982
4.15035 23.9497 0.0271134 25.9979 3.13546 30.7341
14.6201 22.0033 11.9556 22.5981 7.02151 23.1009
4.62654 19.0969 14.6201 22.0033 7.02151 23.1009
4.62654 19.0969 7.02151 23.1009 4.15035 23.9497
4.62654 19.0969 4.15035 23.9497 0.0271134 25.9979
9.01 11.9609 4.62654 19.0969 0.0271134 25.9979
0.0271134 25.9979 9.01 11.9609 15.8519 1.22427
9.01 11.9609 17.2943 9.58963 15.8519 1.22427
4.15035 23.9497 11.2346 29.2857 15.4221 31.6678
15.4221 31.6678 4.15035 23.9497 7.02151 23.1009
26.581 31.021 7.02151 23.1009 11.9556 22.5981
25.0428 26.3921 11.9556 22.5981 14.6201 22.0033
34.6415 20.6408 29.1354 18.469 31.3856 15.0871
3.13546 30.7341 -2.85848 38.1482 16.2274 38.6372
0.0271134 25.9979 3.13546 30.7341 -2.85848 38.1482
3.82208 7.94796 0.0271134 25.9979 -2.85848 38.1482
0.0271134 25.9979 3.82208 7.94796 5.22112 1.70353
3.82208 7.94796 -1.72394 2.81626 5.22112 1.70353
-3.08469 41.4111 -17.8512 41.7859 -2.10418 43.0428
16.2274 38.6372 -3.08469 41.4111 -2.10418 43.0428
24.5032 38.5311 16.2274 38.6372 -2.10418 43.0428
16.2274 38.6372 24.5032 38.5311 35.8474 33.076
-2.85848 38.1482 16.2274 38.6372 -3.08469 41.4111
-14.1753 22.6762 -2.85848 38.1482 -3.08469 41.4111
-3.08469 41.4111 -14.1753 22.6762 -15.7559 21.4023
-8.09578 26.7616 -14.1753 22.6762 -15.7559 21.4023
-17.8512 41.7859 -3.08469 41.4111 -20.6929 38.617
-28.1985 6.03774 -34.365 6.78533 -30.9411 9.51192
-28.1985 6.03774 -30.9411 9.51192 -37.462 23.5594
-24.0167 2.67908 -28.1985 6.03774 -34.365 6.78533
-34.365 6.78533 -24.0167 2.67908 -18.6419 -2.79086
-30.546 -21.8231 -16.0866 -20.6852 -15.4767 -19.8922
-41.6644 -22.5077 -30.546 -21.8231 -15.4767 -19.8922
-35.1141 -22.8806 -41.6644 -22.5077 -30.546 -21.8231
-12.4071 -24.9904 -35.1141 -22.8806 -30.546 -21.8231
-30.546 -21.8231 -12.4071 -24.9904 8.8354 -28.6791
-41.6644 -22.5077 -35.1141 -22.8806 -21.1709 -37.137
