43.2792 137.247 52.4437 148.129 56.9426 149.01
37.3457 133.8 51.789 136.102 43.2792 137.247
37.3457 133.8 43.2792 137.247 52.4437 148.129
33.7597 132.536 37.3457 133.8 52.4437 148.129
31.3303 120.478 33.7597 132.536 37.3457 133.8
59.7186 117.638 42.1196 119.665 31.3303 120.478
48.0874 117.629 59.7186 117.638 31.3303 120.478
42.7015 113.986 48.0874 117.629 31.3303 120.478
27.124 110.374 42.7015 113.986 31.3303 120.478
27.124 110.374 31.3303 120.478 33.7597 132.536
42.7015 113.986 27.124 110.374 22.0827 101.939
49.6708 130.809 73.3081 161.013 81.9774 169.905
81.9774 169.905 49.6708 130.809 42.1196 119.665
49.6708 130.809 31.3303 120.478 42.1196 119.665
22.9165 110.671 19.5682 119.403 18.7047 127.577
27.124 110.374 22.9165 110.671 18.7047 127.577
22.0827 101.939 27.124 110.374 22.9165 110.671
16.6769 89.012 22.0827 101.939 22.9165 110.671
22.9165 110.671 16.6769 89.012 13.0729 86.0757
116.164 133.1 149.558 133.297 131.59 136.948
98.5946 128.189 113.404 129.648 116.164 133.1
90.5671 126.911 98.5946 128.189 116.164 133.1
90.5671 126.911 116.164 133.1 131.59 136.948
72.6994 118.208 80.8477 126.123 90.5671 126.911
72.6994 118.208 90.5671 126.911 98.5946 128.189
98.5946 128.189 72.6994 118.208 83.6072 117.449
72.6994 118.208 59.7186 117.638 83.6072 117.449
59.7186 117.638 48.0874 117.629 83.6072 117.449
41.6014 147.407 73.3081 161.013 81.9774 169.905
28.8904 140.974 41.6014 147.407 73.3081 161.013
73.3081 161.013 28.8904 140.974 22.7993 137.464
28.8904 140.974 48.9471 156.614 61.0565 162.977
48.9471 156.614 28.8904 140.974 22.7993 137.464
61.0565 162.977 48.9471 156.614 29.6423 150.067
9.10936 169.597 -3.47021 170.858 22.1921 172.377
13.9417 157.966 9.10936 169.597 22.1921 172.377
11.1977 129.686 13.9417 157.966 9.10936 169.597
19.5682 119.403 18.7047 127.577 11.1977 129.686
10.2901 119.274 19.5682 119.403 11.1977 129.686
10.2901 119.274 11.1977 129.686 9.10936 169.597
10.0158 96.8089 10.2901 119.274 9.10936 169.597
10.2901 119.274 10.0158 96.8089 10.0122 81.6814
30.6126 168.273 63.2939 172.221 37.6119 172.945
17.9906 158.217 30.7276 162.561 30.6126 168.273
13.9417 157.966 17.9906 158.217 30.6126 168.273
13.9417 157.966 30.6126 168.273 37.6119 172.945
17.9906 158.217 13.9417 157.966 11.1977 129.686
10.0158 96.8089 7.56726 139.143 7.37862 148.415
7.56726 139.143 10.0158 96.8089 10.0122 81.6814
30.7276 162.561 17.9906 158.217 22.3273 152.859
30.6126 168.273 30.7276 162.561 36.6944 156.954
37.6119 172.945 137.626 173.379 91.4076 173.751
63.2939 172.221 37.6119 172.945 137.626 173.379
68.3511 171.91 63.2939 172.221 137.626 173.379
63.2939 172.221 68.3511 171.91 48.9601 169.264
19.5682 119.403 10.2901 119.274 13.1399 111.539
32.9063 99.4465 42.5918 101.408 42.7015 113.986
20.4488 81.9309 30.1974 86.8406 32.9063 99.4465
20.4488 81.9309 32.9063 99.4465 42.7015 113.986
12.081 66.81 16.2166 67.5394 20.4488 81.9309
-0.132668 58.5963 12.081 66.81 20.4488 81.9309
-0.132668 58.5963 20.4488 81.9309 42.7015 113.986
12.081 66.81 -0.132668 58.5963 6.2434 56.2225
-1.45359 97.878 -1.42453 111.462 -0.0139956 129.232
0.545693 77.0546 -1.45359 97.878 -0.0139956 129.232
-0.132668 58.5963 0.545693 77.0546 -1.45359 97.878
-1.29356 49.7503 6.2434 56.2225 -0.132668 58.5963
-1.29356 49.7503 -0.132668 58.5963 -1.45359 97.878
6.51578 48.2992 -1.29356 49.7503 6.2434 56.2225
6.2434 56.2225 6.51578 48.2992 10.0586 41.6341
42.5918 101.408 42.7015 113.986 48.0874 117.629
43.6025 87.0923 42.5918 101.408 48.0874 117.629
42.5168 79.0827 43.6025 87.0923 48.0874 117.629
43.6025 87.0923 42.5168 79.0827 40.1153 71.4333
50.4306 90.0582 58.3187 91.6557 63.0069 98.9249
50.9447 83.5778 50.4306 90.0582 58.3187 91.6557
58.3187 91.6557 50.9447 83.5778 40.1153 71.4333
50.9447 83.5778 42.5168 79.0827 40.1153 71.4333
1.5165 139.545 -0.0139956 129.232 3.56264 121.891
-0.0139956 129.232 1.5165 139.545 -0.0295921 152.244
-1.42453 111.462 -0.0139956 129.232 -0.0295921 152.244
-3.30166 93.9381 -1.42453 111.462 -0.0295921 152.244
-1.42453 111.462 -3.30166 93.9381 -3.86551 71.9872
-3.14638 162.774 -3.30166 93.9381 -3.86551 71.9872
3.17141 43.1241 6.51578 48.2992 -1.29356 49.7503
-0.418126 29.1006 3.17141 43.1241 -1.29356 49.7503
-1.29356 49.7503 -0.418126 29.1006 -0.276757 0.994772
-0.418126 29.1006 2.72167 12.2584 -0.276757 0.994772
3.00029 22.1562 -0.418126 29.1006 3.17141 43.1241
-0.418126 29.1006 3.00029 22.1562 11.1539 1.63781
18.2819 59.7596 12.081 66.81 16.2166 67.5394
12.081 66.81 18.2819 59.7596 22.4872 51.6785
26.097 56.5603 20.4488 81.9309 30.1974 86.8406
33.9112 51.0081 26.097 56.5603 30.1974 86.8406
37.4096 43.4578 33.9112 51.0081 30.1974 86.8406
41.7721 20.5705 39.4663 30.9699 37.4096 43.4578
41.7721 20.5705 37.4096 43.4578 30.1974 86.8406
37.8034 7.03237 41.7721 20.5705 39.4663 30.9699
39.4663 30.9699 37.8034 7.03237 36.3402 2.06229
47.3437 57.1314 47.1798 51.0087 41.7721 20.5705
41.7721 20.5705 47.1798 51.0087 58.4779 72.9426
58.4779 72.9426 41.7721 20.5705 37.8034 7.03237
60.8513 52.195 71.1364 53.1473 68.0544 57.4474
60.8513 52.195 68.0544 57.4474 66.0053 68.0473
52.3912 38.4252 60.8513 52.195 66.0053 68.0473
52.3912 38.4252 66.0053 68.0473 71.4122 80.7572
48.2165 26.4448 52.3912 38.4252 60.8513 52.195
60.8513 52.195 48.2165 26.4448 36.3402 2.06229
48.2165 26.4448 37.8034 7.03237 36.3402 2.06229
52.3912 38.4252 59.2535 60.6178 63.4381 79.8334
63.4381 79.8334 52.3912 38.4252 48.2165 26.4448
23.9435 43.3483 33.9112 51.0081 26.097 56.5603
26.6719 42.2658 23.9435 43.3483 33.9112 51.0081
21.7583 20.4766 11.3068 28.3491 16.8116 31.0658
21.7583 20.4766 16.8116 31.0658 26.6719 42.2658
21.7583 20.4766 26.6719 42.2658 33.9112 51.0081
33.9112 51.0081 21.7583 20.4766 16.1747 1.79937
12.8526 17.0877 21.7583 20.4766 11.3068 28.3491
11.3068 28.3491 12.8526 17.0877 11.7404 13.4133
32.1603 28.6823 37.4096 43.4578 33.9112 51.0081
29.8581 20.2949 32.1603 28.6823 33.9112 51.0081
28.8479 7.35386 29.8581 20.2949 32.1603 28.6823
32.1603 28.6823 28.8479 7.35386 29.4915 -1.40154
21.9337 11.1556 28.8479 7.35386 29.4915 -1.40154
78.0939 46.7824 60.8513 52.195 71.1364 53.1473
73.0332 43.3527 78.0939 46.7824 60.8513 52.195
81.5375 30.7505 73.0332 43.3527 60.8513 52.195
63.0586 26.7148 70.918 28.8892 81.5375 30.7505
67.7851 21.6871 63.0586 26.7148 81.5375 30.7505
88.849 21.5499 67.7851 21.6871 81.5375 30.7505
88.849 21.5499 81.5375 30.7505 73.0332 43.3527
67.7851 21.6871 88.849 21.5499 77.5224 19.8594
63.214 42.1898 70.918 28.8892 63.0586 26.7148
78.0939 46.7824 73.0332 43.3527 82.0612 39.216
32.6629 80.5867 30.1974 86.8406 32.9063 99.4465
33.8936 70.4131 32.6629 80.5867 30.1974 86.8406
32.6629 80.5867 33.8936 70.4131 37.9555 52.6369
47.7847 72.5216 58.3187 91.6557 63.0069 98.9249
63.0069 98.9249 47.7847 72.5216 40.207 57.8781
100.274 112.333 112.407 121.425 113.404 129.648
92.2906 112.172 100.274 112.333 113.404 129.648
100.274 112.333 92.2906 112.172 78.2923 110.366
67.5337 112.368 87.6617 117.507 102.565 121.199
78.2923 110.366 92.2906 112.172 67.5337 112.368
63.7327 109.238 78.2923 110.366 67.5337 112.368
87.6617 117.507 67.5337 112.368 47.8098 108.165
67.5337 112.368 63.7327 109.238 47.8098 108.165
112.407 121.425 113.404 129.648 116.164 133.1
117.383 118.241 112.407 121.425 116.164 133.1
121.931 109.141 117.383 118.241 116.164 133.1
127.389 90.0142 121.931 109.141 116.164 133.1
121.931 109.141 127.389 90.0142 127.157 83.5062
129.119 103.508 130.744 113.965 130.133 123.492
127.389 90.0142 129.119 103.508 130.133 123.492
127.157 83.5062 127.389 90.0142 129.119 103.508
129.119 103.508 127.157 83.5062 131.881 70.3002
122.965 93.8613 127.157 83.5062 131.881 70.3002
78.2923 110.366 63.7327 109.238 50.372 103.015
93.253 102.969 100.274 112.333 112.407 121.425
88.0761 93.3634 81.2638 101.744 93.253 102.969
88.0761 93.3634 93.253 102.969 112.407 121.425
81.2638 101.744 88.0761 93.3634 91.2811 81.6636
108.904 110.031 117.383 118.241 112.407 121.425
107.663 103.81 108.904 110.031 117.383 118.241
116.266 96.0838 107.663 103.81 117.383 118.241
119.036 77.8708 116.266 96.0838 117.383 118.241
119.168 70.2514 119.036 77.8708 116.266 96.0838
119.736 51.726 119.168 70.2514 119.036 77.8708
119.168 70.2514 119.736 51.726 117.878 43.0784
117.878 43.0784 119.736 51.726 127.035 53.1845
127.035 53.1845 117.878 43.0784 106.486 27.468
97.5623 91.2034 107.663 103.81 108.904 110.031
89.6653 62.8346 97.5623 91.2034 107.663 103.81
87.3634 53.6823 80.73 57.3267 89.6653 62.8346
87.3634 53.6823 89.6653 62.8346 107.663 103.81
80.73 57.3267 87.3634 53.6823 89.5868 42.064
98.3102 97.8754 97.5623 91.2034 89.6653 62.8346
89.6653 62.8346 87.5768 66.7146 79.6367 67.245
68.548 92.4763 79.6367 67.245 80.73 57.3267
79.6367 67.245 89.6653 62.8346 80.73 57.3267
87.5768 66.7146 81.7743 76.1301 76.6138 91.1275
87.5768 66.7146 76.6138 91.1275 71.8664 101.715
71.8664 101.715 87.5768 66.7146 89.6653 62.8346
109.572 91.3821 116.266 96.0838 107.663 103.81
102.659 83.7463 109.572 91.3821 107.663 103.81
109.572 91.3821 102.659 83.7463 96.6889 70.6406
98.9815 59.4344 109.369 79.8144 109.572 91.3821
109.369 79.8144 98.9815 59.4344 86.4257 29.9549
109.369 79.8144 109.572 91.3821 116.266 96.0838
110.477 70.0345 109.369 79.8144 116.266 96.0838
110.304 60.9368 110.477 70.0345 116.266 96.0838
107.988 42.7911 110.304 60.9368 116.266 96.0838
110.304 60.9368 107.988 42.7911 102.296 41.5693
107.988 42.7911 111.652 51.5783 116.007 59.8117
116.007 59.8117 107.988 42.7911 102.914 29.4939
107.988 42.7911 102.296 41.5693 102.914 29.4939
102.914 29.4939 102.296 41.5693 102.009 46.5157
99.427 18.1566 109.844 18.634 102.914 29.4939
99.427 18.1566 102.914 29.4939 102.009 46.5157
96.0993 10.7848 99.427 18.1566 109.844 18.634
87.3914 10.4792 96.0993 10.7848 99.427 18.1566
96.0993 10.7848 87.3914 10.4792 71.5125 6.18771
79.0261 11.4414 61.9271 12.578 58.7687 16.0329
79.0261 11.4414 58.7687 16.0329 49.008 19.9455
87.3914 10.4792 79.0261 11.4414 49.008 19.9455
71.5125 6.18771 87.3914 10.4792 79.0261 11.4414
61.4053 2.10779 71.5125 6.18771 79.0261 11.4414
71.5125 6.18771 61.4053 2.10779 77.3367 1.08377
99.3798 2.56007 77.3367 1.08377 107.748 -0.619194
77.3367 1.08377 61.4053 2.10779 51.543 2.67648
93.6617 -1.52966 107.748 -0.619194 77.3367 1.08377
93.6617 -1.52966 77.3367 1.08377 51.543 2.67648
51.543 2.67648 93.6617 -1.52966 66.8359 -2.23632
58.7687 16.0329 61.9271 12.578 52.0634 7.42099
102.914 29.4939 109.844 18.634 121.85 0.529913
109.844 18.634 116.354 8.35358 121.85 0.529913
110.875 9.78257 116.354 8.35358 121.85 0.529913
132.834 133 116.164 133.1 149.558 133.297
116.164 133.1 132.834 133 143.981 132.648
159.556 161.123 96.3393 161.418 133.811 162.149
170.586 161.075 159.556 161.123 133.811 162.149
149.263 153.185 170.586 161.075 159.556 161.123
88.914 153.161 149.263 153.185 159.556 161.123
126.681 152.338 88.914 153.161 149.263 153.185
141.221 148.639 126.681 152.338 149.263 153.185
147.574 142.566 141.221 148.639 149.263 153.185
149.558 133.297 131.59 136.948 147.574 142.566
149.558 133.297 147.574 142.566 149.263 153.185
151.548 122.887 149.558 133.297 149.263 153.185
150.001 109.639 151.548 122.887 149.558 133.297
148.808 98.7575 150.001 109.639 149.558 133.297
148.435 89.4606 148.808 98.7575 150.001 109.639
148.568 79.6123 148.435 89.4606 150.001 109.639
150.001 109.639 148.568 79.6123 149.726 58.7586
143.987 79.857 148.435 89.4606 148.808 98.7575
137.799 63.2718 143.987 79.857 148.808 98.7575
143.987 79.857 137.799 63.2718 137.671 47.8228
137.799 63.2718 139.873 88.1446 139.674 103.212
133.552 11.1693 137.671 47.8228 137.799 63.2718
133.552 11.1693 137.799 63.2718 139.674 103.212
146.156 1.96146 149.302 6.67237 139.677 7.38812
146.156 1.96146 139.677 7.38812 133.552 11.1693
142.506 -0.664099 146.156 1.96146 133.552 11.1693
139.674 103.212 133.552 11.1693 131.446 -2.99254
133.552 11.1693 142.506 -0.664099 131.446 -2.99254
139.344 19.4589 139.724 33.509 139.427 39.2287
139.724 33.509 139.344 19.4589 139.677 7.38812
139.344 19.4589 133.552 11.1693 139.677 7.38812
139.873 88.1446 139.674 103.212 141.104 111.538
141.104 111.538 139.873 88.1446 139.048 71.039
139.674 103.212 141.104 111.538 141.443 123.174
132.925 58.7979 139.674 103.212 141.443 123.174
141.443 123.174 132.925 58.7979 129.153 42.0578
129.698 29.0543 132.925 58.7979 139.674 103.212
121.155 19.9561 123.899 27.4278 129.698 29.0543
139.674 103.212 129.698 29.0543 130.826 17.2217
129.698 29.0543 121.155 19.9561 130.826 17.2217
148.435 89.4606 148.568 79.6123 148.135 23.3151
152.056 69.1443 150.001 109.639 151.548 122.887
153.441 46.6775 157.844 58.8163 152.056 69.1443
153.436 38.0343 153.441 46.6775 152.056 69.1443
153.436 38.0343 152.056 69.1443 150.001 109.639
150.001 109.639 153.436 38.0343 151.714 32.1838
152.056 69.1443 159.229 70.0897 166.764 71.1367
157.844 58.8163 152.056 69.1443 159.229 70.0897
161.885 29.2442 157.844 58.8163 159.229 70.0897
162.659 20.1003 161.885 29.2442 159.229 70.0897
163.66 13.9714 166.254 18.4645 162.659 20.1003
161.885 29.2442 162.659 20.1003 160.928 3.1551
162.659 20.1003 163.66 13.9714 160.928 3.1551
163.66 13.9714 166.836 10.2722 160.928 3.1551
162.278 51.8281 163.054 40.2441 166.254 18.4645
163.054 40.2441 162.659 20.1003 166.254 18.4645
167.383 96.1531 168.146 106.371 173.705 121.483
167.709 80.6217 167.383 96.1531 173.705 121.483
166.764 71.1367 167.709 80.6217 173.705 121.483
168.087 61.0891 159.229 70.0897 166.764 71.1367
168.087 61.0891 166.764 71.1367 173.705 121.483
172.418 47.4457 168.087 61.0891 159.229 70.0897
159.229 70.0897 172.418 47.4457 170.906 43.0723
173.792 29.4594 170.906 43.0723 172.418 47.4457
173.792 29.4594 172.418 47.4457 173.732 91.2135
170.906 43.0723 173.792 29.4594 173.279 3.92772
161.989 113.463 167.709 80.6217 166.764 71.1367
166.443 138.819 167.383 96.1531 167.709 80.6217
169.802 131.811 168.146 106.371 167.383 96.1531
157.655 146.907 166.725 147.347 149.263 153.185
162.368 139.109 157.655 146.907 166.725 147.347
159.999 131.402 162.368 139.109 166.725 147.347
156.462 123.542 159.999 131.402 162.368 139.109
157.473 102.082 156.462 123.542 159.999 131.402
159.999 131.402 157.473 102.082 156.27 79.8257
166.725 147.347 149.263 153.185 170.586 161.075
170.586 161.075 166.725 147.347 157.126 90.6547
146.34 163.589 148.428 167.538 166.289 167.573
136.708 163.111 146.34 163.589 148.428 167.538
146.34 163.589 136.708 163.111 133.811 162.149
136.708 163.111 107.992 162.781 133.811 162.149
113.073 166.402 116.544 169.102 131.688 171.527
107.992 162.781 113.073 166.402 116.544 169.102
96.3393 161.418 133.811 162.149 107.992 162.781
96.3393 161.418 107.992 162.781 116.544 169.102
88.4305 160.048 96.3393 161.418 116.544 169.102
96.3393 161.418 88.4305 160.048 121.446 157.225
162.78 171.42 113.073 166.402 107.992 162.781
131.688 171.527 116.544 169.102 100.08 168.951
109.043 152.159 126.681 152.338 88.914 153.161
101.178 151.76 109.043 152.159 88.914 153.161
72.7706 150.088 101.178 151.76 88.914 153.161
101.178 151.76 72.7706 150.088 76.0331 149.739
90.2783 143.928 101.178 151.76 109.043 152.159
79.3845 141.48 90.2783 143.928 101.178 151.76
90.2783 143.928 79.3845 141.48 62.4388 136.226
79.3845 141.48 67.4551 141.184 62.4388 136.226
77.2111 158.949 67.4551 141.184 62.4388 136.226
120.205 148.407 141.221 148.639 126.681 152.338
126.681 152.338 120.205 148.407 97.1536 136.259
120.205 148.407 113.616 142.221 97.1536 136.259
143.408 142.11 147.574 142.566 141.221 148.639
119.871 138.018 143.408 142.11 147.574 142.566
147.574 142.566 119.871 138.018 66.8941 126.26
143.408 142.11 119.871 138.018 61.442 131.718
