37.4063 50.4736 52.6741 52.296 64.3023 58.1992
36.535 50.2277 37.4063 50.4736 52.6741 52.296
6.70694 45.3436 14.2435 47.712 36.535 50.2277
6.70694 45.3436 36.535 50.2277 52.6741 52.296
0.266364 39.6872 6.70694 45.3436 52.6741 52.296
52.6741 52.296 0.266364 39.6872 3.21115 37.9177
6.70694 45.3436 4.59933 54.4514 0.0370522 59.0284
0.0370522 59.0284 6.70694 45.3436 0.266364 39.6872
49.2328 85.2458 54 86.394 47.5456 88.6197
31.9778 65.0702 49.2328 85.2458 54 86.394
27.4293 62.4113 31.9778 65.0702 49.2328 85.2458
21.9737 57.628 27.4293 62.4113 31.9778 65.0702
23.7527 50.4363 21.9737 57.628 31.9778 65.0702
36.535 50.2277 23.7527 50.4363 31.9778 65.0702
23.7527 50.4363 36.535 50.2277 14.2435 47.712
56.9956 94.4901 18.2044 94.5135 43.4864 97.4078
19.2261 92.882 56.9956 94.4901 18.2044 94.5135
19.4938 88.8918 19.2261 92.882 18.2044 94.5135
18.2044 94.5135 19.4938 88.8918 21.9737 57.628
19.4938 88.8918 27.4293 62.4113 21.9737 57.628
37.4063 50.4736 55.8584 64.3136 61.2961 75.107
61.2961 75.107 37.4063 50.4736 36.535 50.2277
61.0269 67.5251 76.2 78.4962 78.7202 81.065
55.8584 64.3136 61.0269 67.5251 78.7202 81.065
61.0269 67.5251 55.8584 64.3136 37.4063 50.4736
95.3823 69.1437 92.6678 72.9534 93.3565 77.1468
95.3823 69.1437 93.3565 77.1468 91.5967 96.9056
93.2483 62.9549 95.3823 69.1437 92.6678 72.9534
75.5841 62.5398 93.2483 62.9549 92.6678 72.9534
64.3023 58.1992 75.5841 62.5398 92.6678 72.9534
52.6741 52.296 64.3023 58.1992 75.5841 62.5398
57.3183 51.4285 52.6741 52.296 75.5841 62.5398
52.6741 52.296 57.3183 51.4285 31.1575 37.6251
91.4301 81.5473 93.3565 77.1468 92.6678 72.9534
73.7696 58.3558 84.7965 60.0653 75.5841 62.5398
71.2778 54.199 73.7696 58.3558 84.7965 60.0653
61.5233 38.8716 71.2778 54.199 73.7696 58.3558
46.4794 25.4902 61.5233 38.8716 73.7696 58.3558
42.1757 20.6781 67.1748 21.5459 46.4794 25.4902
42.1757 20.6781 46.4794 25.4902 73.7696 58.3558
8.40165 18.6092 2.76648 19.899 42.1757 20.6781
8.40165 18.6092 42.1757 20.6781 67.1748 21.5459
2.76648 19.899 8.40165 18.6092 7.74126 4.80091
34.6772 24.4836 42.1757 20.6781 2.76648 19.899
84.7965 60.0653 75.5841 62.5398 93.2483 62.9549
93.2483 62.9549 84.7965 60.0653 88.7903 51.1331
67.1748 21.5459 66.9538 19.9066 47.4623 6.76383
98.0742 48.0231 97.7431 49.5169 93.1537 92.5306
89.6321 44.4951 98.0742 48.0231 97.7431 49.5169
67.8645 34.4424 89.6321 44.4951 98.0742 48.0231
65.1774 32.8638 67.8645 34.4424 98.0742 48.0231
79.9359 31.4401 89.6248 32.7115 65.1774 32.8638
60.8884 28.8566 79.9359 31.4401 65.1774 32.8638
46.4794 25.4902 60.8884 28.8566 65.1774 32.8638
46.4794 25.4902 65.1774 32.8638 67.8645 34.4424
67.1748 21.5459 46.4794 25.4902 60.8884 28.8566
74.5015 19.3601 66.9538 19.9066 67.1748 21.5459
74.5015 19.3601 67.1748 21.5459 60.8884 28.8566
66.9538 19.9066 74.5015 19.3601 67.2004 13.3675
80.7808 22.0026 79.9359 31.4401 89.6248 32.7115
80.786 4.23554 81.1074 20.474 80.7808 22.0026
80.786 4.23554 80.7808 22.0026 79.9359 31.4401
79.9359 31.4401 80.786 4.23554 76.4787 1.81038
95.3413 6.3986 80.786 4.23554 76.4787 1.81038
80.7808 22.0026 81.1074 20.474 87.9826 17.5979
78.7202 81.065 76.2 78.4962 64.4633 63.56
47.5456 88.6197 54 86.394 62.0408 86.2986
19.2261 92.882 19.4938 88.8918 25.6873 85.2888
