-6.01423 -40.3999 12.3449 -12.8293 12.1375 -12.5068
12.3449 -12.8293 -6.01423 -40.3999 -8.87476 -48.1994
1.1161 -26.4944 4.95531 -18.1504 7.84671 -16.6159
-6.01423 -40.3999 -1.3291 -27.2671 1.1161 -26.4944
-6.01423 -40.3999 1.1161 -26.4944 7.84671 -16.6159
-1.3291 -27.2671 -6.01423 -40.3999 -8.87476 -48.1994
-0.0407722 43.107 5.06616 44.04 1.67332 46.6413
2.65401 41.7478 -0.0407722 43.107 5.06616 44.04
1.94993 31.4536 2.65401 41.7478 5.06616 44.04
2.18511 27.2348 1.94993 31.4536 5.06616 44.04
4.32735 14.9829 2.18511 27.2348 5.06616 44.04
4.31154 -10.0347 4.32735 14.9829 5.06616 44.04
4.95531 -18.1504 4.31154 -10.0347 5.06616 44.04
4.31154 -10.0347 4.95531 -18.1504 1.1161 -26.4944
12.1375 -12.5068 22.4232 4.17832 19.4552 8.14179
12.3449 -12.8293 12.1375 -12.5068 22.4232 4.17832
22.4232 4.17832 12.3449 -12.8293 7.3776 -23.0561
19.2135 28.3847 26.9752 33.8339 19.4869 35.071
15.5125 26.3203 19.2135 28.3847 19.4869 35.071
19.7751 14.3065 15.5125 26.3203 19.2135 28.3847
19.4552 8.14179 18.5991 13.5811 19.7751 14.3065
22.4232 4.17832 19.4552 8.14179 19.7751 14.3065
22.4232 4.17832 19.7751 14.3065 19.2135 28.3847
24.5645 -8.32561 22.4232 4.17832 19.2135 28.3847
19.3992 -10.6776 22.5615 -8.50096 24.5645 -8.32561
19.2135 28.3847 24.5645 -8.32561 25.5975 -14.8119
24.5645 -8.32561 19.3992 -10.6776 25.5975 -14.8119
11.9746 16.3222 19.7751 14.3065 18.5991 13.5811
19.3992 -10.6776 17.8205 -9.06836 20.1776 -1.46049
23.4509 -17.6756 25.5975 -14.8119 19.3992 -10.6776
23.4509 -17.6756 19.3992 -10.6776 17.8205 -9.06836
21.7955 -18.4785 23.4509 -17.6756 17.8205 -9.06836
16.4148 -39.8299 21.7955 -18.4785 23.4509 -17.6756
15.511 -41.1031 16.4148 -39.8299 21.7955 -18.4785
16.4148 -39.8299 15.511 -41.1031 20.5717 -45.3211
20.1776 -1.46049 17.8205 -9.06836 13.5487 -22.1228
17.8205 -9.06836 15.5262 -21.8358 13.5487 -22.1228
17.3721 -22.1674 15.5262 -21.8358 17.8205 -9.06836
14.2471 -25.9018 17.3721 -22.1674 15.5262 -21.8358
12.2691 -28.0902 14.2471 -25.9018 15.5262 -21.8358
7.25658 -31.1274 12.2691 -28.0902 15.5262 -21.8358
1.31942 -37.1468 7.25658 -31.1274 15.5262 -21.8358
15.5262 -21.8358 1.31942 -37.1468 -7.88199 -47.059
-3.25633 -43.6522 1.31942 -37.1468 7.25658 -31.1274
1.31942 -37.1468 -3.25633 -43.6522 -6.52451 -47.3709
7.25658 -31.1274 11.6026 -32.5404 6.29058 -37.2551
11.6026 -32.5404 7.25658 -31.1274 12.2691 -28.0902
12.2691 -28.0902 11.6026 -32.5404 10.1257 -48.7822
11.6026 -32.5404 10.4285 -37.1517 10.1257 -48.7822
11.6026 -32.5404 10.4285 -37.1517 1.87141 -47.9747
28.049 -3.48304 29.3966 4.83736 30.3231 5.23595
27.0299 -4.12613 28.049 -3.48304 29.3966 4.83736
25.5975 -14.8119 27.0299 -4.12613 28.049 -3.48304
26.0745 -21.4631 23.4509 -17.6756 25.5975 -14.8119
26.0745 -21.4631 25.5975 -14.8119 28.049 -3.48304
28.1993 -24.6831 26.0745 -21.4631 23.4509 -17.6756
23.4509 -17.6756 28.1993 -24.6831 23.6966 -35.6813
25.209 10.0781 27.0299 -4.12613 25.5975 -14.8119
31.9304 18.1077 31.1401 31.6582 26.9752 33.8339
37.789 13.3958 31.9304 18.1077 31.1401 31.6582
33.6367 8.7938 37.789 13.3958 31.9304 18.1077
31.9413 3.65545 33.6367 8.7938 31.9304 18.1077
29.1129 -14.2049 31.9413 3.65545 31.9304 18.1077
31.9304 18.1077 29.1129 -14.2049 28.4012 -22.1921
29.1129 -14.2049 28.8252 -19.9404 28.4012 -22.1921
28.8252 -19.9404 45.7857 -20.07 28.4012 -22.1921
32.1182 -19.2277 28.8252 -19.9404 45.7857 -20.07
26.9752 33.8339 19.4869 35.071 29.3031 36.3374
31.1401 31.6582 26.9752 33.8339 29.3031 36.3374
37.0618 27.1485 31.1401 31.6582 29.3031 36.3374
37.0618 27.1485 29.3031 36.3374 27.8002 38.8058
27.8002 38.8058 37.0618 27.1485 44.8521 18.0896
40.8225 3.00758 33.6367 8.7938 37.789 13.3958
37.789 13.3958 40.8225 3.00758 46.8441 0.101097
31.1401 31.6582 37.0618 27.1485 49.4396 7.11469
18.5991 13.5811 19.4552 8.14179 9.55515 7.24428
-17.647 40.4819 2.65401 41.7478 -0.0407722 43.107
-18.9903 39.3625 -17.647 40.4819 2.65401 41.7478
-9.48819 39.2973 -18.9903 39.3625 2.65401 41.7478
-18.8308 34.1799 -9.48819 39.2973 2.65401 41.7478
-9.48819 39.2973 -18.8308 34.1799 -22.2687 33.7279
-17.647 40.4819 -18.5754 40.8183 -26.9441 41.7706
-26.9441 41.7706 -17.647 40.4819 -18.9903 39.3625
-18.5754 40.8183 -19.0802 43.0518 -16.5062 45.372
-16.5062 45.372 -18.5754 40.8183 -17.647 40.4819
-22.2687 33.7279 -18.8308 34.1799 -12.8568 34.2996
-25.1311 31.0171 -22.2687 33.7279 -12.8568 34.2996
-12.8568 34.2996 -25.1311 31.0171 -22.4607 29.6603
-18.9903 39.3625 -9.48819 39.2973 -33.7869 34.7644
-22.2687 33.7279 -25.1311 31.0171 -40.2812 29.1294
2.65401 41.7478 1.94993 31.4536 -0.979255 -4.52348
1.94993 31.4536 2.18511 27.2348 0.748 -14.4911
-5.63173 -23.8731 -13.6771 -21.5146 -9.52763 -18.8212
1.1161 -26.4944 -5.33882 -26.3548 -5.63173 -23.8731
1.1161 -26.4944 -5.63173 -23.8731 -9.52763 -18.8212
-1.3291 -27.2671 1.1161 -26.4944 -5.33882 -26.3548
-6.67713 -31.3675 -1.3291 -27.2671 -5.33882 -26.3548
-16.0712 -43.2371 -6.67713 -31.3675 -1.3291 -27.2671
-1.3291 -27.2671 -16.0712 -43.2371 -18.1021 -45.8042
-16.0712 -43.2371 -14.7736 -38.8521 -11.1666 -27.8442
-14.7736 -38.8521 -16.0712 -43.2371 -18.1021 -45.8042
-2.95785 7.07379 0.305071 13.5333 -0.255485 13.7393
-8.5551 -8.18902 -2.95785 7.07379 0.305071 13.5333
-9.91441 -11.7828 -8.5551 -8.18902 0.305071 13.5333
-13.6771 -21.5146 -9.52763 -18.8212 -9.91441 -11.7828
-13.6771 -21.5146 -9.91441 -11.7828 -8.5551 -8.18902
-15.2501 -22.9969 -13.6771 -21.5146 -8.5551 -8.18902
-18.0962 -27.8182 -15.2501 -22.9969 -8.5551 -8.18902
-15.2501 -22.9969 -18.0962 -27.8182 -23.4126 -39.7759
-18.0962 -27.8182 -23.9933 -37.0773 -23.4126 -39.7759
-29.9372 -26.5903 -23.9933 -37.0773 -23.4126 -39.7759
-20.7423 -14.9042 -18.0271 -6.3843 -9.77517 26.8938
-20.7423 -14.9042 -9.77517 26.8938 -7.40302 36.3031
-20.5001 -24.8722 -20.7423 -14.9042 -18.0271 -6.3843
-18.0962 -27.8182 -20.5001 -24.8722 -18.0271 -6.3843
-20.5001 -24.8722 -18.0962 -27.8182 -23.9933 -37.0773
-27.8069 14.183 -34.0985 23.9383 -36.2975 26.9422
-26.7253 11.9767 -27.8069 14.183 -36.2975 26.9422
-25.3869 9.5861 -20.4079 9.66106 -26.7253 11.9767
-25.3869 9.5861 -26.7253 11.9767 -36.2975 26.9422
-23.1228 5.2016 -25.3869 9.5861 -20.4079 9.66106
-20.7423 -14.9042 -23.1228 5.2016 -20.4079 9.66106
-23.1228 5.2016 -20.7423 -14.9042 -20.5001 -24.8722
-17.8084 25.4839 -27.8069 14.183 -26.7253 11.9767
-10.9545 24.9147 -22.055 13.814 -26.7253 11.9767
-26.7253 11.9767 -22.055 13.814 -19.0813 14.2336
-19.0813 14.2336 -26.7253 11.9767 -20.4079 9.66106
-11.2041 15.2957 -9.77517 26.8938 -7.40302 36.3031
-9.77517 26.8938 -11.2041 15.2957 -13.5914 4.70273
-11.2041 15.2957 -7.85464 13.9396 -13.5914 4.70273
-24.6179 4.00503 -23.1228 5.2016 -25.3869 9.5861
-38.0191 -24.8506 -24.6179 4.00503 -23.1228 5.2016
-23.1228 5.2016 -38.0191 -24.8506 -37.4138 -26.0964
-36.3317 -25.3494 -28.0745 -20.52 -30.1167 -16.6831
-37.4138 -26.0964 -36.3317 -25.3494 -30.1167 -16.6831
-40.552 -28.607 -37.4138 -26.0964 -36.3317 -25.3494
-36.3317 -25.3494 -40.552 -28.607 -32.7515 -29.0609
-42.1264 9.76537 -41.3428 10.0338 -37.0569 10.7376
-42.1451 5.24636 -42.1264 9.76537 -37.0569 10.7376
-41.1975 4.4223 -42.1451 5.24636 -37.0569 10.7376
-38.3153 -18.1558 -41.1975 4.4223 -42.1451 5.24636
-38.0191 -24.8506 -38.3153 -18.1558 -42.1451 5.24636
-42.1451 5.24636 -38.0191 -24.8506 -40.552 -28.607
-38.0191 -24.8506 -37.4138 -26.0964 -40.552 -28.607
-33.9614 3.68581 -38.3153 -18.1558 -38.0191 -24.8506
-43.6632 2.03949 -42.1451 5.24636 -42.1264 9.76537
-42.1264 9.76537 -43.6632 2.03949 -46.1987 -8.51979
-42.1451 5.24636 -43.6632 2.03949 -43.4336 -8.76869
