31.4286 152.049 28.4755 162.573 26.5581 168.569
39.3699 122.943 31.4286 152.049 26.5581 168.569
26.5581 168.569 39.3699 122.943 41.3714 112.947
39.3699 122.943 42.1325 127.326 40.2584 137.988
42.1325 127.326 39.3699 122.943 41.3714 112.947
59.2503 177.762 33.6097 177.932 52.1285 186.94
50.3896 176.363 59.2503 177.762 33.6097 177.932
43.1923 176.25 50.3896 176.363 33.6097 177.932
37.0601 169.102 43.1923 176.25 33.6097 177.932
26.5581 168.569 37.0601 169.102 33.6097 177.932
21.4034 162.419 26.5581 168.569 33.6097 177.932
33.6097 177.932 21.4034 162.419 3.57845 143.881
28.4755 162.573 26.5581 168.569 37.0601 169.102
46.7665 161.505 28.4755 162.573 37.0601 169.102
62.9646 152.845 46.7665 161.505 37.0601 169.102
66.5202 146.997 62.9646 152.845 46.7665 161.505
82.4761 138.995 58.1545 141.426 66.5202 146.997
82.4761 138.995 66.5202 146.997 62.9646 152.845
67.553 136.911 82.4761 138.995 58.1545 141.426
60.6167 130.524 67.553 136.911 58.1545 141.426
59.0169 119.227 60.6167 130.524 58.1545 141.426
62.6754 112.165 59.0169 119.227 60.6167 130.524
60.6167 130.524 62.6754 112.165 68.8308 92.9158
10.8172 147.841 21.4034 162.419 26.5581 168.569
26.5581 168.569 10.8172 147.841 -0.815654 130.375
38.8303 160.345 46.7665 161.505 28.4755 162.573
46.7437 151.64 38.8303 160.345 46.7665 161.505
49.8822 137.188 40.545 149.866 46.7437 151.64
49.8822 137.188 46.7437 151.64 46.7665 161.505
52.9794 130.289 49.8822 137.188 46.7665 161.505
52.5608 106.305 51.9581 117.427 52.9794 130.289
59.2439 98.0957 52.5608 106.305 52.9794 130.289
60.9258 93.2071 59.2439 98.0957 52.9794 130.289
60.9258 93.2071 52.9794 130.289 46.7665 161.505
63.0067 81.0674 60.9258 93.2071 59.2439 98.0957
59.2439 98.0957 63.0067 81.0674 61.5127 67.1165
47.0433 100.006 51.9581 117.427 52.9794 130.289
51.9581 117.427 47.0433 100.006 39.0536 70.3336
47.0433 100.006 41.8266 86.3174 39.0536 70.3336
47.0433 100.006 41.8266 86.3174 37.5722 76.0165
68.839 30.1374 66.4792 39.7785 67.4467 50.724
60.9258 93.2071 63.0067 81.0674 77.3819 12.9623
63.0067 81.0674 67.4467 50.724 77.3819 12.9623
67.4467 50.724 68.839 30.1374 77.3819 12.9623
68.839 30.1374 67.5634 22.9349 77.3819 12.9623
67.5634 22.9349 63.1701 16.95 77.3819 12.9623
58.1074 60.6531 67.4467 50.724 66.4792 39.7785
56.1021 47.4737 49.0706 80.0489 47.7015 91.2183
56.6316 41.6834 56.1021 47.4737 49.0706 80.0489
57.8758 29.2988 56.6316 41.6834 56.1021 47.4737
63.1701 16.95 39.2826 21.7944 53.7397 23.7403
63.1701 16.95 53.7397 23.7403 57.8758 29.2988
63.1701 16.95 57.8758 29.2988 56.1021 47.4737
77.3819 12.9623 63.1701 16.95 39.2826 21.7944
66.1656 12.5589 77.3819 12.9623 39.2826 21.7944
53.5382 11.4439 66.1656 12.5589 39.2826 21.7944
63.4722 8.54358 32.8962 11.3001 53.5382 11.4439
63.4722 8.54358 53.5382 11.4439 66.1656 12.5589
32.8962 11.3001 63.4722 8.54358 76.501 2.71868
9.39082 108.558 10.8884 118.167 20.4505 142.454
9.39082 108.558 20.4505 142.454 23.6933 151.55
7.92448 98.8868 0.583973 103.108 9.39082 108.558
7.92448 98.8868 9.39082 108.558 23.6933 151.55
10.3051 90.7054 7.92448 98.8868 0.583973 103.108
40.9963 50.1227 16.2081 83.5737 10.3051 90.7054
40.9963 50.1227 10.3051 90.7054 0.583973 103.108
49.2717 40.5014 40.9963 50.1227 16.2081 83.5737
53.6106 32.0804 49.2717 40.5014 40.9963 50.1227
40.9963 50.1227 53.6106 32.0804 53.7397 23.7403
53.6106 32.0804 57.8758 29.2988 53.7397 23.7403
2.40208 110.699 9.39082 108.558 0.583973 103.108
30.1613 71.258 38.2406 61.8666 49.2717 40.5014
18.7191 108.762 17.0495 122.039 22.6921 132.799
23.2117 100.966 18.7191 108.762 22.6921 132.799
26.0404 93.9626 23.2117 100.966 18.7191 108.762
38.2406 61.8666 26.0404 93.9626 18.7191 108.762
49.2717 40.5014 38.2406 61.8666 26.0404 93.9626
26.0404 93.9626 49.2717 40.5014 53.6106 32.0804
28.1834 108.1 32.2994 118.92 29.4786 133.82
32.2994 118.92 28.1834 108.1 26.0404 93.9626
28.1834 108.1 23.2117 100.966 26.0404 93.9626
52.1038 49.682 48.7309 60.4379 46.384 66.9585
46.384 66.9585 52.1038 49.682 57.8758 29.2988
52.1038 49.682 56.6316 41.6834 57.8758 29.2988
32.2994 118.92 29.4786 133.82 31.0447 136.556
31.0447 136.556 32.2994 118.92 36.5799 100.069
32.2994 118.92 33.3091 101.552 36.5799 100.069
17.8216 87.8309 10.3051 90.7054 7.92448 98.8868
7.92448 98.8868 17.8216 87.8309 28.3871 76.9297
11.7361 141.736 20.4505 142.454 23.6933 151.55
8.47623 131.416 11.7361 141.736 20.4505 142.454
11.7361 141.736 8.47623 131.416 -1.91857 122.295
19.4991 19.3522 39.2826 21.7944 53.7397 23.7403
39.2826 21.7944 19.4991 19.3522 10.2674 12.0196
10.5289 41.0727 2.79359 47.7118 7.66921 49.0162
10.5289 41.0727 7.66921 49.0162 -3.07652 90.4736
3.9337 37.2605 38.3234 39.566 22.2889 39.5808
3.9337 37.2605 22.2889 39.5808 10.5289 41.0727
3.9337 37.2605 10.5289 41.0727 2.79359 47.7118
10.2674 12.0196 19.4991 19.3522 10.8586 19.9645
10.2674 12.0196 10.8586 19.9645 3.9337 37.2605
0.807142 3.00275 10.2674 12.0196 3.9337 37.2605
0.807142 3.00275 3.9337 37.2605 2.79359 47.7118
12.0359 2.62071 0.807142 3.00275 10.2674 12.0196
32.337 0.228078 12.0359 2.62071 0.807142 3.00275
41.594 -0.754688 20.2248 -0.189794 32.337 0.228078
41.594 -0.754688 32.337 0.228078 12.0359 2.62071
50.2976 -1.33054 41.594 -0.754688 20.2248 -0.189794
20.2248 -0.189794 50.2976 -1.33054 93.0804 -2.96411
12.5262 26.8187 36.649 27.0901 16.1004 27.2851
12.5262 26.8187 16.1004 27.2851 32.5933 32.8926
30.2509 23.0946 12.5262 26.8187 36.649 27.0901
10.8586 19.9645 30.2509 23.0946 12.5262 26.8187
30.2509 23.0946 10.8586 19.9645 19.4991 19.3522
19.264 49.3735 12.2702 59.9086 18.8008 62.3346
18.6294 66.5455 18.8008 62.3346 22.2889 39.5808
18.8008 62.3346 19.264 49.3735 22.2889 39.5808
19.264 49.3735 10.5289 41.0727 22.2889 39.5808
12.2702 59.9086 6.72865 67.2586 3.50091 76.8484
6.72865 67.2586 12.2702 59.9086 19.264 49.3735
12.6407 81.0335 18.8008 62.3346 12.2702 59.9086
27.1436 41.7668 28.2909 48.3991 31.2161 58.7949
22.2889 39.5808 27.1436 41.7668 28.2909 48.3991
27.1436 41.7668 22.2889 39.5808 38.3234 39.566
2.79359 47.7118 7.66921 49.0162 0.50233 61.9297
-1.64952 22.5311 2.79359 47.7118 0.50233 61.9297
2.79359 47.7118 -1.64952 22.5311 -1.79484 11.9336
-1.64952 22.5311 -1.85366 26.5553 0.137072 71.0058
-1.85366 26.5553 -1.64952 22.5311 -1.79484 11.9336
32.8962 11.3001 53.5382 11.4439 19.1866 11.7592
19.1866 11.7592 32.8962 11.3001 37.0436 8.51975
77.3819 12.9623 78.3242 20.2147 76.8172 29.5242
77.3819 12.9623 76.8172 29.5242 73.0096 57.9234
87.7068 8.41291 66.1656 12.5589 77.3819 12.9623
87.7068 8.41291 77.3819 12.9623 78.3242 20.2147
117.23 6.06906 109.628 7.87645 87.7068 8.41291
130.51 3.49004 117.23 6.06906 87.7068 8.41291
121.448 2.57704 130.51 3.49004 87.7068 8.41291
102.379 2.43826 121.448 2.57704 87.7068 8.41291
102.379 2.43826 87.7068 8.41291 66.1656 12.5589
73.6044 0.517496 102.379 2.43826 121.448 2.57704
59.8305 -0.279059 73.6044 0.517496 102.379 2.43826
73.6044 0.517496 59.8305 -0.279059 140.037 -1.47014
76.8172 29.5242 86.8065 32.3726 86.169 40.3673
86.8065 32.3726 76.8172 29.5242 78.3242 20.2147
87.7068 8.41291 147.341 8.66482 97.4795 8.83998
87.7068 8.41291 97.4795 8.83998 136.835 13.4807
147.341 8.66482 87.7068 8.41291 109.628 7.87645
130.903 9.45541 97.4795 8.83998 147.341 8.66482
130.51 3.49004 121.448 2.57704 112.67 -0.180899
109.628 7.87645 117.23 6.06906 158.616 0.652148
72.3827 69.1165 62.6754 112.165 59.0169 119.227
59.0169 119.227 72.3827 69.1165 80.5607 38.3833
71.6444 76.9426 72.3827 69.1165 80.5607 38.3833
68.1925 128.666 60.6167 130.524 67.553 136.911
69.7598 120.476 68.1925 128.666 67.553 136.911
73.2825 111.645 69.7598 120.476 67.553 136.911
69.7598 120.476 73.2825 111.645 76.8629 102.335
73.2825 111.645 76.6169 106.146 76.8629 102.335
77.6823 121.102 76.6169 106.146 76.8629 102.335
71.0938 101.528 69.7598 120.476 68.1925 128.666
77.496 90.0754 71.0938 101.528 69.7598 120.476
83.3377 78.0062 77.496 90.0754 71.0938 101.528
76.114 73.846 83.3377 78.0062 71.0938 101.528
77.8599 63.5108 76.114 73.846 71.0938 101.528
71.0938 101.528 77.8599 63.5108 79.4815 50.2904
82.4761 138.995 67.553 136.911 76.0791 130.906
62.9428 159.135 37.0601 169.102 43.1923 176.25
77.9824 151.523 62.9428 159.135 43.1923 176.25
98.3374 138.204 77.9824 151.523 43.1923 176.25
120.496 123.821 98.3374 138.204 43.1923 176.25
43.1923 176.25 120.496 123.821 167.192 92.4591
120.496 123.821 150.386 103.351 167.192 92.4591
168.209 97.9174 161.453 102.572 160.334 108.595
168.209 97.9174 160.334 108.595 150.731 123.381
161.453 102.572 168.209 97.9174 167.192 92.4591
143.323 106.609 127.573 108.534 117.804 111.901
150.386 103.351 143.323 106.609 127.573 108.534
167.192 92.4591 150.386 103.351 127.573 108.534
127.573 108.534 167.192 92.4591 158.073 91.8428
163.491 117.368 169.949 118.018 153.606 127.613
168.209 97.9174 163.491 117.368 153.606 127.613
162.842 83.8294 158.073 91.8428 167.192 92.4591
173.958 77.8509 162.842 83.8294 167.192 92.4591
173.958 77.8509 167.192 92.4591 168.209 97.9174
173.958 77.8509 168.209 97.9174 163.491 117.368
169.308 73.8375 189.142 76.5748 173.958 77.8509
169.308 73.8375 173.958 77.8509 162.842 83.8294
159.948 70.049 169.308 73.8375 162.842 83.8294
177.048 56.2616 159.948 70.049 169.308 73.8375
181.17 49.1942 177.048 56.2616 159.948 70.049
186.973 47.5617 181.17 49.1942 177.048 56.2616
181.17 49.1942 186.973 47.5617 187.57 37.7946
151.627 111.177 160.334 108.595 161.453 102.572
177.912 78.1362 179.99 90.7019 179.268 96.6554
173.958 77.8509 177.912 78.1362 179.268 96.6554
177.912 78.1362 173.958 77.8509 189.142 76.5748
188.739 92.2627 179.99 90.7019 177.912 78.1362
77.9824 151.523 98.3374 138.204 108.369 126.843
129.181 100.481 127.573 108.534 117.804 111.901
121.726 100.232 129.181 100.481 117.804 111.901
111.868 93.693 121.726 100.232 129.181 100.481
103.128 91.5035 116.065 92.6028 111.868 93.693
103.128 91.5035 111.868 93.693 121.726 100.232
116.614 82.0263 103.128 91.5035 116.065 92.6028
120.34 69.2719 116.614 82.0263 116.065 92.6028
116.614 82.0263 120.34 69.2719 127.462 37.8816
111.894 78.4268 116.614 82.0263 103.128 91.5035
106.51 69.5848 98.3603 71.2438 111.894 78.4268
106.51 69.5848 111.894 78.4268 116.614 82.0263
112.993 62.985 106.51 69.5848 116.614 82.0263
106.51 69.5848 112.993 62.985 122.977 52.3776
112.993 62.985 121.242 57.4094 122.977 52.3776
103.137 79.6176 111.894 78.4268 98.3603 71.2438
88.0569 121.157 87.3734 133.337 87.6857 136.923
90.9323 102.647 88.0569 121.157 87.6857 136.923
89.4457 90.4095 90.9323 102.647 88.0569 121.157
88.5207 82.2903 89.4457 90.4095 88.0569 121.157
93.5295 68.8973 106.51 69.5848 98.3603 71.2438
93.5295 68.8973 98.3603 71.2438 88.5207 82.2903
88.5985 63.7068 93.5295 68.8973 88.5207 82.2903
88.5985 63.7068 88.5207 82.2903 88.0569 121.157
88.0569 121.157 88.5985 63.7068 88.7444 46.432
98.5432 96.7182 108.345 109.864 100.412 112.539
108.345 109.864 98.5432 96.7182 88.5207 82.2903
98.5432 96.7182 89.4457 90.4095 88.5207 82.2903
99.4212 131.239 90.9323 102.647 89.4457 90.4095
100.412 112.539 103.907 121.537 109.363 122.818
108.345 109.864 100.412 112.539 109.363 122.818
109.363 122.818 108.345 109.864 109.901 101.053
87.5791 110.487 88.0569 121.157 87.3734 133.337
87.3734 133.337 87.5791 110.487 87.5446 20.5695
103.287 47.9711 88.5985 63.7068 93.5295 68.8973
113.282 28.9833 98.9753 36.2809 103.287 47.9711
113.282 28.9833 103.287 47.9711 93.5295 68.8973
138.81 23.0897 126.226 27.0516 113.282 28.9833
126.977 21.631 138.81 23.0897 113.282 28.9833
126.977 21.631 113.282 28.9833 98.9753 36.2809
158.627 13.0959 126.977 21.631 138.81 23.0897
199.007 2.23307 180.459 7.62776 158.627 13.0959
193.446 1.63515 199.007 2.23307 158.627 13.0959
193.446 1.63515 158.627 13.0959 126.977 21.631
183.366 0.0546162 193.446 1.63515 199.007 2.23307
173.151 -1.18485 183.366 0.0546162 193.446 1.63515
193.446 1.63515 173.151 -1.18485 149.368 -2.60236
117.539 40.9919 106.668 47.7595 102.732 60.3024
112.927 37.521 117.539 40.9919 106.668 47.7595
113.282 28.9833 112.927 37.521 106.668 47.7595
112.927 37.521 113.282 28.9833 126.226 27.0516
168.238 13.0971 180.459 7.62776 199.007 2.23307
97.4556 32.4547 98.9753 36.2809 103.287 47.9711
107.619 19.3369 97.4556 32.4547 98.9753 36.2809
98.9753 36.2809 107.619 19.3369 123.289 16.4089
107.619 19.3369 97.8431 19.2088 123.289 16.4089
138.81 23.0897 152.333 19.1175 192.074 6.70713
152.333 19.1175 138.81 23.0897 126.226 27.0516
161.236 18.3856 152.333 19.1175 126.226 27.0516
152.333 19.1175 161.236 18.3856 173.95 17.2405
141.216 89.2505 138.097 96.0076 129.181 100.481
146.928 78.072 141.216 89.2505 138.097 96.0076
143.091 77.4431 146.928 78.072 141.216 89.2505
148.616 66.1459 143.091 77.4431 146.928 78.072
163.031 57.4147 148.616 66.1459 146.928 78.072
168.228 50.7856 163.031 57.4147 146.928 78.072
173.221 39.9188 158.995 47.1055 168.228 50.7856
178.801 36.5708 173.221 39.9188 168.228 50.7856
187.929 28.5517 178.801 36.5708 168.228 50.7856
187.929 28.5517 168.228 50.7856 146.928 78.072
178.801 36.5708 187.929 28.5517 200.139 10.3158
166.303 61.6561 187.929 28.5517 200.139 10.3158
150.519 60.4675 163.031 57.4147 168.228 50.7856
148.616 66.1459 137.167 72.9253 133.543 76.3224
137.167 72.9253 148.616 66.1459 163.031 57.4147
138.097 96.0076 129.181 100.481 127.573 108.534
127.573 108.534 138.097 96.0076 148.945 87.6147
133.315 87.9598 133.543 76.3224 132.576 71.0391
133.543 76.3224 137.167 72.9253 132.576 71.0391
168.228 50.7856 147.647 52.5955 138.322 56.2028
168.228 50.7856 138.322 56.2028 128.481 59.7115
158.995 47.1055 168.228 50.7856 147.647 52.5955
160.428 38.5782 158.995 47.1055 147.647 52.5955
152.201 36.9476 143.461 37.0027 160.428 38.5782
171.545 33.5553 152.201 36.9476 160.428 38.5782
171.545 33.5553 160.428 38.5782 158.995 47.1055
146.366 32.8535 171.545 33.5553 152.201 36.9476
142.554 29.5401 146.366 32.8535 171.545 33.5553
162.093 27.372 142.554 29.5401 171.545 33.5553
181.539 17.0893 162.093 27.372 142.554 29.5401
162.093 27.372 181.539 17.0893 188.923 16.6566
137.071 48.6613 147.647 52.5955 138.322 56.2028
138.322 56.2028 137.071 48.6613 132.931 48.5134
143.461 37.0027 152.201 36.9476 121.059 32.9257
173.221 39.9188 178.801 36.5708 179.416 27.3608
190.18 73.5839 169.308 73.8375 189.142 76.5748
176.241 69.9053 190.18 73.5839 169.308 73.8375
169.308 73.8375 176.241 69.9053 190.51 57.6974
176.241 69.9053 198.478 61.4105 190.51 57.6974
198.103 39.4415 190.51 57.6974 198.478 61.4105
198.103 39.4415 198.478 61.4105 198.744 70.5796
199.522 30.1352 198.103 39.4415 198.744 70.5796
198.103 39.4415 199.522 30.1352 198.442 17.5353
171.612 111.599 163.491 117.368 169.949 118.018
180.955 106.279 171.612 111.599 169.949 118.018
169.949 118.018 180.955 106.279 187.419 103.846
52.0049 171.654 43.1923 176.25 50.3896 176.363
57.5596 168.214 52.0049 171.654 43.1923 176.25
121.663 130.761 57.5596 168.214 43.1923 176.25
139.912 121.001 121.663 130.761 57.5596 168.214
121.663 130.761 139.912 121.001 127.213 120.671
73.2008 160.006 57.5596 168.214 52.0049 171.654
52.0049 171.654 73.2008 160.006 92.3963 153.732
83.8126 162.692 72.7668 167.952 50.3896 176.363
113.119 152.476 83.8126 162.692 72.7668 167.952
100.206 151.899 113.119 152.476 83.8126 162.692
123.059 136.286 113.593 143.573 100.206 151.899
123.059 136.286 100.206 151.899 83.8126 162.692
83.8126 162.692 123.059 136.286 128.78 131.451
72.7668 167.952 50.3896 176.363 59.2503 177.762
88.8694 163.672 72.7668 167.952 59.2503 177.762
102.688 158.645 88.8694 163.672 72.7668 167.952
127.032 156.906 141.5 157.42 102.688 158.645
107.809 156.751 127.032 156.906 102.688 158.645
107.809 156.751 102.688 158.645 72.7668 167.952
72.7668 167.952 107.809 156.751 140.244 146.095
107.809 156.751 133.086 149.72 140.244 146.095
89.9523 166.936 82.4244 168.933 108.189 172.336
82.4244 168.933 89.9523 166.936 88.8694 163.672
142.292 176.321 163.834 177.738 106.671 178.828
127.959 172.06 142.292 176.321 163.834 177.738
99.6547 166.968 121.171 169.994 127.959 172.06
99.6547 166.968 127.959 172.06 142.292 176.321
89.9523 166.936 99.6547 166.968 142.292 176.321
88.8694 163.672 89.9523 166.936 99.6547 166.968
99.6547 166.968 88.8694 163.672 102.688 158.645
168.416 158.905 180.16 159.492 151.199 160.101
180.16 159.492 168.416 158.905 141.5 157.42
168.416 158.905 102.688 158.645 141.5 157.42
113.593 143.573 123.059 136.286 140.986 131.204
131.553 139.076 113.593 143.573 100.206 151.899
172.077 128.103 163.461 132.068 131.553 139.076
172.077 128.103 131.553 139.076 113.593 143.573
187.158 118.282 172.077 128.103 113.593 143.573
183.502 117.264 187.158 118.282 113.593 143.573
193.904 109.897 183.502 117.264 187.158 118.282
196.066 96.8258 193.904 109.897 183.502 117.264
202.444 86.5745 196.066 96.8258 193.904 109.897
200.762 79.7661 202.444 86.5745 196.066 96.8258
202.444 86.5745 200.762 79.7661 201.906 48.7478
140.868 139.914 131.553 139.076 163.461 132.068
172.077 128.103 187.158 118.282 198.204 111.151
163.461 132.068 172.077 128.103 202.393 116.914
119.364 147.519 100.206 151.899 113.119 152.476
153.108 136.663 119.364 147.519 100.206 151.899
181.199 128.134 153.108 136.663 100.206 151.899
100.206 151.899 181.199 128.134 186.689 126.476
200.959 131.469 181.199 128.134 186.689 126.476
107.809 156.751 133.086 149.72 168.398 140.408
133.086 149.72 159.009 141.874 168.398 140.408
158.865 148.6 107.809 156.751 127.032 156.906
127.032 156.906 158.865 148.6 178.311 147.328
178.311 147.328 158.865 148.6 149.28 149.126
193.94 146.169 178.311 147.328 149.28 149.126
202.142 142.719 193.94 146.169 149.28 149.126
191.505 140.363 202.142 142.719 149.28 149.126
149.28 149.126 191.505 140.363 183.861 139.473
171.044 151.877 178.311 147.328 193.94 146.169
158.139 162.738 146.849 166.491 140.542 167.185
151.199 160.101 122.658 161.882 158.139 162.738
180.16 159.492 151.199 160.101 158.139 162.738
180.16 159.492 158.139 162.738 146.849 166.491
197.038 158.342 180.16 159.492 146.849 166.491
193.574 157.246 197.038 158.342 180.16 159.492
197.038 158.342 193.574 157.246 202.242 148.277
121.171 169.994 127.959 172.06 198.122 172.657
176.979 169.826 121.171 169.994 198.122 172.657
121.171 169.994 176.979 169.826 159.273 169.649
159.273 169.649 176.979 169.826 192.491 169.891
192.491 169.891 159.273 169.649 173.324 169.582
71.3264 190.106 79.6615 190.326 107.346 191.856
79.6615 190.326 71.3264 190.106 52.1285 186.94
36.784 202.62 57.113 202.897 6.34522 203.14
26.0068 201.694 36.784 202.62 6.34522 203.14
2.94158 200.918 26.0068 201.694 6.34522 203.14
23.357 200.404 2.94158 200.918 26.0068 201.694
50.0061 197.246 23.357 200.404 26.0068 201.694
70.7735 196.99 50.0061 197.246 26.0068 201.694
60.7647 191.722 70.7735 196.99 50.0061 197.246
71.3264 190.106 60.7647 191.722 70.7735 196.99
52.1285 186.94 71.3264 190.106 60.7647 191.722
33.6097 177.932 52.1285 186.94 60.7647 191.722
18.1647 171.46 33.6097 177.932 60.7647 191.722
33.6097 177.932 18.1647 171.46 13.5209 163.916
18.1647 171.46 19.8543 181.861 23.8906 186.86
19.8543 181.861 18.1647 171.46 13.5209 163.916
107.346 191.856 79.6615 190.326 96.6557 187.942
93.9897 198.852 36.784 202.62 57.113 202.897
129.043 193.536 98.0267 197.59 93.9897 198.852
143.923 193.233 129.043 193.536 93.9897 198.852
153.555 192.983 143.923 193.233 93.9897 198.852
153.555 192.983 93.9897 198.852 57.113 202.897
180.661 191.722 153.555 192.983 143.923 193.233
143.923 193.233 180.661 191.722 203.904 187.724
111.553 200.161 127.689 197.497 153.555 192.983
142.092 198.22 160.558 199.106 179.163 203.925
127.689 197.497 142.092 198.22 179.163 203.925
153.555 192.983 127.689 197.497 142.092 198.22
142.092 198.22 153.555 192.983 180.661 191.722
93.9897 198.852 98.0267 197.59 92.4037 193.274
122.145 193.086 129.043 193.536 98.0267 197.59
166.2 188.294 122.145 193.086 129.043 193.536
163.033 187.077 166.2 188.294 122.145 193.086
172.597 183.319 163.033 187.077 166.2 188.294
148.347 181.51 127.892 182.051 172.597 183.319
187.594 180.136 90.7023 180.373 100.247 180.5
187.594 180.136 100.247 180.5 148.347 181.51
187.594 180.136 148.347 181.51 172.597 183.319
187.594 180.136 172.597 183.319 166.2 188.294
166.2 188.294 187.594 180.136 199.68 176.28
187.594 180.136 181.48 179.59 199.68 176.28
73.9672 181.446 100.247 180.5 90.7023 180.373
127.892 182.051 79.5961 182.885 116.776 183.304
79.5961 182.885 127.892 182.051 148.347 181.51
129.043 193.536 143.923 193.233 192.453 187.444
160.558 199.106 169.082 199.432 190.152 199.597
142.092 198.22 160.558 199.106 190.152 199.597
190.152 199.597 142.092 198.22 152.095 198.001
196.876 201.048 169.082 199.432 160.558 199.106
57.113 202.897 6.34522 203.14 121.507 203.149
121.507 203.149 57.113 202.897 83.5548 201.916
36.0745 193.59 50.0061 197.246 23.357 200.404
13.5023 187.306 26.1401 192.586 36.0745 193.59
13.5023 187.306 36.0745 193.59 50.0061 197.246
50.0061 197.246 13.5023 187.306 2.49307 182.565
2.49307 182.565 13.5023 187.306 0.0562923 191.157
-3.32742 172.288 2.49307 182.565 0.0562923 191.157
-0.0256837 161.019 -3.32742 172.288 2.49307 182.565
-3.32742 172.288 -0.0256837 161.019 -0.0603694 148.98
-0.0256837 161.019 6.01973 170.66 8.13611 179.41
6.01973 170.66 -0.0256837 161.019 -0.0603694 148.98
