28.8911 88.7726 17.2297 90.1803 9.36005 91.5284
41.1705 86.2396 28.8911 88.7726 17.2297 90.1803
57.1258 84.4809 50.9986 86.0849 41.1705 86.2396
59.8582 83.1487 66.4408 83.9425 57.1258 84.4809
59.8582 83.1487 57.1258 84.4809 41.1705 86.2396
59.8582 83.1487 41.1705 86.2396 17.2297 90.1803
69.6806 81.0934 59.8582 83.1487 66.4408 83.9425
77.5714 77.1968 69.4641 77.5084 69.6806 81.0934
77.5714 77.1968 69.6806 81.0934 66.4408 83.9425
87.9675 73.8005 77.5714 77.1968 69.4641 77.5084
82.3422 72.9854 87.9675 73.8005 69.4641 77.5084
69.4641 77.5084 82.3422 72.9854 98.0665 66.4797
59.8582 83.1487 48.9397 83.2102 33.7486 84.0616
48.9397 83.2102 59.8582 83.1487 69.6806 81.0934
33.7486 84.0616 21.9569 84.7385 14.5402 87.2356
33.7315 79.3182 48.9397 83.2102 33.7486 84.0616
33.7315 79.3182 33.7486 84.0616 21.9569 84.7385
38.4455 78.8862 33.7315 79.3182 48.9397 83.2102
39.0828 78.4645 38.4455 78.8862 48.9397 83.2102
41.0567 76.6027 39.0828 78.4645 38.4455 78.8862
47.8148 69.3713 41.0567 76.6027 38.4455 78.8862
41.0567 76.6027 47.8148 69.3713 53.436 64.2644
39.9542 66.6571 21.9569 84.7385 14.5402 87.2356
21.9569 84.7385 39.9542 66.6571 48.9743 60.8847
39.9542 66.6571 38.7668 63.5787 48.9743 60.8847
27.4272 58.4017 48.9743 60.8847 50.9342 61.0215
50.9342 61.0215 27.4272 58.4017 30.3328 56.4788
9.00475 77.1787 12.6389 81.7286 1.38705 84.3515
17.787 70.7043 14.6324 74.1002 9.00475 77.1787
48.9743 60.8847 38.7668 63.5787 33.4545 64.1445
1.38705 84.3515 9.00475 77.1787 27.4272 58.4017
9.00475 77.1787 17.787 70.7043 27.4272 58.4017
17.787 70.7043 33.4545 64.1445 27.4272 58.4017
33.4545 64.1445 48.9743 60.8847 27.4272 58.4017
27.4272 58.4017 15.1057 62.0775 8.17998 65.5898
30.3328 56.4788 27.4272 58.4017 15.1057 62.0775
29.0046 56.3896 30.3328 56.4788 15.1057 62.0775
45.3193 54.067 29.0046 56.3896 30.3328 56.4788
47.048 53.3499 45.3193 54.067 29.0046 56.3896
37.9647 53.3442 47.048 53.3499 29.0046 56.3896
40.8988 50.9185 37.9647 53.3442 47.048 53.3499
47.048 53.3499 40.8988 50.9185 45.3449 47.1
15.5586 82.8768 12.6389 81.7286 9.00475 77.1787
1.59647 69.4487 8.17998 65.5898 20.184 62.7133
24.7459 56.0788 15.1057 62.0775 8.17998 65.5898
1.59647 69.4487 8.17998 65.5898 31.8045 51.3573
8.17998 65.5898 24.7459 56.0788 31.8045 51.3573
31.8045 51.3573 24.7459 56.0788 20.5172 58.9258
39.027 46.8239 19.151 50.2814 31.8045 51.3573
39.027 46.8239 31.8045 51.3573 20.5172 58.9258
19.151 50.2814 39.027 46.8239 38.9744 46.6385
11.909 59.9094 18.2786 53.2051 19.151 50.2814
18.2786 53.2051 31.8045 51.3573 19.151 50.2814
24.9486 54.9067 18.2786 53.2051 31.8045 51.3573
39.0828 78.4645 41.0567 76.6027 48.0741 73.4286
66.4388 76.9976 69.4641 77.5084 69.6806 81.0934
70.383 70.261 66.4388 76.9976 69.4641 77.5084
63.8879 67.8256 70.383 70.261 66.4388 76.9976
59.4984 53.023 65.2775 62.0695 63.8879 67.8256
59.4984 53.023 63.8879 67.8256 66.4388 76.9976
57.6692 46.5 59.4984 53.023 65.2775 62.0695
65.2775 62.0695 57.6692 46.5 59.4369 36.703
57.6692 46.5 55.5777 50.2505 55.6395 65.0707
55.5777 50.2505 57.6692 46.5 59.4369 36.703
58.1419 54.5183 58.3967 69.7811 58.2444 73.2438
58.2444 73.2438 58.1419 54.5183 57.6692 46.5
58.1419 54.5183 59.4984 53.023 57.6692 46.5
64.0895 76.1552 59.6546 57.2445 59.4984 53.023
59.6546 57.2445 58.1419 54.5183 59.4984 53.023
53.2757 40.4246 55.5777 50.2505 55.6395 65.0707
52.7106 29.064 53.2757 40.4246 55.5777 50.2505
52.5033 24.3456 52.7106 29.064 55.5777 50.2505
52.2915 21.9523 52.5033 24.3456 55.5777 50.2505
55.5777 50.2505 52.2915 21.9523 55.5181 20.9018
30.0906 31.0341 28.7056 31.8513 24.0263 33.4601
33.8321 29.2635 30.0906 31.0341 24.0263 33.4601
40.3992 26.9801 25.253 29.2034 33.8321 29.2635
40.3992 26.9801 33.8321 29.2635 30.0906 31.0341
43.9624 25.1778 40.3992 26.9801 25.253 29.2034
52.2915 21.9523 42.2284 23.3279 43.9624 25.1778
52.2915 21.9523 43.9624 25.1778 40.3992 26.9801
55.5181 20.9018 52.2915 21.9523 42.2284 23.3279
49.4033 20.7662 55.5181 20.9018 42.2284 23.3279
36.0854 18.8512 49.4033 20.7662 42.2284 23.3279
38.8097 17.5406 36.0854 18.8512 49.4033 20.7662
20.7655 11.9366 38.8097 17.5406 49.4033 20.7662
8.24537 10.4941 20.7655 11.9366 38.8097 17.5406
20.5109 10.176 8.24537 10.4941 20.7655 11.9366
35.9118 9.50645 20.5109 10.176 20.7655 11.9366
38.2262 9.37193 35.9118 9.50645 20.5109 10.176
27.8783 8.32831 55.4157 8.93444 38.2262 9.37193
27.8783 8.32831 38.2262 9.37193 20.5109 10.176
40.2587 4.02379 48.9238 6.32588 27.8783 8.32831
40.2587 4.02379 27.8783 8.32831 20.5109 10.176
52.9554 3.24133 40.2587 4.02379 48.9238 6.32588
40.2587 4.02379 52.9554 3.24133 56.4153 2.7749
71.8737 17.3676 35.9118 9.50645 38.2262 9.37193
57.2504 3.48622 58.823 4.42539 57.628 5.0084
52.9554 3.24133 57.2504 3.48622 57.628 5.0084
56.4153 2.7749 52.9554 3.24133 57.2504 3.48622
60.1118 1.52306 56.4153 2.7749 57.2504 3.48622
52.6112 1.26583 60.1118 1.52306 56.4153 2.7749
43.9173 1.13216 24.0267 1.26253 52.6112 1.26583
67.5498 0.751691 43.9173 1.13216 52.6112 1.26583
67.5498 0.751691 52.6112 1.26583 60.1118 1.52306
43.9173 1.13216 67.5498 0.751691 96.0448 0.239119
86.4512 6.67434 58.823 4.42539 57.2504 3.48622
50.127 45.4002 52.5033 24.3456 52.2915 21.9523
52.5968 42.2515 52.7106 29.064 52.5033 24.3456
28.7056 31.8513 24.0263 33.4601 19.9838 35.0496
19.9838 35.0496 28.7056 31.8513 37.3756 31.4736
27.8794 38.3138 21.12 39.0437 26.9518 40.1478
27.8794 38.3138 26.9518 40.1478 29.2814 42.2066
19.9838 35.0496 22.2276 37.3857 27.8794 38.3138
29.2814 42.2066 27.8794 38.3138 47.9619 31.2253
27.8794 38.3138 19.9838 35.0496 47.9619 31.2253
0.39815 40.8212 21.12 39.0437 27.8794 38.3138
22.8405 42.9607 8.28988 56.2717 2.30211 62.4355
26.9518 40.1478 22.8405 42.9607 2.30211 62.4355
22.8405 42.9607 26.9518 40.1478 21.12 39.0437
16.4774 32.7007 24.0263 33.4601 19.9838 35.0496
16.4774 32.7007 19.9838 35.0496 22.2276 37.3857
2.20426 29.6925 16.4774 32.7007 24.0263 33.4601
8.44215 29.4746 2.20426 29.6925 24.0263 33.4601
2.20426 29.6925 8.44215 29.4746 0.30186 22.649
2.30211 62.4355 8.28988 56.2717 5.33502 55.2919
27.8794 38.3138 22.2276 37.3857 3.25506 36.1813
31.111 22.2949 42.2284 23.3279 43.9624 25.1778
21.8796 20.9524 31.111 22.2949 43.9624 25.1778
31.111 22.2949 21.8796 20.9524 9.86023 17.5683
29.2709 19.8112 31.111 22.2949 42.2284 23.3279
31.111 22.2949 29.2709 19.8112 19.3141 13.5089
14.8215 15.7985 7.86262 13.62 8.24537 10.4941
8.24537 10.4941 7.86262 13.62 6.00299 18.6942
19.0543 9.02837 20.5109 10.176 8.24537 10.4941
9.35128 8.23836 19.0543 9.02837 8.24537 10.4941
6.00299 18.6942 8.24537 10.4941 8.21914 5.11303
8.24537 10.4941 9.35128 8.23836 8.21914 5.11303
25.4081 4.63087 9.35128 8.23836 19.0543 9.02837
21.8163 4.25918 25.4081 4.63087 9.35128 8.23836
25.4081 4.63087 21.8163 4.25918 33.6039 2.45304
0.721814 2.26925 24.0267 1.26253 40.7677 0.0313054
24.0267 1.26253 43.9173 1.13216 40.7677 0.0313054
71.6335 8.66784 55.4157 8.93444 38.2262 9.37193
55.4157 8.93444 71.6335 8.66784 84.6523 8.33732
85.1572 35.4459 81.2476 41.5188 82.8321 43.2598
85.1572 35.4459 82.8321 43.2598 81.4092 49.8045
84.9074 31.9075 86.1522 34.8308 85.1572 35.4459
84.9074 31.9075 85.1572 35.4459 81.2476 41.5188
83.7071 27.193 84.9074 31.9075 81.2476 41.5188
80.8799 22.1191 83.7071 27.193 81.2476 41.5188
78.8767 21.5036 80.8799 22.1191 81.2476 41.5188
74.1538 13.2447 78.8767 21.5036 80.8799 22.1191
73.3634 11.9553 78.9345 12.3033 74.1538 13.2447
73.3634 11.9553 74.1538 13.2447 78.8767 21.5036
73.5947 11.6234 73.3634 11.9553 78.9345 12.3033
70.7332 9.09524 73.5947 11.6234 78.9345 12.3033
71.6335 8.66784 70.7332 9.09524 78.9345 12.3033
78.9345 12.3033 71.6335 8.66784 84.6523 8.33732
51.2546 12.0854 73.3634 11.9553 73.5947 11.6234
90.2881 44.2105 86.1522 34.8308 84.9074 31.9075
93.8248 45.5065 94.229 46.0502 90.9847 46.7377
90.3003 39.4569 93.8248 45.5065 94.229 46.0502
87.2626 35.1114 90.3003 39.4569 93.8248 45.5065
84.9074 31.9075 87.2626 35.1114 93.8248 45.5065
87.2626 35.1114 84.9074 31.9075 83.7071 27.193
83.7071 27.193 80.8799 22.1191 89.1787 16.7095
90.3003 39.4569 98.6276 39.6496 97.6615 42.4766
87.2626 35.1114 90.3003 39.4569 98.6276 39.6496
93.4545 29.1978 87.2626 35.1114 98.6276 39.6496
98.6276 39.6496 93.4545 29.1978 92.9914 23.3362
78.3947 43.0524 82.8321 43.2598 81.4092 49.8045
82.8321 43.2598 78.3947 43.0524 73.2577 41.1971
82.8321 43.2598 81.2476 41.5188 69.6151 29.9518
57.6488 25.7245 55.5181 20.9018 58.296 20.324
55.5181 20.9018 49.4033 20.7662 58.296 20.324
68.8835 55.9782 65.2775 62.0695 63.8879 67.8256
69.9656 55.9242 68.8835 55.9782 63.8879 67.8256
69.1001 54.6622 69.9656 55.9242 68.8835 55.9782
68.8835 55.9782 69.1001 54.6622 63.8258 31.9538
71.0581 47.9433 73.5434 53.6822 69.1001 54.6622
66.8961 31.8864 71.0581 47.9433 73.5434 53.6822
73.5434 53.6822 66.8961 31.8864 64.2335 21.2509
67.6801 39.0063 66.8961 31.8864 64.2335 21.2509
69.9656 55.9242 79.2756 67.6913 78.8325 68.6914
69.1001 54.6622 69.9656 55.9242 79.2756 67.6913
73.5434 53.6822 69.1001 54.6622 79.2756 67.6913
79.2756 67.6913 73.5434 53.6822 76.9354 50.3034
87.9675 73.8005 82.3422 72.9854 94.1231 69.8999
78.4041 83.9088 66.4408 83.9425 57.1258 84.4809
66.4408 83.9425 78.4041 83.9088 77.7124 83.1724
60.7257 90.2351 59.6993 90.7078 61.2772 91.5779
68.085 87.2435 60.7257 90.2351 61.2772 91.5779
78.4041 83.9088 68.085 87.2435 61.2772 91.5779
91.2175 78.2051 77.7124 83.1724 78.4041 83.9088
91.2175 78.2051 78.4041 83.9088 61.2772 91.5779
77.7124 83.1724 91.2175 78.2051 95.8251 74.6481
91.2175 78.2051 89.2164 84.9155 88.7731 85.5905
89.2164 84.9155 91.2175 78.2051 95.8251 74.6481
88.7731 85.5905 89.2164 84.9155 94.375 79.9144
66.7386 94.8579 70.6422 95.255 46.5956 98.2401
61.2772 91.5779 66.7386 94.8579 46.5956 98.2401
59.6993 90.7078 61.2772 91.5779 46.5956 98.2401
58.1245 89.0974 59.6993 90.7078 46.5956 98.2401
59.6993 90.7078 58.1245 89.0974 60.1107 87.7933
26.4606 97.289 54.0712 89.6912 60.1107 87.7933
54.0712 89.6912 58.1245 89.0974 60.1107 87.7933
70.6422 95.255 66.6034 96.4396 48.7707 99.1225
76.7279 93.8398 66.7386 94.8579 70.6422 95.255
76.7279 93.8398 70.6422 95.255 66.6034 96.4396
66.7386 94.8579 76.7279 93.8398 72.7282 92.1348
76.7279 93.8398 80.7413 93.5308 72.7282 92.1348
84.3795 91.6939 72.7282 92.1348 80.7413 93.5308
84.3795 91.6939 80.7413 93.5308 91.0134 99.0263
72.7282 92.1348 84.3795 91.6939 98.4629 90.1798
69.2235 99.7719 76.7279 93.8398 80.7413 93.5308
98.4629 90.1798 84.3795 91.6939 99.1527 92.4453
99.1527 92.4453 98.4629 90.1798 99.4392 81.6352
