33.7104 -32.6098 33.3918 -30.2892 39.1922 -28.4436
32.7035 -35.7368 33.7104 -32.6098 33.3918 -30.2892
33.7104 -32.6098 32.7035 -35.7368 33.5195 -36.3276
24.3763 -23.77 19.6196 -16.4672 22.8338 -12.8281
27.9533 -30.6279 24.3763 -23.77 19.6196 -16.4672
17.8703 -32.8956 20.5749 -31.6774 27.9533 -30.6279
29.0849 -33.4345 17.8703 -32.8956 27.9533 -30.6279
32.7035 -35.7368 29.0849 -33.4345 27.9533 -30.6279
32.7035 -35.7368 27.9533 -30.6279 24.3763 -23.77
33.5195 -36.3276 32.7035 -35.7368 29.0849 -33.4345
15.3436 -38.8182 33.5195 -36.3276 29.0849 -33.4345
33.5195 -36.3276 15.3436 -38.8182 22.1257 -39.9364
25.7176 24.297 24.0908 32.7993 23.6053 32.9582
24.3651 7.14156 25.7176 24.297 23.6053 32.9582
21.043 6.5801 8.67571 6.96627 24.3651 7.14156
21.6541 2.13099 21.043 6.5801 24.3651 7.14156
20.0405 -10.0467 21.6541 2.13099 24.3651 7.14156
22.8338 -12.8281 20.0405 -10.0467 24.3651 7.14156
22.8338 -12.8281 24.3651 7.14156 25.7176 24.297
19.6196 -16.4672 22.8338 -12.8281 20.0405 -10.0467
20.0405 -10.0467 19.6196 -16.4672 6.3897 -48.4384
30.7574 2.6705 27.3643 14.1886 25.7176 24.297
30.7574 2.6705 25.7176 24.297 24.0908 32.7993
32.6798 -2.58932 30.7574 2.6705 24.0908 32.7993
33.8531 -4.60805 32.6798 -2.58932 24.0908 32.7993
36.5084 -12.1473 33.8531 -4.60805 24.0908 32.7993
33.8531 -4.60805 36.5084 -12.1473 36.4998 -18.1562
40.5704 -11.952 36.5084 -12.1473 36.4998 -18.1562
30.7574 2.6705 28.098 4.89871 27.16 9.3084
28.098 4.89871 30.7574 2.6705 32.6798 -2.58932
26.4369 -11.3075 33.8531 -4.60805 32.6798 -2.58932
26.6567 -11.5316 26.4369 -11.3075 33.8531 -4.60805
30.5779 -15.6479 26.6567 -11.5316 26.4369 -11.3075
26.4369 -11.3075 30.5779 -15.6479 40.3523 -26.6482
29.4145 15.9325 24.6152 31.449 24.0908 32.7993
24.0908 32.7993 29.4145 15.9325 37.4662 -10.5852
23.6053 32.9582 23.7161 35.1594 23.5626 35.3681
24.0908 32.7993 23.6053 32.9582 23.7161 35.1594
24.6152 31.449 24.0908 32.7993 23.7161 35.1594
23.7161 35.1594 24.6152 31.449 30.7926 13.2163
28.5387 27.9327 25.2409 33.8346 23.7161 35.1594
27.5603 27.8753 28.5387 27.9327 23.7161 35.1594
35.1364 20.0255 27.5603 27.8753 28.5387 27.9327
27.5603 27.8753 35.1364 20.0255 35.035 18.9608
35.1364 20.0255 38.4511 29.8268 32.2339 36.5769
35.035 18.9608 35.1364 20.0255 38.4511 29.8268
37.4048 16.9654 35.035 18.9608 38.4511 29.8268
39.1089 16.1177 37.4048 16.9654 38.4511 29.8268
39.5137 14.2758 39.1089 16.1177 37.4048 16.9654
40.724 2.54311 39.5137 14.2758 37.4048 16.9654
46.8846 -15.7272 40.724 2.54311 39.5137 14.2758
40.724 2.54311 46.8846 -15.7272 45.7966 -16.5699
25.2409 33.8346 23.7161 35.1594 23.5626 35.3681
20.8439 37.5942 23.5626 35.3681 31.262 30.2317
23.5626 35.3681 25.2409 33.8346 31.262 30.2317
45.6695 13.958 39.5137 14.2758 39.1089 16.1177
48.4038 2.25017 45.6695 13.958 39.5137 14.2758
39.5137 14.2758 48.4038 2.25017 48.8572 -2.18401
17.5022 38.688 20.8439 37.5942 28.9365 37.58
17.5022 38.688 21.3725 41.3019 14.3134 41.3216
23.5626 35.3681 20.8439 37.5942 17.5022 38.688
14.3134 41.3216 17.5022 38.688 22.3956 30.5754
17.5022 38.688 23.5626 35.3681 22.3956 30.5754
1.37501 22.1699 -3.78708 24.1228 -6.11782 24.8927
1.80206 21.8019 1.37501 22.1699 -6.11782 24.8927
16.7503 11.8327 1.80206 21.8019 -6.11782 24.8927
24.3651 7.14156 16.7503 11.8327 1.80206 21.8019
8.67571 6.96627 24.3651 7.14156 16.7503 11.8327
16.7503 11.8327 8.67571 6.96627 -6.26407 -0.80471
8.67571 6.96627 7.35976 5.33566 -6.26407 -0.80471
1.37501 22.1699 8.30941 22.2005 15.9672 23.3845
1.80206 21.8019 1.37501 22.1699 8.30941 22.2005
8.13809 19.2345 1.80206 21.8019 8.30941 22.2005
1.80206 21.8019 8.13809 19.2345 16.5585 13.7803
3.47031 -0.535012 7.35976 5.33566 8.67571 6.96627
9.84806 -2.54168 3.47031 -0.535012 8.67571 6.96627
3.47031 -0.535012 9.84806 -2.54168 6.99091 -6.40829
17.8555 -10.1409 20.0405 -10.0467 21.6541 2.13099
15.1642 -11.5751 17.8555 -10.1409 20.0405 -10.0467
20.0405 -10.0467 15.1642 -11.5751 1.33461 -17.6643
15.1642 -11.5751 1.0945 -15.7497 1.33461 -17.6643
16.5238 -7.56208 15.5539 -5.23721 14.5574 5.03186
15.5539 -5.23721 16.5238 -7.56208 15.1642 -11.5751
16.5238 -7.56208 17.8555 -10.1409 15.1642 -11.5751
-8.64349 -5.55344 -13.2163 -3.56395 -18.3817 3.43181
-4.01303 -10.3574 -8.64349 -5.55344 -13.2163 -3.56395
-6.50191 -14.4952 -4.01303 -10.3574 -13.2163 -3.56395
1.0945 -15.7497 -6.50191 -14.4952 -4.01303 -10.3574
-6.50191 -14.4952 1.0945 -15.7497 1.33461 -17.6643
-14.9214 4.80131 -16.9825 6.8043 -32.2619 24.4271
-9.74117 -0.667259 -14.9214 4.80131 -32.2619 24.4271
-14.9214 4.80131 -9.74117 -0.667259 -8.64349 -5.55344
-11.8055 4.35404 -24.3446 22.2848 -26.4861 24.6572
-9.74117 -0.667259 -11.8055 4.35404 -26.4861 24.6572
-11.8055 4.35404 -9.74117 -0.667259 -4.01303 -10.3574
-9.74117 -0.667259 -8.64349 -5.55344 -4.01303 -10.3574
9.56758 35.3911 10.5408 36.3559 -2.3083 39.9768
1.53137 34.8558 9.56758 35.3911 -2.3083 39.9768
-10.4596 32.3274 1.53137 34.8558 9.56758 35.3911
-18.765 31.2297 -10.4596 32.3274 1.53137 34.8558
-21.5629 30.7324 -18.765 31.2297 1.53137 34.8558
-31.1069 30.4894 -21.5629 30.7324 1.53137 34.8558
-35.2482 29.3003 -31.1069 30.4894 -21.5629 30.7324
-32.4315 29.0749 -35.2482 29.3003 -21.5629 30.7324
-29.7714 26.7717 -32.4315 29.0749 -35.2482 29.3003
-27.7072 24.8107 -29.7714 26.7717 -35.2482 29.3003
-26.4861 24.6572 -27.7072 24.8107 -29.7714 26.7717
-16.4192 20.5154 -24.3446 22.2848 -26.4861 24.6572
-16.4192 20.5154 -26.4861 24.6572 -29.7714 26.7717
-24.3446 22.2848 -16.4192 20.5154 -2.24198 12.9515
-34.6434 24.8309 -27.7072 24.8107 -26.4861 24.6572
-29.7714 26.7717 -26.4945 25.619 -3.94205 15.6508
-26.4945 25.619 -29.7714 26.7717 -32.4315 29.0749
-9.91782 20.6769 -26.4945 25.619 -32.4315 29.0749
2.60962 16.5818 -9.91782 20.6769 -26.4945 25.619
6.67634 16.4981 2.60962 16.5818 -9.91782 20.6769
1.26309 9.60398 6.67634 16.4981 2.60962 16.5818
5.72974 8.71761 4.74314 9.4884 1.26309 9.60398
1.96538 8.69301 5.72974 8.71761 1.26309 9.60398
2.60962 16.5818 1.26309 9.60398 -1.60413 3.60359
1.26309 9.60398 1.96538 8.69301 -1.60413 3.60359
-4.90277 30.6918 -21.5629 30.7324 -18.765 31.2297
-15.2596 30.573 -4.90277 30.6918 -21.5629 30.7324
-18.8172 28.6326 -15.2596 30.573 -4.90277 30.6918
-15.2596 30.573 -18.8172 28.6326 -20.7273 28.3182
-18.8172 28.6326 17.8388 32.0522 19.4203 33.2179
17.8388 32.0522 -18.8172 28.6326 -20.7273 28.3182
-15.7237 37.8949 2.77626 45.3349 5.74801 46.7013
-18.38 37.2271 -15.7237 37.8949 5.74801 46.7013
-31.924 31.457 -18.38 37.2271 -15.7237 37.8949
-15.7237 37.8949 -31.924 31.457 -31.1069 30.4894
-31.924 31.457 -22.5377 39.0728 -12.3646 46.6041
-35.2482 29.3003 -31.1069 30.4894 -31.924 31.457
-35.2482 29.3003 -31.924 31.457 -22.5377 39.0728
-22.5377 39.0728 -35.2482 29.3003 -42.6967 23.5749
-11.2 46.772 -12.3646 46.6041 -13.9879 41.5469
-11.2 46.772 -0.142902 47.7727 -10.9949 47.8298
-12.3646 46.6041 -11.2 46.772 -10.9949 47.8298
-22.5377 39.0728 -12.3646 46.6041 -10.9949 47.8298
-26.6156 37.571 -22.5377 39.0728 -10.9949 47.8298
-22.5377 39.0728 -26.6156 37.571 -30.0778 34.1755
-0.142902 47.7727 -11.2 46.772 1.66459 46.1125
-13.2163 -3.56395 -18.3817 3.43181 -22.8385 4.97987
-13.743 -12.0835 -13.2163 -3.56395 -22.8385 4.97987
-13.023 -21.9093 -13.743 -12.0835 -13.2163 -3.56395
-13.2163 -3.56395 -13.023 -21.9093 -10.1277 -29.1686
-6.36943 -26.2326 -10.1277 -29.1686 -4.66179 -31.8158
-34.4531 -0.494904 -31.8272 3.01299 -28.6075 5.67288
-36.0034 -1.97571 -23.3041 -1.43914 -34.4531 -0.494904
-36.0034 -1.97571 -34.4531 -0.494904 -31.8272 3.01299
-45.262 -3.0506 -36.0034 -1.97571 -23.3041 -1.43914
-37.589 -5.59634 -45.262 -3.0506 -23.3041 -1.43914
-29.1108 -8.62854 -37.589 -5.59634 -45.262 -3.0506
-25.4455 -13.483 -29.1108 -8.62854 -45.262 -3.0506
-22.1714 -15.6175 -25.4455 -13.483 -29.1108 -8.62854
-18.8854 -17.3083 -22.1714 -15.6175 -29.1108 -8.62854
-13.023 -21.9093 -18.8854 -17.3083 -22.1714 -15.6175
-10.1277 -29.1686 -13.023 -21.9093 -22.1714 -15.6175
2.74848 -36.8337 -4.66179 -31.8158 -10.1277 -29.1686
3.13959 -40.9724 2.74848 -36.8337 -10.1277 -29.1686
-1.55696 -41.432 3.13959 -40.9724 -10.1277 -29.1686
-1.55696 -41.432 -10.1277 -29.1686 -22.1714 -15.6175
-9.63072 -42.9804 -1.55696 -41.432 3.13959 -40.9724
3.13959 -40.9724 -9.63072 -42.9804 -2.97158 -44.8127
3.58716 -31.2678 4.84222 -29.3539 2.41107 -27.8451
4.90709 -35.5523 3.58716 -31.2678 2.41107 -27.8451
2.74848 -36.8337 4.90709 -35.5523 2.41107 -27.8451
4.90709 -35.5523 2.74848 -36.8337 3.13959 -40.9724
-26.4114 -41.6146 -9.63072 -42.9804 -2.97158 -44.8127
-16.4735 -38.3559 -21.0271 -36.4309 -20.9431 -34.6195
-21.0271 -36.4309 -16.4735 -38.3559 -9.63072 -42.9804
-16.4735 -38.3559 -1.55696 -41.432 -9.63072 -42.9804
-45.0401 1.99546 -43.3307 8.39437 -44.4673 10.917
-45.262 -3.0506 -36.0034 -1.97571 -44.725 -1.56325
-45.262 -3.0506 -44.725 -1.56325 -45.0401 1.99546
-45.736 -4.07668 -45.262 -3.0506 -45.0401 1.99546
-45.736 -4.07668 -45.0401 1.99546 -44.4673 10.917
-42.0253 -5.64707 -45.736 -4.07668 -45.262 -3.0506
-41.7607 -8.98172 -42.0253 -5.64707 -45.736 -4.07668
-37.8845 -14.6378 -36.4382 -14.6113 -41.7607 -8.98172
-37.8845 -14.6378 -41.7607 -8.98172 -45.736 -4.07668
-30.3446 -20.4779 -37.8845 -14.6378 -36.4382 -14.6113
-36.4382 -14.6113 -30.3446 -20.4779 -22.8334 -22.0553
-44.1612 14.5588 -40.5105 14.5949 -45.7591 17.9463
-44.4673 10.917 -44.1612 14.5588 -40.5105 14.5949
-43.3307 8.39437 -44.4673 10.917 -40.5105 14.5949
-39.418 8.22714 -43.3307 8.39437 -40.5105 14.5949
-42.3291 7.531 -39.418 8.22714 -43.3307 8.39437
-43.3307 8.39437 -42.3291 7.531 -39.8852 0.331233
-44.1612 14.5588 -44.4673 10.917 -47.251 5.6858
-41.2147 -22.3551 -30.3446 -20.4779 -37.8845 -14.6378
-30.2574 -23.2438 -41.2147 -22.3551 -30.3446 -20.4779
-28.1721 -26.6563 -30.2574 -23.2438 -30.3446 -20.4779
-30.3446 -20.4779 -28.1721 -26.6563 -23.1608 -34.1877
-30.2574 -23.2438 -28.1721 -26.6563 -21.4008 -38.5324
7.20656 -39.7572 4.90709 -35.5523 3.58716 -31.2678
4.90709 -35.5523 7.20656 -39.7572 8.09335 -41.5413
17.8703 -32.8956 29.0849 -33.4345 14.4699 -34.4374
