163.766 207.041 147.404 217.866 136.995 223.137
163.766 207.041 136.995 223.137 126.035 229.325
147.404 217.866 163.766 207.041 176.039 203.629
190.054 219.061 180.985 222.658 203.329 229.968
180.412 208.186 190.054 219.061 203.329 229.968
176.039 203.629 180.412 208.186 190.054 219.061
162.52 200.71 139.885 201.922 176.039 203.629
167.391 198.873 162.52 200.71 176.039 203.629
160.164 188.258 167.391 198.873 176.039 203.629
157.938 183.895 160.164 188.258 176.039 203.629
157.938 183.895 176.039 203.629 180.412 208.186
142.429 168.9 152.454 179.41 157.938 183.895
117.034 138.524 142.429 168.9 157.938 183.895
117.034 138.524 157.938 183.895 180.412 208.186
99.5039 120.537 109.703 127.642 117.034 138.524
99.5039 120.537 117.034 138.524 142.429 168.9
72.4831 92.9296 99.5039 120.537 142.429 168.9
63.2913 83.0417 72.4831 92.9296 99.5039 120.537
99.5039 120.537 63.2913 83.0417 22.8588 41.0297
142.118 207.252 113.831 207.531 127.093 207.739
142.118 207.252 127.093 207.739 148.202 208.109
163.766 207.041 142.118 207.252 148.202 208.109
176.039 203.629 163.766 207.041 142.118 207.252
142.118 207.252 176.039 203.629 139.885 201.922
89.9046 113.622 72.4831 92.9296 63.2913 83.0417
127.093 207.739 120.632 208.771 91.5139 211.632
91.5139 211.632 127.093 207.739 113.831 207.531
50.2176 218.964 26.4828 222.02 43.858 223.675
96.7707 216.573 89.572 217.507 50.2176 218.964
79.3728 216.044 96.7707 216.573 50.2176 218.964
120.632 208.771 79.3728 216.044 50.2176 218.964
120.632 208.771 50.2176 218.964 26.4828 222.02
79.3728 216.044 120.632 208.771 127.093 207.739
126.035 229.325 136.995 223.137 172.742 208.394
43.858 223.675 21.1266 223.841 76.3218 226.617
63.2058 223.143 43.858 223.675 76.3218 226.617
71.4372 221.541 63.2058 223.143 43.858 223.675
113.074 218.888 71.4372 221.541 63.2058 223.143
71.4372 221.541 113.074 218.888 133.464 216.933
103.661 232.195 149.598 232.456 66.0156 232.856
116.622 219.778 103.661 232.195 66.0156 232.856
113.074 218.888 116.622 219.778 66.0156 232.856
116.622 219.778 113.074 218.888 133.464 216.933
1.15128 230.822 33.3371 232.417 22.3205 233.418
7.41926 226.022 1.15128 230.822 33.3371 232.417
21.1266 223.841 7.41926 226.022 33.3371 232.417
26.4828 222.02 43.858 223.675 21.1266 223.841
26.4828 222.02 21.1266 223.841 7.41926 226.022
27.4273 211.21 26.4828 222.02 7.41926 226.022
46.7594 208.956 16.4582 210.465 27.4273 211.21
46.7594 208.956 27.4273 211.21 26.4828 222.02
42.2021 207.714 46.7594 208.956 16.4582 210.465
28.5666 201.458 13.3223 202.575 42.2021 207.714
28.5666 201.458 42.2021 207.714 46.7594 208.956
40.1172 199.249 28.5666 201.458 13.3223 202.575
13.3223 202.575 40.1172 199.249 23.3335 198.688
149.598 232.456 103.661 232.195 118.959 230.654
93.7802 233.224 143.923 233.616 177.539 233.907
66.0156 232.856 93.7802 233.224 143.923 233.616
149.598 232.456 66.0156 232.856 143.923 233.616
143.923 233.616 149.598 232.456 170.089 231.596
111.127 233.701 93.7802 233.224 66.0156 232.856
143.923 233.616 177.539 233.907 189.485 233.998
189.485 233.998 143.923 233.616 160.554 233.592
33.3371 232.417 37.1456 232.283 56.0834 230.078
37.1456 232.283 33.3371 232.417 22.3205 233.418
22.3205 233.418 37.1456 232.283 51.1869 231.525
1.92048 223.952 7.41926 226.022 1.15128 230.822
7.41926 226.022 1.92048 223.952 9.34691 223.552
111.578 203.452 142.118 207.252 113.831 207.531
126.878 201.596 103.221 203.331 111.578 203.452
126.878 201.596 111.578 203.452 142.118 207.252
122.644 192.963 126.878 201.596 142.118 207.252
62.5591 150 106.212 181.663 122.644 192.963
142.118 207.252 122.644 192.963 51.5609 140.229
122.644 192.963 62.5591 150 51.5609 140.229
111.578 203.452 102.319 206.838 80.6517 208.076
80.6517 208.076 111.578 203.452 103.221 203.331
81.5537 167.035 62.5591 150 51.5609 140.229
118.119 201.176 126.878 201.596 103.221 203.331
118.119 201.176 103.221 203.331 69.2264 207.645
91.8638 198.076 118.119 201.176 126.878 201.596
126.878 201.596 91.8638 198.076 99.8496 192.605
80.5902 203.385 91.8638 198.076 99.8496 192.605
106.802 187.333 122.644 192.963 126.878 201.596
90.0844 182.863 106.802 187.333 126.878 201.596
98.8476 182.256 90.0844 182.863 106.802 187.333
86.8717 173.964 98.8476 182.256 106.802 187.333
36.2973 137.483 86.8717 173.964 106.802 187.333
86.8717 173.964 36.2973 137.483 22.4325 128.111
36.2973 137.483 26.721 129.424 22.4325 128.111
69.3182 158.721 26.721 129.424 17.7901 121.568
26.721 129.424 22.4325 128.111 17.7901 121.568
22.4325 128.111 13.1421 129.992 12.2066 141.325
17.7901 121.568 22.4325 128.111 13.1421 129.992
16.8684 110.723 17.7901 121.568 13.1421 129.992
17.7901 121.568 16.8684 110.723 22.3524 99.612
76.7242 189.28 70.7068 196.848 62.0831 202.107
90.0844 182.863 70.2771 188.021 76.7242 189.28
90.0844 182.863 76.7242 189.28 70.7068 196.848
79.6009 181.023 98.8476 182.256 90.0844 182.863
79.6009 181.023 90.0844 182.863 70.2771 188.021
69.782 180.897 79.6009 181.023 70.2771 188.021
52.1773 180.614 69.782 180.897 79.6009 181.023
62.0001 179.881 52.1773 180.614 79.6009 181.023
33.9277 176.843 62.0001 179.881 52.1773 180.614
17.6574 173.011 33.9277 176.843 62.0001 179.881
10.7184 171.729 17.6574 173.011 62.0001 179.881
62.0001 179.881 10.7184 171.729 2.99581 167.558
10.7184 171.729 1.48144 186.406 -0.093277 201.434
2.99581 167.558 10.7184 171.729 1.48144 186.406
2.95766 159.406 6.61216 161.944 2.99581 167.558
2.95766 159.406 2.99581 167.558 1.48144 186.406
3.69159 139.337 2.95766 159.406 1.48144 186.406
2.95766 159.406 3.69159 139.337 6.31688 88.5668
13.5927 180.57 12.6671 186.13 9.47629 212.354
12.6671 186.13 13.5927 180.57 10.7184 171.729
13.5927 180.57 17.6574 173.011 10.7184 171.729
19.905 181.605 30.507 190.429 36.6117 192.766
13.5927 180.57 19.905 181.605 30.507 190.429
19.905 181.605 13.5927 180.57 17.6574 173.011
62.0831 202.107 70.7068 196.848 89.5887 192.092
62.6833 187.175 70.2771 188.021 76.7242 189.28
70.2771 188.021 62.6833 187.175 36.8349 182.83
47.0694 193.054 51.6793 201.619 62.3076 210.568
36.6117 192.766 47.0694 193.054 51.6793 201.619
30.507 190.429 36.6117 192.766 51.6793 201.619
51.6793 201.619 30.507 190.429 19.8168 186.136
-1.33704 151.241 1.48144 186.406 -0.093277 201.434
-1.33704 151.241 -0.093277 201.434 -0.361847 206.576
1.48144 186.406 -1.33704 151.241 -0.658157 129.141
-0.658157 129.141 -1.33704 151.241 -3.23774 181.676
-0.292351 116.922 -0.658157 129.141 -3.23774 181.676
1.88974 103.686 -0.292351 116.922 -0.658157 129.141
-0.292351 116.922 1.88974 103.686 -1.03895 87.542
6.70665 150.787 2.95766 159.406 6.61216 161.944
2.95766 159.406 6.70665 150.787 19.6513 89.7017
2.99581 167.558 6.61216 161.944 23.6923 142.544
73.4185 171.226 86.8717 173.964 98.8476 182.256
63.9292 168.59 73.4185 171.226 86.8717 173.964
38.4916 161.658 52.3506 166.682 63.9292 168.59
38.4916 161.658 63.9292 168.59 86.8717 173.964
23.4378 158.205 38.4916 161.658 52.3506 166.682
16.6974 153.906 23.4378 158.205 38.4916 161.658
37.0284 150.338 16.6974 153.906 38.4916 161.658
16.6974 153.906 37.0284 150.338 32.4338 149.076
37.0284 150.338 50.0933 161.344 61.8604 161.865
46.7295 148.819 32.4338 149.076 37.0284 150.338
46.7295 148.819 37.0284 150.338 61.8604 161.865
32.4338 149.076 46.7295 148.819 32.1656 140.84
23.4378 158.205 30.6364 163.7 30.2973 166.491
30.2973 166.491 23.4378 158.205 16.6974 153.906
43.1485 170.595 63.9292 168.59 52.3506 166.682
12.2066 141.325 13.1421 129.992 13.4259 120.122
153.348 198.979 162.52 200.71 139.885 201.922
140.863 191.867 153.348 198.979 162.52 200.71
133.191 182.314 140.863 191.867 162.52 200.71
81.3668 146.49 133.191 182.314 162.52 200.71
46.7022 122.108 46.296 126.109 60.0365 133.875
46.7022 122.108 60.0365 133.875 81.3668 146.49
46.7022 122.108 81.3668 146.49 162.52 200.71
162.52 200.71 46.7022 122.108 27.4721 108.897
68.4397 139.326 60.0365 133.875 46.296 126.109
128.482 186.456 140.863 191.867 153.348 198.979
118.216 177.427 128.482 186.456 140.863 191.867
103.885 169.546 118.216 177.427 128.482 186.456
128.482 186.456 103.885 169.546 79.5746 157.954
118.216 177.427 103.885 169.546 69.4061 147.296
106.964 168.288 133.191 182.314 140.863 191.867
140.863 191.867 106.964 168.288 87.6287 156.245
36.221 121.07 46.7022 122.108 46.296 126.109
36.221 121.07 46.296 126.109 58.4295 139.992
46.7022 122.108 36.221 121.07 29.1771 116.4
40.3141 127.075 36.221 121.07 29.1771 116.4
137.699 180.179 167.391 198.873 162.52 200.71
98.5295 152.72 137.699 180.179 167.391 198.873
90.8833 150.087 98.5295 152.72 137.699 180.179
98.5295 152.72 90.8833 150.087 36.684 111.475
118.079 169.803 100.04 156.844 36.684 111.475
100.04 156.844 90.8833 150.087 36.684 111.475
153.076 186.194 160.164 188.258 167.391 198.873
167.391 198.873 153.076 186.194 126.662 168.567
116.572 159.371 153.076 186.194 160.164 188.258
87.7175 138.66 112.43 156.005 116.572 159.371
87.7175 138.66 116.572 159.371 153.076 186.194
60.7213 117.544 80.7359 136.393 87.7175 138.66
60.7213 117.544 87.7175 138.66 112.43 156.005
60.4986 113.666 66.5674 116.904 60.7213 117.544
37.036 97.7107 60.4986 113.666 60.7213 117.544
37.036 97.7107 60.7213 117.544 80.7359 136.393
32.1184 90.2906 33.8685 96.2289 37.036 97.7107
32.1184 90.2906 37.036 97.7107 60.4986 113.666
27.301 81.562 32.1184 90.2906 33.8685 96.2289
33.8685 96.2289 27.301 81.562 16.1223 78.4296
27.301 81.562 36.416 80.9063 16.1223 78.4296
76.2625 127.863 60.7213 117.544 66.5674 116.904
51.5252 101.027 69.706 113.069 79.3663 118.287
79.3663 118.287 51.5252 101.027 27.301 81.562
51.5252 101.027 32.1184 90.2906 27.301 81.562
50.1664 88.61 63.7248 101.852 77.3454 111.197
36.416 80.9063 50.1664 88.61 63.7248 101.852
50.1664 88.61 36.416 80.9063 23.2859 69.5947
36.416 80.9063 16.1223 78.4296 23.2859 69.5947
16.1223 78.4296 13.6141 80.4173 12.3067 101.038
23.2859 69.5947 16.1223 78.4296 13.6141 80.4173
13.6141 80.4173 23.2859 69.5947 23.6797 63.5003
23.2859 69.5947 29.8789 67.9096 23.6797 63.5003
37.036 97.7107 50.7844 110.746 67.3758 128.804
67.3758 128.804 37.036 97.7107 33.8685 96.2289
13.6141 80.4173 12.3067 101.038 9.64725 113.669
10.13 70.997 13.6141 80.4173 9.64725 113.669
11.33 59.254 10.13 70.997 13.6141 80.4173
13.6141 80.4173 11.33 59.254 11.3357 48.5351
-0.523078 43.6118 -3.27308 47.9386 11.3357 48.5351
-0.523078 43.6118 11.3357 48.5351 19.5327 51.5014
9.97684 38.0843 -0.523078 43.6118 19.5327 51.5014
11.0997 27.4589 9.97684 38.0843 19.5327 51.5014
9.91811 6.30221 11.0997 27.4589 9.97684 38.0843
11.0997 27.4589 9.91811 6.30221 9.44686 -2.57429
9.91811 6.30221 -2.16958 -1.24034 9.44686 -2.57429
11.3357 48.5351 11.33 59.254 -2.07789 60.2694
-3.85372 112.949 -2.69053 67.6011 -3.27308 47.9386
-2.69053 67.6011 -2.07789 60.2694 -3.27308 47.9386
-2.07789 60.2694 11.3357 48.5351 -3.27308 47.9386
-2.91127 78.9299 10.13 70.997 11.33 59.254
-2.88047 29.8223 -0.523078 43.6118 -3.27308 47.9386
1.13265 23.6169 -2.88047 29.8223 -0.523078 43.6118
-2.88047 29.8223 1.13265 23.6169 1.24181 12.8827
77.3454 111.197 63.7248 101.852 41.001 88.7209
116.388 150.442 132.094 159.649 152.454 179.41
116.388 150.442 152.454 179.41 157.938 183.895
109.332 147.176 116.388 150.442 157.938 183.895
109.733 139.989 109.332 147.176 116.388 150.442
103.157 139.82 109.733 139.989 109.332 147.176
109.332 147.176 103.157 139.82 87.4848 129.337
98.7525 126.531 132.094 159.649 152.454 179.41
63.4018 91.1979 93.1865 120.898 98.7525 126.531
132.094 159.649 98.7525 126.531 49.1804 78.0845
98.7525 126.531 63.4018 91.1979 49.1804 78.0845
37.7851 62.7106 93.1865 120.898 98.7525 126.531
93.1865 120.898 37.7851 62.7106 33.0873 58.1024
42.4377 66.1255 50.1794 72.8444 77.7699 100.036
37.7851 62.7106 42.4377 66.1255 77.7699 100.036
42.4377 66.1255 37.7851 62.7106 33.0873 58.1024
152.454 179.41 142.429 168.9 72.933 96.3724
213.94 212.697 217.846 223.899 217.616 226.602
203.974 198.732 213.94 212.697 217.616 226.602
191.209 193.337 203.974 198.732 217.616 226.602
182.152 186.058 191.209 193.337 203.974 198.732
158.221 170.141 182.152 186.058 203.974 198.732
153.274 168.899 158.221 170.141 182.152 186.058
153.275 163.339 153.274 168.899 158.221 170.141
142.022 159.357 153.275 163.339 153.274 168.899
117.034 138.524 131.692 149.082 142.022 159.357
117.034 138.524 142.022 159.357 153.274 168.899
109.703 127.642 117.034 138.524 131.692 149.082
80.4977 92.7133 109.703 127.642 131.692 149.082
52.1956 63.8592 80.4977 92.7133 109.703 127.642
39.5574 49.3129 52.1956 63.8592 80.4977 92.7133
52.1956 63.8592 39.5574 49.3129 33.4992 46.2318
191.209 193.337 198.163 209.367 207.291 219.832
198.163 209.367 191.209 193.337 182.152 186.058
121.124 112.862 160.786 159.11 178.878 180.842
111.942 101.745 121.124 112.862 160.786 159.11
96.5614 81.6086 108.503 92.1823 111.942 101.745
82.9018 69.3707 88.0611 69.7378 96.5614 81.6086
82.9018 69.3707 96.5614 81.6086 111.942 101.745
82.9018 69.3707 111.942 101.745 121.124 112.862
72.1468 67.7117 82.9018 69.3707 88.0611 69.7378
81.0457 63.5217 72.1468 67.7117 88.0611 69.7378
72.013 63.1394 81.0457 63.5217 72.1468 67.7117
61.1226 62.9819 72.013 63.1394 72.1468 67.7117
48.384 51.0833 61.1226 62.9819 72.013 63.1394
33.4992 46.2318 39.5574 49.3129 48.384 51.0833
27.0541 37.4495 33.4992 46.2318 48.384 51.0833
27.0541 37.4495 48.384 51.0833 72.013 63.1394
16.4116 22.9204 22.7932 28.6128 27.0541 37.4495
33.4992 46.2318 27.0541 37.4495 13.5451 22.3328
27.0541 37.4495 16.4116 22.9204 13.5451 22.3328
103.218 102.115 132.627 131.68 143.002 140.211
86.7898 87.3659 103.218 102.115 132.627 131.68
77.1418 77.7028 86.7898 87.3659 103.218 102.115
61.1226 62.9819 77.1418 77.7028 86.7898 87.3659
86.7898 87.3659 61.1226 62.9819 48.384 51.0833
88.4092 83.4084 100.799 91.7716 111.694 107.522
77.1418 77.7028 88.4092 83.4084 111.694 107.522
88.4092 83.4084 77.1418 77.7028 61.1226 62.9819
143.161 129.552 153.841 139.046 162.955 147.44
111.942 101.745 127.066 110.767 131.491 117.549
111.942 101.745 131.491 117.549 143.161 129.552
111.942 101.745 143.161 129.552 162.955 147.44
127.066 110.767 111.942 101.745 108.503 92.1823
192.154 170.333 200.639 178.919 206.357 182.204
192.154 170.333 206.357 182.204 221.842 191.528
182.46 161.076 192.154 170.333 200.639 178.919
150.192 131.115 172.58 151.306 182.46 161.076
150.192 131.115 182.46 161.076 200.639 178.919
142.662 123.222 150.192 131.115 172.58 151.306
150.192 131.115 142.662 123.222 131.491 117.549
161.17 137.361 179.758 150.691 187.649 157.62
142.662 123.222 161.17 137.361 187.649 157.62
161.17 137.361 142.662 123.222 127.066 110.767
142.662 123.222 131.491 117.549 127.066 110.767
206.357 182.204 210.868 190.087 217.604 199.739
206.357 182.204 217.604 199.739 229.545 217.313
210.868 190.087 206.357 182.204 200.639 178.919
197.024 170.697 192.154 170.333 182.46 161.076
182.46 161.076 207.016 173.548 218.171 178.78
218.171 178.78 182.46 161.076 172.58 151.306
117.061 96.1061 108.503 92.1823 96.5614 81.6086
22.7932 28.6128 32.6411 30.1183 39.331 39.6187
32.6411 30.1183 22.7932 28.6128 16.4116 22.9204
39.5534 23.0332 69.6725 28.4855 63.0755 29.2088
13.5451 22.3328 16.4116 22.9204 39.5534 23.0332
69.6725 28.4855 39.5534 23.0332 51.1108 22.1981
39.5534 23.0332 13.5451 22.3328 51.1108 22.1981
63.0755 29.2088 52.666 31.0995 77.8496 33.723
69.6725 28.4855 63.0755 29.2088 77.8496 33.723
77.8496 33.723 69.6725 28.4855 77.3266 23.9
52.666 31.0995 77.8496 33.723 58.53 37.1459
58.53 37.1459 52.666 31.0995 38.5522 26.8061
109.736 59.1858 72.013 63.1394 81.0457 63.5217
119.873 58.7651 109.736 59.1858 81.0457 63.5217
109.736 59.1858 119.873 58.7651 103.822 57.8219
150.87 83.7219 149.933 88.2588 157.273 92.5967
156.604 83.721 150.87 83.7219 157.273 92.5967
139.625 71.8951 156.604 83.721 150.87 83.7219
119.873 58.7651 152.012 69.7217 139.625 71.8951
119.873 58.7651 139.625 71.8951 150.87 83.7219
102.157 52.0247 103.822 57.8219 119.873 58.7651
102.157 52.0247 119.873 58.7651 152.012 69.7217
92.9366 50.736 102.157 52.0247 103.822 57.8219
72.9564 50.523 92.9366 50.736 103.822 57.8219
92.9366 50.736 72.9564 50.523 83.3514 48.2824
109.49 50.2294 92.9366 50.736 102.157 52.0247
92.9366 50.736 109.49 50.2294 142.463 48.5724
171.921 86.3621 182.993 88.3464 181.346 97.4011
169.569 81.9455 171.921 86.3621 182.993 88.3464
152.012 69.7217 139.625 71.8951 169.569 81.9455
152.012 69.7217 169.569 81.9455 182.993 88.3464
161.451 69.0538 152.012 69.7217 182.993 88.3464
152.012 69.7217 161.451 69.0538 127.095 56.7225
161.451 69.0538 177.322 68.3894 127.095 56.7225
170.011 71.9407 182.782 78.592 188.162 82.1692
161.451 69.0538 170.011 71.9407 188.162 82.1692
177.322 68.3894 161.451 69.0538 170.011 71.9407
190.641 67.7843 177.322 68.3894 170.011 71.9407
177.322 68.3894 190.641 67.7843 200.007 63.8209
198.613 73.516 200.62 79.3305 202.583 88.0427
190.641 67.7843 198.613 73.516 202.583 88.0427
200.007 63.8209 190.641 67.7843 198.613 73.516
189.259 53.1184 182.227 57.2939 187.799 57.633
189.259 53.1184 187.799 57.633 200.007 63.8209
197.225 50.0401 156.89 52.7884 189.259 53.1184
197.225 50.0401 189.259 53.1184 200.007 63.8209
207.191 49.0407 197.225 50.0401 200.007 63.8209
207.191 49.0407 200.007 63.8209 198.613 73.516
213.215 29.9677 208.721 39.6988 207.191 49.0407
216.964 26.7057 213.215 29.9677 207.191 49.0407
216.964 26.7057 207.191 49.0407 198.613 73.516
221.301 19.0234 216.964 26.7057 198.613 73.516
213.75 18.5479 221.301 19.0234 216.964 26.7057
217.085 13.4998 213.75 18.5479 221.301 19.0234
221.301 19.0234 217.085 13.4998 230.441 12.6958
162.965 59.0893 148.433 60.5709 170.012 60.7571
182.227 57.2939 162.965 59.0893 170.012 60.7571
162.965 59.0893 182.227 57.2939 189.259 53.1184
156.89 52.7884 149.281 53.2693 137.219 57.1888
197.225 50.0401 156.89 52.7884 149.281 53.2693
179.729 49.8293 197.225 50.0401 149.281 53.2693
170.374 48.9032 179.729 49.8293 149.281 53.2693
160.58 42.9703 170.374 48.9032 179.729 49.8293
46.6784 1.45023 160.58 42.9703 179.729 49.8293
41.2486 -0.728557 19.3795 0.328755 46.6784 1.45023
41.2486 -0.728557 46.6784 1.45023 179.729 49.8293
56.8455 -2.43089 41.2486 -0.728557 19.3795 0.328755
19.3795 0.328755 56.8455 -2.43089 27.8558 -3.84834
153.485 7.15417 173.762 8.3986 163.587 9.80538
111.88 1.6432 153.485 7.15417 173.762 8.3986
120.932 1.47913 111.88 1.6432 173.762 8.3986
80.8955 -1.75195 120.932 1.47913 111.88 1.6432
97.0999 -2.11081 178.125 -1.97873 91.9855 -1.7899
97.0999 -2.11081 91.9855 -1.7899 80.8955 -1.75195
56.8455 -2.43089 97.0999 -2.11081 80.8955 -1.75195
56.8455 -2.43089 80.8955 -1.75195 111.88 1.6432
97.0999 -2.11081 56.8455 -2.43089 27.8558 -3.84834
188.209 33.4058 186.73 36.1975 202.147 38.369
180.8 26.1919 188.209 33.4058 202.147 38.369
186.484 23.3023 203.043 23.8462 180.8 26.1919
169.514 22.6938 186.484 23.3023 180.8 26.1919
169.514 22.6938 180.8 26.1919 188.209 33.4058
182.792 21.2321 169.514 22.6938 186.484 23.3023
190.383 8.34318 182.792 21.2321 186.484 23.3023
202.095 8.01057 182.924 8.0581 190.383 8.34318
202.095 8.01057 190.383 8.34318 186.484 23.3023
127.59 1.93731 202.095 8.01057 182.924 8.0581
182.924 8.0581 127.59 1.93731 120.932 1.47913
127.59 1.93731 172.535 3.53066 213.831 6.97341
120.932 1.47913 127.59 1.93731 172.535 3.53066
172.535 3.53066 120.932 1.47913 80.8955 -1.75195
161.204 21.4914 190.383 8.34318 182.924 8.0581
147.645 -0.498018 162.209 1.18134 200.554 3.70244
137.079 -0.978423 147.645 -0.498018 162.209 1.18134
162.209 1.18134 137.079 -0.978423 80.8955 -1.75195
80.8955 -1.75195 137.079 -0.978423 212.036 -0.38729
212.036 -0.38729 80.8955 -1.75195 91.9855 -1.7899
26.4246 10.7831 22.354 13.1557 27.0219 17.721
46.6784 1.45023 42.8028 6.71753 26.4246 10.7831
22.354 13.1557 26.4246 10.7831 19.3795 0.328755
26.4246 10.7831 46.6784 1.45023 19.3795 0.328755
57.8197 23.0521 48.3672 11.9701 42.8028 6.71753
42.8028 6.71753 48.3672 11.9701 58.2057 12.1086
70.7661 18.4717 58.2057 12.1086 46.6784 1.45023
58.2057 12.1086 42.8028 6.71753 46.6784 1.45023
126.803 52.6767 149.281 53.2693 137.219 57.1888
137.219 57.1888 126.803 52.6767 120.162 49.8548
146.984 40.2931 160.58 42.9703 170.374 48.9032
98.5211 31.3366 137.145 39.2042 146.984 40.2931
160.58 42.9703 146.984 40.2931 120.218 29.9774
146.984 40.2931 98.5211 31.3366 120.218 29.9774
146.984 40.2931 128.492 43.2995 58.8414 49.548
58.8414 49.548 146.984 40.2931 137.145 39.2042
86.7257 33.6768 88.0902 36.0943 69.4567 38.0504
86.7257 33.6768 69.4567 38.0504 46.3358 43.4989
108.566 26.6848 120.218 29.9774 98.5211 31.3366
108.566 26.6848 98.5211 31.3366 86.7257 33.6768
108.566 26.6848 86.7257 33.6768 46.3358 43.4989
86.2388 17.7953 108.566 26.6848 120.218 29.9774
120.218 29.9774 86.2388 17.7953 67.9952 10.2957
80.2751 38.5672 69.4567 38.0504 88.0902 36.0943
86.7257 33.6768 110.707 39.2993 100.91 41.7433
110.707 39.2993 86.7257 33.6768 98.5211 31.3366
100.91 41.7433 110.707 39.2993 121.956 36.6344
222.201 -1.26698 178.125 -1.97873 189.243 -2.80191
178.125 -1.97873 97.0999 -2.11081 189.243 -2.80191
203.043 23.8462 180.8 26.1919 197.327 30.7368
197.327 30.7368 203.043 23.8462 230.585 -2.39327
179.799 36.3701 207.191 49.0407 197.225 50.0401
160.414 33.0843 179.799 36.3701 197.225 50.0401
152.267 30.2562 160.414 33.0843 197.225 50.0401
132.424 21.7027 141.681 27.2912 152.267 30.2562
132.424 21.7027 152.267 30.2562 160.414 33.0843
119.37 13.8698 132.424 21.7027 141.681 27.2912
132.424 21.7027 119.37 13.8698 110.539 6.56499
119.37 13.8698 102.803 13.4655 110.539 6.56499
170.743 41.9467 152.267 30.2562 141.681 27.2912
119.601 23.0749 112.538 23.3976 131.644 27.6562
119.37 13.8698 119.601 23.0749 131.644 27.6562
102.803 13.4655 119.37 13.8698 119.601 23.0749
119.601 23.0749 102.803 13.4655 89.4381 8.25336
98.3786 18.0972 119.601 23.0749 112.538 23.3976
82.3094 12.5876 98.3786 18.0972 112.538 23.3976
98.3786 18.0972 82.3094 12.5876 66.5132 2.38328
142.207 18.2454 166.098 30.6202 179.799 36.3701
142.207 18.2454 179.799 36.3701 207.191 49.0407
136.787 13.8623 142.207 18.2454 207.191 49.0407
207.191 49.0407 136.787 13.8623 130.934 10.9289
147.527 22.6374 142.207 18.2454 136.787 13.8623
209.247 71.6247 211.086 77.79 200.62 79.3305
217.424 59.2384 209.247 71.6247 200.62 79.3305
209.247 71.6247 217.424 59.2384 227.589 47.1494
217.424 59.2384 217.995 51.5866 227.589 47.1494
211.086 77.79 200.62 79.3305 202.583 88.0427
202.583 88.0427 211.086 77.79 226.142 60.6909
217.995 51.5866 217.424 59.2384 211.13 59.5362
219.937 39.0155 217.995 51.5866 211.13 59.5362
217.995 51.5866 219.937 39.0155 230.087 31.0112
211.086 77.79 209.247 71.6247 218.989 68.1095
181.346 97.4011 171.428 97.4657 191.581 97.9119
182.993 88.3464 181.346 97.4011 191.581 97.9119
191.581 97.9119 182.993 88.3464 187.019 87.5691
149.933 88.2588 159.577 103.654 169.001 110.003
159.577 103.654 149.933 88.2588 143.992 81.8658
149.933 88.2588 150.87 83.7219 143.992 81.8658
189.053 116.849 169.001 110.003 177.651 107.732
202.206 151.308 201.966 156.198 212.749 161.647
192.378 140.489 202.206 151.308 212.749 161.647
173.251 118.177 192.378 140.489 212.749 161.647
189.053 116.849 197.815 118.121 173.251 118.177
169.001 110.003 189.053 116.849 173.251 118.177
159.577 103.654 169.001 110.003 173.251 118.177
159.577 103.654 173.251 118.177 192.378 140.489
192.378 140.489 159.577 103.654 128.596 70.1487
173.251 118.177 179.537 120.209 192.142 130.104
173.251 118.177 192.142 130.104 211.551 143.25
179.537 120.209 173.251 118.177 197.815 118.121
197.815 118.121 202.437 132.692 203.234 136.05
201.522 111.788 189.053 116.849 197.815 118.121
201.522 111.788 197.815 118.121 202.437 132.692
193.474 110.149 201.522 111.788 189.053 116.849
189.053 116.849 193.474 110.149 196.357 103.136
207.502 99.7299 193.474 110.149 201.522 111.788
193.474 110.149 207.502 99.7299 210.117 86.6629
207.502 99.7299 218.225 96.4646 210.117 86.6629
221.312 130.592 223.089 143.594 216.682 153.331
219.822 123.15 207.248 126.656 221.312 130.592
218.225 96.4646 219.822 123.15 221.312 130.592
218.225 96.4646 221.312 130.592 223.089 143.594
218.241 80.1477 210.117 86.6629 218.225 96.4646
218.241 80.1477 218.225 96.4646 223.089 143.594
210.117 86.6629 218.241 80.1477 227.191 69.5033
221.574 158.681 227.937 179.994 229.565 200.786
221.574 158.681 229.565 200.786 230.656 208.586
216.682 153.331 221.574 158.681 230.656 208.586
223.089 143.594 216.682 153.331 221.574 158.681
227.135 129.274 223.089 143.594 221.574 158.681
223.089 143.594 227.135 129.274 222.805 88.7546
229.154 171.507 227.937 179.994 229.565 200.786
227.937 179.994 229.154 171.507 227.986 106.796
232.629 191.327 229.565 200.786 230.656 208.586
232.629 191.327 230.656 208.586 229.596 229.98
230.328 159.026 232.629 191.327 229.565 200.786
230.829 117.493 230.328 159.026 229.565 200.786
231.548 79.165 230.829 117.493 230.328 159.026
230.328 159.026 231.548 79.165 232.568 20.3692
230.829 117.493 231.548 79.165 231.998 41.6369
231.679 140.355 231.987 152.464 230.328 159.026
231.987 152.464 231.679 140.355 231.593 97.3611
231.987 152.464 230.328 159.026 232.629 191.327
232.629 191.327 231.987 152.464 233.647 86.5092
212.436 120.578 219.822 123.15 207.248 126.656
207.248 126.656 212.436 120.578 216.057 109.806
203.234 136.05 202.437 132.692 210.5 111.982
218.36 171.583 212.749 161.647 208.468 151.833
201.966 156.198 212.749 161.647 218.36 171.583
190.322 148.277 201.966 156.198 218.36 171.583
183.176 142.437 190.322 148.277 218.36 171.583
218.36 171.583 183.176 142.437 156.118 120.508
150.914 97.9839 192.378 140.489 202.206 151.308
192.378 140.489 150.914 97.9839 131.174 76.4149
150.914 97.9839 142.53 92.6367 131.174 76.4149
120.958 82.9191 142.53 92.6367 150.914 97.9839
142.53 92.6367 120.958 82.9191 116.862 73.4639
120.958 82.9191 131.201 92.1268 138.466 97.6873
120.958 82.9191 138.466 97.6873 176.97 128.483
107.089 71.8293 116.862 73.4639 120.958 82.9191
107.089 71.8293 120.958 82.9191 131.201 92.1268
116.862 73.4639 107.089 71.8293 101.351 66.1715
156.015 112.85 138.466 97.6873 131.201 92.1268
153.628 123.073 172.64 142.6 179.758 150.691
137.816 110.202 147.06 111.334 153.628 123.073
137.816 110.202 153.628 123.073 179.758 150.691
120.001 93.9006 137.816 110.202 179.758 150.691
137.816 110.202 120.001 93.9006 107.043 81.4946
172.64 142.6 179.758 150.691 187.649 157.62
187.649 157.62 172.64 142.6 162.608 130.28
132.303 98.9914 137.816 110.202 147.06 111.334
132.303 98.9914 147.06 111.334 171.798 129.241
171.798 129.241 132.303 98.9914 86.7408 63.5552
202.595 188.178 210.868 190.087 217.604 199.739
217.604 199.739 202.595 188.178 170.358 168.011
202.595 188.178 191.325 178.831 170.358 168.011
183.475 171.014 191.325 178.831 202.595 188.178
191.325 178.831 183.475 171.014 169.884 160.699
132.627 131.68 143.002 140.211 153.903 151.852
118.619 121.47 132.627 131.68 153.903 151.852
98.6545 107.487 118.619 121.47 153.903 151.852
118.619 121.47 98.6545 107.487 89.2244 97.1239
98.6545 107.487 106.731 117.838 120.821 130.877
89.2244 97.1239 98.6545 107.487 106.731 117.838
70.5426 77.0736 89.2244 97.1239 106.731 117.838
89.2244 97.1239 70.5426 77.0736 63.8191 67.762
137.114 147.534 142.022 159.357 153.275 163.339
142.022 159.357 137.114 147.534 131.153 137.146
217.846 223.899 213.94 212.697 213.186 199.902
217.616 226.602 217.846 223.899 220.883 206.216
186.368 199.535 198.163 209.367 207.291 219.832
207.291 219.832 186.368 199.535 169.789 183.752
199.93 222.574 203.329 229.968 206.371 231.127
190.174 212.024 199.93 222.574 203.329 229.968
203.329 229.968 190.174 212.024 171.034 186.076
180.985 222.658 203.329 229.968 206.371 231.127
173.428 221.083 180.985 222.658 206.371 231.127
206.371 231.127 173.428 221.083 158.143 219.002
