32.4251 68.1028 27.9767 78.8907 20.322 96.6156
39.3675 62.7559 37.3454 66.4727 32.4251 68.1028
34.8719 62.2955 39.3675 62.7559 32.4251 68.1028
34.8719 62.2955 32.4251 68.1028 20.322 96.6156
35.1796 61.343 34.8719 62.2955 39.3675 62.7559
28.7128 47.6964 35.1796 61.343 34.8719 62.2955
26.7176 43.4704 28.7128 47.6964 34.8719 62.2955
28.7128 47.6964 26.7176 43.4704 19.9872 27.2885
26.7176 43.4704 19.568 29.7024 19.9872 27.2885
18.921 49.1092 20.6204 58.6277 21.3037 63.0089
18.1961 43.1347 18.921 49.1092 20.6204 58.6277
18.5207 37.8141 18.1961 43.1347 20.6204 58.6277
20.092 24.4596 24.5801 26.6025 19.9872 27.2885
20.092 24.4596 19.9872 27.2885 19.568 29.7024
20.092 24.4596 19.568 29.7024 18.5207 37.8141
19.886 16.0663 20.092 24.4596 18.5207 37.8141
17.5836 11.0194 19.886 16.0663 18.5207 37.8141
17.5836 11.0194 18.5207 37.8141 18.1961 43.1347
19.886 16.0663 17.5836 11.0194 21.2021 6.43309
24.8299 6.67657 21.2021 6.43309 24.3163 5.43536
4.376 41.2789 3.54434 41.8203 3.73709 44.4005
11.6449 24.8018 4.376 41.2789 3.73709 44.4005
17.5836 11.0194 11.6449 24.8018 3.73709 44.4005
11.6449 24.8018 17.5836 11.0194 20.2158 2.67738
17.5836 11.0194 21.2021 6.43309 20.2158 2.67738
21.2021 6.43309 24.3163 5.43536 20.2158 2.67738
26.1403 6.51668 24.3163 5.43536 20.2158 2.67738
17.3002 68.2146 16.96 84.7493 15.9465 85.5681
18.1131 66.6459 17.3002 68.2146 16.96 84.7493
16.6168 54.363 18.1131 66.6459 17.3002 68.2146
17.449 50.3018 16.6168 54.363 18.1131 66.6459
16.6168 54.363 17.449 50.3018 18.1961 43.1347
17.449 50.3018 18.921 49.1092 18.1961 43.1347
28.3065 51.4435 32.3983 62.7363 31.7921 62.8819
27.6106 50.7656 28.3065 51.4435 31.7921 62.8819
26.7585 45.3274 27.6106 50.7656 28.3065 51.4435
26.7176 43.4704 26.7585 45.3274 28.3065 51.4435
26.7585 45.3274 26.7176 43.4704 19.568 29.7024
27.1634 59.2015 27.8111 64.2808 26.195 64.7915
27.385 58.2858 27.1634 59.2015 27.8111 64.2808
25.4918 50.9254 25.3622 52.3165 27.385 58.2858
27.6106 50.7656 25.4918 50.9254 27.385 58.2858
27.6106 50.7656 27.385 58.2858 27.8111 64.2808
25.4918 50.9254 27.6106 50.7656 26.7585 45.3274
21.723 52.8254 22.5223 54.3776 20.908 54.8848
25.3622 52.3165 21.723 52.8254 22.5223 54.3776
21.723 52.8254 25.3622 52.3165 25.4918 50.9254
21.0279 79.9045 27.1634 59.2015 27.385 58.2858
36.9253 75.5617 37.1099 77.3267 36.3716 77.538
37.3454 66.4727 36.9253 75.5617 36.3716 77.538
36.9253 75.5617 37.3454 66.4727 39.3675 62.7559
76.337 56.8039 76.8776 57.3638 99.1126 65.9244
42.4036 38.2066 76.337 56.8039 99.1126 65.9244
36.477 35.3043 42.4036 38.2066 99.1126 65.9244
25.0975 29.2744 27.4254 30.2 28.4847 31.1239
19.9872 27.2885 25.0975 29.2744 28.4847 31.1239
19.9872 27.2885 28.4847 31.1239 36.477 35.3043
19.9872 27.2885 36.477 35.3043 42.4036 38.2066
24.5801 26.6025 19.9872 27.2885 25.0975 29.2744
28.7573 22.2074 24.5801 26.6025 25.0975 29.2744
34.6807 14.3769 28.7573 22.2074 25.0975 29.2744
45.6442 1.63963 34.6807 14.3769 25.0975 29.2744
25.0975 29.2744 45.6442 1.63963 46.7399 0.210341
45.6442 1.63963 44.4028 0.340401 46.7399 0.210341
41.2746 37.5805 36.477 35.3043 28.4847 31.1239
28.4847 31.1239 36.0689 33.6124 48.7485 39.4097
36.0689 33.6124 28.4847 31.1239 27.4254 30.2
46.7399 0.210341 44.4028 0.340401 8.77159 0.820135
8.77159 0.820135 46.7399 0.210341 8.2079 0.138022
32.0248 80.0262 24.7063 89.3224 23.4517 91.5363
31.8812 79.2623 32.9008 79.86 32.0248 80.0262
31.8812 79.2623 32.0248 80.0262 24.7063 89.3224
36.3716 77.538 31.8812 79.2623 32.9008 79.86
37.1099 77.3267 36.3716 77.538 32.9008 79.86
32.9008 79.86 37.1099 77.3267 49.6305 71.5748
32.0248 80.0262 35.9556 83.023 34.0474 83.6455
35.9556 83.023 32.0248 80.0262 32.9008 79.86
23.4517 91.5363 24.7063 89.3224 29.2744 81.0181
19.6535 47.0496 20.6204 58.6277 21.3037 63.0089
21.3037 63.0089 19.6535 47.0496 19.8857 42.9015
16.96 84.7493 20.409 80.7971 19.3703 76.5527
12.7656 88.5075 12.8569 88.9408 7.63658 89.1994
13.2164 85.6863 7.26135 86.9014 10.4137 87.2762
13.2164 85.6863 10.4137 87.2762 12.7656 88.5075
13.2164 85.6863 12.7656 88.5075 12.8569 88.9408
15.9465 85.5681 13.2164 85.6863 12.8569 88.9408
16.96 84.7493 15.9465 85.5681 12.8569 88.9408
12.8569 88.9408 16.96 84.7493 25.9296 75.6908
16.96 84.7493 20.409 80.7971 25.9296 75.6908
7.63658 89.1994 16.6065 89.8686 15.728 90.0075
12.8569 88.9408 7.63658 89.1994 16.6065 89.8686
16.6097 86.4651 12.8569 88.9408 16.6065 89.8686
19.9386 83.5718 16.6097 86.4651 12.8569 88.9408
16.6097 86.4651 19.9386 83.5718 27.798 76.8102
19.9386 83.5718 23.9026 79.8052 27.798 76.8102
16.6065 89.8686 15.728 90.0075 3.45321 92.6204
18.5438 89.832 16.6065 89.8686 3.45321 92.6204
16.6065 89.8686 18.5438 89.832 20.319 85.8577
10.4137 87.2762 3.94673 87.431 5.6238 89.6266
7.26135 86.9014 10.4137 87.2762 3.94673 87.431
6.27005 83.1149 7.26135 86.9014 3.94673 87.431
6.25992 81.593 6.27005 83.1149 7.26135 86.9014
7.26135 86.9014 6.25992 81.593 8.32303 81.4576
1.99604 83.5624 6.27005 83.1149 6.25992 81.593
15.271 83.8966 15.9465 85.5681 13.2164 85.6863
8.32018 78.5775 15.271 83.8966 13.2164 85.6863
7.26534 68.0111 8.32018 78.5775 15.271 83.8966
1.50042 66.2248 9.87724 67.8266 7.26534 68.0111
1.50042 66.2248 7.26534 68.0111 8.32018 78.5775
9.87724 67.8266 1.50042 66.2248 0.897011 64.0107
1.50042 66.2248 0.443866 69.8751 0.0765304 75.1523
0.897011 64.0107 1.50042 66.2248 0.443866 69.8751
0.443866 69.8751 0.897011 64.0107 0.0933272 52.849
9.87724 67.8266 7.26534 68.0111 13.0587 73.7848
10.7987 66.7009 9.87724 67.8266 13.0587 73.7848
10.7987 66.7009 13.0587 73.7848 14.7666 77.0494
8.9621 64.2776 10.7987 66.7009 9.87724 67.8266
9.87724 67.8266 8.9621 64.2776 3.8375 61.7732
13.3322 69.2229 10.7987 66.7009 8.9621 64.2776
2.23803 55.3688 7.07659 56.1977 1.65726 56.3406
3.73709 44.4005 2.23803 55.3688 1.65726 56.3406
3.54434 41.8203 3.73709 44.4005 1.65726 56.3406
1.65726 56.3406 3.54434 41.8203 3.15985 30.5566
4.95003 51.978 2.23803 55.3688 7.07659 56.1977
7.07659 56.1977 4.95003 51.978 8.35296 48.3126
9.78453 57.7206 13.2336 59.9401 14.8775 64.9773
11.7991 57.5806 9.78453 57.7206 13.2336 59.9401
1.65726 56.3406 11.7991 57.5806 9.78453 57.7206
7.07659 56.1977 1.65726 56.3406 11.7991 57.5806
7.78002 55.8018 7.07659 56.1977 11.7991 57.5806
7.07659 56.1977 7.78002 55.8018 12.1314 52.6084
13.4691 50.2726 13.2336 59.9401 14.8775 64.9773
13.5431 46.9319 13.4691 50.2726 13.2336 59.9401
12.8805 36.1896 13.5431 46.9319 13.2336 59.9401
13.5431 46.9319 12.8805 36.1896 13.2099 33.8898
7.75216 42.6609 12.8805 36.1896 13.2099 33.8898
13.4691 50.2726 13.5431 46.9319 15.128 33.0863
3.54434 41.8203 4.376 41.2789 5.92306 29.1864
9.52166 21.3467 11.6449 24.8018 4.376 41.2789
11.6449 24.8018 9.52166 21.3467 8.45171 16.3677
8.87601 21.4261 2.98786 24.0631 0.304639 29.1524
9.52166 21.3467 8.87601 21.4261 0.304639 29.1524
8.45171 16.3677 9.52166 21.3467 8.87601 21.4261
2.4082 14.6914 9.08523 15.3994 8.45171 16.3677
2.4082 14.6914 8.45171 16.3677 8.87601 21.4261
9.08523 15.3994 2.4082 14.6914 5.26302 9.50582
1.01506 22.3687 2.98786 24.0631 0.304639 29.1524
4.58018 21.7011 1.01506 22.3687 2.98786 24.0631
1.01506 22.3687 4.58018 21.7011 2.79565 18.3071
12.7477 14.9821 9.08523 15.3994 8.45171 16.3677
12.5927 6.59965 12.7477 14.9821 9.08523 15.3994
12.6199 5.32313 12.5927 6.59965 9.08523 15.3994
12.5927 6.59965 12.6199 5.32313 17.3732 1.67163
12.6199 5.32313 8.46474 2.15516 17.3732 1.67163
8.46474 2.15516 3.30552 1.71613 17.3732 1.67163
20.092 24.4596 23.628 24.1994 22.5066 23.9111
23.628 24.1994 20.092 24.4596 24.5801 26.6025
23.3 20.0101 23.628 24.1994 24.5801 26.6025
21.4712 18.5371 23.3 20.0101 23.628 24.1994
28.5802 8.92652 21.4712 18.5371 23.3 20.0101
32.5162 3.36869 28.5802 8.92652 21.4712 18.5371
21.4712 18.5371 32.5162 3.36869 31.8554 2.87818
32.5162 3.36869 42.9342 3.3071 31.8554 2.87818
29.1062 15.7468 28.6326 16.7737 30.0759 18.5599
29.093 11.7806 29.1062 15.7468 28.6326 16.7737
28.5802 8.92652 29.093 11.7806 28.6326 16.7737
29.093 11.7806 28.5802 8.92652 32.5162 3.36869
32.5162 3.36869 42.9123 3.77509 34.6216 4.5643
42.9123 3.77509 32.5162 3.36869 42.9342 3.3071
28.7573 22.2074 34.6807 14.3769 36.1556 11.7834
87.847 46.9689 88.9768 48.0712 86.9813 48.3452
74.8669 45.6175 87.847 46.9689 86.9813 48.3452
74.6202 45.3432 74.8669 45.6175 87.847 46.9689
60.1638 39.0492 74.6202 45.3432 74.8669 45.6175
54.8463 37.983 60.1638 39.0492 74.8669 45.6175
57.9972 36.2223 62.6187 36.5282 54.8463 37.983
45.9696 35.8037 57.9972 36.2223 54.8463 37.983
45.9696 35.8037 54.8463 37.983 74.8669 45.6175
31.6243 31.2505 45.9696 35.8037 74.8669 45.6175
25.0975 29.2744 27.4254 30.2 31.6243 31.2505
26.1104 29.2047 25.0975 29.2744 31.6243 31.2505
26.1104 29.2047 31.6243 31.2505 45.9696 35.8037
40.0557 18.6311 26.1104 29.2047 25.0975 29.2744
40.6164 16.9827 40.0557 18.6311 25.0975 29.2744
40.0557 18.6311 40.6164 16.9827 47.5075 7.36008
47.5075 7.36008 40.6164 16.9827 31.0934 22.1977
31.0934 22.1977 47.5075 7.36008 48.5188 6.14195
75.6653 41.76 70.3772 41.794 85.3275 43.2705
60.1638 39.0492 75.6653 41.76 85.3275 43.2705
85.3275 43.2705 60.1638 39.0492 54.8463 37.983
48.5188 6.14195 47.5075 7.36008 52.9682 8.51293
52.9682 8.51293 48.5188 6.14195 50.3878 4.95616
56.0842 33.2291 57.9972 36.2223 62.6187 36.5282
49.1535 32.4364 56.0842 33.2291 57.9972 36.2223
46.5625 32.2739 49.1535 32.4364 57.9972 36.2223
57.9972 36.2223 46.5625 32.2739 34.2137 28.4703
46.5625 32.2739 40.2157 30.0387 34.2137 28.4703
46.5625 32.2739 40.2157 30.0387 35.7667 27.6033
72.0853 35.8097 62.6187 36.5282 54.8463 37.983
67.2002 35.2841 72.0853 35.8097 62.6187 36.5282
61.9949 32.1087 67.2002 35.2841 62.6187 36.5282
60.9449 30.4381 61.9949 32.1087 62.6187 36.5282
58.3134 29.1815 60.9449 30.4381 62.6187 36.5282
56.3674 28.1296 58.3134 29.1815 62.6187 36.5282
53.9054 23.5331 56.3674 28.1296 58.3134 29.1815
58.3134 29.1815 53.9054 23.5331 53.3825 22.3511
73.9848 35.8542 72.0853 35.8097 67.2002 35.2841
50.3053 25.2296 53.9054 23.5331 53.3825 22.3511
61.7982 28.2628 58.3134 29.1815 60.9449 30.4381
62.975 26.4353 61.7982 28.2628 60.9449 30.4381
65.742 18.2373 62.975 26.4353 61.7982 28.2628
62.975 26.4353 65.742 18.2373 67.6707 16.6502
62.629 21.084 65.742 18.2373 63.6454 15.4642
65.742 18.2373 67.6707 16.6502 63.6454 15.4642
64.5914 26.9762 60.9449 30.4381 61.9949 32.1087
65.6135 26.1437 64.5914 26.9762 61.9949 32.1087
69.2158 21.765 65.6135 26.1437 61.9949 32.1087
77.8613 10.5339 74.5877 13.8068 69.2158 21.765
77.8613 10.5339 69.2158 21.765 61.9949 32.1087
77.4447 8.36102 81.6378 9.61141 77.8613 10.5339
77.4447 8.36102 77.8613 10.5339 74.5877 13.8068
83.2638 5.97826 77.4447 8.36102 81.6378 9.61141
81.6378 9.61141 83.2638 5.97826 92.2884 0.322497
47.6875 20.4367 41.0721 22.5709 38.5531 24.311
47.6875 20.4367 38.5531 24.311 29.7491 28.1517
54.2287 17.7409 47.6875 20.4367 29.7491 28.1517
72.0663 10.5949 63.5051 13.4122 54.2287 17.7409
72.0663 10.5949 54.2287 17.7409 29.7491 28.1517
77.4447 8.36102 72.0663 10.5949 63.5051 13.4122
63.5051 13.4122 77.4447 8.36102 83.2638 5.97826
60.9617 16.8348 72.4232 10.8407 77.4447 8.36102
72.4232 10.8407 72.0663 10.5949 77.4447 8.36102
29.7491 28.1517 38.5531 24.311 38.1367 23.9966
53.2835 14.4155 53.2788 15.208 47.1247 18.8996
53.2835 14.4155 47.1247 18.8996 41.0721 22.5709
53.7758 13.0819 53.2835 14.4155 41.0721 22.5709
53.7758 13.0819 41.0721 22.5709 38.5531 24.311
55.1972 12.33 53.7758 13.0819 53.2835 14.4155
61.1158 9.19648 55.1972 12.33 53.2835 14.4155
61.7912 8.75648 61.1158 9.19648 55.1972 12.33
76.3681 1.49773 61.7912 8.75648 61.1158 9.19648
61.7912 8.75648 76.3681 1.49773 74.0833 1.23725
76.3681 1.49773 77.9386 1.64652 75.7172 4.70197
74.0833 1.23725 76.3681 1.49773 77.9386 1.64652
77.9386 1.64652 74.0833 1.23725 69.345 0.0612702
60.2772 5.69479 55.1972 12.33 53.7758 13.0819
53.7758 13.0819 60.2772 5.69479 61.3543 2.43981
59.5648 11.6611 53.2835 14.4155 53.2788 15.208
67.169 9.49451 59.5648 11.6611 53.2788 15.208
69.0422 9.10976 67.169 9.49451 53.2788 15.208
67.169 9.49451 69.0422 9.10976 82.4514 2.67809
56.0691 15.4493 47.1247 18.8996 41.0721 22.5709
59.4381 14.0365 56.0691 15.4493 47.1247 18.8996
67.4633 10.7657 59.4381 14.0365 56.0691 15.4493
68.8881 10.4575 67.4633 10.7657 56.0691 15.4493
67.4633 10.7657 68.8881 10.4575 76.2296 7.5091
59.4381 14.0365 67.4633 10.7657 82.5236 4.41161
90.9429 48.3415 93.9113 51.8588 94.1561 54.9978
88.9768 48.0712 90.9429 48.3415 94.1561 54.9978
87.847 46.9689 88.9768 48.0712 90.9429 48.3415
90.9429 48.3415 87.847 46.9689 87.9386 46.4764
86.4608 43.0484 88.2629 44.9595 90.9429 48.3415
90.9429 48.3415 86.4608 43.0484 70.5871 25.9136
88.2629 44.9595 90.9429 48.3415 93.9113 51.8588
88.0707 42.3574 88.2629 44.9595 93.9113 51.8588
84.5633 35.1598 88.0707 42.3574 93.9113 51.8588
88.0707 42.3574 84.5633 35.1598 74.8391 18.1467
86.4608 43.0484 82.6032 37.3081 79.6629 34.6658
82.6032 37.3081 86.4608 43.0484 88.2629 44.9595
81.4102 34.9134 82.6032 37.3081 88.2629 44.9595
82.6032 37.3081 81.4102 34.9134 75.3366 27.1123
79.6925 30.263 88.0707 42.3574 88.2629 44.9595
88.2629 44.9595 79.6925 30.263 78.76 29.5169
88.4194 35.2784 93.1237 41.6127 93.6137 50.7639
88.4194 35.2784 93.6137 50.7639 93.9113 51.8588
84.5355 22.8934 88.4194 35.2784 93.1237 41.6127
78.9073 15.2914 78.8336 18.0101 84.5355 22.8934
80.8775 14.8972 78.9073 15.2914 84.5355 22.8934
80.8775 14.8972 84.5355 22.8934 93.1237 41.6127
78.9073 15.2914 80.8775 14.8972 87.5049 11.0803
82.1318 24.8979 84.5355 22.8934 78.8336 18.0101
94.1561 54.9978 89.4333 55.7098 98.7142 56.5746
93.9113 51.8588 94.1561 54.9978 98.7142 56.5746
93.6137 50.7639 93.9113 51.8588 98.7142 56.5746
94.4139 50.2655 93.6137 50.7639 98.7142 56.5746
93.6137 50.7639 94.4139 50.2655 95.8457 34.3113
92.7294 21.0378 92.178 33.8012 93.1237 41.6127
92.7294 21.0378 93.1237 41.6127 93.6137 50.7639
92.9653 14.4029 92.7294 21.0378 93.6137 50.7639
93.6137 50.7639 92.9653 14.4029 98.3305 0.250805
88.4411 25.4156 89.0607 31.0577 89.55 31.8526
89.6645 19.6876 88.4411 25.4156 89.55 31.8526
88.6643 19.1829 89.6645 19.6876 88.4411 25.4156
89.1282 15.336 86.8484 18.3789 88.6643 19.1829
89.1282 15.336 88.6643 19.1829 89.6645 19.6876
92.7088 14.6285 89.1282 15.336 89.6645 19.6876
92.9653 14.4029 92.7088 14.6285 89.6645 19.6876
92.7088 14.6285 92.9653 14.4029 98.3305 0.250805
90.6368 29.6977 92.7294 21.0378 92.9653 14.4029
89.55 31.8526 89.0607 31.0577 87.5299 28.8483
89.4333 55.7098 88.7352 56.3601 88.4466 57.4907
85.4165 54.7951 94.1561 54.9978 89.4333 55.7098
85.4165 54.7951 89.4333 55.7098 88.7352 56.3601
80.4173 52.5943 85.4165 54.7951 88.7352 56.3601
85.4165 54.7951 80.4173 52.5943 79.6954 51.8358
88.4466 57.4907 95.5613 61.3716 97.081 61.6938
82.8732 55.3501 88.7352 56.3601 88.4466 57.4907
82.8732 55.3501 88.4466 57.4907 95.5613 61.3716
80.4211 54.9237 82.8732 55.3501 88.7352 56.3601
73.6908 52.4992 80.4211 54.9237 88.7352 56.3601
72.9438 52.3878 73.6908 52.4992 80.4211 54.9237
68.5448 50.4693 72.9438 52.3878 73.6908 52.4992
70.1657 49.0001 68.5448 50.4693 73.6908 52.4992
64.2515 45.4304 70.1657 49.0001 68.5448 50.4693
68.5448 50.4693 64.2515 45.4304 58.0261 43.8688
85.9494 54.1865 85.4165 54.7951 94.1561 54.9978
85.4165 54.7951 85.9494 54.1865 76.2629 47.4418
72.8387 56.2562 76.8776 57.3638 99.1126 65.9244
65.8283 54.0482 66.9955 54.8581 72.8387 56.2562
65.8283 54.0482 72.8387 56.2562 76.8776 57.3638
49.173 47.6139 65.8283 54.0482 76.8776 57.3638
65.8283 54.0482 49.173 47.6139 47.6142 47.266
49.173 47.6139 57.3265 47.5927 47.6142 47.266
72.8387 56.2562 78.1438 58.7603 77.3386 59.2521
77.3386 59.2521 72.8387 56.2562 66.9955 54.8581
94.3857 64.6175 78.1438 58.7603 72.8387 56.2562
49.173 47.6139 58.5857 49.9159 62.6855 51.4602
58.5857 49.9159 49.173 47.6139 57.3265 47.5927
54.8797 46.7589 47.6142 47.266 57.3265 47.5927
41.2468 38.5902 54.8797 46.7589 57.3265 47.5927
41.2468 38.5902 57.3265 47.5927 72.5443 55.4021
54.8797 46.7589 41.2468 38.5902 35.9896 35.8294
69.1565 57.375 66.9955 54.8581 65.8283 54.0482
53.9434 50.5744 55.1514 50.9971 84.9118 66.7485
45.6351 47.8182 49.2663 49.18 53.9434 50.5744
55.1514 50.9971 53.9434 50.5744 47.6142 47.266
53.9434 50.5744 45.6351 47.8182 47.6142 47.266
44.5417 65.9218 45.9845 69.5241 41.7358 69.9535
43.6478 60.54 44.5417 65.9218 45.9845 69.5241
45.0069 59.8571 43.6478 60.54 45.9845 69.5241
43.3723 53.2857 45.0069 59.8571 43.6478 60.54
44.0442 48.523 43.3723 53.2857 45.0069 59.8571
45.6351 47.8182 45.7916 47.9002 44.0442 48.523
43.3723 53.2857 44.0442 48.523 43.266 45.6405
44.0442 48.523 45.6351 47.8182 43.266 45.6405
45.6351 47.8182 47.6142 47.266 43.266 45.6405
47.6142 47.266 54.8797 46.7589 43.266 45.6405
49.7093 58.6389 47.8074 59.939 50.7447 63.137
48.8963 54.7893 49.7093 58.6389 50.7447 63.137
44.0442 48.523 48.8963 54.7893 49.7093 58.6389
48.8963 54.7893 44.0442 48.523 45.7916 47.9002
72.1839 65.0324 74.8336 68.3284 74.2632 71.0137
70.1982 62.9644 79.5571 64.3229 72.1839 65.0324
70.1982 62.9644 72.1839 65.0324 74.2632 71.0137
64.8146 60.928 70.1982 62.9644 79.5571 64.3229
64.4193 56.9677 64.8146 60.928 79.5571 64.3229
60.433 54.856 64.4193 56.9677 79.5571 64.3229
45.7916 47.9002 60.433 54.856 64.4193 56.9677
60.433 54.856 45.7916 47.9002 45.6351 47.8182
59.7399 89.3387 64.5165 93.184 68.0174 96.7897
62.889 85.2249 58.1744 89.0748 59.7399 89.3387
62.889 85.2249 59.7399 89.3387 64.5165 93.184
63.7305 79.829 62.889 85.2249 64.5165 93.184
64.8146 60.928 63.7305 79.829 62.889 85.2249
62.889 85.2249 64.8146 60.928 64.4193 56.9677
65.1474 98.1586 59.7399 89.3387 58.1744 89.0748
80.1453 86.8927 84.7869 94.5162 86.7136 97.4067
76.0163 78.9176 80.1453 86.8927 86.7136 97.4067
72.7034 74.1547 76.0163 78.9176 80.1453 86.8927
80.1453 86.8927 72.7034 74.1547 64.8146 60.928
72.7034 74.1547 68.6112 63.639 64.8146 60.928
68.6112 63.639 70.1982 62.9644 64.8146 60.928
78.6601 81.9984 76.0163 78.9176 72.7034 74.1547
87.7285 87.0235 87.8094 89.2758 88.1868 89.8029
86.3239 84.3785 87.7285 87.0235 87.8094 89.2758
84.6403 81.0273 86.3239 84.3785 87.8094 89.2758
83.6524 78.3394 84.6403 81.0273 86.3239 84.3785
83.0779 76.2353 83.6524 78.3394 86.3239 84.3785
82.8294 75.3305 83.0779 76.2353 86.3239 84.3785
79.1636 69.3558 82.8294 75.3305 83.0779 76.2353
83.0779 76.2353 79.1636 69.3558 74.8336 68.3284
79.1636 69.3558 79.2962 68.5816 74.8336 68.3284
90.2172 69.2196 88.1237 71.2498 92.8246 74.4285
90.2172 69.2196 92.8246 74.4285 99.5667 85.9939
84.8023 68.7647 91.3657 68.8964 90.2172 69.2196
84.8023 68.7647 90.2172 69.2196 88.1237 71.2498
79.2962 68.5816 84.8023 68.7647 91.3657 68.8964
74.8336 68.3284 79.2962 68.5816 91.3657 68.8964
91.3657 68.8964 74.8336 68.3284 72.1839 65.0324
93.7248 89.1216 92.649 89.453 90.1439 90.1007
90.1041 88.578 93.7248 89.1216 90.1439 90.1007
87.7285 87.0235 90.1041 88.578 90.1439 90.1007
87.7285 87.0235 90.1439 90.1007 93.3091 96.993
90.1041 88.578 87.7285 87.0235 86.3239 84.3785
81.9214 70.8075 82.5962 71.6941 89.7299 81.2659
79.1636 69.3558 81.9214 70.8075 89.7299 81.2659
81.9214 70.8075 79.1636 69.3558 79.2962 68.5816
90.2172 69.2196 97.5406 69.6581 93.6811 70.2288
97.5406 69.6581 90.2172 69.2196 91.3657 68.8964
93.7248 89.1216 92.649 89.453 94.811 92.9132
93.6059 87.8939 93.7248 89.1216 94.811 92.9132
93.3623 87.384 93.6059 87.8939 93.7248 89.1216
93.7248 89.1216 93.3623 87.384 91.2224 85.3383
93.6059 87.8939 93.3623 87.384 93.0781 78.9976
84.6403 81.0273 83.6524 78.3394 78.3702 76.2211
68.7403 90.6907 64.5165 93.184 68.0174 96.7897
68.7403 90.6907 68.0174 96.7897 67.9479 97.9036
66.1691 88.2059 68.7403 90.6907 64.5165 93.184
69.6067 76.972 66.1691 88.2059 64.5165 93.184
66.1691 88.2059 69.6067 76.972 70.6283 74.028
69.6067 76.972 66.2778 75.7511 70.6283 74.028
69.2326 71.0702 70.6283 74.028 66.2778 75.7511
69.2326 71.0702 66.2778 75.7511 64.3427 77.6236
70.6283 74.028 69.2326 71.0702 69.1774 70.2098
66.1691 88.2059 68.7403 90.6907 72.6562 91.3371
72.8918 87.8817 66.1691 88.2059 72.6562 91.3371
73.7787 87.6421 72.8918 87.8817 72.6562 91.3371
72.8918 87.8817 73.7787 87.6421 73.4853 84.9132
75.4674 89.4589 76.2753 91.65 77.55 96.251
73.7787 87.6421 75.4674 89.4589 77.55 96.251
73.4853 84.9132 73.7787 87.6421 75.4674 89.4589
75.4674 89.4589 73.4853 84.9132 74.7069 79.117
76.2753 91.65 79.0649 95.035 82.8873 98.8812
82.8873 98.8812 76.2753 91.65 75.4674 89.4589
57.9853 84.9203 62.889 85.2249 58.1744 89.0748
62.889 85.2249 57.9853 84.9203 40.6433 83.8155
38.7105 87.5446 35.9609 87.9776 46.122 88.5843
57.9853 84.9203 55.9685 87.1006 38.7105 87.5446
40.6433 83.8155 57.9853 84.9203 38.7105 87.5446
40.6433 83.8155 38.7105 87.5446 35.9609 87.9776
52.4938 75.7798 45.3605 81.4033 40.6433 83.8155
50.0341 74.8462 52.4938 75.7798 40.6433 83.8155
50.0341 74.8462 40.6433 83.8155 35.9609 87.9776
35.9609 87.9776 50.0341 74.8462 55.8331 67.7758
48.0619 97.1123 42.084 98.2768 41.1885 98.8407
46.2096 96.251 48.0619 97.1123 42.084 98.2768
43.4926 94.076 46.2096 96.251 48.0619 97.1123
52.3636 88.6098 43.4926 94.076 48.0619 97.1123
55.9685 87.1006 52.3636 88.6098 48.0619 97.1123
48.0619 97.1123 55.9685 87.1006 57.9853 84.9203
36.8857 95.7046 43.4926 94.076 52.3636 88.6098
42.7039 89.3326 47.6248 90.7033 38.8425 92.7046
47.6248 90.7033 42.7039 89.3326 46.122 88.5843
46.122 88.5843 42.7039 89.3326 34.3636 89.7237
35.9609 87.9776 46.122 88.5843 34.3636 89.7237
37.7669 81.0809 35.9609 87.9776 34.3636 89.7237
35.9609 87.9776 37.7669 81.0809 38.0168 81.0636
52.4938 75.7798 54.0503 76.304 54.0827 80.1244
50.0341 74.8462 52.4938 75.7798 54.0503 76.304
56.0634 71.4536 50.0341 74.8462 54.0503 76.304
54.0503 76.304 56.0634 71.4536 57.8505 69.8804
41.7358 69.9535 42.6891 71.0485 38.8014 72.0902
45.9845 69.5241 41.7358 69.9535 42.6891 71.0485
48.323 68.7806 45.9845 69.5241 42.6891 71.0485
49.0734 67.5113 48.323 68.7806 45.9845 69.5241
52.4834 63.1704 49.0734 67.5113 48.323 68.7806
48.323 68.7806 52.4834 63.1704 57.7952 56.1754
38.8339 54.3872 43.6478 60.54 44.5417 65.9218
37.4949 52.5851 38.8339 54.3872 44.5417 65.9218
44.5417 65.9218 37.4949 52.5851 33.2779 46.6993
26.5636 32.8886 37.4949 52.5851 38.8339 54.3872
26.8061 32.7762 26.5636 32.8886 38.8339 54.3872
23.4684 30.9437 26.8061 32.7762 26.5636 32.8886
26.8061 32.7762 23.4684 30.9437 21.7071 28.6575
33.7057 42.4876 38.8339 54.3872 43.6478 60.54
33.5455 42.126 33.7057 42.4876 43.6478 60.54
33.7057 42.4876 33.5455 42.126 32.2236 39.5678
41.1295 55.7282 33.5455 42.126 32.2236 39.5678
