14.596 21.0912 26.5683 6.04802 36.0027 -6.09738
26.5683 6.04802 35.434 -1.35281 36.0027 -6.09738
17.8666 22.7479 19.7616 23.627 11.6915 33.4008
22.2468 19.728 17.8666 22.7479 19.7616 23.627
37.828 -8.59985 36.0027 -6.09738 35.434 -1.35281
19.7616 23.627 22.2468 19.728 42.023 -9.88488
22.2468 19.728 35.434 -1.35281 42.023 -9.88488
35.434 -1.35281 37.828 -8.59985 42.023 -9.88488
31.2139 -7.55805 37.828 -8.59985 42.023 -9.88488
2.19111 13.3291 -2.68483 13.9689 5.41258 14.3809
4.23528 11.6054 2.19111 13.3291 -2.68483 13.9689
25.4729 -0.630914 4.23528 11.6054 2.19111 13.3291
36.0027 -6.09738 30.4923 -1.87369 25.4729 -0.630914
4.23528 11.6054 25.4729 -0.630914 37.828 -8.59985
25.4729 -0.630914 36.0027 -6.09738 37.828 -8.59985
-2.68483 13.9689 5.41258 14.3809 -2.72755 16.4281
-1.34468 27.5714 -2.72755 16.4281 -4.96389 8.78276
-2.72755 16.4281 -2.68483 13.9689 -4.96389 8.78276
11.6915 33.4008 3.52561 35.8064 9.26679 38.8364
19.7616 23.627 11.6915 33.4008 9.26679 38.8364
24.609 19.1242 19.7616 23.627 9.26679 38.8364
32.323 13.3552 33.3748 14.586 24.609 19.1242
32.5643 8.38778 32.323 13.3552 24.609 19.1242
32.5643 8.38778 24.609 19.1242 19.7616 23.627
19.7616 23.627 32.5643 8.38778 39.3128 -2.84468
24.609 19.1242 28.5391 25.8474 23.303 26.9809
28.5391 25.8474 24.609 19.1242 33.3748 14.586
32.323 13.3552 32.5643 8.38778 43.6084 0.226052
23.8344 29.4712 22.5174 30.0357 20.5123 30.4242
20.335 27.4675 23.8344 29.4712 20.5123 30.4242
20.335 27.4675 20.5123 30.4242 16.9469 34.1735
20.335 27.4675 16.9469 34.1735 13.6613 38.9573
23.303 26.9809 20.335 27.4675 23.8344 29.4712
28.5391 25.8474 23.303 26.9809 23.8344 29.4712
37.7643 23.3203 28.5391 25.8474 23.8344 29.4712
38.085 20.3485 37.7643 23.3203 28.5391 25.8474
37.7643 23.3203 38.085 20.3485 44.6249 19.4186
38.085 20.3485 34.5349 19.9861 44.6249 19.4186
18.1126 34.8565 22.2678 34.3759 16.9469 34.1735
22.4179 34.6098 26.2605 36.4076 16.8359 42.9471
22.2678 34.3759 22.4179 34.6098 26.2605 36.4076
26.2605 36.4076 22.2678 34.3759 20.5123 30.4242
22.2678 34.3759 16.9469 34.1735 20.5123 30.4242
4.30231 49.0482 22.4179 34.6098 22.2678 34.3759
24.1685 30.8351 27.0444 32.81 35.3183 34.0413
35.3183 34.0413 24.1685 30.8351 22.5174 30.0357
24.1685 30.8351 20.5123 30.4242 22.5174 30.0357
30.357 38.2584 27.0444 32.81 24.1685 30.8351
3.52561 35.8064 9.26679 38.8364 9.88734 39.2307
1.60419 35.6004 3.52561 35.8064 9.88734 39.2307
-0.516215 34.7156 1.60419 35.6004 9.88734 39.2307
-2.82076 34.6536 -0.516215 34.7156 9.88734 39.2307
-0.516215 34.7156 -2.82076 34.6536 -3.46673 33.9401
-1.63521 32.0796 1.60419 35.6004 3.52561 35.8064
-5.68515 28.0848 -1.63521 32.0796 1.60419 35.6004
-9.34144 25.6556 -5.68515 28.0848 1.60419 35.6004
-14.6025 20.7942 -9.34144 25.6556 -5.68515 28.0848
-5.68515 28.0848 -14.6025 20.7942 -17.9568 16.4745
-14.6025 20.7942 -18.1729 18.939 -17.9568 16.4745
-18.1729 18.939 -20.0183 26.4706 -20.0541 27.0807
-17.9568 16.4745 -18.1729 18.939 -20.0183 26.4706
-14.745 -1.51714 -11.609 0.970546 -13.4168 2.26948
-14.745 -1.51714 -13.4168 2.26948 -17.9568 16.4745
-14.745 -1.51714 -17.9568 16.4745 -20.0183 26.4706
-10.8551 -21.9762 -10.6668 -15.7918 -14.745 -1.51714
-2.95075 -31.9496 -3.79186 -30.022 -10.8551 -21.9762
-6.78423 -33.1359 -2.95075 -31.9496 -10.8551 -21.9762
-8.65628 -34.0862 4.87317 -33.9251 -6.78423 -33.1359
-8.65628 -34.0862 -6.78423 -33.1359 -10.8551 -21.9762
-8.65628 -34.0862 -10.8551 -21.9762 -14.745 -1.51714
-8.65628 -34.0862 -14.745 -1.51714 -20.0183 26.4706
-6.94349 -34.4271 -8.65628 -34.0862 4.87317 -33.9251
7.57389 -35.1975 -6.94349 -34.4271 4.87317 -33.9251
4.87317 -33.9251 7.57389 -35.1975 15.6737 -36.4149
-6.38958 12.1947 -5.98561 14.2506 -2.83867 27.3327
-7.23476 10.4773 -6.38958 12.1947 -5.98561 14.2506
-11.0394 8.17925 -7.23476 10.4773 -5.98561 14.2506
-13.4168 2.26948 -11.0394 8.17925 -7.23476 10.4773
-7.23476 10.4773 -13.4168 2.26948 -11.609 0.970546
-9.65264 1.77744 -10.6668 -15.7918 -10.8551 -21.9762
-10.8551 -21.9762 -4.72199 -15.8191 -5.70678 -13.4545
-10.8551 -21.9762 -5.70678 -13.4545 7.13637 7.94302
-4.72199 -15.8191 -10.8551 -21.9762 -3.79186 -30.022
-5.70678 -13.4545 -2.16201 -13.0313 -1.28297 -10.2056
-5.70678 -13.4545 -1.28297 -10.2056 0.0492471 -7.62854
-2.16201 -13.0313 -5.70678 -13.4545 -4.72199 -15.8191
-2.61835 -28.4964 -0.114582 -28.4052 10.743 -25.9464
-3.79186 -30.022 -2.61835 -28.4964 -0.114582 -28.4052
-0.114582 -28.4052 -3.79186 -30.022 -2.95075 -31.9496
18.5999 -26.9655 -2.95075 -31.9496 -6.78423 -33.1359
39.5489 -23.9481 46.3913 -16.288 48.0051 -9.34861
38.4355 -27.6578 35.6305 -24.1506 39.5489 -23.9481
38.4355 -27.6578 39.5489 -23.9481 46.3913 -16.288
38.2272 -29.4529 20.3482 -28.3284 38.4355 -27.6578
38.2272 -29.4529 38.4355 -27.6578 46.3913 -16.288
25.9167 -30.9063 38.2272 -29.4529 20.3482 -28.3284
26.3077 -31.0112 25.9167 -30.9063 38.2272 -29.4529
38.2272 -29.4529 26.3077 -31.0112 4.87317 -33.9251
26.3077 -31.0112 -6.78423 -33.1359 4.87317 -33.9251
11.1777 -17.5551 13.3993 -17.079 7.08455 -14.7677
8.03469 -20.2795 16.173 -19.9457 11.1777 -17.5551
8.03469 -20.2795 11.1777 -17.5551 7.08455 -14.7677
8.03469 -20.2795 7.08455 -14.7677 5.05171 -9.21421
17.987 -20.4494 8.03469 -20.2795 16.173 -19.9457
39.5489 -23.9481 17.987 -20.4494 8.03469 -20.2795
8.03469 -20.2795 39.5489 -23.9481 35.6305 -24.1506
27.8333 -16.0271 38.2109 -15.9339 40.405 -15.8041
24.301 -16.7263 27.8333 -16.0271 38.2109 -15.9339
38.2109 -15.9339 24.301 -16.7263 11.1777 -17.5551
24.301 -16.7263 13.3993 -17.079 11.1777 -17.5551
22.0024 -6.2967 22.276 -4.5998 15.0556 -2.37047
22.0024 -6.2967 15.0556 -2.37047 7.38273 1.70454
22.5096 -8.55239 22.0024 -6.2967 22.276 -4.5998
24.9272 -13.1171 19.9285 -11.1345 22.5096 -8.55239
24.9272 -13.1171 22.5096 -8.55239 22.276 -4.5998
25.4806 -13.6375 24.9272 -13.1171 22.276 -4.5998
27.8333 -16.0271 25.4806 -13.6375 24.9272 -13.1171
24.9272 -13.1171 27.8333 -16.0271 24.301 -16.7263
-20.7186 -19.3465 -34.4554 -5.9117 -32.6817 -3.58993
-13.9029 -28.2632 -20.7186 -19.3465 -32.6817 -3.58993
-9.86367 -32.5148 -26.9144 -31.6242 -13.9029 -28.2632
-9.86367 -32.5148 -13.9029 -28.2632 -32.6817 -3.58993
-8.65628 -34.0862 -9.86367 -32.5148 -26.9144 -31.6242
-26.9144 -31.6242 -8.65628 -34.0862 -6.94349 -34.4271
-16.2596 -9.40977 -16.307 -5.83213 -20.371 5.55151
-9.79211 -30.0585 -16.2596 -9.40977 -16.307 -5.83213
-16.307 -5.83213 -9.79211 -30.0585 -8.65628 -34.0862
-9.79211 -30.0585 -9.86367 -32.5148 -8.65628 -34.0862
-17.1676 22.5906 -16.1521 25.842 -16.3732 32.1354
-16.3732 32.1354 -17.1676 22.5906 -18.1729 18.939
-17.1676 22.5906 -14.6025 20.7942 -18.1729 18.939
-16.1521 25.842 -10.0955 38.9445 -5.82901 41.411
-5.82901 41.411 -16.1521 25.842 -17.1676 22.5906
-17.1234 37.5916 -10.0955 38.9445 -5.82901 41.411
-18.2298 36.9652 -17.1234 37.5916 -10.0955 38.9445
-17.1234 37.5916 -18.2298 36.9652 -23.0816 36.6723
-15.3875 44.6869 -10.2208 46.4475 -12.6262 46.5862
-25.2607 38.6454 -15.3875 44.6869 -12.6262 46.5862
-26.9206 38.0204 -25.2607 38.6454 -12.6262 46.5862
-23.0099 31.8125 -26.9206 38.0204 -25.2607 38.6454
-21.0433 28.4812 -23.0099 31.8125 -26.9206 38.0204
-20.0541 27.0807 -21.0433 28.4812 -23.0099 31.8125
-20.0183 26.4706 -20.0541 27.0807 -21.0433 28.4812
-19.7514 24.1314 -20.0183 26.4706 -21.0433 28.4812
-23.9269 23.0006 -19.7514 24.1314 -21.0433 28.4812
-21.0433 28.4812 -23.9269 23.0006 -31.2219 11.3226
-24.3386 19.4555 -23.9269 23.0006 -19.7514 24.1314
-23.9269 23.0006 -24.3386 19.4555 -26.4103 12.0417
-17.4352 8.0331 -19.7514 24.1314 -20.0183 26.4706
-20.0183 26.4706 -17.4352 8.0331 -16.7661 5.67622
-20.371 5.55151 -20.6367 6.24403 -19.1856 7.60565
-16.307 -5.83213 -20.371 5.55151 -19.1856 7.60565
-19.1856 7.60565 -16.307 -5.83213 -14.9229 -7.92989
-20.6367 6.24403 -20.371 5.55151 -17.3574 -17.943
-40.1987 15.5917 -41.3493 16.6155 -42.1782 18.4315
-37.4084 13.0215 -40.1987 15.5917 -42.1782 18.4315
-31.0467 5.9354 -34.7122 10.6371 -37.4084 13.0215
-31.0467 5.9354 -37.4084 13.0215 -40.1987 15.5917
-30.5374 3.61845 -24.0198 5.43329 -31.0467 5.9354
-30.5374 3.61845 -31.0467 5.9354 -40.1987 15.5917
-38.2856 2.01027 -35.754 2.85654 -30.5374 3.61845
-35.5317 0.573689 -38.2856 2.01027 -30.5374 3.61845
-35.5317 0.573689 -30.5374 3.61845 -24.0198 5.43329
-32.6817 -3.58993 -35.5317 0.573689 -24.0198 5.43329
-34.4554 -5.9117 -32.6817 -3.58993 -35.5317 0.573689
-39.6592 -22.3538 -34.4554 -5.9117 -35.5317 0.573689
-40.1813 -24.4975 -38.5791 -23.4857 -39.6592 -22.3538
-40.1813 -24.4975 -39.6592 -22.3538 -35.5317 0.573689
-38.5791 -23.4857 -40.1813 -24.4975 -34.9942 -26.1779
-29.5057 -13.9286 -39.6592 -22.3538 -38.5791 -23.4857
-23.4728 -19.34 -30.1128 -23.6381 -33.5383 -26.24
-30.1128 -23.6381 -34.9942 -26.1779 -33.5383 -26.24
-40.1813 -24.4975 -41.4921 -19.1906 -47.4591 -14.3161
-47.4591 -14.3161 -40.1813 -24.4975 -39.7569 -28.3255
-40.1813 -24.4975 -34.9942 -26.1779 -39.7569 -28.3255
-34.9942 -26.1779 -33.5383 -26.24 -39.7569 -28.3255
-39.7569 -28.3255 -33.5383 -26.24 -24.6846 -24.2577
-24.6846 -24.2577 -39.7569 -28.3255 -40.5974 -28.6493
-45.0655 -21.6053 -39.7569 -28.3255 -40.5974 -28.6493
-44.1104 -4.2878 -46.846 -1.91919 -47.7575 2.79834
-41.4937 -17.2079 -44.1104 -4.2878 -46.846 -1.91919
-41.4921 -19.1906 -41.4937 -17.2079 -46.846 -1.91919
-41.4937 -17.2079 -41.4921 -19.1906 -40.1813 -24.4975
-37.4084 13.0215 -34.7403 16.3571 -36.6146 17.9866
-37.4084 13.0215 -36.6146 17.9866 -40.1283 21.8818
-34.7403 16.3571 -37.4084 13.0215 -34.7122 10.6371
-34.3184 23.6427 -33.9939 25.593 -34.1627 30.609
-34.4125 20.5071 -34.3184 23.6427 -34.1627 30.609
-34.1627 30.609 -34.4125 20.5071 -36.6146 17.9866
-36.6146 17.9866 -34.4125 20.5071 -27.9745 26.0438
-27.9745 26.0438 -36.6146 17.9866 -34.7403 16.3571
-31.6781 34.3918 -33.9939 25.593 -34.3184 23.6427
-26.8214 40.6177 -30.8269 30.5383 -34.4125 20.5071
-30.8269 30.5383 -34.3184 23.6427 -34.4125 20.5071
-24.0198 5.43329 -31.0467 5.9354 -23.6092 9.30779
-24.0198 5.43329 -23.6092 9.30779 -21.2418 12.0886
-24.6923 -5.29229 -24.0198 5.43329 -21.2418 12.0886
-21.2418 12.0886 -24.6923 -5.29229 -24.121 -8.06365
-24.6923 -5.29229 -28.2849 -7.04175 -24.121 -8.06365
-41.1622 13.5057 -41.3493 16.6155 -42.1782 18.4315
-40.512 -7.64502 -41.1622 13.5057 -42.1782 18.4315
-41.1622 13.5057 -40.512 -7.64502 -40.1537 -10.593
-45.7897 18.7531 -40.512 -7.64502 -40.1537 -10.593
-41.3493 16.6155 -40.1987 15.5917 -37.3609 6.90326
-38.2856 2.01027 -35.5317 0.573689 -38.1761 -1.34279
-47.7575 2.79834 -46.846 -1.91919 -49.5881 -3.98156
6.89406 -36.3462 7.57389 -35.1975 -6.94349 -34.4271
-16.1905 -37.433 6.89406 -36.3462 -6.94349 -34.4271
-11.1752 -38.0528 -16.1905 -37.433 6.89406 -36.3462
-7.51399 -38.0863 -11.1752 -38.0528 6.89406 -36.3462
-11.1752 -38.0528 -7.51399 -38.0863 6.89173 -39.2915
-16.1905 -37.433 -25.7985 -36.5605 -35.0079 -35.3514
-11.1752 -38.0528 -16.1905 -37.433 -25.7985 -36.5605
-6.82935 -40.2537 -11.1752 -38.0528 -25.7985 -36.5605
-10.2178 -41.5874 -6.82935 -40.2537 -25.7985 -36.5605
5.01369 -47.591 -10.2178 -41.5874 -6.82935 -40.2537
-10.2178 -41.5874 5.01369 -47.591 9.98346e-05 -49.6738
12.1226 -39.9126 6.89406 -36.3462 7.57389 -35.1975
9.85895 -40.7373 12.1226 -39.9126 6.89406 -36.3462
6.89406 -36.3462 9.85895 -40.7373 11.888 -48.3523
9.85895 -40.7373 12.1226 -39.9126 17.3442 -38.8183
15.5336 -40.8817 9.85895 -40.7373 17.3442 -38.8183
9.85895 -40.7373 15.5336 -40.8817 17.7261 -41.3238
39.3291 -29.9856 22.3487 -38.6041 17.7261 -41.3238
22.3487 -38.6041 15.5336 -40.8817 17.7261 -41.3238
25.2757 -16.9029 38.2109 -15.9339 40.405 -15.8041
38.2109 -15.9339 25.2757 -16.9029 20.4866 -17.2113
20.4866 -17.2113 25.2757 -16.9029 43.5463 -16.2735
43.5463 -16.2735 20.4866 -17.2113 31.6735 -17.2492
18.1552 -1.90002 18.1678 0.812185 12.2912 5.19866
22.276 -4.5998 15.0556 -2.37047 18.1552 -1.90002
22.276 -4.5998 18.1552 -1.90002 18.1678 0.812185
27.7725 -10.4843 22.276 -4.5998 18.1678 0.812185
22.276 -4.5998 27.7725 -10.4843 28.5403 -12.7505
7.35982 5.24739 18.1552 -1.90002 15.0556 -2.37047
22.5096 -8.55239 15.9866 -6.01948 8.06309 -2.80302
19.9285 -11.1345 22.5096 -8.55239 15.9866 -6.01948
15.9866 -6.01948 19.9285 -11.1345 20.5177 -14.0891
30.9573 -27.2393 27.4127 -26.2517 30.0257 -25.2739
38.4355 -27.6578 30.9573 -27.2393 30.0257 -25.2739
20.3482 -28.3284 38.4355 -27.6578 30.9573 -27.2393
30.9573 -27.2393 20.3482 -28.3284 13.1435 -28.551
9.93636 -22.4497 27.4127 -26.2517 30.9573 -27.2393
0.0492471 -7.62854 -1.28297 -10.2056 3.05914 -16.6146
-5.00584 3.95944 -7.23476 10.4773 -6.38958 12.1947
-6.38958 12.1947 -5.00584 3.95944 -3.37226 -0.744579
-10.3914 18.6761 -5.68515 28.0848 -1.63521 32.0796
-5.68515 28.0848 -10.3914 18.6761 -13.787 15.6922
