148.541 241.623 143.725 243.49 160.791 243.812
159.758 226.975 148.541 241.623 160.791 243.812
157.109 221.82 159.758 226.975 148.541 241.623
160.698 209.257 180.801 213.103 168.414 213.187
160.698 209.257 168.414 213.187 157.109 221.82
160.698 209.257 157.109 221.82 148.541 241.623
163.007 202.148 160.698 209.257 148.541 241.623
160.698 209.257 163.007 202.148 167.266 199.423
153.236 213.136 151.977 216.693 149.799 229.755
163.007 202.148 153.236 213.136 149.799 229.755
169.1 191.186 167.266 199.423 163.007 202.148
169.1 191.186 163.007 202.148 153.236 213.136
177.071 183.092 169.1 191.186 167.266 199.423
167.266 199.423 177.071 183.092 188.695 168.383
177.071 183.092 181.83 172.259 188.695 168.383
180.536 190.304 188.314 192.472 181.351 203.304
189.881 179.26 180.536 190.304 188.314 192.472
188.695 168.383 189.881 179.26 180.536 190.304
189.881 179.26 188.695 168.383 200.207 161.318
169.74 176.213 146.616 189.622 156.556 191.435
181.83 172.259 169.74 176.213 156.556 191.435
181.83 172.259 156.556 191.435 136.421 212.183
188.695 168.383 181.83 172.259 169.74 176.213
169.74 176.213 188.695 168.383 200.207 161.318
137.481 218.277 151.977 216.693 153.236 213.136
130.783 237.989 148.541 241.623 143.725 243.49
119.363 236.705 130.783 237.989 143.725 243.49
88.3475 231.894 119.363 236.705 143.725 243.49
119.363 236.705 88.3475 231.894 80.7341 229.171
88.3475 231.894 68.1969 230.607 80.7341 229.171
51.5889 232.02 51.5516 236.054 57.195 252.025
80.7341 229.171 68.1969 230.607 51.5889 232.02
61.5952 228.679 80.7341 229.171 51.5889 232.02
56.8526 222.607 61.5952 228.679 51.5889 232.02
51.5516 236.054 51.5889 232.02 42.3815 217.795
51.5889 232.02 56.8526 222.607 42.3815 217.795
66.9653 248.107 69.792 260.014 62.7516 263.575
61.8684 242.111 66.9653 248.107 62.7516 263.575
71.2366 236.996 61.8684 242.111 66.9653 248.107
61.8684 242.111 71.2366 236.996 68.1969 230.607
71.2366 236.996 88.3475 231.894 68.1969 230.607
90.1611 237.049 83.3292 241.443 81.8891 249.446
83.3292 241.443 90.1611 237.049 71.2366 236.996
128.685 258.261 137.987 259.098 121.627 259.938
112.727 253.277 128.685 258.261 121.627 259.938
122.054 250.179 112.727 253.277 128.685 258.261
102.018 243.223 122.054 250.179 112.727 253.277
90.1611 237.049 102.018 243.223 122.054 250.179
122.054 250.179 90.1611 237.049 88.3475 231.894
90.1611 237.049 71.2366 236.996 88.3475 231.894
103.974 262.734 97.9885 249.256 90.1611 237.049
97.9885 249.256 102.018 243.223 90.1611 237.049
106.899 256.22 97.9885 249.256 102.018 243.223
151.169 259.271 137.987 259.098 128.685 258.261
138.103 233.052 130.783 237.989 148.541 241.623
126.357 217.788 138.103 233.052 148.541 241.623
119.783 209.623 126.357 217.788 148.541 241.623
106.093 196.446 119.783 209.623 126.357 217.788
106.142 191.938 106.093 196.446 119.783 209.623
63.4454 136.369 106.142 191.938 119.783 209.623
106.142 191.938 63.4454 136.369 56.9764 128.023
56.9764 128.023 63.4454 136.369 96.378 178.293
29.1937 93.2224 50.9091 121.408 56.9764 128.023
96.378 178.293 56.9764 128.023 20.2357 79.8351
56.9764 128.023 29.1937 93.2224 20.2357 79.8351
29.1937 93.2224 23.724 86.9739 20.2357 79.8351
90.356 161.511 99.4477 173.931 117.187 193.221
60.7615 121.508 81.656 149.221 90.356 161.511
60.7615 121.508 90.356 161.511 99.4477 173.931
53.7407 111.019 60.7615 121.508 81.656 149.221
39.1549 96.3024 53.7407 111.019 60.7615 121.508
18.4871 73.4429 20.2357 79.8351 39.1549 96.3024
18.4871 73.4429 39.1549 96.3024 53.7407 111.019
53.7407 111.019 18.4871 73.4429 7.79586 59.6543
22.783 110.62 19.9842 117.355 18.6247 126.437
12.8116 99.922 22.783 110.62 19.9842 117.355
16.9497 98.1089 12.8116 99.922 22.783 110.62
23.724 86.9739 16.9497 98.1089 22.783 110.62
20.2357 79.8351 23.724 86.9739 16.9497 98.1089
16.9497 98.1089 20.2357 79.8351 18.4871 73.4429
29.7235 108.325 38.3878 141.009 40.5482 146.272
38.3878 141.009 29.7235 108.325 23.724 86.9739
29.7235 108.325 28.3262 100.196 23.724 86.9739
28.3262 100.196 29.1937 93.2224 23.724 86.9739
46.0609 139.01 49.3738 148.636 52.2753 159.973
40.6338 133.434 46.0609 139.01 52.2753 159.973
40.2466 122.577 40.6338 133.434 46.0609 139.01
29.7235 108.325 40.2466 122.577 40.6338 133.434
40.2466 122.577 29.7235 108.325 28.3262 100.196
148.512 196.008 136.314 198.152 133.165 202.516
148.512 196.008 133.165 202.516 128.306 207.295
156.556 191.435 148.512 196.008 136.314 198.152
146.616 189.622 156.556 191.435 136.314 198.152
148.026 182.321 146.616 189.622 136.314 198.152
158.923 177.725 148.026 182.321 146.616 189.622
146.616 189.622 158.923 177.725 167.008 173.379
126.609 191.23 136.314 198.152 133.165 202.516
138.841 189.886 126.609 191.23 136.314 198.152
153.053 172.06 138.841 189.886 136.314 198.152
138.841 189.886 153.053 172.06 161.581 157.594
153.053 172.06 157.004 171.242 161.581 157.594
138.13 181.563 138.841 189.886 126.609 191.23
126.609 191.23 138.13 181.563 128.266 181.085
138.841 189.886 138.13 181.563 142.79 166.109
172.076 160.975 158.923 177.725 148.026 182.321
148.026 182.321 172.076 160.975 177.731 153.034
177.747 157.828 172.076 160.975 158.923 177.725
172.076 160.975 177.747 157.828 192.487 147.966
167.301 218.634 180.791 221.575 157.109 221.82
188.075 213.903 167.301 218.634 180.791 221.575
180.791 221.575 188.075 213.903 213.187 190.82
180.791 221.575 157.109 221.82 159.758 226.975
202.373 216.773 180.791 221.575 159.758 226.975
202.308 209.437 202.373 216.773 180.791 221.575
208.332 209.099 202.308 209.437 202.373 216.773
202.308 209.437 208.332 209.099 211.615 198.625
132.907 248.965 160.042 258 169.289 261.587
172.245 243.995 180.235 246.823 141.754 248.3
172.245 243.995 141.754 248.3 132.907 248.965
160.791 243.812 172.245 243.995 132.907 248.965
143.725 243.49 160.791 243.812 132.907 248.965
169.289 261.587 132.907 248.965 109.143 241.958
132.907 248.965 143.725 243.49 109.143 241.958
188.869 257.424 183.687 258.726 198.848 261.342
132.907 248.965 188.869 257.424 183.687 258.726
188.869 257.424 132.907 248.965 141.754 248.3
196.677 246.804 180.235 246.823 141.754 248.3
191.338 246.78 196.677 246.804 180.235 246.823
186.921 241.99 191.338 246.78 180.235 246.823
179.336 239.21 186.921 241.99 180.235 246.823
177.536 232.668 179.336 239.21 186.921 241.99
179.336 239.21 177.536 232.668 169.979 230.187
191.338 246.78 186.921 241.99 190.519 223.332
172.428 248.254 149.401 248.485 161.591 248.783
196.677 246.804 172.428 248.254 149.401 248.485
213.545 246.223 191.338 246.78 196.677 246.804
213.545 246.223 196.677 246.804 172.428 248.254
207.242 239.091 213.545 246.223 191.338 246.78
202.576 236.999 207.242 239.091 191.338 246.78
203.514 233.712 202.576 236.999 207.242 239.091
209.965 222.426 191.417 233.528 203.514 233.712
209.965 222.426 203.514 233.712 207.242 239.091
217.295 191.281 209.965 222.426 207.242 239.091
219.608 178.903 217.295 191.281 209.965 222.426
227.16 172.541 219.608 178.903 217.295 191.281
222.781 171.192 227.16 172.541 219.608 178.903
217.869 157.324 222.781 171.192 219.608 178.903
222.781 171.192 217.869 157.324 221.755 146.296
212.228 173.676 212.842 179.484 197.024 199.124
217.869 157.324 212.228 173.676 212.842 179.484
220.836 137.401 221.755 146.296 217.869 157.324
220.836 137.401 217.869 157.324 212.228 173.676
221.755 146.296 220.836 137.401 229.657 137.133
213.528 150.407 200.549 182.736 199.649 188.587
220.836 137.401 213.528 150.407 199.649 188.587
219.015 133.791 229.657 137.133 220.836 137.401
219.015 133.791 220.836 137.401 213.528 150.407
232.211 128.763 219.015 133.791 229.657 137.133
223.781 117.629 232.211 128.763 219.015 133.791
232.211 128.763 223.781 117.629 232.059 116.012
223.781 117.629 210.849 129.685 189.966 157.426
229.395 106.309 232.059 116.012 223.781 117.629
229.395 106.309 223.781 117.629 210.849 129.685
218.365 98.974 209.197 102.499 227.959 102.655
217.86 89.0859 218.365 98.974 227.959 102.655
229.917 86.89 217.86 89.0859 227.959 102.655
229.917 86.89 227.959 102.655 229.395 106.309
229.917 86.89 229.395 106.309 232.059 116.012
230.281 81.6569 229.917 86.89 232.059 116.012
232.059 116.012 230.281 81.6569 229.904 57.7248
230.281 81.6569 229.164 69.3739 229.904 57.7248
192.55 97.6795 147.743 110.461 143.145 112.104
202.655 90.2005 192.55 97.6795 147.743 110.461
187.657 89.4004 183.791 90.1812 202.655 90.2005
208.934 89.2234 187.657 89.4004 202.655 90.2005
208.934 89.2234 202.655 90.2005 192.55 97.6795
217.86 89.0859 208.934 89.2234 192.55 97.6795
208.934 89.2234 217.86 89.0859 229.917 86.89
180.928 110.468 126.552 127.022 117.608 129.432
117.608 129.432 180.928 110.468 218.365 98.974
180.928 110.468 209.197 102.499 218.365 98.974
161.576 117.5 180.928 110.468 209.197 102.499
152.197 157.602 141.87 159.656 116.627 178.512
157.643 151.924 152.197 157.602 141.87 159.656
172.96 143.042 167.104 148.538 157.643 151.924
172.96 143.042 157.643 151.924 141.87 159.656
182.508 136.315 172.96 143.042 167.104 148.538
202.827 120.91 182.508 136.315 167.104 148.538
208.899 116.416 202.827 120.91 167.104 148.538
221.021 107.929 208.899 116.416 167.104 148.538
208.899 116.416 221.021 107.929 227.959 102.655
221.021 107.929 229.395 106.309 227.959 102.655
193.157 131.045 197.833 130.723 221.021 107.929
189.783 137.006 197.833 130.723 229.395 106.309
197.833 130.723 221.021 107.929 229.395 106.309
200.549 182.736 199.649 188.587 193.876 199.269
203.568 170.228 200.549 182.736 193.876 199.269
208.903 157.628 203.568 170.228 200.549 182.736
200.214 150.505 208.903 157.628 203.568 170.228
208.903 157.628 200.214 150.505 206.543 142.887
157.643 151.924 167.104 148.538 199.947 139.163
116.627 178.512 141.87 159.656 199.672 111.78
141.87 159.656 176.778 133.632 199.672 111.78
191.606 113.419 126.552 127.022 117.608 129.432
117.608 129.432 191.606 113.419 213.238 108.798
156.749 111.397 143.145 112.104 123.201 119.197
156.749 111.397 123.201 119.197 112.572 121.929
168.408 106.868 156.749 111.397 143.145 112.104
156.749 111.397 168.408 106.868 180.123 102.644
147.743 110.461 143.145 112.104 123.201 119.197
123.201 119.197 147.743 110.461 168.426 101.652
137.753 118.189 112.572 121.929 107.049 129.131
150.143 116.895 137.753 118.189 107.049 129.131
137.753 118.189 150.143 116.895 202.614 99.9549
117.63 146.497 128.658 146.87 113.71 148.828
107.54 143.533 117.63 146.497 113.71 148.828
107.54 143.533 113.71 148.828 122.003 171.278
116.315 140.132 107.54 143.533 117.63 146.497
103.049 139.676 116.315 140.132 107.54 143.533
101.43 131.56 103.049 139.676 116.315 140.132
107.049 129.131 88.6165 130.102 101.43 131.56
107.049 129.131 101.43 131.56 116.315 140.132
112.572 121.929 107.049 129.131 88.6165 130.102
126.483 116.072 123.201 119.197 112.572 121.929
126.483 116.072 112.572 121.929 88.6165 130.102
128.129 113.566 126.483 116.072 88.6165 130.102
88.6165 130.102 128.129 113.566 163.578 98.5331
141.671 138.251 117.63 146.497 128.658 146.87
141.671 138.251 128.658 146.87 136.413 149.188
141.671 138.251 136.413 149.188 127.91 167.135
132.684 137.379 141.671 138.251 117.63 146.497
138.392 131.748 132.684 137.379 117.63 146.497
160.642 129.259 138.392 131.748 132.684 137.379
149.051 129.21 160.642 129.259 138.392 131.748
169.602 122.28 149.051 129.21 138.392 131.748
183.307 120.028 169.602 122.28 149.051 129.21
149.051 129.21 183.307 120.028 188.627 119.324
136.413 149.188 122.6 157.49 127.454 162.276
122.6 157.49 136.413 149.188 128.658 146.87
141.671 138.251 148.384 141.473 148.916 146.705
160.313 136.946 132.684 137.379 141.671 138.251
160.313 136.946 141.671 138.251 148.384 141.473
132.684 137.379 160.313 136.946 170.702 132.122
100.026 150.241 99.0846 159.306 112.827 171.445
91.5828 139.185 100.026 150.241 99.0846 159.306
88.6165 130.102 101.43 131.56 91.5828 139.185
83.3693 123.042 88.6165 130.102 91.5828 139.185
83.3693 123.042 91.5828 139.185 99.0846 159.306
71.287 99.3746 83.8183 112.896 83.3693 123.042
71.287 99.3746 83.3693 123.042 99.0846 159.306
57.332 80.6484 63.0383 91.871 71.287 99.3746
57.332 80.6484 71.287 99.3746 83.8183 112.896
46.0954 67.5543 57.332 80.6484 63.0383 91.871
63.0383 91.871 46.0954 67.5543 39.2184 59.0426
87.8558 116.096 57.332 80.6484 46.0954 67.5543
80.2969 101.16 91.7242 102.244 86.3804 108.674
67.4794 87.8416 80.2969 101.16 86.3804 108.674
46.0954 67.5543 67.4794 87.8416 86.3804 108.674
39.2184 59.0426 46.0954 67.5543 67.4794 87.8416
28.7031 48.1931 39.2184 59.0426 67.4794 87.8416
67.4794 87.8416 28.7031 48.1931 21.8227 40.6802
52.4007 83.9683 28.7031 48.1931 21.8227 40.6802
112.827 171.445 107.751 176.616 121.928 196.38
121.928 196.38 112.827 171.445 111.49 162.53
99.0846 159.306 112.827 171.445 107.751 176.616
88.9236 146.947 99.0846 159.306 107.751 176.616
76.6038 131.888 83.4368 142.532 88.9236 146.947
76.6038 131.888 88.9236 146.947 99.0846 159.306
18.2295 47.1985 76.6038 131.888 83.4368 142.532
83.4368 142.532 18.2295 47.1985 12.6425 39.4421
72.6785 122.293 18.2295 47.1985 12.6425 39.4421
71.2154 130.663 107.751 176.616 121.928 196.38
58.6241 113.616 71.2154 130.663 107.751 176.616
30.7342 76.8872 58.6241 113.616 107.751 176.616
10.7652 53.2276 30.7342 76.8872 58.6241 113.616
58.6241 113.616 10.7652 53.2276 2.23365 42.7407
50.346 100.045 30.7342 76.8872 10.7652 53.2276
10.7652 53.2276 29.7062 69.3476 39.4196 83.6084
29.7062 69.3476 10.7652 53.2276 2.23365 42.7407
41.2658 92.7905 58.6241 113.616 71.2154 130.663
71.2154 130.663 41.2658 92.7905 18.0835 63.9761
71.287 99.3746 60.1787 100.209 68.558 109.197
63.0383 91.871 71.287 99.3746 60.1787 100.209
60.1787 100.209 63.0383 91.871 52.2864 91.6999
50.2186 61.4462 76.7622 92.4687 80.2969 101.16
80.2969 101.16 50.2186 61.4462 37.262 47.9697
72.3937 83.9874 50.2186 61.4462 37.262 47.9697
76.7622 92.4687 80.2969 101.16 91.7242 102.244
90.4441 87.8226 76.7622 92.4687 91.7242 102.244
87.9259 79.1682 90.4441 87.8226 76.7622 92.4687
76.7622 92.4687 87.9259 79.1682 83.8125 77.955
63.7096 70.6044 83.8125 77.955 87.9259 79.1682
113.703 91.9532 87.9259 79.1682 56.0442 62.0059
87.9259 79.1682 63.7096 70.6044 56.0442 62.0059
86.3804 108.674 91.7242 102.244 96.1646 97.5999
100.564 119.962 83.3693 123.042 88.6165 130.102
97.1334 113.27 100.564 119.962 83.3693 123.042
107.873 106.876 97.1334 113.27 100.564 119.962
113.255 103.134 107.873 106.876 100.564 119.962
118.718 99.0968 113.255 103.134 107.873 106.876
107.873 106.876 118.718 99.0968 101.514 93.8918
117.384 113.089 113.255 103.134 118.718 99.0968
183.791 90.1812 202.655 90.2005 168.263 90.4166
168.263 90.4166 183.791 90.1812 147.753 88.9957
160.934 86.179 187.657 89.4004 183.791 90.1812
183.791 90.1812 160.934 86.179 120.856 80.3041
160.934 86.179 146.5 81.4451 120.856 80.3041
132.318 87.1201 139.969 98.0885 146.811 99.0823
121.621 86.0603 140.151 86.3701 132.318 87.1201
121.621 86.0603 132.318 87.1201 139.969 98.0885
120.856 80.3041 121.621 86.0603 140.151 86.3701
136.204 79.5045 129.281 80.2361 120.856 80.3041
113.577 76.1335 136.204 79.5045 120.856 80.3041
113.577 76.1335 120.856 80.3041 121.621 86.0603
119.595 71.1791 128.84 72.0126 113.577 76.1335
101.727 70.7466 119.595 71.1791 113.577 76.1335
101.727 70.7466 113.577 76.1335 121.621 86.0603
119.595 71.1791 101.727 70.7466 90.4297 69.3708
120.856 80.3041 146.5 81.4451 199.073 83.711
199.073 83.711 120.856 80.3041 129.281 80.2361
160.383 80.8071 171.174 81.2108 177.285 81.8994
171.174 81.2108 160.383 80.8071 136.204 79.5045
160.383 80.8071 129.281 80.2361 136.204 79.5045
119.595 71.1791 128.84 72.0126 147.261 72.6818
108.285 67.3571 119.595 71.1791 147.261 72.6818
119.595 71.1791 108.285 67.3571 78.1805 63.5075
108.285 67.3571 162.346 73.4342 206.566 79.5414
78.1805 63.5075 108.285 67.3571 162.346 73.4342
162.346 73.4342 78.1805 63.5075 71.4406 62.7027
177.285 81.8994 171.174 81.2108 186.917 77.9387
220.566 77.0784 230.281 81.6569 229.917 86.89
222.92 73.2029 220.566 77.0784 230.281 81.6569
190.981 68.6084 182.86 69.0768 222.92 73.2029
206.775 68.391 190.981 68.6084 222.92 73.2029
209.592 63.2936 206.775 68.391 222.92 73.2029
216.202 62.1787 209.592 63.2936 222.92 73.2029
216.202 62.1787 222.92 73.2029 230.281 81.6569
211.515 49.0968 216.202 62.1787 209.592 63.2936
211.185 43.9478 211.515 49.0968 209.592 63.2936
210.675 28.1951 211.185 43.9478 211.515 49.0968
209.083 23.3881 210.675 28.1951 211.185 43.9478
211.185 43.9478 209.083 23.3881 200.681 7.34307
209.083 23.3881 213.031 12.2287 200.681 7.34307
210.675 28.1951 219.368 36.4284 220.834 46.0567
219.368 36.4284 210.675 28.1951 209.083 23.3881
241.255 16.1374 249.571 18.4709 257.475 20.8947
213.031 12.2287 241.255 16.1374 257.475 20.8947
241.255 16.1374 213.031 12.2287 200.681 7.34307
97.9918 62.9432 182.86 69.0768 222.92 73.2029
182.86 69.0768 97.9918 62.9432 89.1879 62.19
140.285 68.248 170.34 70.4691 198.694 73.4218
97.9918 62.9432 140.285 68.248 170.34 70.4691
140.285 68.248 97.9918 62.9432 89.1879 62.19
182.86 69.0768 190.981 68.6084 143.994 63.3566
190.981 68.6084 206.775 68.391 163.307 61.2534
203.145 62.0209 209.592 63.2936 206.775 68.391
189.65 57.7207 203.145 62.0209 206.775 68.391
178.635 53.9881 189.65 57.7207 206.775 68.391
166.537 49.2376 178.635 53.9881 206.775 68.391
157.861 42.6112 163.346 48.7958 166.537 49.2376
157.861 42.6112 166.537 49.2376 178.635 53.9881
137.668 29.7533 157.861 42.6112 178.635 53.9881
157.861 42.6112 137.668 29.7533 132.252 29.0112
168.762 37.1214 137.668 29.7533 112.839 23.7477
137.668 29.7533 132.252 29.0112 112.839 23.7477
132.252 29.0112 118.65 27.2456 112.839 23.7477
112.839 23.7477 118.65 27.2456 113.546 30.4151
103.617 22.7869 112.839 23.7477 113.546 30.4151
88.7873 19.8545 103.617 22.7869 112.839 23.7477
103.617 22.7869 88.7873 19.8545 79.7201 18.0803
150.488 41.6433 157.861 42.6112 163.346 48.7958
138.554 39.4499 81.0283 39.9586 118.292 39.9789
138.554 39.4499 118.292 39.9789 150.488 41.6433
138.554 39.4499 150.488 41.6433 157.861 42.6112
132.122 37.363 138.554 39.4499 157.861 42.6112
89.0247 32.0817 132.122 37.363 138.554 39.4499
132.122 37.363 89.0247 32.0817 99.58 31.0287
92.9359 50.1618 117.253 58.0647 107.708 58.9512
80.8563 46.6466 92.9359 50.1618 107.708 58.9512
101.602 46.1282 72.5721 46.236 80.8563 46.6466
101.602 46.1282 80.8563 46.6466 92.9359 50.1618
87.7535 42.7199 101.602 46.1282 72.5721 46.236
102.314 40.339 113.314 42.3915 87.7535 42.7199
81.0283 39.9586 118.292 39.9789 102.314 40.339
81.0283 39.9586 102.314 40.339 87.7535 42.7199
81.0283 39.9586 87.7535 42.7199 72.5721 46.236
76.162 29.2883 81.0283 39.9586 72.5721 46.236
81.0283 39.9586 76.162 29.2883 73.7106 16.3255
70.4552 31.7845 76.162 29.2883 73.7106 16.3255
136.179 51.0958 153.091 51.9157 168.877 57.2216
120.979 48.6688 136.179 51.0958 168.877 57.2216
101.602 46.1282 107.667 47.6073 120.979 48.6688
136.179 51.0958 120.979 48.6688 87.7535 42.7199
120.979 48.6688 101.602 46.1282 87.7535 42.7199
120.979 48.6688 151.872 56.118 177.318 61.9994
151.872 56.118 120.979 48.6688 107.667 47.6073
153.091 51.9157 136.179 51.0958 127.632 46.8706
107.708 58.9512 117.253 58.0647 129.242 58.0344
80.8563 46.6466 62.7427 48.2078 50.118 49.7297
72.5721 46.236 80.8563 46.6466 62.7427 48.2078
70.3355 43.7211 72.5721 46.236 62.7427 48.2078
61.4934 37.6739 53.5052 39.908 70.3355 43.7211
56.2064 29.5306 61.4934 37.6739 70.3355 43.7211
60.8618 18.5156 56.2064 29.5306 70.3355 43.7211
60.8618 18.5156 70.3355 43.7211 72.5721 46.236
51.1823 13.2016 60.8618 18.5156 56.2064 29.5306
56.326 12.2829 51.1823 13.2016 60.8618 18.5156
51.1823 13.2016 56.326 12.2829 27.0838 10.2831
56.326 12.2829 128.205 23.4971 153.148 31.8529
128.205 23.4971 56.326 12.2829 36.3077 9.15098
56.326 12.2829 27.0838 10.2831 36.3077 9.15098
27.0838 10.2831 13.7716 13.8082 16.3072 17.154
23.184 6.88968 130.178 8.20178 71.4313 8.39702
23.184 6.88968 71.4313 8.39702 36.3077 9.15098
23.184 6.88968 36.3077 9.15098 27.0838 10.2831
23.184 6.88968 27.0838 10.2831 13.7716 13.8082
13.7716 13.8082 23.184 6.88968 29.4035 0.490259
50.118 49.7297 96.437 79.7233 133.017 102.565
30.4839 36.9262 62.7427 48.2078 50.118 49.7297
96.437 79.7233 50.118 49.7297 17.6296 31.2889
50.118 49.7297 30.4839 36.9262 17.6296 31.2889
30.4839 36.9262 27.1449 32.623 17.6296 31.2889
27.1449 32.623 37.3074 32.509 17.6296 31.2889
17.6296 31.2889 37.3074 32.509 47.1516 32.9702
47.1516 32.9702 17.6296 31.2889 8.54122 27.1167
37.9525 73.5635 27.9522 56.4628 8.54122 27.1167
27.9522 56.4628 17.6296 31.2889 8.54122 27.1167
78.2829 70.4592 96.437 79.7233 133.017 102.565
96.437 79.7233 78.2829 70.4592 73.3429 66.5418
70.3355 43.7211 53.5052 39.908 39.0377 36.8835
61.4934 37.6739 56.2064 29.5306 49.6093 20.7706
13.6576 17.2691 28.6756 19.8971 38.2066 23.4624
16.3072 17.154 13.6576 17.2691 28.6756 19.8971
13.7716 13.8082 16.3072 17.154 13.6576 17.2691
13.6576 17.2691 13.7716 13.8082 11.4934 -2.36106
200.311 30.8018 157.645 33.6057 199.374 36.0264
200.311 30.8018 199.374 36.0264 200.875 52.7181
170.893 29.3031 200.311 30.8018 157.645 33.6057
176.334 27.1086 170.893 29.3031 200.311 30.8018
186.339 26.1543 176.334 27.1086 200.311 30.8018
173.024 22.0599 186.339 26.1543 176.334 27.1086
161.009 11.2008 189.245 18.279 176.186 20.2975
161.009 11.2008 176.186 20.2975 173.024 22.0599
161.009 11.2008 173.024 22.0599 176.334 27.1086
150.935 9.3289 161.009 11.2008 176.334 27.1086
141.198 8.91221 150.935 9.3289 176.334 27.1086
71.4313 8.39702 78.8294 8.57064 141.198 8.91221
130.178 8.20178 71.4313 8.39702 141.198 8.91221
130.178 8.20178 141.198 8.91221 150.935 9.3289
101.918 3.34794 130.178 8.20178 150.935 9.3289
77.2059 -0.260073 101.918 3.34794 150.935 9.3289
66.4209 -0.262518 77.2059 -0.260073 101.918 3.34794
23.3402 -0.407987 66.4209 -0.262518 77.2059 -0.260073
57.4043 -0.878429 23.3402 -0.407987 77.2059 -0.260073
77.2059 -0.260073 57.4043 -0.878429 46.1434 -1.50748
139.16 19.3229 149.073 20.3581 157.18 23.9864
120.535 16.1454 139.16 19.3229 149.073 20.3581
87.4506 10.5918 120.535 16.1454 139.16 19.3229
139.16 19.3229 87.4506 10.5918 71.4313 8.39702
87.4506 10.5918 78.8294 8.57064 71.4313 8.39702
141.198 8.91221 119.733 9.56051 113.432 10.6259
119.733 9.56051 141.198 8.91221 78.8294 8.57064
191.114 37.1879 180.075 42.2735 186.738 51.9253
199.374 36.0264 191.114 37.1879 186.738 51.9253
191.114 37.1879 199.374 36.0264 157.645 33.6057
196.336 19.9122 189.245 18.279 161.009 11.2008
39.6263 1.17765 66.4209 -0.262518 23.3402 -0.407987
109.595 -1.43777 150.935 9.3289 161.009 11.2008
150.935 9.3289 109.595 -1.43777 89.2472 -2.74869
109.595 -1.43777 156.941 0.425199 150.202 1.14318
156.941 0.425199 109.595 -1.43777 89.2472 -2.74869
207.565 1.72729 221.741 2.62868 243.978 3.70519
156.941 0.425199 150.202 1.14318 207.565 1.72729
179.327 -0.389571 156.941 0.425199 207.565 1.72729
179.327 -0.389571 207.565 1.72729 243.978 3.70519
156.941 0.425199 179.327 -0.389571 141.971 -1.60314
179.327 -0.389571 231.736 0.239112 248.825 2.34311
141.971 -1.60314 179.327 -0.389571 231.736 0.239112
200.621 -1.91308 141.971 -1.60314 231.736 0.239112
141.971 -1.60314 200.621 -1.91308 120.674 -3.80991
207.565 1.72729 173.662 2.28728 193.284 2.97014
207.565 1.72729 193.284 2.97014 187.811 13.2378
150.202 1.14318 207.565 1.72729 173.662 2.28728
173.662 2.28728 150.202 1.14318 130.137 1.12433
193.284 2.97014 181.57 7.33864 171.426 11.1308
181.57 7.33864 193.284 2.97014 173.662 2.28728
153.148 31.8529 128.205 23.4971 101.68 13.76
227.61 7.90134 241.255 16.1374 249.571 18.4709
241.255 16.1374 227.61 7.90134 219.983 6.97154
250.559 10.7565 257.679 13.7673 249.571 18.4709
249.571 18.4709 250.559 10.7565 236.73 8.29869
257.679 13.7673 249.571 18.4709 257.475 20.8947
257.475 20.8947 257.679 13.7673 259.64 -3.77591
219.368 36.4284 222.497 32.335 220.104 17.7441
222.497 32.335 219.368 36.4284 220.834 46.0567
231.968 30.2879 222.497 32.335 220.834 46.0567
222.497 32.335 231.968 30.2879 228.867 19.9241
238.816 37.577 231.968 30.2879 228.867 19.9241
232.725 186.444 233.198 201.189 228.172 210.655
232.725 186.444 228.172 210.655 217.028 252.858
233.391 183.093 232.725 186.444 233.198 201.189
227.16 172.541 233.391 183.093 232.725 186.444
229.79 158.636 222.781 171.192 227.16 172.541
229.79 158.636 227.16 172.541 233.391 183.093
222.781 171.192 229.79 158.636 228.474 152.522
229.79 158.636 241.342 179.998 246.452 193.5
241.342 179.998 229.79 158.636 228.474 152.522
228.024 219.142 228.172 210.655 233.198 201.189
241.028 237.421 242.73 248.322 247.961 256.224
236.652 228.754 241.028 237.421 242.73 248.322
240.996 216.58 236.652 228.754 241.028 237.421
243.416 202.356 240.996 216.58 241.028 237.421
246.452 193.5 243.416 202.356 241.028 237.421
250.233 176.885 241.342 179.998 246.452 193.5
250.233 176.885 246.452 193.5 241.028 237.421
243.591 172.435 250.233 176.885 241.342 179.998
242.784 159.174 243.591 172.435 241.342 179.998
241.937 151.668 242.784 159.174 241.342 179.998
239.794 131.798 241.937 151.668 242.784 159.174
237.797 86.7444 239.794 131.798 242.784 159.174
237.901 71.6566 237.797 86.7444 242.784 159.174
237.803 56.6613 237.901 71.6566 237.797 86.7444
237.797 86.7444 237.803 56.6613 236.442 51.3931
236.652 228.754 232.054 241.484 233.642 253.687
232.054 241.484 236.652 228.754 240.996 216.58
242.202 121.859 237.901 71.6566 237.803 56.6613
241.937 151.668 239.794 131.798 228.69 36.8201
239.794 131.798 237.797 86.7444 232.219 49.5135
243.779 143.812 242.784 159.174 243.591 172.435
243.968 112.879 243.779 143.812 242.784 159.174
242.229 83.0474 243.968 112.879 242.784 159.174
243.968 112.879 242.229 83.0474 240.242 26.8638
241.573 97.2336 242.229 83.0474 240.242 26.8638
251.6 168.01 243.591 172.435 250.233 176.885
251.762 156.584 251.6 168.01 243.591 172.435
246.007 147.296 263.651 150.541 251.762 156.584
246.007 147.296 251.762 156.584 243.591 172.435
248.368 120.457 246.007 147.296 243.591 172.435
246.409 109.057 248.368 120.457 243.591 172.435
247.999 81.0558 249.807 89.0768 246.409 109.057
246.993 66.0598 247.999 81.0558 246.409 109.057
246.993 66.0598 246.409 109.057 243.591 172.435
248.824 43.7127 246.993 66.0598 247.999 81.0558
246.993 66.0598 248.824 43.7127 248.717 31.8202
259.2 196.027 250.838 229.903 250.694 242.202
259.2 196.027 250.694 242.202 249.07 251.83
260.507 180.952 263.995 189.102 259.2 196.027
260.507 180.952 259.2 196.027 250.838 229.903
259.415 173.863 260.507 180.952 263.995 189.102
251.6 168.01 259.415 173.863 260.507 180.952
259.415 173.863 251.6 168.01 251.762 156.584
261.409 230.887 259.316 241.026 256.566 258.557
263.894 218.446 261.409 230.887 259.316 241.026
263.553 209.072 263.894 218.446 259.316 241.026
263.894 218.446 263.553 209.072 263.995 189.102
263.553 209.072 259.2 196.027 263.995 189.102
262.479 249.389 261.409 230.887 263.894 218.446
257.588 158.079 251.762 156.584 263.651 150.541
250.775 53.3982 248.824 43.7127 248.717 31.8202
248.368 120.457 252.327 98.5984 253.618 61.7271
252.327 98.5984 248.368 120.457 246.007 147.296
256.254 80.653 252.327 98.5984 246.007 147.296
260.048 68.4239 256.254 80.653 246.007 147.296
261.613 62.0335 260.048 68.4239 246.007 147.296
260.048 68.4239 261.613 62.0335 262.333 50.3007
259.19 38.6461 260.048 68.4239 256.254 80.653
260.048 68.4239 259.19 38.6461 260.201 29.1868
257.969 129.647 250.16 141.678 246.007 147.296
246.007 147.296 257.969 129.647 253.645 128.776
250.16 141.678 246.007 147.296 263.651 150.541
261.33 140.224 250.16 141.678 263.651 150.541
263.997 116.247 261.33 140.224 263.651 150.541
257.112 109.158 263.997 116.247 261.33 140.224
260.222 103.1 257.112 109.158 263.997 116.247
263.997 116.247 260.222 103.1 258.613 91.5879
248.173 221.415 250.838 229.903 250.694 242.202
251.585 210.204 248.173 221.415 250.838 229.903
248.173 221.415 251.585 210.204 251.481 197.578
233.642 253.687 228.909 260.176 239.038 262.249
232.054 241.484 233.642 253.687 228.909 260.176
233.139 232.278 232.054 241.484 228.909 260.176
236.259 212.716 233.139 232.278 232.054 241.484
232.054 241.484 236.259 212.716 241.154 189.813
239.038 262.249 228.909 260.176 220.051 258.697
212.375 227.831 216.824 237.521 207.242 239.091
207.242 239.091 212.375 227.831 217.587 202.087
216.824 237.521 207.242 239.091 213.545 246.223
216.824 237.521 213.545 246.223 208.896 258.646
221.355 226.768 216.824 237.521 208.896 258.646
220.079 221.207 221.355 226.768 216.824 237.521
221.355 226.768 220.079 221.207 223.243 207.096
90.2939 259.379 69.792 260.014 62.7516 263.575
80.4588 256.438 90.2939 259.379 69.792 260.014
69.792 260.014 80.4588 256.438 92.4514 251.369
57.195 252.025 51.5516 236.054 39.9855 232.092
69.3586 223.373 61.5952 228.679 80.7341 229.171
43.817 209.296 53.106 216.527 69.3586 223.373
43.817 209.296 69.3586 223.373 80.7341 229.171
53.106 216.527 43.817 209.296 32.2324 203.629
96.6761 227.176 57.5117 213.022 32.2324 203.629
57.5117 213.022 46.3461 209.662 32.2324 203.629
46.3461 209.662 43.817 209.296 32.2324 203.629
113.895 228.747 119.363 236.705 130.783 237.989
117.336 226.268 113.895 228.747 130.783 237.989
116.635 221.445 117.336 226.268 130.783 237.989
111.02 211.853 116.635 221.445 130.783 237.989
116.635 221.445 111.02 211.853 99.6798 197.096
109.481 219.133 116.635 221.445 117.336 226.268
98.4731 209.918 109.481 219.133 117.336 226.268
90.8505 206.581 98.4731 209.918 117.336 226.268
81.8959 202.065 90.8505 206.581 117.336 226.268
71.4651 199.158 58.3247 201.395 81.8959 202.065
50.3657 190.839 71.4651 199.158 81.8959 202.065
62.0781 190.538 50.3657 190.839 81.8959 202.065
62.0781 190.538 81.8959 202.065 90.8505 206.581
42.6606 176.876 47.5804 182.755 62.0781 190.538
42.6606 176.876 62.0781 190.538 90.8505 206.581
31.3218 166.309 36.6404 167.77 42.6606 176.876
31.3218 166.309 42.6606 176.876 47.5804 182.755
23.444 162.73 31.3218 166.309 36.6404 167.77
27.1547 156.247 23.444 162.73 36.6404 167.77
36.6404 167.77 27.1547 156.247 21.8722 146.871
81.3351 206.089 81.8959 202.065 58.3247 201.395
21.5865 168.165 31.3218 166.309 23.444 162.73
36.9227 191.706 48.7395 197.519 39.6155 198.548
33.3163 189.266 62.0781 190.538 50.3657 190.839
33.3163 189.266 50.3657 190.839 36.9227 191.706
33.3163 189.266 36.9227 191.706 39.6155 198.548
39.6155 198.548 33.3163 189.266 16.4332 182.576
88.7824 217.614 78.7737 219.123 102.373 222.201
69.7319 208.71 88.7824 217.614 102.373 222.201
48.7395 197.519 69.7319 208.71 102.373 222.201
102.373 222.201 48.7395 197.519 36.9227 191.706
62.0781 190.538 47.5804 182.755 28.8017 177.087
98.4731 209.918 90.8505 206.581 66.6389 189.334
62.6004 178.362 88.3269 200.473 98.4731 209.918
39.1124 158.227 50.0643 167.017 62.6004 178.362
39.1124 158.227 62.6004 178.362 98.4731 209.918
98.4731 209.918 39.1124 158.227 13.7677 138.523
88.3269 200.473 98.4731 209.918 109.481 219.133
66.5276 180.22 88.3269 200.473 109.481 219.133
56.5022 169.796 66.5276 180.22 109.481 219.133
109.481 219.133 56.5022 169.796 11.7511 128.121
56.5022 169.796 26.3387 142.513 11.7511 128.121
50.0643 167.017 39.1124 158.227 32.601 151.759
62.6004 178.362 50.0643 167.017 19.2092 137.374
116.635 221.445 109.481 219.133 87.858 192.319
130.783 237.989 138.103 233.052 128.501 230.365
99.6916 187 106.142 191.938 106.093 196.446
87.3045 177.39 99.6916 187 106.142 191.938
86.1053 170.406 87.3045 177.39 106.142 191.938
71.4791 150.442 70.2984 159.286 76.2201 162.956
71.4791 150.442 76.2201 162.956 86.1053 170.406
71.4791 150.442 86.1053 170.406 106.142 191.938
59.7839 147.771 71.4791 150.442 70.2984 159.286
71.4791 150.442 59.7839 147.771 66.5209 142.211
59.7839 147.771 63.5691 160.725 71.4008 168.607
63.5691 160.725 59.7839 147.771 53.1569 131.437
59.7839 147.771 66.5209 142.211 53.1569 131.437
78.9747 183.158 78.9421 171.825 76.2201 162.956
78.9421 171.825 86.1053 170.406 76.2201 162.956
81.2641 190.336 87.3045 177.39 86.1053 170.406
56.9764 128.023 50.9091 121.408 37.8774 110.784
33.7321 129.884 38.3878 141.009 40.5482 146.272
38.3878 141.009 33.7321 129.884 28.9851 117.969
9.13913 90.8065 16.9497 98.1089 12.8116 99.922
7.92222 79.7965 3.03346 88.8967 9.13913 90.8065
7.92222 79.7965 9.13913 90.8065 16.9497 98.1089
3.2668 76.1092 7.92222 79.7965 3.03346 88.8967
7.92222 79.7965 3.2668 76.1092 6.86302 71.1342
11.178 189.959 9.71349 203.775 11.854 207.888
8.67596 123.346 9.60487 150.973 11.178 189.959
8.67596 123.346 11.178 189.959 11.854 207.888
9.50744 109.725 8.67596 123.346 11.854 207.888
9.13913 90.8065 9.50744 109.725 11.854 207.888
3.03346 88.8967 9.13913 90.8065 9.50744 109.725
-2.70693 73.716 3.03346 88.8967 9.50744 109.725
-1.38002 62.1181 -2.70693 73.716 3.03346 88.8967
-1.04168 51.566 -1.38002 62.1181 -2.70693 73.716
-3.22033 27.9999 -1.04168 51.566 -2.70693 73.716
-2.96858 19.2191 -3.22033 27.9999 -1.04168 51.566
-1.04168 51.566 -2.96858 19.2191 -2.50295 8.02236
0.212088 260.349 39.7565 260.685 47.5145 261.256
7.71229 259.044 0.212088 260.349 39.7565 260.685
33.0145 258.142 7.71229 259.044 39.7565 260.685
28.0846 250.97 33.0145 258.142 39.7565 260.685
10.2453 247.707 0.983048 248.241 28.0846 250.97
21.9102 246.418 10.2453 247.707 28.0846 250.97
20.0622 238.598 21.9102 246.418 28.0846 250.97
20.0622 238.598 28.0846 250.97 39.7565 260.685
16.095 232.764 20.0622 238.598 21.9102 246.418
12.3448 230.686 16.095 232.764 21.9102 246.418
3.69693 223.344 12.3448 230.686 16.095 232.764
10.4045 219.043 3.69693 223.344 16.095 232.764
11.854 207.888 10.4045 219.043 16.095 232.764
9.71349 203.775 11.854 207.888 10.4045 219.043
3.34606 172.165 9.71349 203.775 10.4045 219.043
9.71349 203.775 3.34606 172.165 3.11075 161.685
1.91919 191.685 -1.51744 201.76 1.19477 209.978
3.34606 172.165 1.91919 191.685 1.19477 209.978
1.91919 191.685 3.34606 172.165 3.11075 161.685
8.75846 236.685 12.3448 230.686 3.69693 223.344
16.6463 202.511 22.0831 222.968 16.095 232.764
16.095 232.764 16.6463 202.511 16.48 191.327
16.095 232.764 20.0622 238.598 29.2746 242.073
22.0831 222.968 16.095 232.764 29.2746 242.073
26.7658 220.176 22.0831 222.968 29.2746 242.073
26.8926 212.656 26.7658 220.176 29.2746 242.073
26.7658 220.176 26.8926 212.656 23.8415 208.002
48.3104 248.967 39.7565 260.685 47.5145 261.256
43.0853 248.184 48.3104 248.967 39.7565 260.685
37.2651 242.645 43.0853 248.184 48.3104 248.967
48.3104 248.967 37.2651 242.645 30.7231 233.41
7.71229 259.044 33.0145 258.142 23.6375 256.968
0.983048 248.241 10.2453 247.707 -1.53348 241.4
-0.784205 229.684 -1.51744 201.76 -3.3297 177.895
-1.51744 201.76 1.91919 191.685 -3.3297 177.895
9.03732 183.991 11.178 189.959 9.71349 203.775
6.67629 173.874 9.03732 183.991 9.71349 203.775
9.71349 203.775 6.67629 173.874 2.93254 148.784
3.60313 136.95 6.67629 173.874 9.03732 183.991
1.83159 121.509 -3.45365 132.895 3.60313 136.95
1.83159 121.509 3.60313 136.95 9.03732 183.991
-3.45365 132.895 1.83159 121.509 -1.98965 111.06
6.76141 156.902 9.03732 183.991 11.178 189.959
9.03732 183.991 6.76141 156.902 1.08408 98.516
-1.38002 62.1181 -1.04168 51.566 1.75227 -2.52154
