20.9166 90.6766 23.1975 91.2277 26.1511 95.1779
16.9806 87.6792 20.9166 90.6766 26.1511 95.1779
20.9166 90.6766 16.9806 87.6792 17.8681 87.0498
16.9806 87.6792 17.7946 90.0902 17.9949 93.4078
15.2534 86.1517 17.8681 87.0498 16.9806 87.6792
15.2534 86.1517 16.9806 87.6792 17.9949 93.4078
15.6342 85.2842 15.2534 86.1517 17.8681 87.0498
16.1719 84.8937 15.6342 85.2842 17.8681 87.0498
15.5382 81.9688 16.1719 84.8937 17.8681 87.0498
13.2773 76.9544 15.5382 81.9688 17.8681 87.0498
17.8681 87.0498 13.2773 76.9544 11.1349 72.0264
19.321 90.7444 17.7946 90.0902 16.9806 87.6792
6.9288 91.1048 5.03523 94.3981 0.871504 99.0008
7.74624 90.7519 6.9288 91.1048 5.03523 94.3981
15.6342 85.2842 7.74624 90.7519 5.03523 94.3981
7.74624 90.7519 15.6342 85.2842 16.1719 84.8937
14.5936 87.3053 11.5076 93.0322 10.1233 95.5637
10.1233 95.5637 14.5936 87.3053 15.6342 85.2842
14.5936 87.3053 15.2534 86.1517 15.6342 85.2842
23.1975 91.2277 26.1511 95.1779 28.9426 98.7266
19.1172 83.1214 23.1975 91.2277 28.9426 98.7266
16.9659 81.6882 19.1172 83.1214 23.1975 91.2277
16.2499 80.3205 16.9659 81.6882 19.1172 83.1214
17.0315 79.6398 16.2499 80.3205 19.1172 83.1214
17.0634 76.0356 17.0315 79.6398 19.1172 83.1214
15.9089 68.0536 17.0634 76.0356 19.1172 83.1214
14.7456 63.3336 15.9089 68.0536 17.0634 76.0356
12.0398 55.0251 14.7456 63.3336 17.0634 76.0356
10.9023 51.7128 12.0398 55.0251 17.0634 76.0356
17.0634 76.0356 10.9023 51.7128 7.96719 41.078
6.98524 84.8181 7.74624 90.7519 6.9288 91.1048
4.11651 83.8017 3.60528 84.532 6.98524 84.8181
6.83338 82.9652 4.11651 83.8017 6.98524 84.8181
6.83338 82.9652 6.98524 84.8181 7.74624 90.7519
4.11651 83.8017 6.83338 82.9652 6.49239 81.4346
3.60528 84.532 6.98524 84.8181 4.13431 85.9756
3.60528 84.532 4.13431 85.9756 1.33477 89.2734
4.92106 68.1632 3.60528 84.532 1.33477 89.2734
3.60528 84.532 4.92106 68.1632 5.43232 67.213
0.413353 82.1436 4.92106 68.1632 3.85713 66.3406
4.92106 68.1632 5.43232 67.213 3.85713 66.3406
15.0453 81.5593 15.5382 81.9688 16.1719 84.8937
11.5703 76.3597 15.0453 81.5593 16.1719 84.8937
10.0598 74.5184 11.5703 76.3597 16.1719 84.8937
9.30529 73.7891 10.0598 74.5184 16.1719 84.8937
8.80757 73.1019 9.30529 73.7891 10.0598 74.5184
10.0598 74.5184 8.80757 73.1019 8.44516 71.8917
8.80757 73.1019 8.40098 73.048 8.44516 71.8917
6.06073 75.3927 8.40098 73.048 8.44516 71.8917
8.80757 73.1019 10.5291 79.8628 12.1884 82.4169
10.5291 79.8628 8.80757 73.1019 8.40098 73.048
12.1884 82.4169 10.5291 79.8628 8.03852 76.0653
11.5703 76.3597 10.0598 74.5184 3.70012 62.4234
15.5382 81.9688 15.0453 81.5593 9.00699 70.8083
9.36709 70.0738 13.2773 76.9544 15.5382 81.9688
13.2773 76.9544 9.36709 70.0738 9.02135 68.9961
14.11 73.7606 17.0315 79.6398 16.2499 80.3205
13.4607 71.3275 14.11 73.7606 17.0315 79.6398
12.4422 70.099 13.4607 71.3275 14.11 73.7606
10.7174 69.108 12.4422 70.099 14.11 73.7606
8.91027 67.0927 10.7174 69.108 14.11 73.7606
10.7174 69.108 8.91027 67.0927 5.46796 62.9401
9.14884 68.0763 8.91027 67.0927 5.46796 62.9401
15.3422 74.918 17.0634 76.0356 17.0315 79.6398
17.0315 79.6398 15.3422 74.918 9.27671 58.505
13.8883 70.8012 15.3422 74.918 17.0634 76.0356
14.3571 67.7994 13.8883 70.8012 17.0634 76.0356
13.8883 70.8012 14.3571 67.7994 12.6746 65.8464
15.9089 68.0536 14.7456 63.3336 6.85379 30.8576
14.7456 63.3336 7.12116 33.1278 6.85379 30.8576
6.53984 41.9695 6.35687 46.5537 8.17978 54.575
3.76755 40.7525 5.08947 41.847 6.53984 41.9695
4.34858 37.4327 3.76755 40.7525 6.53984 41.9695
7.12116 33.1278 4.34858 37.4327 6.53984 41.9695
7.12116 33.1278 6.53984 41.9695 8.17978 54.575
6.85379 30.8576 7.12116 33.1278 4.34858 37.4327
14.9177 9.42281 13.0959 14.9655 6.85379 30.8576
14.9177 9.42281 6.85379 30.8576 4.34858 37.4327
15.7703 6.78727 15.1042 8.28325 14.9177 9.42281
16.4962 5.38996 15.3437 6.67211 15.7703 6.78727
16.4962 5.38996 15.7703 6.78727 14.9177 9.42281
16.4962 5.38996 14.9177 9.42281 13.0959 14.9655
18.5858 5.3217 16.4962 5.38996 13.0959 14.9655
19.7807 4.46893 25.6547 5.1081 18.5858 5.3217
19.7807 4.46893 18.5858 5.3217 16.4962 5.38996
25.6547 5.1081 19.7807 4.46893 24.0712 3.47831
11.8741 49.4684 14.1362 57.4964 16.5175 65.3464
11.6671 45.9038 11.8741 49.4684 16.5175 65.3464
11.9511 44.8764 11.6671 45.9038 16.5175 65.3464
10.5126 37.5706 11.9511 44.8764 11.6671 45.9038
8.7961 32.1005 10.5126 37.5706 11.6671 45.9038
7.96311 30.9289 8.7961 32.1005 11.6671 45.9038
6.85379 30.8576 7.96311 30.9289 11.6671 45.9038
7.96311 30.9289 6.85379 30.8576 13.0959 14.9655
11.9511 44.8764 15.9129 60.7509 17.4242 67.5088
15.9129 60.7509 11.9511 44.8764 10.5126 37.5706
11.8292 11.1932 15.7703 6.78727 15.3437 6.67211
12.6983 12.1341 15.1042 8.28325 15.7703 6.78727
11.2127 18.2713 12.5485 14.9436 15.1042 8.28325
12.5485 14.9436 14.9177 9.42281 15.1042 8.28325
5.39298 47.5649 3.07087 59.5815 2.24955 65.3028
6.35687 46.5537 5.39298 47.5649 2.24955 65.3028
6.35687 46.5537 2.24955 65.3028 0.692613 72.4352
5.39298 47.5649 6.35687 46.5537 6.53984 41.9695
0.919359 70.4436 3.07087 59.5815 5.39298 47.5649
1.8187 49.1127 1.20919 52.0048 0.377169 64.1852
3.76755 40.7525 1.8187 49.1127 0.377169 64.1852
4.34858 37.4327 3.76755 40.7525 1.8187 49.1127
9.76317 12.3774 4.34858 37.4327 1.8187 49.1127
1.8187 49.1127 9.76317 12.3774 11.0578 4.29034
9.46583 16.1298 7.92976 24.3954 7.50044 26.5996
9.76317 12.3774 9.46583 16.1298 7.50044 26.5996
9.46583 16.1298 9.76317 12.3774 11.0578 4.29034
1.73084 44.5656 1.8187 49.1127 1.20919 52.0048
1.20919 52.0048 1.73084 44.5656 1.32999 16.1465
3.42865 35.1997 1.73084 44.5656 1.8187 49.1127
3.25794 34.7434 3.42865 35.1997 1.73084 44.5656
3.3335 30.9076 3.25794 34.7434 1.73084 44.5656
3.62905 27.564 3.3335 30.9076 1.73084 44.5656
4.23528 17.5747 3.08424 24.8915 3.62905 27.564
4.49591 14.0179 4.23528 17.5747 3.62905 27.564
5.37342 3.54926 4.49591 14.0179 3.62905 27.564
6.77407 2.60337 5.37342 3.54926 3.62905 27.564
6.77407 2.60337 3.62905 27.564 3.3335 30.9076
5.37342 3.54926 6.77407 2.60337 6.99414 0.55045
3.41967 17.2031 4.23528 17.5747 3.08424 24.8915
2.85671 14.6805 3.41967 17.2031 3.08424 24.8915
3.08424 24.8915 2.85671 14.6805 0.467003 0.669976
3.5201 9.82064 3.41967 17.2031 4.23528 17.5747
4.23528 17.5747 3.5201 9.82064 3.70721 4.52005
4.40383 24.8878 3.3335 30.9076 3.25794 34.7434
3.3335 30.9076 4.40383 24.8878 7.72587 1.97563
7.187 10.9862 6.48984 17.2873 3.25794 34.7434
3.25794 34.7434 7.187 10.9862 8.92517 0.450403
6.48984 17.2873 3.25794 34.7434 3.42865 35.1997
7.5637 15.9501 6.48984 17.2873 3.42865 35.1997
9.08234 9.24138 7.5637 15.9501 6.48984 17.2873
6.48984 17.2873 9.08234 9.24138 9.652 4.58752
7.5637 15.9501 7.08974 20.5599 4.90266 31.8708
7.08974 20.5599 7.5637 15.9501 9.08234 9.24138
6.48984 17.2873 7.187 10.9862 9.55042 2.09012
9.46583 16.1298 9.82666 15.8598 11.0317 10.5436
9.82666 15.8598 9.46583 16.1298 7.92976 24.3954
10.3754 15.2277 9.82666 15.8598 7.92976 24.3954
7.92976 24.3954 10.3754 15.2277 13.8964 2.77273
26.3158 13.6097 32.0079 23.1231 33.6824 27.5162
23.2092 9.90526 27.8394 12.3201 26.3158 13.6097
23.2092 9.90526 26.3158 13.6097 33.6824 27.5162
22.7355 9.44635 23.2092 9.90526 33.6824 27.5162
24.4597 5.9467 20.7407 8.08332 22.7355 9.44635
24.4597 5.9467 22.7355 9.44635 23.2092 9.90526
18.5858 5.3217 24.4597 5.9467 20.7407 8.08332
25.6547 5.1081 18.5858 5.3217 24.4597 5.9467
37.1409 2.39212 25.6547 5.1081 24.4597 5.9467
25.6547 5.1081 37.1409 2.39212 39.6445 1.45565
42.1914 3.79647 36.722 4.49504 43.5857 4.56938
43.5857 4.56938 42.1914 3.79647 39.6445 1.45565
42.1914 3.79647 37.1409 2.39212 39.6445 1.45565
22.7355 9.44635 21.24 12.8827 18.5988 17.2607
18.5988 17.2607 22.7355 9.44635 20.7407 8.08332
26.3158 13.6097 29.4057 14.5933 31.0088 15.6961
29.4057 14.5933 26.3158 13.6097 27.8394 12.3201
34.4549 15.6818 32.8463 18.2869 34.2767 18.347
32.8783 15.6588 34.4549 15.6818 32.8463 18.2869
31.1214 14.5763 32.8783 15.6588 34.4549 15.6818
27.8394 12.3201 31.1214 14.5763 34.4549 15.6818
34.4549 15.6818 27.8394 12.3201 23.2092 9.90526
37.4816 19.166 32.0079 23.1231 33.6824 27.5162
37.4816 19.166 33.6824 27.5162 33.3236 28.8054
37.6705 18.2338 37.4816 19.166 32.0079 23.1231
39.6708 16.3391 37.6705 18.2338 32.0079 23.1231
40.7953 14.7169 42.6285 15.9045 41.5939 15.9367
40.7953 14.7169 41.5939 15.9367 39.6708 16.3391
40.7953 14.7169 39.6708 16.3391 32.0079 23.1231
39.869 14.5963 40.7953 14.7169 32.0079 23.1231
39.0323 14.2688 39.869 14.5963 40.7953 14.7169
37.7969 13.9771 39.0323 14.2688 39.869 14.5963
36.0552 13.6736 37.7969 13.9771 39.869 14.5963
37.7969 13.9771 36.0552 13.6736 27.5708 8.92933
37.4252 28.7152 36.8233 38.0924 36.9767 40.5655
36.8233 38.0924 37.4252 28.7152 37.4816 19.166
37.4252 28.7152 38.2193 24.6925 37.4816 19.166
38.4502 24.9928 41.2737 28.1437 41.6506 30.4999
38.2193 24.6925 38.4502 24.9928 41.6506 30.4999
37.4816 19.166 38.2193 24.6925 38.4502 24.9928
38.4502 24.9928 37.4816 19.166 37.6705 18.2338
39.0645 37.3969 38.7787 34.237 38.2193 24.6925
38.7787 34.237 37.4252 28.7152 38.2193 24.6925
43.4311 24.3411 39.6708 16.3391 41.5939 15.9367
41.5939 15.9367 43.7084 19.5913 49.6443 35.93
43.7084 19.5913 41.5939 15.9367 42.6285 15.9045
39.0323 14.2688 37.7969 13.9771 28.3161 7.03395
39.5819 13.1315 40.7953 14.7169 42.6285 15.9045
40.7953 14.7169 39.5819 13.1315 37.2984 10.7866
54.6359 26.7323 61.9881 33.4226 64.1176 36.3675
52.0169 22.5086 53.9723 24.7757 54.6359 26.7323
48.7457 22.1003 52.0169 22.5086 54.6359 26.7323
48.7457 22.1003 54.6359 26.7323 64.1176 36.3675
47.8854 21.9166 48.7457 22.1003 52.0169 22.5086
46.5706 18.3367 47.8854 21.9166 52.0169 22.5086
52.0169 22.5086 46.5706 18.3367 37.2984 10.7866
46.5706 18.3367 39.5819 13.1315 37.2984 10.7866
50.3252 28.3194 51.9663 31.9888 51.8065 32.1916
50.3252 28.3194 51.8065 32.1916 51.7035 35.1955
49.1143 23.9061 50.3252 28.3194 51.9663 31.9888
48.7457 22.1003 49.1143 23.9061 51.9663 31.9888
49.1143 23.9061 48.7457 22.1003 47.8854 21.9166
54.6359 26.7323 64.0697 29.2662 72.1551 32.121
64.0697 29.2662 54.6359 26.7323 53.9723 24.7757
53.5138 19.0601 52.0169 22.5086 53.9723 24.7757
52.0169 22.5086 53.5138 19.0601 49.9204 15.1814
63.1652 32.5191 61.9881 33.4226 64.1176 36.3675
61.9881 33.4226 63.1652 32.5191 64.0148 31.6108
63.1652 32.5191 64.2889 32.6449 69.516 35.609
64.2889 32.6449 63.1652 32.5191 64.0148 31.6108
51.9663 31.9888 51.8065 32.1916 56.5649 33.0147
56.5675 31.3014 51.9663 31.9888 56.5649 33.0147
51.9663 31.9888 56.5675 31.3014 54.4879 29.7223
37.6252 41.0065 36.9767 40.5655 44.5922 31.5108
37.1684 42.4336 37.572 49.0824 36.333 51.191
37.6252 41.0065 37.1684 42.4336 37.572 49.0824
36.9767 40.5655 37.6252 41.0065 37.1684 42.4336
30.696 35.6137 36.8233 38.0924 36.9767 40.5655
30.696 35.6137 36.9767 40.5655 37.1684 42.4336
33.885 34.923 30.696 35.6137 36.8233 38.0924
35.1033 29.1425 33.885 34.923 36.8233 38.0924
33.885 34.923 35.1033 29.1425 35.1997 26.9441
33.3447 57.9054 24.0001 69.7951 21.6455 72.4221
35.5598 54.8001 33.3447 57.9054 21.6455 72.4221
37.9205 51.6592 35.5598 54.8001 21.6455 72.4221
37.572 49.0824 36.333 51.191 37.9205 51.6592
40.3573 48.6765 37.572 49.0824 37.9205 51.6592
40.3573 48.6765 37.9205 51.6592 35.5598 54.8001
43.6054 47.4651 40.3573 48.6765 35.5598 54.8001
48.0056 45.6756 47.763 47.344 43.6054 47.4651
48.0056 45.6756 43.6054 47.4651 40.3573 48.6765
51.6961 45.1449 48.0056 45.6756 47.763 47.344
45.6097 44.971 51.6961 45.1449 48.0056 45.6756
51.0542 44.8112 45.6097 44.971 51.6961 45.1449
43.974 40.8863 51.0542 44.8112 51.6961 45.1449
51.6961 45.1449 43.974 40.8863 43.5693 39.2701
45.6097 44.971 51.0542 44.8112 42.6444 41.8476
59.2779 48.2549 80.3945 50.4642 72.6501 50.5988
57.4356 48.1535 59.2779 48.2549 72.6501 50.5988
49.8515 47.5836 57.4356 48.1535 72.6501 50.5988
47.763 47.344 43.6054 47.4651 49.8515 47.5836
47.763 47.344 49.8515 47.5836 57.4356 48.1535
55.5754 47.1914 47.763 47.344 57.4356 48.1535
57.4356 48.1535 55.5754 47.1914 59.0783 45.6618
38.8502 54.1352 31.6326 62.976 33.3136 63.6845
39.7515 52.5877 38.8502 54.1352 31.6326 62.976
49.714 49.9748 48.9719 50.3101 41.3125 51.1379
45.1653 48.345 49.714 49.9748 41.3125 51.1379
49.8515 47.5836 47.3962 48.1371 45.1653 48.345
31.6326 62.976 39.7515 52.5877 43.6054 47.4651
39.7515 52.5877 41.3125 51.1379 43.6054 47.4651
41.3125 51.1379 45.1653 48.345 43.6054 47.4651
45.1653 48.345 49.8515 47.5836 43.6054 47.4651
32.4997 76.2204 30.2156 76.8589 36.6469 78.548
37.2642 71.378 32.4997 76.2204 30.2156 76.8589
35.6668 70.4244 37.2642 71.378 30.2156 76.8589
35.8161 64.0994 35.6668 70.4244 30.2156 76.8589
38.8502 54.1352 35.8161 64.0994 35.6668 70.4244
35.6668 70.4244 38.8502 54.1352 39.7515 52.5877
39.8103 56.8942 40.8571 70.2748 39.7765 80.2593
39.7765 80.2593 39.8103 56.8942 39.7515 52.5877
39.8103 56.8942 41.1468 53.5778 39.7515 52.5877
48.9724 56.0898 46.0406 56.7462 47.3313 57.6864
41.1468 53.5778 48.9724 56.0898 46.0406 56.7462
39.7515 52.5877 41.1468 53.5778 48.9724 56.0898
48.9724 56.0898 39.7515 52.5877 41.3125 51.1379
48.2894 65.3563 42.7805 65.6565 46.8938 69.0275
48.2894 65.3563 46.8938 69.0275 46.7878 69.7051
45.0929 64.856 48.2894 65.3563 42.7805 65.6565
41.4117 57.9934 45.0929 64.856 48.2894 65.3563
45.0929 64.856 41.4117 57.9934 39.8103 56.8942
51.1123 65.2203 53.629 67.418 55.752 70.6704
46.8825 61.9002 51.1123 65.2203 55.752 70.6704
45.191 60.2472 46.8825 61.9002 51.1123 65.2203
46.0304 59.667 45.8105 59.9916 45.191 60.2472
45.896 59.429 46.0304 59.667 45.191 60.2472
44.0303 58.2614 45.896 59.429 45.191 60.2472
41.4117 57.9934 44.0303 58.2614 45.191 60.2472
41.4117 57.9934 45.191 60.2472 46.8825 61.9002
39.8103 56.8942 41.4117 57.9934 44.0303 58.2614
44.0303 58.2614 39.8103 56.8942 41.1468 53.5778
55.7835 64.5537 45.8105 59.9916 46.0304 59.667
49.128 52.9103 52.7847 52.7834 48.9719 50.3101
60.6647 67.3079 62.6538 71.5475 61.7602 72.3507
57.4613 59.1581 60.6647 67.3079 62.6538 71.5475
55.1578 53.1953 57.4613 59.1581 62.6538 71.5475
52.7847 52.7834 55.1578 53.1953 57.4613 59.1581
48.9719 50.3101 52.7847 52.7834 55.1578 53.1953
55.1578 53.1953 48.9719 50.3101 49.714 49.9748
55.019 50.4348 45.1653 48.345 47.3962 48.1371
55.7577 48.8352 47.3962 48.1371 49.8515 47.5836
59.2779 48.2549 57.4356 48.1535 73.059 47.1922
73.3363 50.9168 74.155 51.7782 75.5257 51.8058
73.3363 50.9168 75.5257 51.8058 80.5502 53.4742
72.6501 50.5988 73.3363 50.9168 80.5502 53.4742
80.3945 50.4642 72.6501 50.5988 80.5502 53.4742
80.7708 49.0335 80.3945 50.4642 80.5502 53.4742
80.7708 49.0335 80.5502 53.4742 80.2676 63.5336
80.3945 50.4642 80.7708 49.0335 77.681 44.5455
80.7708 49.0335 82.4553 52.9683 82.0256 56.4622
78.7155 43.8269 77.681 44.5455 80.7708 49.0335
78.7155 43.8269 80.7708 49.0335 82.4553 52.9683
77.1966 37.4151 73.8206 39.3384 78.7155 43.8269
77.1966 37.4151 78.7155 43.8269 82.4553 52.9683
69.1637 36.9153 43.0143 37.2586 71.4771 37.3191
69.1637 36.9153 71.4771 37.3191 77.1966 37.4151
77.5377 36.8629 69.1637 36.9153 77.1966 37.4151
77.5377 36.8629 77.1966 37.4151 82.4553 52.9683
77.4551 36.1571 77.5377 36.8629 82.4553 52.9683
76.0004 31.1391 77.9542 34.2804 77.4551 36.1571
76.0004 31.1391 77.4551 36.1571 77.5377 36.8629
73.2713 29.3402 76.0004 31.1391 77.5377 36.8629
73.8692 28.8267 73.2713 29.3402 76.0004 31.1391
72.046 25.8936 73.8692 28.8267 76.0004 31.1391
68.9261 23.0533 72.046 25.8936 73.8692 28.8267
67.3075 21.6588 68.9261 23.0533 73.8692 28.8267
65.8273 20.2698 67.6063 21.3571 67.3075 21.6588
65.8273 20.2698 67.3075 21.6588 73.8692 28.8267
64.2675 18.6682 65.8602 20.1381 65.8273 20.2698
64.2675 18.6682 65.8273 20.2698 73.8692 28.8267
60.2684 12.5816 64.2675 18.6682 65.8602 20.1381
64.2675 18.6682 60.2684 12.5816 57.648 8.90004
69.8075 63.501 68.591 70.012 67.1037 76.1453
70.7265 60.3598 69.8075 63.501 68.591 70.012
73.3363 50.9168 70.7265 60.3598 69.8075 63.501
69.8075 63.501 73.3363 50.9168 72.6501 50.5988
73.8659 54.2383 72.9247 57.5695 70.639 71.3812
74.155 51.7782 73.8659 54.2383 72.9247 57.5695
72.9247 57.5695 74.155 51.7782 73.3363 50.9168
73.1852 74.0141 73.6343 66.9753 73.8659 54.2383
73.6343 66.9753 75.0065 60.9863 73.8659 54.2383
75.9801 68.8675 75.0065 60.9863 74.155 51.7782
75.0065 60.9863 73.8659 54.2383 74.155 51.7782
75.2029 70.5102 73.6343 66.9753 75.0065 60.9863
74.8815 52.9878 75.0163 52.0638 74.155 51.7782
75.0163 52.0638 75.5257 51.8058 74.155 51.7782
79.4136 90.4507 86.3589 91.0879 86.6566 91.2109
65.6149 88.7346 73.5317 89.9822 79.4136 90.4507
65.6149 88.7346 79.4136 90.4507 86.3589 91.0879
56.4339 88.129 65.6149 88.7346 73.5317 89.9822
52.4824 87.4755 56.4339 88.129 65.6149 88.7346
59.9311 86.6408 52.4824 87.4755 65.6149 88.7346
64.1821 84.6937 59.9311 86.6408 65.6149 88.7346
70.6615 81.0674 64.1821 84.6937 65.6149 88.7346
75.3157 78.1946 70.6615 81.0674 65.6149 88.7346
77.2571 77.5587 75.3127 78.0283 75.3157 78.1946
77.2571 77.5587 75.3157 78.1946 65.6149 88.7346
78.5081 76.6606 77.2571 77.5587 65.6149 88.7346
77.3913 73.9297 87.7093 74.8838 80.3028 75.6679
77.3913 73.9297 80.3028 75.6679 78.5081 76.6606
77.3913 73.9297 78.5081 76.6606 77.2571 77.5587
75.784 59.6483 77.3913 73.9297 77.2571 77.5587
75.681 57.2583 78.9775 59.5523 75.784 59.6483
75.0163 52.0638 75.681 57.2583 75.784 59.6483
75.0163 52.0638 75.784 59.6483 77.2571 77.5587
75.681 57.2583 75.0163 52.0638 75.5257 51.8058
58.3108 84.2092 44.5806 85.628 44.6899 85.7278
51.1387 83.9583 58.3108 84.2092 44.5806 85.628
56.3567 83.3743 51.1387 83.9583 58.3108 84.2092
67.26 79.8223 56.3567 83.3743 58.3108 84.2092
72.3334 78.6024 67.26 79.8223 58.3108 84.2092
75.3127 78.0283 72.3334 78.6024 58.3108 84.2092
72.3334 78.6024 75.3127 78.0283 77.2571 77.5587
70.9608 80.2094 64.5398 82.8009 55.4064 85.919
75.3157 78.1946 70.9608 80.2094 55.4064 85.919
55.4064 85.919 75.3157 78.1946 75.3127 78.0283
55.4216 92.4952 59.0024 93.5389 57.9596 93.6627
49.5927 91.2314 55.4216 92.4952 57.9596 93.6627
46.3493 90.0697 49.5927 91.2314 55.4216 92.4952
42.6641 88.8495 28.8222 89.527 46.3493 90.0697
42.6641 88.8495 46.3493 90.0697 55.4216 92.4952
51.3405 88.2624 49.3616 88.7757 42.6641 88.8495
51.3405 88.2624 42.6641 88.8495 28.8222 89.527
52.4824 87.4755 51.3405 88.2624 28.8222 89.527
28.8222 89.527 52.4824 87.4755 59.9311 86.6408
33.4027 91.7641 33.0255 92.6014 33.218 95.2408
30.937 90.0747 33.4027 91.7641 33.0255 92.6014
33.0255 92.6014 30.937 90.0747 28.8222 89.527
30.937 90.0747 46.3493 90.0697 28.8222 89.527
30.937 90.0747 36.2857 90.3301 35.3114 90.9
30.937 90.0747 35.3114 90.9 47.9323 93.6531
36.2857 90.3301 30.937 90.0747 46.3493 90.0697
46.5314 92.482 49.5927 91.2314 46.3493 90.0697
64.2742 90.5836 55.5257 89.1674 51.3405 88.2624
55.5257 89.1674 49.3616 88.7757 51.3405 88.2624
78.3348 77.7827 78.5081 76.6606 80.3028 75.6679
90.6772 80.8233 95.156 82.713 97.6269 85.1109
80.3028 75.6679 90.6772 80.8233 97.6269 85.1109
90.6772 80.8233 80.3028 75.6679 87.7093 74.8838
75.6271 25.0971 78.5124 26.1496 80.2248 27.3081
74.7946 24.8601 75.6271 25.0971 80.2248 27.3081
67.6063 21.3571 74.7946 24.8601 75.6271 25.0971
75.6271 25.0971 67.6063 21.3571 65.8273 20.2698
69.4092 21.4555 65.8273 20.2698 65.8602 20.1381
57.648 8.90004 60.2684 12.5816 65.4943 17.7864
65.4943 17.7864 57.648 8.90004 57.6718 8.05647
72.5446 19.8506 57.6718 8.05647 56.6257 6.8491
57.6718 8.05647 57.648 8.90004 55.9899 9.10803
56.6257 6.8491 57.6718 8.05647 55.9899 9.10803
57.4025 3.83224 56.6257 6.8491 55.9899 9.10803
55.0754 3.72524 67.092 3.77982 57.4025 3.83224
55.0754 3.72524 57.4025 3.83224 55.9899 9.10803
48.633 2.03881 55.0754 3.72524 67.092 3.77982
50.5113 1.95986 48.633 2.03881 67.092 3.77982
48.633 2.03881 50.5113 1.95986 40.5426 1.23973
60.9778 8.16078 64.4035 10.5591 64.4988 12.7212
56.6257 6.8491 61.3575 7.4963 60.9778 8.16078
56.6257 6.8491 60.9778 8.16078 64.4988 12.7212
61.3575 7.4963 56.6257 6.8491 57.4025 3.83224
67.9097 10.9659 69.2944 10.9721 70.7284 12.21
60.9778 8.16078 64.7149 9.46425 67.9097 10.9659
60.9778 8.16078 67.9097 10.9659 70.7284 12.21
64.7149 9.46425 60.9778 8.16078 61.3575 7.4963
67.3561 8.17124 67.1235 5.68168 67.092 3.77982
67.1235 5.68168 65.7558 5.31375 67.092 3.77982
65.7558 5.31375 57.4025 3.83224 67.092 3.77982
64.2253 3.23762 69.768 3.48547 74.3766 4.21067
50.5113 1.95986 64.2253 3.23762 74.3766 4.21067
37.7399 0.745268 40.5426 1.23973 50.5113 1.95986
37.7399 0.745268 50.5113 1.95986 64.2253 3.23762
40.5426 1.23973 37.7399 0.745268 31.2578 0.231515
50.6647 1.18974 37.7399 0.745268 31.2578 0.231515
42.4625 38.1805 50.2676 42.5322 55.6898 45.0797
40.7253 37.7334 42.4625 38.1805 50.2676 42.5322
63.228 37.4328 40.7253 37.7334 42.4625 38.1805
40.7253 37.7334 63.228 37.4328 71.4771 37.3191
63.228 37.4328 77.1966 37.4151 71.4771 37.3191
47.2446 40.1101 66.0689 40.7478 49.784 40.765
47.2446 40.1101 49.784 40.765 58.3376 43.9449
61.7542 39.3543 47.2446 40.1101 66.0689 40.7478
55.7552 38.9559 61.7542 39.3543 47.2446 40.1101
60.3113 37.8497 55.7552 38.9559 47.2446 40.1101
63.228 37.4328 60.3113 37.8497 55.7552 38.9559
55.7552 38.9559 63.228 37.4328 77.1966 37.4151
49.784 40.765 54.4206 41.0279 63.1762 41.3441
63.1762 41.3441 49.784 40.765 66.0689 40.7478
72.1753 42.2056 74.2875 42.8208 70.7661 44.5938
70.9392 41.4608 72.1753 42.2056 70.7661 44.5938
70.2532 40.4309 70.9392 41.4608 72.1753 42.2056
73.8206 39.3384 70.2532 40.4309 72.1753 42.2056
70.2532 40.4309 73.8206 39.3384 77.1966 37.4151
70.2532 40.4309 70.9392 41.4608 67.6105 42.8231
67.6105 42.8231 70.2532 40.4309 69.3159 38.701
56.4215 36.4938 77.5377 36.8629 69.1637 36.9153
77.5377 36.8629 56.4215 36.4938 44.2534 36.1232
44.4841 36.596 56.4215 36.4938 44.2534 36.1232
71.3097 28.6101 73.8692 28.8267 73.2713 29.3402
70.4985 28.4697 71.3097 28.6101 73.2713 29.3402
64.5612 28.0844 70.4985 28.4697 73.2713 29.3402
68.6026 27.4716 64.5612 28.0844 70.4985 28.4697
64.5612 28.0844 68.6026 27.4716 62.445 26.9873
65.229 22.4029 70.4985 28.4697 71.3097 28.6101
60.7503 18.4001 62.9456 20.3744 65.229 22.4029
52.4794 8.65239 60.7503 18.4001 65.229 22.4029
52.4794 8.65239 65.229 22.4029 71.3097 28.6101
60.7503 18.4001 52.4794 8.65239 46.3412 2.63707
52.4794 8.65239 50.3832 6.16476 46.3412 2.63707
67.5467 22.7556 56.7823 12.5907 52.4794 8.65239
52.4794 8.65239 56.7823 12.5907 59.0012 13.7613
59.0012 13.7613 52.4794 8.65239 50.3832 6.16476
53.2588 8.57941 50.3832 6.16476 46.3412 2.63707
58.9422 18.7911 62.9456 20.3744 65.229 22.4029
52.4957 15.7243 54.4233 18.1712 58.9422 18.7911
52.4957 15.7243 58.9422 18.7911 62.9456 20.3744
62.9456 20.3744 52.4957 15.7243 35.4147 7.34982
54.4233 18.1712 61.6448 27.2732 62.353 28.3409
62.353 28.3409 54.4233 18.1712 52.4957 15.7243
57.6559 16.8962 60.7503 18.4001 62.9456 20.3744
56.3139 16.3506 57.6559 16.8962 62.9456 20.3744
39.5923 7.87228 56.3139 16.3506 57.6559 16.8962
56.3139 16.3506 39.5923 7.87228 35.0955 5.85946
53.5254 13.7085 57.6559 16.8962 60.7503 18.4001
53.6175 13.3953 53.5254 13.7085 60.7503 18.4001
52.4149 12.719 53.6175 13.3953 53.5254 13.7085
53.5254 13.7085 52.4149 12.719 43.1653 7.57334
53.6175 13.3953 52.4149 12.719 41.2524 5.53236
74.3766 4.21067 69.768 3.48547 67.3222 2.47629
67.1235 5.68168 65.7558 5.31375 60.6137 4.6112
69.2944 10.9721 72.0266 10.9361 70.1683 9.36152
70.7284 12.21 71.2772 12.5687 73.2062 12.7457
69.2944 10.9721 70.7284 12.21 73.2062 12.7457
72.0266 10.9361 69.2944 10.9721 73.2062 12.7457
73.2062 12.7457 72.0266 10.9361 73.6993 6.64706
77.0858 24.8759 75.6271 25.0971 78.5124 26.1496
74.8533 23.3747 77.0858 24.8759 75.6271 25.0971
71.8703 18.1139 74.8533 23.3747 75.6271 25.0971
74.8533 23.3747 71.8703 18.1139 72.1452 17.2913
76.2665 21.2496 74.8533 23.3747 77.0858 24.8759
76.0027 19.5906 76.2665 21.2496 74.8533 23.3747
74.8533 23.3747 76.0027 19.5906 74.7968 7.43714
77.9083 13.4471 76.0027 19.5906 76.2665 21.2496
78.243 11.0114 77.9083 13.4471 76.0027 19.5906
76.0027 19.5906 78.243 11.0114 77.3697 10.0689
77.6142 8.3824 77.3697 10.0689 78.243 11.0114
77.6142 8.3824 78.243 11.0114 80.0217 14.2993
78.2521 7.11852 77.6142 8.3824 80.0217 14.2993
77.6142 8.3824 78.2521 7.11852 76.9458 6.58271
77.7319 21.793 77.9083 13.4471 78.243 11.0114
80.5234 12.3226 78.2521 7.11852 77.1961 4.04126
78.2521 7.11852 76.9458 6.58271 77.1961 4.04126
73.7986 0.845002 77.6142 8.3824 77.3697 10.0689
77.3697 10.0689 73.7986 0.845002 72.7349 0.758038
80.501 29.4256 79.3795 31.3094 79.4561 32.6955
80.2248 27.3081 80.501 29.4256 79.3795 31.3094
80.9981 22.0876 78.5124 26.1496 80.2248 27.3081
80.9981 22.0876 80.2248 27.3081 80.501 29.4256
78.5124 26.1496 80.9981 22.0876 80.8227 20.3577
81.8475 30.2475 82.2682 32.9698 82.2264 37.2892
80.9981 22.0876 81.8475 30.2475 82.2682 32.9698
80.8227 20.3577 80.9981 22.0876 82.2682 32.9698
80.4399 14.1575 79.8164 17.4554 80.8227 20.3577
80.4399 14.1575 80.8227 20.3577 82.2682 32.9698
82.2682 32.9698 80.4399 14.1575 81.611 13.3081
79.8164 17.4554 80.4399 14.1575 81.5816 7.29326
83.1322 12.0317 82.2682 32.9698 82.2264 37.2892
82.2682 32.9698 83.1322 12.0317 82.932 4.04315
79.4561 32.6955 81.3628 46.6411 81.806 46.6647
81.3628 46.6411 79.4561 32.6955 78.4653 30.5575
79.4561 32.6955 79.3795 31.3094 78.4653 30.5575
82.9609 64.6556 83.1162 64.6717 92.949 65.552
88.0409 64.4261 82.9609 64.6556 92.949 65.552
83.2113 63.8052 88.0409 64.4261 82.9609 64.6556
83.8354 60.2037 83.2113 63.8052 82.9609 64.6556
83.8054 58.2213 83.8354 60.2037 82.9609 64.6556
83.5916 56.6006 83.8054 58.2213 82.9609 64.6556
82.4553 52.9683 82.0256 56.4622 83.5916 56.6006
83.3988 51.2204 82.4553 52.9683 83.5916 56.6006
83.3988 51.2204 83.5916 56.6006 83.8054 58.2213
83.3008 43.1673 83.3988 51.2204 82.4553 52.9683
83.8734 42.758 83.3008 43.1673 83.3988 51.2204
85.0052 26.0813 83.8734 42.758 83.3988 51.2204
83.8734 42.758 85.0052 26.0813 85.7212 8.14142
83.5916 56.6006 81.1778 57.1106 81.6287 58.1463
81.1778 57.1106 83.5916 56.6006 82.0256 56.4622
91.011 67.3984 83.1162 64.6717 82.9609 64.6556
85.0052 26.0813 86.1368 27.2579 85.0985 32.0882
85.0052 26.0813 85.0985 32.0882 84.0059 62.8388
86.1368 27.2579 85.0052 26.0813 85.7212 8.14142
83.3008 43.1673 83.8734 42.758 83.7074 0.0905051
86.1368 27.2579 85.0985 32.0882 85.7577 42.0352
85.7577 42.0352 86.1368 27.2579 86.1708 26.5868
83.8354 60.2037 83.8054 58.2213 84.6228 35.8741
88.0409 64.4261 83.2113 63.8052 89.4286 63.356
75.784 59.6483 76.4191 60.1508 79.8067 60.4636
78.9775 59.5523 75.784 59.6483 79.8067 60.4636
79.8067 60.4636 78.9775 59.5523 79.18 58.4465
82.1285 67.682 84.786 68.4674 86.8581 68.6536
79.0876 63.5387 82.1285 67.682 86.8581 68.6536
77.6264 62.0662 79.0876 63.5387 82.1285 67.682
76.4191 60.1508 77.6264 62.0662 79.0876 63.5387
77.6264 62.0662 76.4191 60.1508 75.784 59.6483
84.5088 72.1199 77.3913 73.9297 87.7093 74.8838
84.5088 72.1199 87.7093 74.8838 95.2234 80.6349
93.977 71.3021 92.5424 71.5749 84.5088 72.1199
77.3913 73.9297 84.5088 72.1199 96.4831 68.2788
84.5088 72.1199 93.977 71.3021 96.4831 68.2788
96.4831 68.2788 93.977 71.3021 94.606 71.5059
96.4831 68.2788 94.606 71.5059 99.9296 73.5349
97.4942 66.265 96.4831 68.2788 99.9296 73.5349
94.6161 54.9374 97.4942 66.265 99.9296 73.5349
93.5462 52.0854 94.6054 52.9356 94.6161 54.9374
93.5462 52.0854 94.6161 54.9374 97.4942 66.265
93.3606 50.9582 93.5462 52.0854 94.6054 52.9356
93.2494 48.839 93.3606 50.9582 94.6054 52.9356
91.6334 38.381 93.2494 48.839 93.3606 50.9582
93.2494 48.839 91.6334 38.381 88.5492 17.2778
93.3774 73.237 96.7773 77.7404 99.0598 80.0324
99.0598 80.0324 93.3774 73.237 92.5424 71.5749
93.3774 73.237 84.5088 72.1199 92.5424 71.5749
96.4831 68.2788 97.4942 66.265 92.6495 59.3847
89.5726 37.4377 93.3606 50.9582 93.5462 52.0854
93.3606 50.9582 89.5726 37.4377 89.0608 33.1631
89.5726 37.4377 88.601 37.2593 89.0608 33.1631
91.4115 52.3903 92.143 54.343 89.8409 57.38
92.2464 50.3665 91.4115 52.3903 92.143 54.343
89.5726 37.4377 92.2464 50.3665 91.4115 52.3903
91.4115 52.3903 89.5726 37.4377 88.601 37.2593
86.7983 48.0149 88.601 37.2593 89.0608 33.1631
96.5567 59.5841 97.7753 61.0207 97.2495 62.5614
94.6161 54.9374 96.5567 59.5841 97.2495 62.5614
94.6054 52.9356 94.6161 54.9374 96.5567 59.5841
93.9185 49.1254 94.6054 52.9356 96.5567 59.5841
94.6054 52.9356 93.9185 49.1254 93.1423 46.6914
93.1423 46.6914 93.9185 49.1254 95.1333 49.2171
93.146 46.6801 93.1423 46.6914 95.1333 49.2171
95.1333 49.2171 93.146 46.6801 96.8921 44.6465
93.1423 46.6914 93.146 46.6801 95.7894 38.4241
98.3413 47.171 98.0216 57.6449 97.7753 61.0207
97.7753 61.0207 98.3413 47.171 98.1114 47.085
98.3413 47.171 98.9898 51.6347 99.6498 56.5994
95.8202 32.9482 98.1114 47.085 98.3413 47.171
96.1527 31.8139 95.8202 32.9482 98.3413 47.171
96.1527 31.8139 98.3413 47.171 98.9898 51.6347
96.6502 30.046 96.1527 31.8139 95.8202 32.9482
95.8202 32.9482 96.6502 30.046 94.7511 25.8668
96.6502 30.046 97.757 33.19 99.618 38.5576
97.757 33.19 96.6502 30.046 94.5698 22.3988
96.6502 30.046 94.7511 25.8668 94.5698 22.3988
94.7511 25.8668 94.4208 26.1705 92.9701 30.3761
94.5698 22.3988 94.7511 25.8668 94.4208 26.1705
94.2912 18.0251 94.5698 22.3988 94.4208 26.1705
94.4208 26.1705 94.2912 18.0251 93.8221 12.8689
98.2683 23.5115 98.9604 25.2763 98.7034 29.9571
97.7052 21.5846 98.2683 23.5115 98.9604 25.2763
93.8221 12.8689 94.2912 18.0251 97.7052 21.5846
97.0915 11.1045 90.0922 11.5453 93.8221 12.8689
97.0915 11.1045 93.8221 12.8689 97.7052 21.5846
97.0915 11.1045 97.7052 21.5846 98.9604 25.2763
96.301 4.18324 97.0915 11.1045 98.9604 25.2763
95.9773 2.28441 96.301 4.18324 97.0915 11.1045
96.301 4.18324 95.9773 2.28441 96.3583 0.115153
95.9773 2.28441 93.626 4.31051 94.298 9.13066
93.626 4.31051 95.9773 2.28441 96.3583 0.115153
97.7753 61.0207 97.2495 62.5614 98.0128 64.0292
98.0216 57.6449 97.7753 61.0207 98.0128 64.0292
98.0128 64.0292 98.0216 57.6449 98.4517 54.9206
92.9701 30.3761 93.3715 36.7686 93.9708 37.8587
92.3742 20.9027 94.4208 26.1705 92.9701 30.3761
92.3742 20.9027 92.9701 30.3761 93.3715 36.7686
94.4208 26.1705 92.3742 20.9027 93.3593 19.7195
90.0922 11.5453 90.1929 21.8968 91.2055 27.6327
88.3275 10.0933 97.0915 11.1045 90.0922 11.5453
88.3275 10.0933 90.0922 11.5453 90.1929 21.8968
90.1929 21.8968 88.3275 10.0933 85.6964 0.215582
91.2055 27.6327 90.1929 21.8968 84.7141 1.38806
98.9604 25.2763 98.7034 29.9571 99.6313 36.875
99.9141 21.6707 98.9604 25.2763 99.6313 36.875
98.9604 25.2763 99.9141 21.6707 99.9552 9.08114
99.0217 51.2793 98.9898 51.6347 99.6498 56.5994
98.9898 51.6347 99.0217 51.2793 99.4312 41.3156
86.873 96.4191 85.9992 96.4476 90.1249 96.8875
86.6566 91.2109 86.873 96.4191 90.1249 96.8875
87.1 90.9791 86.3589 91.0879 86.6566 91.2109
87.1 90.9791 86.6566 91.2109 90.1249 96.8875
86.3589 91.0879 87.1 90.9791 83.8047 86.3907
87.1 90.9791 91.4173 93.1472 95.9811 95.5812
83.8047 86.3907 87.1 90.9791 91.4173 93.1472
91.1215 86.3575 83.8047 86.3907 91.4173 93.1472
92.121 83.7539 91.1215 86.3575 91.4173 93.1472
91.1215 86.3575 92.121 83.7539 92.0781 83.2887
92.0781 83.2887 92.121 83.7539 94.7197 86.0802
94.7197 86.0802 92.0781 83.2887 94.057 83.2653
86.5203 84.3988 91.1215 86.3575 83.8047 86.3907
86.5203 84.3988 83.8047 86.3907 73.6382 86.73
88.9363 81.5771 86.5203 84.3988 91.1215 86.3575
89.4887 80.9509 88.9363 81.5771 91.1215 86.3575
86.4731 80.4312 89.4887 80.9509 88.9363 81.5771
89.4887 80.9509 86.4731 80.4312 85.6917 79.6206
85.3096 81.8647 86.4731 80.4312 85.6917 79.6206
72.6663 96.0524 85.9992 96.4476 90.1249 96.8875
54.9202 94.8323 72.6663 96.0524 85.9992 96.4476
85.9992 96.4476 54.9202 94.8323 33.6095 93.1636
54.9202 94.8323 39.9549 94.3481 33.6095 93.1636
81.8932 98.6637 72.6663 96.0524 54.9202 94.8323
55.9165 97.3375 52.357 98.4765 63.7041 99.0479
56.2085 96.7691 55.9165 97.3375 63.7041 99.0479
39.9549 94.3481 56.2085 96.7691 55.9165 97.3375
55.9165 97.3375 39.9549 94.3481 33.6095 93.1636
69.9304 98.5756 56.2085 96.7691 39.9549 94.3481
37.2836 97.791 52.357 98.4765 63.7041 99.0479
48.0541 97.6798 37.2836 97.791 52.357 98.4765
44.2102 96.9361 48.0541 97.6798 52.357 98.4765
48.0541 97.6798 44.2102 96.9361 29.0061 95.5234
37.2836 97.791 48.0541 97.6798 43.4285 97.3792
81.5353 95.3101 86.873 96.4191 85.9992 96.4476
85.9992 96.4476 81.5353 95.3101 68.6762 94.9046
86.873 96.4191 81.5353 95.3101 80.2268 93.6891
59.0024 93.5389 55.4216 92.4952 53.4748 90.5289
57.9596 93.6627 59.0024 93.5389 82.0054 91.6408
44.5806 85.628 44.6899 85.7278 35.6809 88.2175
54.9448 81.3705 44.5806 85.628 35.6809 88.2175
44.5806 85.628 54.9448 81.3705 75.0673 76.1692
46.7831 83.4414 54.9448 81.3705 75.0673 76.1692
67.1037 76.1453 68.591 70.012 69.6844 67.3122
61.4703 66.0572 63.7211 70.0851 62.6538 71.5475
60.7278 64.7537 61.4703 66.0572 62.6538 71.5475
61.4703 66.0572 60.7278 64.7537 55.1921 52.0444
57.3361 74.7394 56.9189 74.9188 59.9729 75.0504
57.9671 74.5099 57.3361 74.7394 59.9729 75.0504
57.9671 74.5099 59.9729 75.0504 64.584 75.9685
61.7602 72.3507 53.2232 74.4657 57.9671 74.5099
61.7602 72.3507 57.9671 74.5099 64.584 75.9685
62.6538 71.5475 61.7602 72.3507 64.584 75.9685
63.7211 70.0851 62.6538 71.5475 64.584 75.9685
64.1797 60.5965 63.7211 70.0851 64.584 75.9685
63.2344 56.4119 64.1797 60.5965 63.7211 70.0851
62.7852 55.5717 63.2344 56.4119 63.7211 70.0851
61.9443 53.3887 62.7852 55.5717 63.2344 56.4119
62.7852 55.5717 61.9443 53.3887 56.344 52.414
24.0622 85.4351 49.2933 77.3143 57.9671 74.5099
49.2933 77.3143 57.3361 74.7394 57.9671 74.5099
41.8755 80.2611 49.2933 77.3143 57.3361 74.7394
42.868 81.5261 37.4024 83.6508 34.6918 84.0777
42.4862 81.1642 42.868 81.5261 34.6918 84.0777
56.9189 74.9188 42.4862 81.1642 34.6918 84.0777
34.6918 84.0777 56.9189 74.9188 57.3361 74.7394
63.3915 77.2734 59.9729 75.0504 56.9189 74.9188
56.344 52.414 61.9443 53.3887 65.6199 53.548
70.259 52.2559 56.344 52.414 65.6199 53.548
56.344 52.414 70.259 52.2559 67.4654 51.5139
37.4024 83.6508 42.868 81.5261 49.2261 79.4141
34.6918 84.0777 33.294 85.3983 27.1378 85.4059
37.4024 83.6508 34.6918 84.0777 33.294 85.3983
33.294 85.3983 37.4024 83.6508 57.7844 78.633
33.294 85.3983 27.1378 85.4059 38.5468 86.3543
38.5468 86.3543 33.294 85.3983 41.5104 85.1724
53.2232 74.4657 57.9671 74.5099 51.5672 74.7479
53.2232 74.4657 51.5672 74.7479 43.9262 75.367
43.9262 75.367 53.2232 74.4657 51.8271 72.3012
36.8976 67.9893 35.6668 70.4244 37.2642 71.378
35.6668 70.4244 36.8976 67.9893 37.8236 65.7915
30.2156 76.8589 36.6469 78.548 35.6114 79.687
26.5561 76.2323 30.2156 76.8589 35.6114 79.687
26.099 75.2748 26.5561 76.2323 30.2156 76.8589
26.5414 74.1704 26.099 75.2748 30.2156 76.8589
27.4 73.7608 26.5414 74.1704 30.2156 76.8589
28.9053 72.5914 27.4 73.7608 26.5414 74.1704
30.1842 70.8109 28.9053 72.5914 26.5414 74.1704
29.5135 69.1261 30.1842 70.8109 26.5414 74.1704
29.5517 68.3291 29.5135 69.1261 26.5414 74.1704
29.5135 69.1261 29.5517 68.3291 32.6841 66.6014
29.5517 68.3291 28.8437 67.0081 32.6841 66.6014
24.9364 74.0108 26.099 75.2748 26.5561 76.2323
24.9364 74.0108 26.5561 76.2323 29.4972 80.4969
26.099 75.2748 24.9364 74.0108 25.2396 72.7861
23.586 77.3128 24.9364 74.0108 25.2396 72.7861
26.099 75.2748 26.5414 74.1704 27.8501 66.8789
24.9056 62.5898 25.1724 64.1508 22.502 66.1306
25.4958 62.0483 24.9056 62.5898 25.1724 64.1508
31.1925 58.6081 25.4958 62.0483 25.1724 64.1508
37.0397 51.7508 31.1925 58.6081 25.4958 62.0483
37.9205 51.6592 37.0397 51.7508 31.1925 58.6081
36.333 51.191 37.9205 51.6592 37.0397 51.7508
28.8962 48.0786 36.333 51.191 37.0397 51.7508
30.7386 48.0311 28.8962 48.0786 36.333 51.191
23.5275 47.0627 30.7386 48.0311 28.8962 48.0786
22.1538 46.4235 23.5275 47.0627 30.7386 48.0311
30.7386 48.0311 22.1538 46.4235 24.2518 43.2598
23.6579 39.3064 24.2518 43.2598 22.1538 46.4235
23.6579 39.3064 22.1538 46.4235 19.3938 51.4056
24.2518 43.2598 23.6579 39.3064 25.2282 36.974
29.3097 38.758 25.2282 36.974 24.7253 36.1864
23.6579 39.3064 20.0437 40.8647 21.3195 42.2509
25.2282 36.974 23.6579 39.3064 20.0437 40.8647
20.0437 40.8647 25.2282 36.974 24.7253 36.1864
22.902 47.5137 22.4373 50.9984 21.3249 53.6478
20.5241 59.3586 21.3249 53.6478 22.1538 46.4235
21.3249 53.6478 22.902 47.5137 22.1538 46.4235
22.902 47.5137 23.5275 47.0627 22.1538 46.4235
21.2399 61.4193 19.7712 65.4431 21.0959 76.1603
21.3249 53.6478 21.2399 61.4193 21.0959 76.1603
21.0959 76.1603 21.3249 53.6478 22.4373 50.9984
23.4295 54.0808 22.801 55.8822 24.8075 58.4456
22.4373 50.9984 23.4295 54.0808 22.801 55.8822
23.4295 54.0808 22.4373 50.9984 22.902 47.5137
27.1362 55.2048 27.5314 56.2206 26.3569 57.4936
22.902 47.5137 27.1362 55.2048 26.3569 57.4936
27.1362 55.2048 22.902 47.5137 23.5275 47.0627
27.5314 56.2206 27.1362 55.2048 25.9465 50.7791
30.2175 55.2829 27.5314 56.2206 26.3569 57.4936
27.5314 56.2206 30.2175 55.2829 32.5115 52.3269
19.0923 63.8331 19.7712 65.4431 21.0959 76.1603
18.1448 62.646 19.0923 63.8331 21.0959 76.1603
17.168 60.1515 18.1448 62.646 21.0959 76.1603
16.3093 55.4959 17.168 60.1515 18.1448 62.646
18.1448 62.646 16.3093 55.4959 10.5985 30.2674
16.1211 54.8657 16.3093 55.4959 17.168 60.1515
16.3093 55.4959 16.1211 54.8657 11.8676 37.7018
18.3333 45.6244 18.1448 62.646 19.0923 63.8331
19.0923 63.8331 18.3333 45.6244 18.4513 40.5766
18.3333 45.6244 17.2566 41.7873 18.4513 40.5766
18.4513 40.5766 17.2566 41.7873 14.4814 43.8949
14.4814 43.8949 18.4513 40.5766 24.0097 35.427
31.463 38.2972 32.2828 39.6193 34.5084 40.796
29.4071 36.2001 31.463 38.2972 32.2828 39.6193
30.696 35.6137 29.4071 36.2001 31.463 38.2972
31.0722 33.7491 33.885 34.923 30.696 35.6137
31.0722 33.7491 30.696 35.6137 29.4071 36.2001
30.9287 32.1564 16.6686 32.7319 23.0586 32.9865
30.9287 32.1564 23.0586 32.9865 31.0722 33.7491
30.9287 32.1564 31.0722 33.7491 33.885 34.923
31.1969 31.7443 30.9287 32.1564 33.885 34.923
27.6473 30.5942 31.1969 31.7443 30.9287 32.1564
29.2805 29.7614 27.6473 30.5942 31.1969 31.7443
27.6473 30.5942 29.2805 29.7614 27.083 29.1772
29.2805 29.7614 31.9661 31.7735 33.6382 33.4559
29.5114 28.3409 27.083 29.1772 29.2805 29.7614
29.5114 28.3409 29.2805 29.7614 31.9661 31.7735
26.0837 20.0094 29.5114 28.3409 31.9661 31.7735
29.5114 28.3409 26.0837 20.0094 25.5075 19.4543
31.712 24.6956 26.0837 20.0094 25.5075 19.4543
22.775 29.2447 27.083 29.1772 29.5114 28.3409
34.5084 40.796 34.5958 42.1098 36.3313 45.9646
32.2828 39.6193 34.5084 40.796 34.5958 42.1098
34.5958 42.1098 32.2828 39.6193 27.6987 35.2368
16.6686 32.7319 23.0586 32.9865 16.7978 35.387
16.6686 32.7319 16.7978 35.387 12.8011 37.6044
17.853 30.6054 17.4714 31.8548 16.6686 32.7319
17.853 30.6054 16.6686 32.7319 12.8011 37.6044
17.7416 28.5863 17.853 30.6054 12.8011 37.6044
20.4985 22.077 17.7416 28.5863 12.8011 37.6044
17.7416 28.5863 20.4985 22.077 23.9851 16.6716
15.1943 28.9863 20.4985 22.077 23.9851 16.6716
17.4714 31.8548 17.853 30.6054 18.2024 29.8655
19.8274 30.3305 17.4714 31.8548 16.6686 32.7319
21.9485 27.7595 19.8274 30.3305 17.4714 31.8548
22.5937 21.6534 21.9485 27.7595 17.4714 31.8548
21.9485 27.7595 22.5937 21.6534 22.7478 20.4557
7.96311 30.9289 8.9327 28.9758 17.1798 12.1958
8.9327 28.9758 7.96311 30.9289 8.7961 32.1005
10.5898 27.2794 8.9327 28.9758 8.7961 32.1005
14.5619 20.5939 10.5898 27.2794 8.7961 32.1005
10.5898 27.2794 14.5619 20.5939 17.1522 14.328
