-27.2517 38.998 -2.08408 47.3115 -3.43416 48.5863
-31.3731 37.4698 -27.2517 38.998 -3.43416 48.5863
-28.4049 33.417 -31.3731 37.4698 -27.2517 38.998
-27.2517 38.998 -28.4049 33.417 -24.0334 30.8767
-3.43416 48.5863 -9.77217 48.6424 -1.24778 49.412
-2.08408 47.3115 -3.43416 48.5863 -1.24778 49.412
2.55901 47.0206 -2.08408 47.3115 -1.24778 49.412
-1.67182 45.8833 2.55901 47.0206 -2.08408 47.3115
-5.06471 42.7695 -1.67182 45.8833 -2.08408 47.3115
-7.46452 41.5065 -5.06471 42.7695 -2.08408 47.3115
-15.4875 39.2741 -7.86922 41.4316 -7.46452 41.5065
-5.06471 42.7695 -7.46452 41.5065 -19.9877 34.7971
-7.46452 41.5065 -15.4875 39.2741 -19.9877 34.7971
-7.46452 41.5065 -11.8078 41.6267 -10.3802 42.6517
-11.8078 41.6267 -7.46452 41.5065 -7.86922 41.4316
-16.6152 40.2909 -15.4875 39.2741 -19.9877 34.7971
-8.90551 40.1307 -7.08197 40.8717 -5.06471 42.7695
-14.0325 34.7413 -8.90551 40.1307 -7.08197 40.8717
-31.0459 15.7971 -14.0325 34.7413 -7.08197 40.8717
-31.3196 15.5054 -31.0459 15.7971 -7.08197 40.8717
-34.2335 15.3423 -31.3196 15.5054 -31.0459 15.7971
-31.3196 15.5054 -34.2335 15.3423 -32.4151 13.0485
-7.08197 40.8717 -5.06471 42.7695 -1.67182 45.8833
-7.45119 37.5526 -7.08197 40.8717 -1.67182 45.8833
-10.8648 29.2674 -7.45119 37.5526 -1.67182 45.8833
-10.9165 28.6498 -10.8648 29.2674 -1.67182 45.8833
-15.0006 9.9496 -11.0875 26.2687 -10.9165 28.6498
-15.0006 9.9496 -10.9165 28.6498 -10.8648 29.2674
-15.6008 7.34864 -15.0006 9.9496 -11.0875 26.2687
-22.6511 1.14973 -13.7886 4.48219 -13.9056 4.53102
-22.6511 1.14973 -13.9056 4.53102 -15.6008 7.34864
-22.6511 1.14973 -15.6008 7.34864 -15.0006 9.9496
-13.7886 4.48219 -22.6511 1.14973 -21.9689 1.06079
-15.6008 7.34864 -12.4219 10.0104 -8.95308 24.1375
-12.4219 10.0104 -15.6008 7.34864 -13.9056 4.53102
-2.38789 20.2762 4.89966 30.0608 2.14335 30.7553
-2.05265 19.5153 -2.38789 20.2762 4.89966 30.0608
-13.8149 4.57856 -2.05265 19.5153 -2.38789 20.2762
-2.38789 20.2762 -13.8149 4.57856 -13.9056 4.53102
-13.8149 4.57856 -1.38042 5.815 -4.78714 5.91351
-13.9056 4.53102 -13.8149 4.57856 -1.38042 5.815
-1.38042 5.815 -13.9056 4.53102 -13.7886 4.48219
-22.6511 1.14973 -30.9312 1.28298 -32.4624 1.74609
-21.9689 1.06079 -22.6511 1.14973 -30.9312 1.28298
-30.9312 1.28298 -21.9689 1.06079 -14.2942 -2.00948
-30.6541 23.9979 -14.0325 34.7413 -8.90551 40.1307
-14.0325 34.7413 -30.6541 23.9979 -34.3745 18.3594
-27.9452 28.1933 -30.6541 23.9979 -34.3745 18.3594
-8.99176 35.649 -7.45119 37.5526 -7.08197 40.8717
-24.1495 14.5848 -8.99176 35.649 -7.45119 37.5526
-30.9703 6.47503 -24.1495 14.5848 -8.99176 35.649
-24.1495 14.5848 -30.9703 6.47503 -33.6311 2.74793
-30.9703 6.47503 -34.9199 5.90571 -33.6311 2.74793
-18.0211 17.9129 -14.9073 18.9801 -10.8648 29.2674
-18.0211 17.9129 -10.8648 29.2674 -7.45119 37.5526
-7.45119 37.5526 -18.0211 17.9129 -20.7467 13.1658
-16.8567 15.7152 -18.0211 17.9129 -14.9073 18.9801
-17.4908 15.0706 -16.8567 15.7152 -18.0211 17.9129
-16.8567 15.7152 -17.4908 15.0706 -16.6485 13.6257
-28.8464 -0.0658559 -30.9312 1.28298 -32.4624 1.74609
-17.4311 -4.11286 -28.8464 -0.0658559 -30.9312 1.28298
-28.8464 -0.0658559 -17.4311 -4.11286 -14.3252 -5.3507
-17.4311 -4.11286 -15.5365 -3.90438 -9.00945 1.11235
-14.3252 -5.3507 -17.4311 -4.11286 -15.5365 -3.90438
-15.5365 -3.90438 -14.3252 -5.3507 10.6592 -5.59036
32.7001 -4.5283 35.0258 -3.8416 43.9241 -1.56993
25.6525 -4.91332 32.7001 -4.5283 35.0258 -3.8416
10.6592 -5.59036 25.6525 -4.91332 35.0258 -3.8416
-13.737 -6.43796 -16.9099 -6.00188 10.6592 -5.59036
25.6525 -4.91332 10.6592 -5.59036 -0.422656 -7.32342
10.6592 -5.59036 -13.737 -6.43796 -0.422656 -7.32342
-33.439 -2.04343 -45.1928 -1.77256 -41.3888 -0.251192
-14.3252 -5.3507 -33.439 -2.04343 -41.3888 -0.251192
-33.439 -2.04343 -14.3252 -5.3507 -16.9099 -6.00188
-14.3252 -5.3507 10.6592 -5.59036 -16.9099 -6.00188
-34.8702 7.66868 -27.3083 16.0092 -23.1584 20.2356
-40.4948 1.17609 -34.8702 7.66868 -23.1584 20.2356
-45.9162 -0.0802837 -42.2079 0.905857 -40.4948 1.17609
-41.3888 -0.251192 -45.9162 -0.0802837 -40.4948 1.17609
-41.3888 -0.251192 -40.4948 1.17609 -23.1584 20.2356
-45.1928 -1.77256 -41.3888 -0.251192 -45.9162 -0.0802837
-45.9162 -0.0802837 -45.1928 -1.77256 -47.4559 -6.186
-44.1736 8.09941 -45.5593 12.1144 -44.534 21.9576
-43.5638 5.1059 -44.1736 8.09941 -45.5593 12.1144
-44.7958 2.60191 -44.9135 3.54496 -43.5638 5.1059
-42.2079 0.905857 -44.7958 2.60191 -43.5638 5.1059
-42.2079 0.905857 -43.5638 5.1059 -44.1736 8.09941
-44.7958 2.60191 -42.2079 0.905857 -45.9162 -0.0802837
-40.6567 7.21372 -41.5065 16.8713 -38.733 18.9276
-41.291 2.49741 -40.6567 7.21372 -41.5065 16.8713
-41.5065 16.8713 -41.291 2.49741 -42.2079 0.905857
-41.291 2.49741 -40.4948 1.17609 -42.2079 0.905857
-36.8222 19.0834 -36.7204 22.5178 -35.1969 25.6699
-38.5278 11.8689 -36.8222 19.0834 -35.1969 25.6699
-35.1969 25.6699 -38.5278 11.8689 -40.4948 1.17609
-38.5278 11.8689 -41.291 2.49741 -40.4948 1.17609
-39.0802 23.5808 -36.7204 22.5178 -36.8222 19.0834
-15.8051 29.7691 -34.8702 7.66868 -40.4948 1.17609
-43.5638 5.1059 -44.9135 3.54496 -49.046 -0.665437
-44.9135 3.54496 -44.7958 2.60191 -47.238 0.461027
28.8462 -5.18848 25.6525 -4.91332 32.7001 -4.5283
39.028 -5.54858 28.8462 -5.18848 32.7001 -4.5283
48.4184 -6.16926 39.028 -5.54858 32.7001 -4.5283
35.5716 -6.65941 48.4184 -6.16926 39.028 -5.54858
39.028 -5.54858 35.5716 -6.65941 28.6917 -8.2444
37.6057 -8.30327 42.7969 -7.8563 35.5716 -6.65941
13.2235 -10.9122 9.51771 -9.65167 17.4709 -9.5254
13.2235 -10.9122 17.4709 -9.5254 37.6057 -8.30327
13.2235 -10.9122 37.6057 -8.30327 42.7969 -7.8563
7.64767 -11.103 13.2235 -10.9122 9.51771 -9.65167
-0.219033 -12.6306 -8.92355 -11.1211 7.64767 -11.103
-0.219033 -12.6306 7.64767 -11.103 13.2235 -10.9122
13.3746 -13.6263 -0.219033 -12.6306 13.2235 -10.9122
13.2235 -10.9122 13.3746 -13.6263 14.1177 -14.9672
13.3746 -13.6263 8.26113 -14.5105 14.1177 -14.9672
-4.77784 -9.42984 -10.4893 -9.05967 -24.0423 -8.17221
17.4709 -9.5254 -4.77784 -9.42984 -24.0423 -8.17221
-4.77784 -9.42984 17.4709 -9.5254 9.51771 -9.65167
-26.9255 -8.82645 -23.897 -8.7779 -41.2728 -8.67262
-10.4893 -9.05967 -26.9255 -8.82645 -23.897 -8.7779
-26.9255 -8.82645 -10.4893 -9.05967 -4.77784 -9.42984
42.7969 -7.8563 35.5716 -6.65941 48.4184 -6.16926
43.6862 -8.64164 42.7969 -7.8563 48.4184 -6.16926
32.4408 -14.8367 29.418 -13.7386 43.6862 -8.64164
32.4408 -14.8367 43.6862 -8.64164 48.4184 -6.16926
7.60623 -27.7636 15.3083 -23.6232 32.4408 -14.8367
7.18156 -28.633 7.60623 -27.7636 32.4408 -14.8367
7.18156 -28.633 32.4408 -14.8367 48.4184 -6.16926
1.92916 -34.783 7.18156 -28.633 7.60623 -27.7636
7.60623 -27.7636 1.92916 -34.783 -2.8096 -35.7037
-8.92355 -11.1211 7.64767 -11.103 -45.2799 -10.5521
-48.1115 -11.522 -8.92355 -11.1211 -45.2799 -10.5521
-48.1115 -11.522 -45.2799 -10.5521 -35.7162 -4.09183
-40.526 -11.9221 -48.1115 -11.522 -8.92355 -11.1211
-46.3076 -12.7347 -40.526 -11.9221 -48.1115 -11.522
-24.7201 -13.0336 -46.3076 -12.7347 -40.526 -11.9221
-36.9477 -13.4153 -24.7201 -13.0336 -46.3076 -12.7347
-46.3076 -12.7347 -36.9477 -13.4153 -17.4624 -14.8921
-1.78959 -13.9574 13.3746 -13.6263 -0.219033 -12.6306
-14.6981 -14.9415 -1.78959 -13.9574 -0.219033 -12.6306
-24.2731 -15.9529 -19.4993 -15.7824 -14.6981 -14.9415
-24.2731 -15.9529 -14.6981 -14.9415 -0.219033 -12.6306
-19.4993 -15.7824 -24.2731 -15.9529 -43.9034 -17.212
-19.5059 -17.2262 -19.4993 -15.7824 -14.6981 -14.9415
-33.1342 -21.2146 -19.5059 -17.2262 -19.4993 -15.7824
-32.586 -22.3732 -33.1342 -21.2146 -19.5059 -17.2262
-33.1342 -21.2146 -32.586 -22.3732 -33.5583 -28.1495
-1.78959 -13.9574 -14.6981 -14.9415 -13.0612 -15.1205
13.3746 -13.6263 8.26113 -14.5105 0.51934 -15.3477
-9.87113 -21.0567 29.418 -13.7386 43.6862 -8.64164
-16.573 -22.4339 -9.87113 -21.0567 43.6862 -8.64164
43.6862 -8.64164 -16.573 -22.4339 -30.4061 -25.5487
-19.973 -24.1311 -16.573 -22.4339 -9.87113 -21.0567
-23.6577 -25.2498 -19.973 -24.1311 -16.573 -22.4339
-16.573 -22.4339 -23.6577 -25.2498 -35.9249 -29.7394
-23.6577 -25.2498 -27.1854 -27.7431 -35.9249 -29.7394
-7.79384 -21.8431 -18.3888 -24.4571 -27.1854 -27.7431
-18.3888 -24.4571 -23.6577 -25.2498 -27.1854 -27.7431
29.1509 -15.6167 32.4408 -14.8367 29.418 -13.7386
19.7275 -18.0436 29.1509 -15.6167 29.418 -13.7386
-0.013713 -23.4701 19.7275 -18.0436 29.418 -13.7386
-5.63685 -24.5777 -0.013713 -23.4701 29.418 -13.7386
-0.013713 -23.4701 -5.63685 -24.5777 -34.2624 -32.2892
-5.63685 -24.5777 -14.4029 -25.7725 -34.2624 -32.2892
1.37769 -24.6431 -0.013713 -23.4701 19.7275 -18.0436
-6.34382 -26.1962 1.37769 -24.6431 -0.013713 -23.4701
-14.1589 -28.7321 -6.34382 -26.1962 -0.013713 -23.4701
-13.3556 -29.2813 -14.1589 -28.7321 -6.34382 -26.1962
-25.3683 -33.9778 -13.3556 -29.2813 -14.1589 -28.7321
-14.1589 -28.7321 -25.3683 -33.9778 -30.4782 -34.8444
19.5475 -18.9378 19.7275 -18.0436 29.1509 -15.6167
15.4473 -20.5488 19.5475 -18.9378 19.7275 -18.0436
19.7275 -18.0436 15.4473 -20.5488 4.82762 -26.1114
-12.4302 -37.2895 7.60623 -27.7636 15.3083 -23.6232
7.60623 -27.7636 -12.4302 -37.2895 -16.4393 -40.3196
-13.2417 -34.821 -10.5936 -32.9789 -10.4149 -28.9134
-12.9081 -35.6425 -13.2417 -34.821 -10.5936 -32.9789
-12.4302 -37.2895 -12.9081 -35.6425 -10.5936 -32.9789
-16.4393 -40.3196 -12.4302 -37.2895 -12.9081 -35.6425
-21.8014 -43.9971 -16.4393 -40.3196 -12.9081 -35.6425
-16.4393 -40.3196 -21.8014 -43.9971 -20.7777 -44.3934
-21.2596 -36.4253 -12.9081 -35.6425 -13.2417 -34.821
-13.2417 -34.821 -21.2596 -36.4253 -30.5228 -38.0129
7.68625 -37.343 1.92916 -34.783 7.18156 -28.633
11.2064 -43.3754 14.2232 -39.0241 7.68625 -37.343
11.2064 -43.3754 7.68625 -37.343 1.92916 -34.783
1.92916 -34.783 11.2064 -43.3754 2.9176 -43.9776
11.2064 -43.3754 18.5263 -43.4198 2.9176 -43.9776
15.5591 -35.8634 18.9174 -29.3841 24.664 -20.589
24.664 -20.589 15.5591 -35.8634 14.2232 -39.0241
15.5591 -35.8634 14.1536 -36.6316 14.2232 -39.0241
14.1536 -36.6316 7.68625 -37.343 14.2232 -39.0241
16.2275 -28.9117 15.5591 -35.8634 14.1536 -36.6316
19.8756 -32.0459 23.4934 -27.7868 33.5125 -14.9925
33.5125 -14.9925 19.8756 -32.0459 14.2232 -39.0241
19.8756 -32.0459 28.5446 -25.4063 32.1067 -22.2073
14.2232 -39.0241 19.8756 -32.0459 28.5446 -25.4063
28.5446 -25.4063 14.2232 -39.0241 11.2064 -43.3754
19.6681 -42.2917 32.5471 -35.6693 33.4759 -33.2266
18.5263 -43.4198 11.2064 -43.3754 19.6681 -42.2917
18.5263 -43.4198 19.6681 -42.2917 32.5471 -35.6693
13.7968 -47.1809 18.5263 -43.4198 32.5471 -35.6693
18.5263 -43.4198 13.7968 -47.1809 4.3906 -49.1501
43.2335 -19.8118 46.4197 -18.5057 44.0862 -14.5165
39.5734 -26.0864 43.2335 -19.8118 44.0862 -14.5165
37.195 -31.3186 36.9332 -30.0956 38.4224 -27.941
37.195 -31.3186 38.4224 -27.941 39.5734 -26.0864
37.195 -31.3186 39.5734 -26.0864 43.2335 -19.8118
33.4759 -33.2266 37.195 -31.3186 36.9332 -30.0956
32.5471 -35.6693 33.4759 -33.2266 37.195 -31.3186
37.195 -31.3186 32.5471 -35.6693 33.2566 -36.743
39.7464 -18.5589 39.5734 -26.0864 38.4224 -27.941
38.4224 -27.941 36.9332 -30.0956 29.2974 -31.8666
20.628 -35.6083 28.5446 -25.4063 32.1067 -22.2073
20.628 -35.6083 32.1067 -22.2073 34.3983 -20.0222
20.628 -35.6083 34.3983 -20.0222 44.6203 -8.72296
28.5446 -25.4063 20.628 -35.6083 16.3512 -41.0362
6.89392 6.32319 26.4902 16.5879 29.7046 20.1912
6.89392 6.32319 29.7046 20.1912 31.0593 21.4203
-1.38042 5.815 -4.78714 5.91351 6.89392 6.32319
4.00206 2.14966 -1.38042 5.815 6.89392 6.32319
4.00206 2.14966 6.89392 6.32319 26.4902 16.5879
1.64943 0.793602 4.00206 2.14966 -1.38042 5.815
4.00206 2.14966 1.64943 0.793602 6.49539 0.228709
6.71766 -0.15448 6.49539 0.228709 1.64943 0.793602
6.71766 -0.15448 1.64943 0.793602 -13.1589 3.26963
-13.1589 3.26963 6.71766 -0.15448 16.4888 -2.42479
6.71766 -0.15448 23.6023 -1.5947 16.4888 -2.42479
-0.469531 7.81398 -0.347229 9.17791 -6.84902 9.44873
-6.84902 9.44873 -0.469531 7.81398 -4.78714 5.91351
-0.469531 7.81398 6.89392 6.32319 -4.78714 5.91351
3.01628 17.2949 9.93509 17.6271 4.44778 17.6365
3.01628 17.2949 4.44778 17.6365 14.5659 23.7399
2.42557 16.6095 3.01628 17.2949 9.93509 17.6271
10.3907 16.1132 2.42557 16.6095 9.93509 17.6271
11.2673 15.9204 10.3907 16.1132 9.93509 17.6271
-0.347229 9.17791 11.2673 15.9204 10.3907 16.1132
11.2673 15.9204 -0.347229 9.17791 -0.469531 7.81398
1.64708 8.29577 9.87555 10.7892 11.3715 12.7222
-0.469531 7.81398 1.64708 8.29577 11.3715 12.7222
1.64708 8.29577 -0.469531 7.81398 6.89392 6.32319
15.7029 12.1019 9.87555 10.7892 1.64708 8.29577
6.49539 0.228709 18.0561 1.25039 35.6331 2.08902
35.6331 2.08902 6.49539 0.228709 6.71766 -0.15448
48.1114 0.65646 23.6023 -1.5947 16.4888 -2.42479
30.5526 14.605 32.4338 15.2389 26.4902 16.5879
26.6188 12.5184 30.5526 14.605 26.4902 16.5879
26.4902 16.5879 26.6188 12.5184 23.6775 8.50245
26.6188 12.5184 26.766 11.6948 23.6775 8.50245
32.4338 15.2389 26.4902 16.5879 29.7046 20.1912
34.8152 12.6377 32.4338 15.2389 29.7046 20.1912
36.3819 7.48112 34.8152 12.6377 32.4338 15.2389
37.0621 6.89776 36.3819 7.48112 34.8152 12.6377
28.8326 6.26718 37.0621 6.89776 36.3819 7.48112
19.1593 4.4576 28.8326 6.26718 37.0621 6.89776
21.8576 4.13362 19.1593 4.4576 37.0621 6.89776
19.1593 4.4576 21.8576 4.13362 13.9517 3.0544
23.0964 30.1231 6.49915 36.0754 8.89469 38.8171
20.712 28.7939 27.4084 30.023 23.0964 30.1231
20.712 28.7939 23.0964 30.1231 6.49915 36.0754
31.0593 21.4203 36.867 22.2795 24.8627 26.8478
31.0593 21.4203 24.8627 26.8478 20.712 28.7939
31.0593 21.4203 20.712 28.7939 6.49915 36.0754
29.7046 20.1912 31.0593 21.4203 36.867 22.2795
41.7616 11.3467 29.7046 20.1912 36.867 22.2795
46.5529 4.3402 41.7616 11.3467 36.867 22.2795
49.5895 3.5848 46.5529 4.3402 36.867 22.2795
46.5529 4.3402 49.5895 3.5848 42.5449 1.34637
16.5597 35.5986 13.9023 36.246 14.5497 37.5531
26.5268 30.576 16.5597 35.5986 14.5497 37.5531
23.0964 30.1231 26.5268 30.576 16.5597 35.5986
26.5268 30.576 23.0964 30.1231 27.4084 30.023
20.712 28.7939 24.8627 26.8478 33.4111 24.9266
0.316753 34.8819 6.49915 36.0754 8.89469 38.8171
-3.13579 33.6273 0.316753 34.8819 6.49915 36.0754
-2.17024 33.3269 -3.13579 33.6273 6.49915 36.0754
-3.13579 33.6273 -2.17024 33.3269 -6.64214 26.558
0.135085 36.9799 0.316753 34.8819 -3.13579 33.6273
6.28535 21.7668 13.9017 26.8 13.733 28.9839
2.13718 19.5784 6.28535 21.7668 13.733 28.9839
6.28535 21.7668 2.13718 19.5784 3.01628 17.2949
2.13718 19.5784 8.71766 28.3014 9.55914 29.5941
2.42557 16.6095 3.01628 17.2949 2.13718 19.5784
9.55914 29.5941 2.13718 19.5784 -1.95271 15.3092
2.13718 19.5784 2.42557 16.6095 -1.95271 15.3092
4.26164 45.2454 -1.67182 45.8833 2.55901 47.0206
4.26164 45.2454 2.55901 47.0206 5.54377 49.5333
12.1396 43.7315 4.26164 45.2454 -1.67182 45.8833
15.4464 40.9535 12.1396 43.7315 -1.67182 45.8833
20.4918 39.3234 15.4464 40.9535 -1.67182 45.8833
25.2015 36.8766 20.4918 39.3234 -1.67182 45.8833
30.4952 34.6553 25.2015 36.8766 20.4918 39.3234
31.9714 32.4418 30.4952 34.6553 25.2015 36.8766
25.2015 36.8766 31.9714 32.4418 29.2794 31.0737
12.1396 43.7315 15.6275 44.7896 18.8126 46.3066
15.6275 44.7896 12.1396 43.7315 15.4464 40.9535
15.4464 40.9535 20.4918 39.3234 31.3897 36.9979
-9.77217 48.6424 -3.43416 48.5863 -21.4279 43.5896
