29.588 42.5379 16.8442 46.266 18.7042 63.5948
18.7042 63.5948 29.588 42.5379 60.8064 -3.22999
28.5052 63.01 18.7042 63.5948 28.7493 70.9074
39.0318 57.5099 28.5052 63.01 18.7042 63.5948
30.9698 53.6118 39.0318 57.5099 18.7042 63.5948
39.5844 40.6315 30.9698 53.6118 18.7042 63.5948
41.277 33.6641 39.5844 40.6315 18.7042 63.5948
50.9369 17.2255 53.5412 26.5997 41.277 33.6641
50.9369 17.2255 41.277 33.6641 18.7042 63.5948
53.5412 26.5997 50.9369 17.2255 58.1131 11.5606
18.7042 63.5948 28.7493 70.9074 22.7209 73
18.7042 63.5948 22.7209 73 20.1297 83.625
18.7042 63.5948 20.1297 83.625 20.0624 91.7848
16.8442 46.266 18.7042 63.5948 20.0624 91.7848
13.0022 29.6573 16.8442 46.266 20.0624 91.7848
18.3659 22.1258 13.0022 29.6573 16.8442 46.266
20.3395 9.2006 18.3659 22.1258 16.8442 46.266
21.5535 3.34332 10.023 9.18016 20.3395 9.2006
21.5535 3.34332 20.3395 9.2006 16.8442 46.266
47.3435 1.71474 41.1428 3.34263 21.5535 3.34332
10.023 9.18016 21.5535 3.34332 27.2972 -0.409522
21.5535 3.34332 47.3435 1.71474 27.2972 -0.409522
49.2128 8.98953 41.1428 3.34263 47.3435 1.71474
27.9379 133.757 32.862 139.383 21.7692 151.885
22.9035 133.605 27.9379 133.757 21.7692 151.885
13.3859 86.3199 22.9035 133.605 21.7692 151.885
10.3222 69.4976 13.3859 86.3199 21.7692 151.885
9.16221 52.6611 8.46934 59.499 10.3222 69.4976
9.16221 52.6611 10.3222 69.4976 13.3859 86.3199
9.48607 42.1549 9.16221 52.6611 13.3859 86.3199
0.92377 29.8681 9.48607 42.1549 9.16221 52.6611
13.0022 29.6573 0.92377 29.8681 9.48607 42.1549
0.92377 29.8681 13.0022 29.6573 18.3659 22.1258
8.46934 59.499 3.63877 63.9145 6.97458 80.7464
3.63877 63.9145 8.46934 59.499 9.16221 52.6611
20.7821 181.93 19.8958 198.424 21.8061 209.062
26.8596 173.449 27.2773 179.17 20.7821 181.93
16.8924 161.174 26.8596 173.449 20.7821 181.93
16.8924 161.174 20.7821 181.93 19.8958 198.424
10.3222 69.4976 12.7483 97.276 16.8924 161.174
19.8958 198.424 16.8924 161.174 8.46934 59.499
16.8924 161.174 10.3222 69.4976 8.46934 59.499
12.7483 97.276 16.3148 120.741 17.36 139.974
16.3148 120.741 12.7483 97.276 10.3222 69.4976
61.4484 50.9162 39.0318 57.5099 28.5052 63.01
53.4035 50.8149 61.4484 50.9162 39.0318 57.5099
42.8367 49.8032 53.4035 50.8149 39.0318 57.5099
39.0318 57.5099 42.8367 49.8032 46.1646 41.7409
63.4534 26.0972 63.5301 37.4468 42.8367 49.8032
61.2393 17.2608 70.6031 22.5412 63.4534 26.0972
61.2393 17.2608 63.4534 26.0972 42.8367 49.8032
42.8367 49.8032 61.2393 17.2608 66.1937 7.51529
63.5301 37.4468 42.8367 49.8032 53.4035 50.8149
69.0143 32.9728 63.5301 37.4468 53.4035 50.8149
80.0831 20.6813 79.1726 26.0195 69.0143 32.9728
80.0831 20.6813 69.0143 32.9728 63.5301 37.4468
98.5407 18.4507 119.722 18.8716 93.6583 19.1288
98.5407 18.4507 93.6583 19.1288 80.0831 20.6813
107.826 13.7878 98.5407 18.4507 80.0831 20.6813
128.869 10.317 156.414 11.5486 107.826 13.7878
89.1232 10.1897 128.869 10.317 107.826 13.7878
89.1232 10.1897 107.826 13.7878 80.0831 20.6813
89.1232 10.1897 80.0831 20.6813 63.5301 37.4468
82.7148 7.84573 98.4093 8.89977 89.1232 10.1897
82.7148 7.84573 89.1232 10.1897 63.5301 37.4468
127.541 3.07471 82.7148 7.84573 98.4093 8.89977
82.7148 7.84573 127.541 3.07471 121.062 2.46735
71.1804 40.5015 76.7834 36.9412 69.0143 32.9728
73.2553 59.5681 76.7834 36.9412 79.1726 26.0195
76.7834 36.9412 69.0143 32.9728 79.1726 26.0195
146.341 36.5721 128.314 37.8104 121.661 40.0141
156.66 36.314 146.341 36.5721 121.661 40.0141
146.814 33.4972 156.66 36.314 146.341 36.5721
132.858 30.0334 146.814 33.4972 146.341 36.5721
107.447 23.1824 132.858 30.0334 146.341 36.5721
132.858 30.0334 107.447 23.1824 93.6583 19.1288
107.447 23.1824 80.0831 20.6813 93.6583 19.1288
127.541 3.07471 146.744 3.77049 157.458 3.77891
121.062 2.46735 127.541 3.07471 157.458 3.77891
97.1546 1.59956 121.062 2.46735 157.458 3.77891
157.458 3.77891 97.1546 1.59956 112.157 1.4892
116.421 8.60356 98.4093 8.89977 89.1232 10.1897
98.4093 8.89977 116.421 8.60356 208.605 2.20181
139.431 9.45614 89.1232 10.1897 128.869 10.317
153.586 8.56938 139.431 9.45614 128.869 10.317
237.641 2.75189 153.586 8.56938 128.869 10.317
259.78 1.55224 237.641 2.75189 128.869 10.317
237.641 2.75189 259.78 1.55224 266.142 0.074051
258.102 70.8784 259.714 92.5914 258.736 103.814
258.831 27.445 256.324 63.4091 258.102 70.8784
258.831 27.445 258.102 70.8784 259.714 92.5914
260.577 8.32609 259.585 19.4802 258.831 27.445
256.324 63.4091 258.831 27.445 259.78 1.55224
258.831 27.445 260.577 8.32609 259.78 1.55224
260.577 8.32609 277.614 7.86974 259.78 1.55224
292.117 132.208 293.604 140.593 293.47 152.365
288.469 111.965 291.617 121.276 292.117 132.208
288.469 111.965 292.117 132.208 293.47 152.365
287.936 101.062 288.469 111.965 291.617 121.276
283.405 71.1234 283.743 87.2236 287.936 101.062
283.405 71.1234 287.936 101.062 291.617 121.276
282.206 62.4871 283.405 71.1234 283.743 87.2236
276.263 36.0313 278.357 48.5351 282.206 62.4871
278.779 26.2502 276.263 36.0313 282.206 62.4871
278.779 26.2502 282.206 62.4871 283.405 71.1234
277.614 7.86974 283.28 23.5754 278.779 26.2502
277.614 7.86974 278.779 26.2502 276.263 36.0313
266.142 0.074051 259.78 1.55224 277.614 7.86974
278.013 -0.352646 266.142 0.074051 277.614 7.86974
278.013 -0.352646 277.614 7.86974 283.28 23.5754
191.92 -0.591516 278.013 -0.352646 266.142 0.074051
170.431 -0.718143 191.92 -0.591516 266.142 0.074051
196.24 -0.948863 170.431 -0.718143 191.92 -0.591516
191.92 -0.591516 196.24 -0.948863 250.282 -1.39803
258.102 70.8784 251.882 116.925 250.469 131.95
251.882 116.925 258.102 70.8784 256.324 63.4091
258.831 27.445 261.037 43.2686 262.09 52.0567
261.037 43.2686 258.831 27.445 259.585 19.4802
268.007 82.3786 268.065 89.5114 260.726 150.093
271.142 53.4752 268.007 82.3786 268.065 89.5114
273.729 21.4316 271.142 53.4752 268.007 82.3786
271.142 53.4752 273.729 21.4316 277.614 7.86974
273.729 21.4316 269.215 8.46052 277.614 7.86974
269.215 8.46052 260.577 8.32609 277.614 7.86974
287.936 101.062 276.523 102.474 277.572 113.148
276.523 102.474 287.936 101.062 283.743 87.2236
287.706 166.281 288.469 111.965 287.936 101.062
139.431 9.45614 153.586 8.56938 230.241 1.23358
196.24 -0.948863 170.431 -0.718143 88.5578 -0.232856
141.917 -2.39861 196.24 -0.948863 88.5578 -0.232856
196.24 -0.948863 141.917 -2.39861 222.582 -3.53387
141.917 -2.39861 82.9721 -1.77837 68.9657 -0.595931
222.582 -3.53387 141.917 -2.39861 82.9721 -1.77837
82.9721 -1.77837 222.582 -3.53387 178.102 -3.6213
286.694 41.9232 290.094 87.7426 291.617 121.276
290.094 87.7426 286.694 41.9232 286.687 28.9519
290.094 87.7426 291.617 121.276 292.117 132.208
292.117 132.208 290.094 87.7426 290.12 69.2278
292.237 82.931 292.117 132.208 293.604 140.593
291.457 19.5128 290.356 49.753 292.237 82.931
291.457 19.5128 292.237 82.931 293.604 140.593
291.121 6.12471 291.457 19.5128 290.356 49.753
290.356 49.753 291.121 6.12471 289.86 3.49
293.47 152.365 292.522 156.884 293.823 193.94
293.604 140.593 293.47 152.365 293.823 193.94
293.823 193.94 293.604 140.593 293.582 59.1093
273.651 128.243 269.302 140.332 269.499 149.823
277.572 113.148 273.651 128.243 269.499 149.823
276.523 102.474 277.572 113.148 273.651 128.243
273.651 128.243 276.523 102.474 277.133 83.0366
278.294 143.348 269.499 149.823 267.163 167.037
278.919 132.509 278.294 143.348 269.499 149.823
269.499 149.823 278.919 132.509 279.351 123.621
269.302 140.332 269.499 149.823 267.163 167.037
269.447 119.174 269.302 140.332 267.163 167.037
270.225 97.7714 269.447 119.174 267.163 167.037
269.447 119.174 270.225 97.7714 272.045 58.1247
270.225 97.7714 268.862 108.332 267.106 162.552
268.862 108.332 270.225 97.7714 272.045 58.1247
266.905 38.1783 261.037 43.2686 262.09 52.0567
261.037 43.2686 266.905 38.1783 269.98 30.5954
258.432 162.521 262.226 118.156 269.98 30.5954
262.226 118.156 266.454 66.5717 269.98 30.5954
266.454 66.5717 266.905 38.1783 269.98 30.5954
263.611 83.0899 252.405 139.042 251.296 157.207
266.454 66.5717 263.611 83.0899 251.296 157.207
263.611 83.0899 266.454 66.5717 266.905 38.1783
262.226 118.156 260.83 127.224 258.763 142.458
260.83 127.224 262.226 118.156 266.454 66.5717
258.763 142.458 260.83 127.224 261.051 106.572
251.275 110.186 251.882 116.925 250.469 131.95
251.09 90.5469 251.275 110.186 251.882 116.925
250.773 73.6817 251.09 90.5469 251.882 116.925
250.154 16.1411 250.773 73.6817 251.882 116.925
250.773 73.6817 250.154 16.1411 250.065 11.0597
252.008 48.2485 250.154 16.1411 250.065 11.0597
248.573 40.8435 251.09 90.5469 251.275 110.186
251.09 90.5469 248.573 40.8435 248.787 29.738
246.905 78.5584 247.703 58.7369 248.787 29.738
247.703 58.7369 248.573 40.8435 248.787 29.738
178.311 11.2409 156.414 11.5486 107.826 13.7878
233.182 9.63909 178.311 11.2409 156.414 11.5486
206.456 9.54515 233.182 9.63909 156.414 11.5486
233.182 9.63909 206.456 9.54515 219.051 9.09567
170.715 12.0263 196.452 12.0049 178.311 11.2409
188.645 13.4936 187.068 16.0494 162.954 16.8246
196.452 12.0049 188.645 13.4936 162.954 16.8246
188.645 13.4936 196.452 12.0049 233.182 9.63909
196.452 12.0049 178.311 11.2409 233.182 9.63909
216.178 19.1545 196.959 17.093 187.068 16.0494
187.068 16.0494 196.959 17.093 206.521 17.7498
206.521 17.7498 187.068 16.0494 188.645 13.4936
190.417 28.5747 200.752 29.9527 231.222 37.6991
168.314 22.6626 190.417 28.5747 200.752 29.9527
151.306 18.0003 98.5407 18.4507 119.722 18.8716
151.306 18.0003 119.722 18.8716 168.314 22.6626
151.306 18.0003 168.314 22.6626 200.752 29.9527
98.5407 18.4507 151.306 18.0003 127.609 16.6004
151.306 18.0003 180.556 20.0782 230.939 21.6263
230.939 21.6263 151.306 18.0003 127.609 16.6004
227.649 26.5745 180.556 20.0782 151.306 18.0003
207.257 28.0733 200.752 29.9527 231.222 37.6991
231.222 37.6991 207.257 28.0733 216.753 27.8411
142.588 29.2371 132.858 30.0334 146.814 33.4972
146.814 33.4972 142.588 29.2371 138.131 23.3545
158.576 53.985 158.351 63.041 172.528 63.8259
158.576 53.985 172.528 63.8259 182.464 68.8427
156.66 36.314 158.576 53.985 158.351 63.041
163.479 33.4076 146.814 33.4972 156.66 36.314
163.479 33.4076 156.66 36.314 158.576 53.985
146.814 33.4972 163.479 33.4076 167.601 32.2441
216.3 106.146 233.006 133.003 239.17 147.584
212.389 97.4293 216.3 106.146 233.006 133.003
209.948 93.1725 212.389 97.4293 216.3 106.146
201.573 80.3372 209.948 93.1725 216.3 106.146
196.112 70.9954 201.573 80.3372 209.948 93.1725
182.283 52.5968 193.243 56.4258 193.998 67.0628
182.283 52.5968 193.998 67.0628 196.112 70.9954
182.283 52.5968 196.112 70.9954 201.573 80.3372
172.129 41.7288 182.283 52.5968 193.243 56.4258
163.479 33.4076 172.129 41.7288 182.283 52.5968
172.129 41.7288 163.479 33.4076 167.601 32.2441
230.933 117.192 238.997 130.202 242.921 136.546
217.465 102.924 230.933 117.192 242.921 136.546
212.389 97.4293 217.465 102.924 230.933 117.192
230.933 117.192 212.389 97.4293 209.948 93.1725
206.533 81.8814 196.112 70.9954 193.998 67.0628
199.035 53.3069 193.243 56.4258 193.998 67.0628
188.761 49.6775 199.035 53.3069 193.243 56.4258
193.243 56.4258 188.761 49.6775 176.105 32.5094
188.761 49.6775 180.998 37.5224 176.105 32.5094
207.167 42.074 227.316 47.1768 219.989 47.6281
193.164 39.2337 207.167 42.074 219.989 47.6281
180.998 37.5224 216.625 39.1127 193.164 39.2337
180.998 37.5224 193.164 39.2337 219.989 47.6281
216.625 39.1127 180.998 37.5224 176.105 32.5094
200.823 39.2417 193.164 39.2337 216.625 39.1127
238.997 130.202 230.933 117.192 197.971 61.3532
242.916 112.374 238.997 130.202 242.921 136.546
241.09 90.703 242.916 112.374 238.997 130.202
238.997 130.202 241.09 90.703 241.117 81.0984
237.046 121.893 241.117 81.0984 240.97 71.6409
241.117 81.0984 241.09 90.703 242.223 98.3724
240.97 71.6409 241.117 81.0984 242.223 98.3724
238.74 43.002 238.609 51.6391 240.97 71.6409
239.168 21.1945 238.74 43.002 240.97 71.6409
239.168 21.1945 240.97 71.6409 242.223 98.3724
238.74 43.002 239.168 21.1945 236.311 9.90371
246.977 149.596 242.916 112.374 241.09 90.703
242.923 32.5619 241.872 59.9052 246.539 97.8567
239.168 21.1945 242.923 32.5619 241.872 59.9052
242.923 32.5619 239.168 21.1945 236.311 9.90371
238.609 51.6391 233.516 63.6855 230.372 69.9985
230.372 69.9985 238.609 51.6391 238.74 43.002
229.877 91.0301 231.394 82.8267 238.609 51.6391
231.394 82.8267 233.516 63.6855 238.609 51.6391
222.674 77.0997 231.394 82.8267 229.877 91.0301
222.674 77.0997 229.877 91.0301 233.398 98.3993
221.536 69.6768 222.674 77.0997 231.394 82.8267
231.394 82.8267 221.536 69.6768 219.42 63.8591
221.536 69.6768 222.674 77.0997 220.937 87.3432
211.118 66.5282 221.536 69.6768 220.937 87.3432
211.118 66.5282 220.937 87.3432 227.982 110.66
212.223 60.611 211.118 66.5282 221.536 69.6768
211.118 66.5282 212.223 60.611 209.078 53.326
172.528 63.8259 156.214 66.7614 168.822 71.9055
158.351 63.041 172.528 63.8259 156.214 66.7614
146.169 50.0246 158.351 63.041 156.214 66.7614
158.351 63.041 146.169 50.0246 142.916 38.4349
146.169 50.0246 143.825 57.6232 147.115 60.871
143.825 57.6232 146.169 50.0246 142.916 38.4349
217.166 121.913 221.93 128.091 231.717 142.985
210.517 112.713 217.166 121.913 221.93 128.091
197.111 97.8629 210.517 112.713 217.166 121.913
176.446 82.669 197.111 97.8629 217.166 121.913
168.822 71.9055 169.198 79.3221 176.446 82.669
168.822 71.9055 176.446 82.669 197.111 97.8629
156.214 66.7614 168.822 71.9055 169.198 79.3221
127.893 52.1182 156.214 66.7614 169.198 79.3221
122.854 49.4502 113.327 51.3989 127.893 52.1182
122.854 49.4502 127.893 52.1182 156.214 66.7614
113.327 51.3989 122.854 49.4502 138.087 46.3071
210.517 112.713 197.111 97.8629 190.764 88.1972
200.084 89.8819 221.93 128.091 231.717 142.985
181.632 61.374 200.084 89.8819 221.93 128.091
221.93 128.091 181.632 61.374 172.659 49.0289
193.269 77.1629 181.632 61.374 172.659 49.0289
202.659 117.802 212.176 123.783 210.454 126.127
198.561 108.789 202.659 117.802 212.176 123.783
186.165 98.1421 198.561 108.789 202.659 117.802
183.518 96.4955 186.165 98.1421 202.659 117.802
176.446 82.669 178.665 93.9824 183.518 96.4955
176.446 82.669 183.518 96.4955 186.165 98.1421
169.198 79.3221 176.446 82.669 178.665 93.9824
160.158 77.6966 169.198 79.3221 178.665 93.9824
152.538 77.4183 160.158 77.6966 178.665 93.9824
178.665 93.9824 152.538 77.4183 98.5 46.0286
152.538 77.4183 131.666 62.7786 98.5 46.0286
150.365 71.3321 131.666 62.7786 98.5 46.0286
183.518 96.4955 178.665 93.9824 168.689 92.9618
110.717 37.0144 128.314 37.8104 121.661 40.0141
101.735 36.7975 110.717 37.0144 121.661 40.0141
90.5115 32.9408 101.735 36.7975 110.717 37.0144
110.717 37.0144 90.5115 32.9408 98.0525 31.5852
101.735 36.7975 88.6911 39.3163 89.5892 47.6082
88.6911 39.3163 101.735 36.7975 90.5115 32.9408
119.128 33.8747 146.341 36.5721 128.314 37.8104
146.341 36.5721 119.128 33.8747 113.388 30.916
22.7209 73 28.7493 70.9074 38.9615 69.9457
30.964 79.2762 20.1297 83.625 20.0624 91.7848
51.6857 68.145 63.7465 70.6866 30.964 79.2762
51.6857 68.145 30.964 79.2762 20.1297 83.625
53.1156 63.7682 51.6857 68.145 20.1297 83.625
56.7176 63.46 53.1156 63.7682 51.6857 68.145
51.6857 68.145 56.7176 63.46 70.4361 53.603
38.9202 81.2219 40.171 87.0211 33.6679 89.6758
30.964 79.2762 38.9202 81.2219 33.6679 89.6758
30.964 79.2762 33.6679 89.6758 36.925 110.348
38.9202 81.2219 30.964 79.2762 63.7465 70.6866
39.2475 117.864 38.8636 103.811 40.171 87.0211
38.8636 103.811 33.6679 89.6758 40.171 87.0211
66.8141 143.674 76.0368 148.208 78.3635 160.251
56.1766 128.727 66.8141 143.674 78.3635 160.251
50.4562 108.532 56.1766 128.727 66.8141 143.674
66.8141 143.674 50.4562 108.532 38.9202 81.2219
50.4562 108.532 40.171 87.0211 38.9202 81.2219
119.022 97.1618 141.894 106.807 161.92 117.128
87.2297 81.2162 113.853 90.3745 119.022 97.1618
83.4652 81.1359 87.2297 81.2162 119.022 97.1618
83.4652 81.1359 119.022 97.1618 161.92 117.128
71.8138 76.9938 83.4652 81.1359 87.2297 81.2162
70.7543 73.0448 71.8138 76.9938 87.2297 81.2162
71.8138 76.9938 70.7543 73.0448 63.7465 70.6866
70.7543 73.0448 77.2082 73.3801 99.7717 79.2426
63.7465 70.6866 70.7543 73.0448 77.2082 73.3801
77.2082 73.3801 63.7465 70.6866 51.6857 68.145
116.005 123.055 118.847 128.201 113.847 130.215
113.595 122.865 116.005 123.055 113.847 130.215
102.769 110.891 113.595 122.865 116.005 123.055
100.405 96.0061 102.769 110.891 116.005 123.055
99.1127 90.6152 100.405 96.0061 116.005 123.055
83.4652 81.1359 99.1127 90.6152 100.405 96.0061
100.405 96.0061 83.4652 81.1359 71.8138 76.9938
102.927 116.238 102.769 110.891 100.405 96.0061
151.011 120.395 99.1127 90.6152 83.4652 81.1359
119.022 97.1618 130.896 100.277 150.305 107.791
130.896 100.277 119.022 97.1618 113.853 90.3745
283.733 202.602 290.774 212.13 280.938 212.552
259.254 186.485 283.733 202.602 280.938 212.552
223.142 158.637 250.904 181.542 259.254 186.485
223.142 158.637 259.254 186.485 283.733 202.602
199.047 138.595 223.142 158.637 283.733 202.602
180.083 123.2 188.445 129.178 199.047 138.595
180.083 123.2 199.047 138.595 223.142 158.637
172.928 118.173 180.083 123.2 223.142 158.637
152.688 102.456 160.834 103.58 172.928 118.173
152.688 102.456 172.928 118.173 223.142 158.637
113.853 90.3745 152.688 102.456 160.834 103.58
160.834 103.58 113.853 90.3745 87.2297 81.2162
216.666 149.764 233.07 163.188 249.447 173.949
199.047 138.595 216.666 149.764 233.07 163.188
216.666 149.764 199.047 138.595 188.445 129.178
179.574 113.359 172.928 118.173 180.083 123.2
172.928 118.173 179.574 113.359 169.225 106.037
220.302 141.032 258.31 168.709 278.01 183.078
179.574 113.359 220.302 141.032 278.01 183.078
220.302 141.032 179.574 113.359 169.225 106.037
191.71 116.365 258.31 168.709 278.01 183.078
187.89 113.395 191.71 116.365 278.01 183.078
167.979 100.168 187.89 113.395 191.71 116.365
160.028 91.5686 167.979 100.168 187.89 113.395
136.795 72.9387 160.028 91.5686 187.89 113.395
117.839 59.9162 136.795 72.9387 160.028 91.5686
160.028 91.5686 117.839 59.9162 113.538 59.0744
147.482 86.8567 160.028 91.5686 167.979 100.168
123.743 80.5033 131.883 82.3256 137.687 83.2049
102.625 69.853 111.317 80.0835 123.743 80.5033
102.625 69.853 123.743 80.5033 137.687 83.2049
102.625 69.853 137.687 83.2049 147.482 86.8567
102.625 69.853 147.482 86.8567 160.028 91.5686
110.871 67.7661 118.147 68.1798 102.625 69.853
111.317 80.0835 102.625 69.853 79.6901 57.9157
102.625 69.853 110.871 67.7661 79.6901 57.9157
137.687 83.2049 133.273 92.3525 137.558 93.7476
133.273 92.3525 137.687 83.2049 131.883 82.3256
111.317 80.0835 123.743 80.5033 121.063 86.6908
121.063 86.6908 111.317 80.0835 89.2609 67.583
101.829 57.9372 110.871 67.7661 118.147 68.1798
101.829 57.9372 118.147 68.1798 128.41 71.964
91.7155 57.4111 101.829 57.9372 110.871 67.7661
110.871 67.7661 91.7155 57.4111 76.7825 49.6267
276.102 190.74 287.11 202.127 283.733 202.602
272.771 188.148 276.102 190.74 283.733 202.602
263.611 181.671 272.771 188.148 283.733 202.602
272.771 188.148 263.611 181.671 199.889 133.648
287.11 202.127 283.733 202.602 290.774 212.13
276.687 173.248 287.11 202.127 290.774 212.13
277.164 163.274 276.687 173.248 290.774 212.13
276.687 173.248 277.164 163.274 276.997 148.589
272.771 188.148 241.939 162.782 212.228 140.495
241.939 162.782 272.771 188.148 276.102 190.74
276.102 190.74 241.939 162.782 226.562 148.275
287.11 202.127 276.102 190.74 267.982 180.586
293.696 216.36 279.368 219.863 292.178 233.797
293.696 216.36 292.178 233.797 292.156 246.994
293.696 216.36 292.156 246.994 290.49 286.253
280.938 212.552 293.696 216.36 279.368 219.863
290.774 212.13 280.938 212.552 293.696 216.36
293.696 216.36 290.774 212.13 291.099 179.593
292.156 246.994 291.153 259.2 290.173 267.891
290.173 267.891 292.156 246.994 292.178 233.797
271.782 218.427 279.368 219.863 292.178 233.797
209.581 172.37 238.027 188.923 248.18 199.672
209.581 172.37 248.18 199.672 271.782 218.427
209.581 172.37 271.782 218.427 292.178 233.797
197.81 160.039 202.562 170.428 209.581 172.37
197.81 160.039 209.581 172.37 238.027 188.923
193.557 157.38 197.81 160.039 202.562 170.428
180.973 140.626 193.557 157.38 202.562 170.428
176.108 130.679 180.973 140.626 193.557 157.38
180.973 140.626 176.108 130.679 156.337 107.444
217.824 181.666 222.669 189.337 231.525 193.068
209.581 172.37 217.824 181.666 231.525 193.068
217.824 181.666 209.581 172.37 202.562 170.428
197.81 160.039 247.652 186.853 266.656 197.024
266.656 197.024 197.81 160.039 193.557 157.38
261.053 217.093 276.358 227.239 287.97 243.413
251.122 210.409 261.053 217.093 276.358 227.239
239.616 198.067 251.122 210.409 276.358 227.239
231.525 193.068 239.616 198.067 251.122 210.409
222.669 189.337 231.525 193.068 251.122 210.409
207.61 178.463 222.669 189.337 251.122 210.409
177.912 148.513 207.61 178.463 222.669 189.337
222.669 189.337 177.912 148.513 166.601 137.703
166.601 137.703 177.912 148.513 236.208 208.669
236.208 208.669 166.601 137.703 160.215 132.183
228.198 199.472 207.61 178.463 177.912 148.513
271.131 232.317 261.053 217.093 251.122 210.409
248.18 199.672 238.027 188.923 233.522 180.986
266.682 213.28 271.782 218.427 279.368 219.863
263.925 206.288 266.682 213.28 279.368 219.863
266.682 213.28 263.925 206.288 257.106 201.469
238.913 176.778 250.904 181.542 259.254 186.485
231.52 173.976 238.913 176.778 259.254 186.485
217.541 167.593 231.52 173.976 238.913 176.778
213.559 162.534 217.541 167.593 238.913 176.778
193.549 147.961 213.559 162.534 217.541 167.593
213.559 162.534 193.549 147.961 189.237 143.926
237.872 172.63 238.913 176.778 250.904 181.542
238.913 176.778 237.872 172.63 202.63 149.894
250.904 181.542 223.142 158.637 206.509 146.752
150.305 107.791 130.896 100.277 137.049 99.9998
112.95 109.511 116.005 123.055 118.847 128.201
116.005 123.055 112.95 109.511 110.168 99.6838
170.754 131.204 132.984 111.609 110.168 99.6838
132.984 111.609 112.95 109.511 110.168 99.6838
126.608 128.769 133.471 141.838 132.035 146.008
121.023 112.109 126.608 128.769 133.471 141.838
126.608 128.769 121.023 112.109 112.95 109.511
121.023 112.109 132.984 111.609 112.95 109.511
252.851 243.297 260.654 246.697 238.155 246.755
240.961 240.162 252.851 243.297 238.155 246.755
232.703 236.128 240.961 240.162 252.851 243.297
241.032 229.933 232.703 236.128 252.851 243.297
208.863 191.905 241.032 229.933 252.851 243.297
193.57 176.776 198.052 179.077 208.863 191.905
193.57 176.776 208.863 191.905 241.032 229.933
189.862 172.799 193.57 176.776 241.032 229.933
121.023 112.109 127.749 116.488 142.752 122.691
193.57 176.776 189.862 172.799 132.984 111.609
189.862 172.799 146.896 126.898 132.984 111.609
146.896 126.898 142.752 122.691 132.984 111.609
142.752 122.691 121.023 112.109 132.984 111.609
146.896 126.898 161.402 143.565 171.122 156.649
171.122 156.649 146.896 126.898 142.752 122.691
218.518 197.216 230.798 209.767 241.8 217.585
218.518 197.216 241.8 217.585 259.006 231.889
230.798 209.767 218.518 197.216 208.863 191.905
272.304 239.836 251.011 222.828 198.052 179.077
251.011 222.828 218.518 197.216 198.052 179.077
218.518 197.216 208.863 191.905 198.052 179.077
241.8 217.585 252.665 231.435 262.109 240.792
252.665 231.435 241.8 217.585 230.798 209.767
181.487 160.912 193.57 176.776 198.052 179.077
198.052 179.077 181.487 160.912 169.86 147.398
183.472 268.166 186.65 270.672 197.51 279.999
199.575 266.084 183.472 268.166 186.65 270.672
210.51 262.483 199.575 266.084 183.472 268.166
253.462 249.492 229.101 258.928 210.51 262.483
253.462 249.492 210.51 262.483 183.472 268.166
207.362 247.573 230.023 248.766 253.462 249.492
238.155 246.755 207.362 247.573 253.462 249.492
260.654 246.697 238.155 246.755 253.462 249.492
229.101 258.928 253.462 249.492 280.945 238.975
253.462 249.492 260.654 246.697 280.945 238.975
152.204 249.242 80.4903 253.248 92.4731 253.643
141.732 248.179 106.604 248.378 152.204 249.242
207.362 247.573 141.732 248.179 152.204 249.242
207.362 247.573 152.204 249.242 92.4731 253.643
141.732 248.179 207.362 247.573 238.155 246.755
191.123 251.498 183.529 253.026 136.35 259.571
120.451 262.19 136.35 259.571 207.362 247.573
136.35 259.571 191.123 251.498 207.362 247.573
191.123 251.498 230.023 248.766 207.362 247.573
159.45 261.877 152.532 262.666 136.997 266.072
166.405 257.512 159.45 261.877 152.532 262.666
183.529 253.026 166.405 257.512 159.45 261.877
159.45 261.877 183.529 253.026 191.123 251.498
198.845 293.217 232.502 293.762 238.527 293.987
191.226 288.112 198.845 293.217 232.502 293.762
192.708 283.192 191.226 288.112 232.502 293.762
172.544 279.235 192.708 283.192 191.226 288.112
177.861 276.02 172.544 279.235 192.708 283.192
167.562 271.42 177.861 276.02 172.544 279.235
158.669 269.31 167.562 271.42 172.544 279.235
152.367 268.181 158.669 269.31 172.544 279.235
202.143 259.415 152.367 268.181 158.669 269.31
181.477 259.157 202.143 259.415 152.367 268.181
190.086 257.014 181.477 259.157 202.143 259.415
219.808 251.345 190.086 257.014 202.143 259.415
190.086 257.014 219.808 251.345 230.023 248.766
219.808 251.345 253.462 249.492 230.023 248.766
273.849 286.971 283.948 289.509 258.163 293.166
257.077 281.103 273.849 286.971 283.948 289.509
242.525 272.911 251.435 280.507 257.077 281.103
242.525 272.911 257.077 281.103 283.948 289.509
226.85 268.875 242.525 272.911 251.435 280.507
221.437 267.657 226.85 268.875 251.435 280.507
220.492 263.41 221.437 267.657 226.85 268.875
210.51 262.483 220.492 263.41 221.437 267.657
229.101 258.928 210.51 262.483 220.492 263.41
220.492 263.41 229.101 258.928 270.003 247.251
249.719 291.039 273.849 286.971 257.077 281.103
242.525 272.911 273.685 277.884 289.04 282.754
273.685 277.884 242.525 272.911 226.85 268.875
257.233 272.177 278.363 276.672 273.685 277.884
273.685 277.884 257.233 272.177 253.495 271.389
257.233 272.177 271.733 271.831 253.495 271.389
278.363 276.672 273.685 277.884 289.04 282.754
276.762 269.778 278.363 276.672 289.04 282.754
270.202 263.117 276.762 269.778 278.363 276.672
263.444 260.458 279.654 261.401 270.202 263.117
263.444 260.458 270.202 263.117 278.363 276.672
279.654 261.401 263.444 260.458 282.026 253.818
263.444 260.458 243.815 259.867 282.026 253.818
250.216 262.824 263.444 260.458 243.815 259.867
257.077 281.103 210.65 286.303 217.584 287.248
251.435 280.507 257.077 281.103 210.65 286.303
219.073 279.983 251.435 280.507 210.65 286.303
239.867 278.976 219.073 279.983 251.435 280.507
251.435 280.507 239.867 278.976 208.028 273.229
233.999 278.824 239.867 278.976 219.073 279.983
239.867 278.976 233.999 278.824 210.282 276.615
181.195 287.637 191.226 288.112 198.845 293.217
191.226 288.112 181.195 287.637 163.21 280.681
181.477 259.157 190.086 257.014 202.138 252.968
69.3172 268.841 63.04 276.781 52.5399 279.854
53.6021 266.266 57.4831 267.004 69.3172 268.841
50.7171 263.804 53.6021 266.266 69.3172 268.841
82.5229 259.51 38.012 263.118 50.7171 263.804
82.5229 259.51 50.7171 263.804 69.3172 268.841
82.5229 259.51 69.3172 268.841 63.04 276.781
57.4702 258.934 110.1 259.138 82.5229 259.51
57.4702 258.934 82.5229 259.51 38.012 263.118
31.2897 257.677 57.4702 258.934 38.012 263.118
20.9775 256.868 31.2897 257.677 38.012 263.118
92.4731 253.643 20.9775 256.868 31.2897 257.677
80.4903 253.248 92.4731 253.643 20.9775 256.868
20.9775 256.868 80.4903 253.248 127.031 249.853
33.3058 269.046 23.812 269.611 -3.57234 271.582
38.023 268.421 33.3058 269.046 23.812 269.611
53.6021 266.266 38.023 268.421 23.812 269.611
23.812 269.611 53.6021 266.266 50.7171 263.804
33.3058 269.046 9.37833 277.069 -0.467924 283.189
-0.467924 283.189 33.3058 269.046 38.023 268.421
57.4831 267.004 26.7171 282.861 13.6663 289.745
26.7171 282.861 57.4831 267.004 53.6021 266.266
88.6641 269.143 81.5099 272.434 72.8647 281.743
89.0275 261.844 88.6641 269.143 81.5099 272.434
81.5099 272.434 89.0275 261.844 82.5229 259.51
139.209 281.888 151.95 286.237 156.706 289.617
129.04 273.94 139.209 281.888 151.95 286.237
123.881 269.009 129.04 273.94 151.95 286.237
82.5229 259.51 89.0275 261.844 123.881 269.009
151.95 286.237 123.881 269.009 110.1 259.138
123.881 269.009 82.5229 259.51 110.1 259.138
50.9661 290.477 56.9149 290.598 17.7482 293.969
28.6895 286.857 50.9661 290.477 56.9149 290.598
38.4217 286.741 28.6895 286.857 56.9149 290.598
82.74 283.043 38.4217 286.741 56.9149 290.598
107.614 281.814 117.118 282.088 82.74 283.043
103.548 279.171 107.614 281.814 82.74 283.043
103.548 279.171 82.74 283.043 38.4217 286.741
88.6641 269.143 103.548 279.171 107.614 281.814
107.614 281.814 88.6641 269.143 89.0275 261.844
118.511 290.341 99.6612 291.597 86.7626 293.794
111.768 288.324 118.511 290.341 99.6612 291.597
118.511 290.341 111.768 288.324 117.118 282.088
111.768 288.324 93.5967 283.842 117.118 282.088
93.5967 283.842 82.74 283.043 117.118 282.088
139.209 281.888 133.066 282.81 143.203 291.436
133.066 282.81 139.209 281.888 129.04 273.94
100.033 256.685 31.2897 257.677 57.4702 258.934
71.2939 256.228 100.033 256.685 31.2897 257.677
159.87 253.315 71.2939 256.228 100.033 256.685
100.033 256.685 159.87 253.315 172.718 252.735
110.1 259.138 57.4702 258.934 131.135 258.59
151.95 286.237 156.706 289.617 171.952 293.956
171.952 293.956 151.95 286.237 149.702 283.397
108.51 273.7 107.614 281.814 117.118 282.088
108.51 273.7 117.118 282.088 129.334 292.206
107.614 281.814 108.51 273.7 102.691 271.701
72.7351 291.103 99.6612 291.597 86.7626 293.794
99.6612 291.597 72.7351 291.103 76.3391 289.398
28.6895 286.857 38.4217 286.741 40.145 280.769
26.7171 282.861 13.6663 289.745 2.39663 291.403
2.39663 291.403 26.7171 282.861 18.9046 279.69
100.929 247.805 141.732 248.179 106.604 248.378
141.732 248.179 100.929 247.805 121.353 247.182
228.333 229.262 241.032 229.933 232.703 236.128
222.536 223.704 216.849 229.199 228.333 229.262
222.536 223.704 228.333 229.262 241.032 229.933
210.948 218.112 222.536 223.704 241.032 229.933
198.682 216.095 210.948 218.112 222.536 223.704
188.299 213.607 198.682 216.095 210.948 218.112
197.146 206.824 188.299 213.607 210.948 218.112
187.259 196.086 197.146 206.824 210.948 218.112
168.723 177.618 187.259 196.086 197.146 206.824
158.968 161.905 167.754 169.583 168.723 177.618
197.146 206.824 168.723 177.618 148.03 157.381
168.723 177.618 158.968 161.905 148.03 157.381
213.017 232.107 228.333 229.262 216.849 229.199
190.042 190.11 198.501 196.221 211.441 209.183
182.524 181.189 190.042 190.11 198.501 196.221
190.042 190.11 182.524 181.189 167.754 169.583
182.524 181.189 207.562 197.053 221.55 210.698
167.754 169.583 182.524 181.189 207.562 197.053
207.562 197.053 167.754 169.583 158.968 161.905
182.316 170.176 158.968 161.905 148.03 157.381
179.286 239.631 196.619 240.425 173.83 240.865
187.288 233.497 179.286 239.631 173.83 240.865
201.483 231.362 187.288 233.497 179.286 239.631
187.288 233.497 201.483 231.362 222.536 223.704
201.483 231.362 216.849 229.199 222.536 223.704
196.619 240.425 173.83 240.865 210.151 241.107
210.151 241.107 196.619 240.425 217.979 238.369
186.945 241.93 136.506 241.336 210.151 241.107
173.83 240.865 210.151 241.107 136.506 241.336
149.075 243.225 136.506 241.336 112.834 239.988
136.506 241.336 173.83 240.865 112.834 239.988
198.682 216.095 190.24 216.795 178.804 219.057
188.299 213.607 198.682 216.095 190.24 216.795
176.311 212.97 188.299 213.607 190.24 216.795
182.032 202.326 176.311 212.97 188.299 213.607
180.022 193.265 182.032 202.326 188.299 213.607
182.032 202.326 180.022 193.265 171.502 189.368
166.842 219.024 157.099 230.374 149.711 233.099
149.711 233.099 166.842 219.024 182.032 202.326
166.842 219.024 176.311 212.97 182.032 202.326
166.842 219.024 167.341 230.191 157.674 238.579
167.341 230.191 166.842 219.024 176.311 212.97
157.674 238.579 167.341 230.191 182.077 227.714
207.562 197.053 221.55 210.698 232.69 221.288
232.69 221.288 207.562 197.053 199.889 188.644
150.427 138.656 133.471 141.838 132.035 146.008
140.761 138.32 150.427 138.656 133.471 141.838
133.471 141.838 140.761 138.32 142.195 127.269
90.3162 209.085 101.076 210.711 106.968 213.971
106.59 200.295 90.3162 209.085 101.076 210.711
110.553 193.044 106.59 200.295 101.076 210.711
101.293 187.326 110.553 193.044 106.59 200.295
92.4247 173.914 102.201 181.93 101.293 187.326
92.4247 173.914 101.293 187.326 106.59 200.295
76.0368 148.208 92.355 160.852 92.4247 173.914
76.0368 148.208 92.4247 173.914 106.59 200.295
81.6599 142.555 66.8141 143.674 76.0368 148.208
81.6599 142.555 76.0368 148.208 92.355 160.852
66.326 132.375 81.6599 142.555 66.8141 143.674
62.6719 122.066 66.326 132.375 66.8141 143.674
56.0194 106.329 62.6719 122.066 66.8141 143.674
51.2115 87.7373 52.5408 100.285 56.0194 106.329
51.2115 87.7373 56.0194 106.329 62.6719 122.066
62.6719 122.066 51.2115 87.7373 53.6295 82.8804
120.203 197.322 127.813 198.889 119.352 207.801
110.553 193.044 120.203 197.322 127.813 198.889
127.813 198.889 110.553 193.044 101.293 187.326
106.045 180.065 119.77 182.49 122.414 188.02
92.4247 173.914 106.045 180.065 122.414 188.02
106.045 180.065 92.4247 173.914 92.355 160.852
77.481 128.142 66.326 132.375 81.6599 142.555
80.1677 117.856 72.8316 118.464 77.481 128.142
80.1677 117.856 77.481 128.142 81.6599 142.555
73.0066 109.708 80.1677 117.856 72.8316 118.464
69.4233 97.2778 73.0066 109.708 72.8316 118.464
72.8316 118.464 69.4233 97.2778 62.9752 90.2145
87.8743 122.061 86.4128 127.903 89.3638 148.498
80.1677 117.856 87.8743 122.061 86.4128 127.903
87.8743 122.061 80.1677 117.856 73.0066 109.708
80.1219 110.544 69.4233 97.2778 59.7977 80.7156
69.4233 97.2778 62.9752 90.2145 59.7977 80.7156
77.481 128.142 72.8316 118.464 57.2059 97.6377
108.659 170.118 106.045 180.065 119.77 182.49
102.77 168.443 108.659 170.118 106.045 180.065
97.5026 160.724 102.77 168.443 106.045 180.065
97.8587 151.139 97.5026 160.724 102.77 168.443
92.2068 142.387 97.8587 151.139 97.5026 160.724
100.636 137.889 92.2068 142.387 97.8587 151.139
92.2068 142.387 100.636 137.889 97.6595 130.835
117.934 167.051 102.77 168.443 108.659 170.118
107.877 163.21 117.934 167.051 102.77 168.443
123.559 161.047 129.683 162.254 107.877 163.21
102.77 168.443 107.877 163.21 106.607 149.842
107.877 163.21 123.559 161.047 106.607 149.842
112.26 143.108 121.156 149.67 123.559 161.047
89.4951 110.875 112.26 143.108 121.156 149.67
77.2662 96.0683 88.6865 103.488 89.4951 110.875
77.2662 96.0683 89.4951 110.875 112.26 143.108
76.8682 92.1735 77.2662 96.0683 88.6865 103.488
77.2662 96.0683 76.8682 92.1735 71.4256 91.7677
121.156 149.67 123.559 161.047 129.683 162.254
129.683 162.254 121.156 149.67 116.077 138.536
89.4951 110.875 88.6865 103.488 88.1779 91.8469
132.713 168.953 126.417 178.584 119.77 182.49
141.108 158.144 132.713 168.953 126.417 178.584
143.261 149.45 141.108 158.144 132.713 168.953
156.134 148.042 143.261 149.45 141.108 158.144
143.261 149.45 156.134 148.042 147.896 146.786
126.417 178.584 119.77 182.49 122.414 188.02
122.414 188.02 126.417 178.584 142.019 167.479
139.586 182.05 133.892 191.97 127.813 198.889
127.813 198.889 139.586 182.05 149.12 167.459
103.929 229.148 106.15 231.029 89.6171 236.743
111.649 220.202 103.929 229.148 89.6171 236.743
127.813 198.889 119.352 207.801 111.649 220.202
133.892 191.97 127.813 198.889 111.649 220.202
139.267 186.703 133.892 191.97 111.649 220.202
147.593 186.506 139.267 186.703 111.649 220.202
147.593 186.506 111.649 220.202 103.929 229.148
157.268 181.705 147.593 186.506 139.267 186.703
148.281 181.144 157.268 181.705 139.267 186.703
139.267 186.703 148.281 181.144 159.912 172.755
163.281 202.729 172.711 203.067 151.122 209.504
152.781 201.14 163.281 202.729 172.711 203.067
159.464 189.522 152.781 201.14 172.711 203.067
172.711 203.067 159.464 189.522 157.268 181.705
159.464 189.522 147.593 186.506 157.268 181.705
152.781 201.14 163.281 202.729 129.439 206.639
129.439 206.639 152.781 201.14 139.257 201.125
106.15 231.029 89.6171 236.743 71.2506 243.443
132.119 223.376 106.15 231.029 71.2506 243.443
150.789 216.294 132.119 223.376 106.15 231.029
106.15 231.029 150.789 216.294 159.47 212.61
143.598 213.97 140.018 216.353 119.03 218.564
159.47 212.61 143.598 213.97 140.018 216.353
143.598 213.97 159.47 212.61 171.195 209.147
139.348 229.781 127.136 232.508 118.673 236.146
139.348 229.781 118.673 236.146 66.8081 253.573
157.188 220.973 139.348 229.781 127.136 232.508
150.789 216.294 157.188 220.973 127.136 232.508
159.47 212.61 150.789 216.294 157.188 220.973
157.188 220.973 159.47 212.61 171.195 209.147
132.119 223.376 116.487 230.459 78.3322 242.989
116.487 230.459 132.119 223.376 150.789 216.294
100.219 239.94 118.673 236.146 127.136 232.508
127.902 237.878 139.348 229.781 157.188 220.973
91.5293 198.354 106.59 200.295 90.3162 209.085
88.983 191.025 91.5293 198.354 90.3162 209.085
91.5293 198.354 88.983 191.025 90.6966 183.707
77.9054 221.399 83.7051 226.823 70.3725 232.72
79.6028 208.694 77.9054 221.399 70.3725 232.72
79.6028 208.694 70.3725 232.72 61.709 252.456
88.983 191.025 79.6028 208.694 77.9054 221.399
79.6028 208.694 88.983 191.025 90.6966 183.707
93.6106 226.444 83.7051 226.823 70.3725 232.72
100.86 219.668 93.6106 226.444 83.7051 226.823
83.7051 226.823 100.86 219.668 91.4966 217.496
106.59 200.295 91.5293 198.354 99.1644 196.357
23.5368 109.727 30.3208 117.805 22.9035 133.605
30.3208 117.805 23.5368 109.727 18.7349 102.542
30.3208 117.805 22.9035 133.605 27.9379 133.757
31.3983 113.611 30.3208 117.805 27.9379 133.757
30.3208 117.805 31.3983 113.611 26.6244 101.892
48.2957 128.752 32.862 139.383 21.7692 151.885
40.6455 127.016 48.2957 128.752 32.862 139.383
48.2957 128.752 40.6455 127.016 46.5717 119.759
33.6644 163.882 38.0751 168.538 26.8596 173.449
26.8596 173.449 33.6644 163.882 40.0225 146.633
38.0751 168.538 26.8596 173.449 27.2773 179.17
27.2773 179.17 38.0751 168.538 51.9236 157.931
38.5832 159.213 33.6644 163.882 38.0751 168.538
49.8749 142.194 49.6217 151.54 38.5832 159.213
49.8749 142.194 38.5832 159.213 33.6644 163.882
49.6217 151.54 49.8749 142.194 56.1901 141.542
31.6655 148.608 49.8749 142.194 39.1786 140.495
49.8749 142.194 56.1901 141.542 39.1786 140.495
38.5832 159.213 49.6217 151.54 61.0398 148.666
63.7308 166.156 27.2773 179.17 20.7821 181.93
27.2773 179.17 63.7308 166.156 57.6748 163.703
63.7308 166.156 77.4293 167.403 71.1054 173.871
57.6748 163.703 63.7308 166.156 77.4293 167.403
71.7809 160.775 57.6748 163.703 77.4293 167.403
77.4293 167.403 71.7809 160.775 70.7829 153.477
31.2577 247.529 20.417 252.807 8.71585 263.709
26.4057 239.423 31.2577 247.529 20.417 252.807
21.621 236.577 26.4057 239.423 20.417 252.807
20.2051 228.702 21.621 236.577 26.4057 239.423
21.4037 216.668 20.2051 228.702 26.4057 239.423
21.8061 209.062 21.4037 216.668 26.4057 239.423
19.8958 198.424 21.8061 209.062 21.4037 216.668
13.9285 153.076 19.8958 198.424 21.4037 216.668
21.4037 216.668 13.9285 153.076 9.52109 120.675
9.52109 120.675 13.9285 153.076 16.4076 169.962
16.4076 169.962 9.52109 120.675 8.25947 111.322
30.9161 232.913 41.0281 237.476 26.4057 239.423
26.4057 239.423 30.9161 232.913 30.9801 221.96
41.0281 237.476 26.4057 239.423 31.2577 247.529
47.5996 231.074 41.0281 237.476 31.2577 247.529
56.3422 223.158 47.5996 231.074 31.2577 247.529
66.4898 208.471 66.1649 222.19 56.3422 223.158
66.4898 208.471 56.3422 223.158 47.5996 231.074
71.6874 203.502 66.4898 208.471 66.1649 222.19
66.1649 222.19 71.6874 203.502 83.4415 198.165
37.2453 247.153 57.2524 226.529 56.3422 223.158
57.2524 226.529 52.838 239.549 48.8922 250.082
52.838 239.549 57.2524 226.529 66.1649 222.19
57.2524 226.529 56.3422 223.158 66.1649 222.19
71.6874 203.502 56.0902 207.487 48.0835 212.521
56.0902 207.487 71.6874 203.502 83.4415 198.165
47.8624 216.712 66.4898 208.471 71.6874 203.502
40.3948 228.962 30.9161 232.913 41.0281 237.476
38.8207 220.024 40.3948 228.962 30.9161 232.913
40.2003 212.639 38.8207 220.024 30.9161 232.913
53.5686 201.044 40.2003 212.639 38.8207 220.024
57.9711 197.546 53.5686 201.044 38.8207 220.024
62.4877 187.019 76.2069 190.893 71.6612 190.96
62.4877 187.019 71.6612 190.96 57.9711 197.546
62.4877 187.019 57.9711 197.546 53.5686 201.044
60.3922 183.899 62.4877 187.019 53.5686 201.044
62.4877 187.019 60.3922 183.899 68.3128 180.11
49.2619 190.354 60.3922 183.899 50.7272 178.714
60.3922 183.899 68.3128 180.11 50.7272 178.714
68.3128 180.11 82.1557 179.06 50.7272 178.714
37.4234 200.732 53.5686 201.044 40.2003 212.639
33.4856 193.631 37.4234 200.732 40.2003 212.639
37.4234 200.732 33.4856 193.631 38.6956 188.871
33.4856 193.631 27.4773 196.077 26.8483 206.7
38.6956 188.871 33.4856 193.631 27.4773 196.077
36.5726 183.873 38.6956 188.871 27.4773 196.077
38.6956 188.871 36.5726 183.873 51.4846 171.793
48.8922 250.082 52.838 239.549 62.6911 237.483
12.0343 252.02 20.417 252.807 8.71585 263.709
12.0343 252.02 8.71585 263.709 6.57805 267.099
7.20296 238.232 12.0343 252.02 20.417 252.807
20.417 252.807 7.20296 238.232 -0.569896 227.681
7.51268 186.769 20.2051 228.702 21.621 236.577
20.2051 228.702 7.51268 186.769 6.15826 181.484
7.51268 186.769 9.14037 203.089 11.3065 210.805
6.15826 181.484 7.51268 186.769 9.14037 203.089
0.051436 136.624 2.66744 153.743 6.15826 181.484
-2.84921 118.612 0.051436 136.624 6.15826 181.484
-2.84921 118.612 6.15826 181.484 9.14037 203.089
0.051436 136.624 -2.84921 118.612 -1.40498 113.229
11.3065 210.805 8.00629 219.777 6.21918 227.271
9.14037 203.089 11.3065 210.805 8.00629 219.777
0.354569 197.613 9.14037 203.089 8.00629 219.777
-2.47997 192.552 0.354569 197.613 9.14037 203.089
9.14037 203.089 -2.47997 192.552 -2.23064 181.035
-2.23064 181.035 -2.47997 192.552 -3.5718 242.672
-3.5718 242.672 -2.23064 181.035 -2.49253 157.713
-2.23064 181.035 0.582444 171.401 -2.49253 157.713
-1.65095 220.387 -1.16734 250.185 -0.990566 262.801
-1.80273 212.925 -1.65095 220.387 -0.990566 262.801
-0.990566 262.801 -1.80273 212.925 -2.47997 192.552
-1.80273 212.925 0.354569 197.613 -2.47997 192.552
17.0066 186.173 21.4037 216.668 20.2051 228.702
13.1174 169.53 17.0066 186.173 20.2051 228.702
11.3794 157.115 13.1174 169.53 20.2051 228.702
2.65347 93.6856 11.3794 157.115 20.2051 228.702
11.3794 157.115 2.65347 93.6856 -3.48031 40.5973
2.65347 93.6856 -2.23989 69.2339 -3.48031 40.5973
6.91033 132.603 2.65347 93.6856 -2.23989 69.2339
-2.47452 76.3046 -0.414894 96.998 2.28607 128.692
-2.23989 69.2339 -2.47452 76.3046 -0.414894 96.998
-2.47452 76.3046 -2.23989 69.2339 -3.48031 40.5973
21.4037 216.668 17.0066 186.173 11.2627 140.137
-3.3968 11.9035 -0.263805 17.1553 7.71654 18.0555
20.3395 9.2006 -3.3968 11.9035 7.71654 18.0555
10.023 9.18016 20.3395 9.2006 -3.3968 11.9035
-0.273306 -0.185046 10.023 9.18016 -3.3968 11.9035
10.023 9.18016 -0.273306 -0.185046 11.6527 -0.983553
-0.782179 51.6208 -0.263805 17.1553 -3.3968 11.9035
18.9664 40.4664 29.588 42.5379 16.8442 46.266
23.6725 26.8407 18.9664 40.4664 16.8442 46.266
16.8442 46.266 23.6725 26.8407 29.681 8.97044
18.9664 40.4664 27.4418 29.7931 32.0724 21.2144
27.4418 29.7931 18.9664 40.4664 29.588 42.5379
37.3708 22.5111 27.4418 29.7931 29.588 42.5379
29.588 42.5379 37.3708 22.5111 42.7088 13.6618
