-10.9456 13.0947 -17.1698 19.4651 -14.4017 21.803
-17.1698 19.4651 -10.9456 13.0947 -13.9689 11.6441
6.34813 44.1758 8.1537 47.0787 8.30065 48.659
1.28457 36.405 5.53674 42.104 6.34813 44.1758
1.28457 36.405 6.34813 44.1758 8.30065 48.659
-1.55735 34.0996 1.28457 36.405 8.30065 48.659
-5.38663 30.5141 -7.19892 32.1508 -1.55735 34.0996
-5.38663 30.5141 -1.55735 34.0996 1.28457 36.405
-10.9456 13.0947 -5.38663 30.5141 -7.19892 32.1508
-11.1125 11.429 -13.9689 11.6441 -10.9456 13.0947
-11.1125 11.429 -10.9456 13.0947 -5.38663 30.5141
-12.3654 8.02925 -11.1125 11.429 -13.9689 11.6441
-0.545396 4.79393 -2.33735 4.89692 -5.46679 4.92233
-9.51801 4.73109 -0.545396 4.79393 -5.46679 4.92233
-9.51801 4.73109 -5.46679 4.92233 -12.3654 8.02925
-7.64226 -1.90061 -9.51801 4.73109 -12.3654 8.02925
-13.9689 11.6441 -12.3654 8.02925 -4.21467 -12.1878
-12.3654 8.02925 -7.64226 -1.90061 -4.21467 -12.1878
-7.64226 -1.90061 -5.12588 -5.76123 -4.21467 -12.1878
-4.81877 38.5406 -9.39193 41.5535 -12.5422 45.0554
-3.30686 34.4599 -4.81877 38.5406 -9.39193 41.5535
-9.39193 41.5535 -3.30686 34.4599 -7.19892 32.1508
-3.30686 34.4599 -1.55735 34.0996 -7.19892 32.1508
-4.81877 38.5406 -5.85393 44.8033 -6.69631 48.1542
-5.85393 44.8033 -4.81877 38.5406 -3.30686 34.4599
-3.30686 34.4599 2.74273 45.3796 1.80067 46.8235
2.74273 45.3796 -3.30686 34.4599 -1.55735 34.0996
-10.4078 8.74313 14.8348 22.6389 34.6534 33.5088
-12.3654 8.02925 -10.4078 8.74313 14.8348 22.6389
-10.4078 8.74313 -12.3654 8.02925 -5.46679 4.92233
3.41263 10.4049 0.217842 11.6117 2.16857 12.9529
3.5516 10.3999 3.41263 10.4049 2.16857 12.9529
-5.46679 4.92233 3.5516 10.3999 3.41263 10.4049
3.5516 10.3999 -5.46679 4.92233 -2.33735 4.89692
16.2527 18.6716 -1.86157 5.14776 -2.33735 4.89692
5.40138 5.35125 2.03935 5.91068 7.4119 9.35093
5.40138 5.35125 7.4119 9.35093 9.99635 12.3463
-1.86157 5.14776 5.40138 5.35125 2.03935 5.91068
-2.33735 4.89692 -1.86157 5.14776 5.40138 5.35125
5.40138 5.35125 -2.33735 4.89692 -0.545396 4.79393
4.8502 2.86718 10.8994 8.07794 30.2657 24.1823
0.406822 -1.03715 4.8502 2.86718 30.2657 24.1823
4.8502 2.86718 0.406822 -1.03715 -5.12588 -5.76123
40.541 25.9724 38.9539 29.7787 37.7149 30.0893
39.9242 24.2598 40.541 25.9724 37.7149 30.0893
38.065 23.8684 39.9242 24.2598 37.7149 30.0893
35.2705 23.1729 38.065 23.8684 39.9242 24.2598
35.1681 21.1909 35.2705 23.1729 39.9242 24.2598
32.7454 20.8364 35.1681 21.1909 35.2705 23.1729
26.5951 16.0914 32.7592 19.1351 32.7454 20.8364
26.5951 16.0914 32.7454 20.8364 35.2705 23.1729
20.0385 12.215 23.8762 12.8335 26.5951 16.0914
20.0385 12.215 26.5951 16.0914 35.2705 23.1729
12.4886 6.95692 20.0385 12.215 35.2705 23.1729
2.76779 -0.101783 12.4886 6.95692 20.0385 12.215
0.406822 -1.03715 2.76779 -0.101783 12.4886 6.95692
-5.12588 -5.76123 0.406822 -1.03715 2.76779 -0.101783
-4.21467 -12.1878 -5.12588 -5.76123 2.76779 -0.101783
-9.76934 -19.9664 -11.2224 -19.7003 -4.21467 -12.1878
-9.59305 -22.1488 -9.76934 -19.9664 -4.21467 -12.1878
-9.59305 -22.1488 -4.21467 -12.1878 2.76779 -0.101783
-11.1833 -37.5398 -9.59305 -22.1488 -9.76934 -19.9664
-14.0363 -44.6739 -10.5125 -38.9151 -11.1833 -37.5398
-14.0363 -44.6739 -11.1833 -37.5398 -9.76934 -19.9664
-10.5125 -38.9151 -14.0363 -44.6739 -13.7932 -47.8278
10.8994 8.07794 22.296 21.1763 25.8934 27.3284
25.8934 27.3284 10.8994 8.07794 4.8502 2.86718
35.0505 35.5004 35.4851 26.4806 35.2705 23.1729
35.4851 26.4806 38.065 23.8684 35.2705 23.1729
-20.5165 18.2199 -17.1698 19.4651 -14.4017 21.803
-34.8176 11.8538 -20.5165 18.2199 -14.4017 21.803
-20.5165 18.2199 -34.8176 11.8538 -38.6066 9.74628
-43.1756 13.5325 -40.4085 15.9183 -36.3673 18.1227
-39.4459 12.5562 -43.1756 13.5325 -36.3673 18.1227
-39.4459 12.5562 -36.3673 18.1227 -30.5122 27.2295
-38.6066 9.74628 -34.8176 11.8538 -39.4459 12.5562
-38.6066 9.74628 -39.4459 12.5562 -43.1756 13.5325
-38.4036 9.21959 -38.6066 9.74628 -43.1756 13.5325
-37.5338 7.04357 -38.4036 9.21959 -38.6066 9.74628
-38.6066 9.74628 -37.5338 7.04357 -33.8649 5.80226
-40.4085 15.9183 -37.3454 21.2301 -31.4004 31.0724
-37.3454 21.2301 -40.4085 15.9183 -43.1756 13.5325
-26.5882 33.8386 -21.055 40.5819 -22.1768 42.6659
-29.7654 30.261 -35.3364 33.6746 -26.5882 33.8386
-32.4103 25.6384 -29.7654 30.261 -26.5882 33.8386
-32.4103 25.6384 -26.5882 33.8386 -21.055 40.5819
-29.7654 30.261 -32.4103 25.6384 -40.4085 15.9183
-32.4103 25.6384 -36.3673 18.1227 -40.4085 15.9183
-22.6437 25.7724 -24.5174 26.2045 -27.5677 31.6039
-27.6584 23.3389 -22.6437 25.7724 -24.5174 26.2045
-28.9859 21.2384 -27.6584 23.3389 -22.6437 25.7724
-29.937 20.5865 -28.9859 21.2384 -27.6584 23.3389
-30.5388 17.4095 -29.4556 20.09 -29.937 20.5865
-39.4459 12.5562 -30.5388 17.4095 -29.937 20.5865
-39.4459 12.5562 -29.937 20.5865 -27.6584 23.3389
-30.5388 17.4095 -39.4459 12.5562 -34.8176 11.8538
-16.311 22.0832 -28.9859 21.2384 -29.937 20.5865
-20.7309 16.3062 -20.5165 18.2199 -17.1698 19.4651
-29.0213 9.90855 -23.9883 13.9149 -20.7309 16.3062
-17.1698 19.4651 -20.7309 16.3062 -30.1591 6.30181
-20.7309 16.3062 -29.0213 9.90855 -30.1591 6.30181
-24.7306 -33.5875 -16.3139 -27.7811 -11.2224 -19.7003
-24.7306 -33.5875 -11.2224 -19.7003 -4.21467 -12.1878
-16.3139 -27.7811 -24.7306 -33.5875 -24.6325 -34.1209
-24.6325 -34.1209 -24.7306 -33.5875 -28.7189 -26.0277
-25.3958 -35.6425 -24.6325 -34.1209 -28.7189 -26.0277
-24.6325 -34.1209 -25.3958 -35.6425 -23.479 -36.8172
-38.8555 -14.4667 -42.9881 -6.90995 -43.0533 -6.67604
-38.0658 -19.198 -41.8384 -15.0851 -38.8555 -14.4667
-33.5325 -23.1766 -38.0658 -19.198 -38.8555 -14.4667
-33.5325 -23.1766 -38.8555 -14.4667 -43.0533 -6.67604
-29.9795 -29.6258 -33.5325 -23.1766 -38.0658 -19.198
-25.3958 -35.6425 -29.9795 -29.6258 -38.0658 -19.198
-25.9756 -38.7523 -23.479 -36.8172 -25.3958 -35.6425
-25.9756 -38.7523 -25.3958 -35.6425 -38.0658 -19.198
-24.7363 -41.5018 -25.9756 -38.7523 -38.0658 -19.198
-25.9756 -38.7523 -24.7363 -41.5018 -21.4572 -44.8276
-39.446 -27.4842 -41.2083 -27.3649 -41.6866 -25.1521
-24.7363 -41.5018 -39.446 -27.4842 -41.6866 -25.1521
-39.446 -27.4842 -24.7363 -41.5018 -21.4572 -44.8276
-35.9685 -13.2791 -36.2172 -9.47359 -38.3567 -4.4582
-33.5325 -23.1766 -35.9685 -13.2791 -38.3567 -4.4582
-35.9685 -13.2791 -33.5325 -23.1766 -29.9795 -29.6258
-36.2172 -9.47359 -29.0012 -21.5455 -27.0879 -25.5638
-37.7778 -2.25726 -39.8289 4.78887 -40.0418 5.44007
-37.9145 -3.78332 -37.7778 -2.25726 -40.0418 5.44007
-38.3567 -4.4582 -37.9145 -3.78332 -40.0418 5.44007
-36.2172 -9.47359 -38.3567 -4.4582 -37.9145 -3.78332
-29.0012 -21.5455 -36.2172 -9.47359 -37.9145 -3.78332
-37.9145 -3.78332 -29.0012 -21.5455 -23.9144 -28.9876
-27.2812 -19.639 -37.9145 -3.78332 -37.7778 -2.25726
-37.7778 -2.25726 -27.2812 -19.639 -22.1438 -27.2617
-27.2812 -19.639 -26.6359 -21.5728 -22.1438 -27.2617
-36.8065 -3.21316 -37.7778 -2.25726 -39.8289 4.78887
-33.5837 -7.16389 -36.8065 -3.21316 -37.7778 -2.25726
-28.8189 -14.1762 -25.2455 -13.7415 -29.7828 -10.3676
-28.8189 -14.1762 -29.7828 -10.3676 -33.5837 -7.16389
-28.8189 -14.1762 -33.5837 -7.16389 -37.7778 -2.25726
-17.0782 -17.6614 -28.8189 -14.1762 -25.2455 -13.7415
-28.8189 -14.1762 -17.0782 -17.6614 -17.9617 -17.6865
-29.5806 -3.28367 -33.5837 -7.16389 -29.7828 -10.3676
-16.896 -13.4479 -19.6172 -12.6948 -15.2857 -12.0748
-17.0782 -17.6614 -16.896 -13.4479 -19.6172 -12.6948
-16.896 -13.4479 -17.0782 -17.6614 -12.579 -18.4827
-17.0782 -17.6614 -17.9617 -17.6865 -12.579 -18.4827
-23.0881 3.12784 -39.8289 4.78887 -40.0418 5.44007
-26.7698 0.929375 -23.0881 3.12784 -39.8289 4.78887
-23.0576 -1.58149 -26.7698 0.929375 -39.8289 4.78887
-15.3131 -3.14905 -26.6269 -1.58603 -23.0576 -1.58149
-15.3131 -3.14905 -23.0576 -1.58149 -26.7698 0.929375
-10.0775 -5.36255 -15.3131 -3.14905 -26.6269 -1.58603
-11.7308 -7.03553 -10.0775 -5.36255 -26.6269 -1.58603
-15.2701 -7.64608 -11.7308 -7.03553 -26.6269 -1.58603
-11.7308 -7.03553 -15.2701 -7.64608 -6.74747 -10.6779
-12.0059 4.75393 -13.6881 5.71322 -19.3018 6.75638
-23.0881 3.12784 -12.0059 4.75393 -19.3018 6.75638
-12.0059 4.75393 -23.0881 3.12784 -26.7698 0.929375
-13.6881 5.71322 -15.1776 11.5268 -17.018 12.0268
-15.1776 11.5268 -13.6881 5.71322 -12.0059 4.75393
-11.515 -3.04822 -12.1855 0.448886 -12.8538 2.57902
-12.1855 0.448886 -11.515 -3.04822 -10.0775 -5.36255
-11.515 -3.04822 -15.3131 -3.14905 -10.0775 -5.36255
-8.57684 -4.93254 -10.0775 -5.36255 -11.7308 -7.03553
-23.0576 -1.58149 -30.6331 -0.995045 -34.0188 1.19379
-26.6269 -1.58603 -23.0576 -1.58149 -30.6331 -0.995045
-22.1994 -5.06542 -26.6269 -1.58603 -30.6331 -0.995045
-26.6269 -1.58603 -22.1994 -5.06542 -11.2504 -12.7882
-12.8538 2.57902 -12.1855 0.448886 -9.99103 -3.70926
-45.6079 -8.7588 -46.7473 -0.671672 -45.1291 0.843316
-45.6419 -9.56639 -45.6079 -8.7588 -46.7473 -0.671672
-42.9275 -10.3501 -45.6419 -9.56639 -45.6079 -8.7588
-38.8555 -14.4667 -42.9275 -10.3501 -45.6419 -9.56639
-41.8384 -15.0851 -38.8555 -14.4667 -45.6419 -9.56639
-34.8329 -27.2663 -41.8384 -15.0851 -45.6419 -9.56639
-45.6419 -9.56639 -34.8329 -27.2663 -34.9834 -28.2642
-45.0953 -21.4273 -41.2484 -20.2852 -43.9647 -16.4637
-43.3442 -24.4205 -45.0953 -21.4273 -41.2484 -20.2852
-41.6866 -25.1521 -43.3442 -24.4205 -41.2484 -20.2852
-41.2083 -27.3649 -41.6866 -25.1521 -43.3442 -24.4205
-38.5022 -31.5302 -41.2083 -27.3649 -43.3442 -24.4205
-41.2083 -27.3649 -38.5022 -31.5302 -32.5934 -37.5238
-23.479 -36.8172 -25.9756 -38.7523 -21.4037 -39.2624
-11.2224 -19.7003 -16.3139 -27.7811 -15.9796 -28.3413
-12.6595 -25.6542 -9.76934 -19.9664 -11.2224 -19.7003
-17.56 -39.7373 -12.6595 -25.6542 -11.2224 -19.7003
-12.6595 -25.6542 -17.56 -39.7373 -18.164 -44.4145
-11.1833 -37.5398 -10.0853 -34.5228 -3.42666 -19.21
-10.5125 -38.9151 -11.1833 -37.5398 -3.42666 -19.21
-9.85763 -39.3264 -10.5125 -38.9151 -3.42666 -19.21
-10.5125 -38.9151 -9.85763 -39.3264 -4.90676 -43.2268
12.6343 4.02861 20.0385 12.215 23.8762 12.8335
20.0385 12.215 12.6343 4.02861 0.225524 -7.59224
26.5951 16.0914 23.8762 12.8335 9.78534 -7.31271
27.056 13.0479 31.8451 13.5355 26.5951 16.0914
27.7241 10.794 27.056 13.0479 31.8451 13.5355
21.2196 -5.44165 27.7241 10.794 27.056 13.0479
20.172 -7.58233 21.2196 -5.44165 27.056 13.0479
19.3367 -17.9874 20.172 -7.58233 21.2196 -5.44165
18.2324 -21.7011 19.3367 -17.9874 20.172 -7.58233
17.6087 -26.3837 18.2324 -21.7011 19.3367 -17.9874
19.3367 -17.9874 17.6087 -26.3837 15.3184 -37.7364
22.6513 -30.0203 24.0916 -24.6968 23.9173 -24.0823
20.9852 -31.0888 22.6513 -30.0203 23.9173 -24.0823
15.3184 -37.7364 20.9852 -31.0888 23.9173 -24.0823
20.9852 -31.0888 15.3184 -37.7364 13.2155 -41.6861
19.0898 -8.94764 15.9557 -5.34263 19.5362 -0.67237
15.9778 -15.3294 19.0898 -8.94764 15.9557 -5.34263
16.2285 -20.2746 15.9778 -15.3294 19.0898 -8.94764
17.7067 -24.893 16.2285 -20.2746 19.0898 -8.94764
17.6087 -26.3837 17.7067 -24.893 19.0898 -8.94764
15.3184 -37.7364 17.6087 -26.3837 17.7067 -24.893
17.7067 -24.893 15.3184 -37.7364 13.2155 -41.6861
16.2285 -20.2746 9.9718 -19.7235 12.9457 -19.601
9.9718 -19.7235 16.2285 -20.2746 17.7067 -24.893
31.8451 13.5355 26.5951 16.0914 32.7592 19.1351
31.8166 12.3482 31.8451 13.5355 32.7592 19.1351
27.9742 -3.93913 31.8166 12.3482 31.8451 13.5355
26.6898 -5.73329 27.9742 -3.93913 31.8451 13.5355
27.1435 -6.92788 26.6898 -5.73329 27.9742 -3.93913
28.4991 -7.81585 27.1435 -6.92788 27.9742 -3.93913
27.9742 -3.93913 28.4991 -7.81585 35.7083 -12.4566
26.6898 -5.73329 25.0522 -0.235601 24.3162 0.494222
24.3162 0.494222 26.6898 -5.73329 27.1435 -6.92788
12.9457 -19.601 7.96332 -19.053 8.82386 -18.7988
9.9718 -19.7235 12.9457 -19.601 7.96332 -19.053
10.0354 -21.3184 9.9718 -19.7235 7.96332 -19.053
7.96332 -19.053 10.0354 -21.3184 -3.49071 -26.8928
15.0071 -17.1827 7.0051 -7.69213 5.59357 -4.53507
13.932 -17.2195 15.0071 -17.1827 7.0051 -7.69213
8.82386 -18.7988 13.932 -17.2195 15.0071 -17.1827
7.96332 -19.053 8.82386 -18.7988 13.932 -17.2195
13.932 -17.2195 7.96332 -19.053 -1.76929 -19.8846
8.78166 -26.1257 10.793 -24.3166 10.0354 -21.3184
4.81649 -29.2468 8.78166 -26.1257 10.0354 -21.3184
1.76591 -29.846 4.81649 -29.2468 10.0354 -21.3184
10.0354 -21.3184 1.76591 -29.846 -5.68727 -36.5143
10.793 -24.3166 10.0354 -21.3184 9.9718 -19.7235
9.9718 -19.7235 10.793 -24.3166 15.537 -27.0105
4.02126 -30.7994 4.81649 -29.2468 8.78166 -26.1257
-0.289843 -37.2484 4.02126 -30.7994 4.81649 -29.2468
-1.39585 -37.8441 -0.289843 -37.2484 4.81649 -29.2468
-0.289843 -37.2484 -1.39585 -37.8441 12.0546 -39.6571
10.793 -24.3166 8.78166 -26.1257 10.0515 -35.456
20.6559 -39.9847 22.6513 -30.0203 24.0916 -24.6968
22.6513 -30.0203 20.6559 -39.9847 17.9328 -43.9296
17.9328 -43.9296 15.9054 -43.4276 4.13431 -40.2346
15.9054 -43.4276 17.9328 -43.9296 17.7837 -45.4307
17.7837 -45.4307 17.9328 -43.9296 20.6559 -39.9847
19.1073 -45.6466 17.7837 -45.4307 20.6559 -39.9847
19.1073 -45.6466 20.6559 -39.9847 25.135 -25.9351
17.7837 -45.4307 19.1073 -45.6466 -7.92861 -48.058
24.0916 -24.6968 23.9173 -24.0823 25.1259 -17.3081
25.1259 -17.3081 24.0916 -24.6968 24.7855 -25.2984
28.0749 -9.35294 28.4991 -7.81585 27.1435 -6.92788
23.5355 -12.1972 28.0749 -9.35294 27.1435 -6.92788
28.0749 -9.35294 23.5355 -12.1972 22.7053 -14.3675
22.7369 -6.50226 23.5355 -12.1972 22.7053 -14.3675
30.3704 -15.5555 28.0749 -9.35294 28.4991 -7.81585
30.0813 -18.2132 30.3704 -15.5555 28.0749 -9.35294
29.4736 -24.3917 30.0813 -18.2132 30.3704 -15.5555
32.0239 -25.3437 29.4736 -24.3917 30.3704 -15.5555
29.4736 -24.3917 32.0239 -25.3437 31.2946 -25.7293
28.0146 -38.0854 29.4736 -24.3917 30.0813 -18.2132
27.8866 -38.5932 28.0146 -38.0854 30.0813 -18.2132
25.8947 -41.1414 27.8866 -38.5932 30.0813 -18.2132
27.8866 -38.5932 25.8947 -41.1414 25.5185 -42.5319
25.8947 -41.1414 22.2826 -41.7622 25.5185 -42.5319
28.0146 -38.0854 37.4363 -11.2978 39.4194 -5.05474
37.4363 -11.2978 28.0146 -38.0854 27.8866 -38.5932
33.4 -24.4055 37.4363 -11.2978 39.4194 -5.05474
31.9518 -31.133 33.4 -24.4055 39.4194 -5.05474
33.4 -24.4055 31.9518 -31.133 29.2734 -39.7485
34.8947 -24.1348 35.8531 -20.8877 41.2809 -7.49868
31.9518 -31.133 37.0139 -28.5608 34.8947 -24.1348
31.9518 -31.133 34.8947 -24.1348 35.8531 -20.8877
37.0139 -28.5608 31.9518 -31.133 29.2734 -39.7485
41.5441 -12.6888 42.2609 -9.01487 45.846 -3.12789
38.4629 -20.2266 41.5441 -12.6888 45.846 -3.12789
34.8947 -24.1348 38.1123 -21.42 38.4629 -20.2266
34.8947 -24.1348 38.4629 -20.2266 41.5441 -12.6888
38.1123 -21.42 34.8947 -24.1348 37.0139 -28.5608
49.49 -2.62717 38.4629 -20.2266 38.1123 -21.42
37.0369 4.39954 32.7592 19.1351 32.7454 20.8364
35.86 2.62472 37.0369 4.39954 32.7592 19.1351
42.1762 1.66842 35.86 2.62472 37.0369 4.39954
35.86 2.62472 42.1762 1.66842 42.6082 -1.16557
42.6082 -1.16557 42.1762 1.66842 45.8383 3.37875
45.8383 3.37875 42.6082 -1.16557 38.9599 -8.22732
44.598 20.3471 32.7454 20.8364 35.1681 21.1909
39.8042 19.9081 44.598 20.3471 32.7454 20.8364
41.0366 17.7282 39.8042 19.9081 32.7454 20.8364
37.5714 16.0388 41.0366 17.7282 32.7454 20.8364
32.7454 20.8364 37.5714 16.0388 39.2266 11.4996
34.6534 33.5088 14.8348 22.6389 5.45653 17.9598
-2.62768 28.7444 1.28457 36.405 5.53674 42.104
-2.75389 28.6103 -2.62768 28.7444 1.28457 36.405
-2.62768 28.7444 -2.75389 28.6103 -3.66046 26.041
4.83198 38.1381 5.53674 42.104 6.34813 44.1758
15.8086 36.6544 13.5262 37.0436 4.83198 38.1381
6.33059 36.4964 15.8086 36.6544 4.83198 38.1381
4.32107 34.0798 6.33059 36.4964 4.83198 38.1381
2.53724 33.0555 4.32107 34.0798 4.83198 38.1381
2.53724 33.0555 4.83198 38.1381 5.53674 42.104
-4.74359 19.5408 2.53724 33.0555 5.53674 42.104
2.53724 33.0555 -4.74359 19.5408 -9.27212 10.5792
1.12433 26.3394 2.53724 33.0555 4.32107 34.0798
2.53724 33.0555 1.12433 26.3394 -4.00135 12.9259
1.12433 26.3394 0.543642 21.9335 -4.00135 12.9259
2.50831 18.5366 0.543642 21.9335 1.12433 26.3394
0.543642 21.9335 2.50831 18.5366 -0.158918 17.4082
2.50831 18.5366 5.02895 23.1513 8.52691 26.0716
8.52691 26.0716 2.50831 18.5366 0.867418 16.2617
2.50831 18.5366 -0.158918 17.4082 0.867418 16.2617
8.95219 31.1993 4.32107 34.0798 6.33059 36.4964
4.32107 34.0798 8.95219 31.1993 13.4895 27.4587
11.0198 35.3254 10.2263 36.1466 6.33059 36.4964
19.0409 28.4156 11.0198 35.3254 10.2263 36.1466
18.376 28.404 19.0409 28.4156 11.0198 35.3254
19.0409 28.4156 18.376 28.404 13.103 25.0845
10.2263 36.1466 6.33059 36.4964 15.8086 36.6544
14.15 35.3216 10.2263 36.1466 15.8086 36.6544
25.9027 34.7386 14.15 35.3216 15.8086 36.6544
14.15 35.3216 25.9027 34.7386 26.8032 32.6139
10.2263 36.1466 14.15 35.3216 20.6336 31.5736
8.1537 47.0787 10.053 45.7291 18.0503 38.1703
10.053 45.7291 8.1537 47.0787 8.30065 48.659
8.30065 48.659 10.053 45.7291 13.6788 43.314
-6.69631 48.1542 -5.85393 44.8033 -2.42744 41.9224
-12.5422 45.0554 -12.1292 48.199 -8.26205 49.0539
-12.9183 41.0202 -9.39193 41.5535 -12.5422 45.0554
-15.3485 29.385 -12.9183 41.0202 -12.5422 45.0554
-15.3485 29.385 -12.5422 45.0554 -12.1292 48.199
-12.9183 41.0202 -15.3485 29.385 -15.7243 25.115
-15.7243 25.115 -15.3485 29.385 -17.008 32.1892
-17.008 32.1892 -15.7243 25.115 -19.8941 22.1778
-11.7131 38.353 -12.9183 41.0202 -9.39193 41.5535
-12.1155 29.3458 -11.7131 38.353 -12.9183 41.0202
-11.7131 38.353 -12.1155 29.3458 -12.5297 17.7619
-29.4556 20.09 -30.5388 17.4095 -30.5303 16.6228
-21.055 40.5819 -22.1768 42.6659 -17.2801 45.9313
-20.5734 39.4839 -21.055 40.5819 -17.2801 45.9313
-22.9483 34.5169 -20.5734 39.4839 -21.055 40.5819
-23.1673 32.2353 -22.9483 34.5169 -20.5734 39.4839
-20.5734 39.4839 -23.1673 32.2353 -20.1635 29.2339
-23.1673 32.2353 -24.2068 31.4797 -20.1635 29.2339
-24.3873 33.8447 -23.1673 32.2353 -24.2068 31.4797
-17.2801 45.9313 -22.1768 42.6659 -23.052 42.5573
-20.7309 16.3062 -23.9883 13.9149 -32.1018 12.0285
