321.983 46.1558 300.017 48.0151 273.19 50.5027
322.598 42.7303 321.983 46.1558 300.017 48.0151
313.048 36.5963 322.598 42.7303 300.017 48.0151
299.949 32.7908 296.647 36.566 313.048 36.5963
310.545 32.6261 299.949 32.7908 313.048 36.5963
310.545 32.6261 313.048 36.5963 322.598 42.7303
310.883 18.0347 310.545 32.6261 299.949 32.7908
309.477 12.8492 316.736 16.7341 310.883 18.0347
309.477 12.8492 310.883 18.0347 299.949 32.7908
303.372 10.2901 309.477 12.8492 299.949 32.7908
309.477 12.8492 303.372 10.2901 313.226 0.0377769
163.033 71.8531 133.19 72.2857 137.467 73.3699
186.343 71.3304 163.033 71.8531 133.19 72.2857
153.917 70.8159 186.343 71.3304 133.19 72.2857
239.902 69.5256 220.74 70.4715 153.917 70.8159
207.48 68.5502 239.902 69.5256 153.917 70.8159
198.369 67.2156 207.48 68.5502 153.917 70.8159
198.369 67.2156 153.917 70.8159 133.19 72.2857
231.161 61.3848 198.369 67.2156 207.48 68.5502
273.19 50.5027 251.92 53.7944 231.161 61.3848
273.19 50.5027 231.161 61.3848 207.48 68.5502
287.192 46.1539 300.017 48.0151 273.19 50.5027
287.192 46.1539 273.19 50.5027 251.92 53.7944
300.017 48.0151 287.192 46.1539 288.37 42.2835
39.6734 87.4644 21.6285 87.5751 28.5191 87.6344
39.6734 87.4644 28.5191 87.6344 99.8557 89.3199
87.3847 86.6081 39.6734 87.4644 21.6285 87.5751
83.7537 83.9082 87.3847 86.6081 21.6285 87.5751
90.6468 82.2547 83.7537 83.9082 21.6285 87.5751
137.865 78.6062 69.6642 79.8062 97.0787 79.8109
137.865 78.6062 97.0787 79.8109 90.6468 82.2547
137.865 78.6062 90.6468 82.2547 83.7537 83.9082
147.745 77.6726 137.865 78.6062 83.7537 83.9082
168.309 71.9326 147.745 77.6726 137.865 78.6062
137.865 78.6062 168.309 71.9326 163.033 71.8531
273.73 79.6329 252.482 81.6945 182.219 88.8065
257.94 79.6011 273.73 79.6329 252.482 81.6945
233.61 78.3242 257.94 79.6011 252.482 81.6945
221.366 76.4361 198.199 77.3904 233.61 78.3242
221.366 76.4361 233.61 78.3242 257.94 79.6011
179.42 72.5419 221.366 76.4361 257.94 79.6011
168.309 71.9326 179.42 72.5419 221.366 76.4361
179.42 72.5419 168.309 71.9326 186.343 71.3304
168.309 71.9326 163.033 71.8531 186.343 71.3304
39.9014 83.6668 90.6468 82.2547 97.0787 79.8109
28.5191 87.6344 50.5086 89.1716 -0.578148 93.5757
-0.578148 93.5757 28.5191 87.6344 21.6285 87.5751
71.3729 89.2812 61.2752 89.941 8.6379 93.7879
50.5086 89.1716 71.3729 89.2812 61.2752 89.941
71.3729 89.2812 50.5086 89.1716 28.5191 87.6344
170.41 91.6053 139.873 91.8605 150.307 92.1024
202.657 89.6362 170.41 91.6053 139.873 91.8605
162.477 89.4045 202.657 89.6362 139.873 91.8605
192.962 83.8332 162.477 89.4045 139.873 91.8605
213.185 80.7093 192.962 83.8332 162.477 89.4045
233.61 78.3242 213.185 80.7093 162.477 89.4045
213.185 80.7093 233.61 78.3242 198.199 77.3904
276.654 76.393 309.001 81.5804 302.882 83.8346
309.001 81.5804 276.654 76.393 239.902 69.5256
276.654 76.393 250.204 72.8857 239.902 69.5256
250.204 72.8857 220.74 70.4715 239.902 69.5256
239.902 69.5256 271.707 73.0632 288.737 76.9681
226.601 67.3926 207.48 68.5502 239.902 69.5256
226.601 67.3926 239.902 69.5256 271.707 73.0632
241.49 61.8555 226.601 67.3926 207.48 68.5502
262.389 56.9955 253.687 59.7043 241.49 61.8555
262.389 56.9955 241.49 61.8555 207.48 68.5502
207.48 68.5502 262.389 56.9955 283.078 52.5167
262.389 56.9955 308.905 53.5988 283.078 52.5167
282.341 70.0947 253.687 59.7043 262.389 56.9955
288.737 76.9681 271.707 73.0632 262.485 70.5675
316.45 86.3816 307.509 92.6861 303.459 93.8066
293.349 86.0316 316.45 86.3816 303.459 93.8066
302.882 83.8346 293.349 86.0316 316.45 86.3816
309.001 81.5804 302.882 83.8346 316.45 86.3816
320.99 76.6704 309.001 81.5804 316.45 86.3816
323.244 70.1638 320.99 76.6704 309.001 81.5804
310.156 67.2247 323.244 70.1638 309.001 81.5804
300.055 63.1057 310.156 67.2247 323.244 70.1638
306.494 61.3702 291.172 62.9509 300.055 63.1057
306.494 61.3702 300.055 63.1057 323.244 70.1638
291.172 62.9509 306.494 61.3702 322.318 57.0595
310.156 67.2247 296.286 70.5426 287.742 73.7127
296.286 70.5426 310.156 67.2247 300.055 63.1057
256.811 90.9121 242.53 92.0637 209.244 92.5503
231.67 90.6729 256.811 90.9121 209.244 92.5503
267.835 88.5363 251.863 89.5984 231.67 90.6729
293.349 86.0316 267.835 88.5363 231.67 90.6729
209.244 92.5503 231.67 90.6729 302.882 83.8346
231.67 90.6729 293.349 86.0316 302.882 83.8346
291.172 62.9509 300.055 63.1057 273.705 63.5099
273.705 63.5099 291.172 62.9509 276.704 60.2183
242.53 92.0637 209.244 92.5503 188.492 93.9133
188.492 93.9133 242.53 92.0637 283.763 91.3173
273.73 79.6329 257.94 79.6011 242.562 76.7437
202.657 89.6362 162.477 89.4045 220.873 88.4868
150.307 92.1024 128.628 92.4161 82.9801 92.4169
139.873 91.8605 150.307 92.1024 82.9801 92.4169
111.784 91.1752 139.873 91.8605 82.9801 92.4169
82.9801 92.4169 111.784 91.1752 117.11 90.3605
180.313 83.1721 83.7537 83.9082 87.3847 86.6081
168.72 82.933 180.313 83.1721 83.7537 83.9082
180.313 83.1721 168.72 82.933 162.445 82.7607
97.0787 79.8109 48.7553 79.911 -0.518279 81.2682
69.6642 79.8062 97.0787 79.8109 48.7553 79.911
61.1538 77.8982 69.6642 79.8062 48.7553 79.911
48.7553 79.911 61.1538 77.8982 91.8306 72.5705
110.347 77.307 137.865 78.6062 69.6642 79.8062
122.139 76.8878 110.347 77.307 137.865 78.6062
130.137 76.7209 122.139 76.8878 137.865 78.6062
112.633 71.5318 130.137 76.7209 122.139 76.8878
130.137 76.7209 112.633 71.5318 123.992 68.9119
73.2763 72.0822 112.633 71.5318 123.992 68.9119
137.629 61.1689 133.587 61.4084 118.544 63.5191
172.472 56.7501 137.629 61.1689 133.587 61.4084
196.769 53.8549 178.001 56.6902 172.472 56.7501
216.755 50.7842 196.769 53.8549 172.472 56.7501
216.755 50.7842 172.472 56.7501 133.587 61.4084
232.639 47.9569 207.418 50.7156 216.755 50.7842
270.761 42.6618 232.639 47.9569 216.755 50.7842
270.761 42.6618 216.755 50.7842 196.769 53.8549
313.048 36.5963 270.761 42.6618 196.769 53.8549
296.647 36.566 313.048 36.5963 270.761 42.6618
278.284 36.1869 296.647 36.566 270.761 42.6618
279.9 33.3456 278.284 36.1869 296.647 36.566
258.593 30.8418 241.403 31.9353 279.9 33.3456
268.695 29.4267 258.593 30.8418 279.9 33.3456
268.695 29.4267 279.9 33.3456 296.647 36.566
243.868 21.0693 268.695 29.4267 296.647 36.566
226.834 12.0818 243.868 21.0693 296.647 36.566
243.868 21.0693 226.834 12.0818 212.174 8.43424
178.001 56.6902 158.904 60.2608 96.3505 68.2867
158.904 60.2608 178.001 56.6902 196.769 53.8549
226.834 12.0818 252.147 18.7412 260.066 22.2493
216.857 8.22211 212.174 8.43424 226.834 12.0818
216.857 8.22211 226.834 12.0818 252.147 18.7412
198.7 3.83566 216.857 8.22211 212.174 8.43424
212.174 8.43424 198.7 3.83566 189.62 2.74777
198.7 3.83566 210.473 3.99145 240.369 7.4586
210.473 3.99145 198.7 3.83566 189.62 2.74777
181.346 37.3272 201.214 37.865 191.771 38.145
218.771 33.4338 181.346 37.3272 201.214 37.865
241.403 31.9353 201.263 32.7684 218.771 33.4338
241.403 31.9353 218.771 33.4338 201.214 37.865
201.263 32.7684 241.403 31.9353 258.593 30.8418
171.668 46.5218 117.96 53.3112 110.217 53.4077
222.936 39.0923 171.668 46.5218 110.217 53.4077
279.9 33.3456 222.936 39.0923 171.668 46.5218
222.936 39.0923 279.9 33.3456 241.403 31.9353
51.9942 72.8833 172.472 56.7501 178.001 56.6902
190.066 57.436 158.904 60.2608 96.3505 68.2867
190.066 57.436 96.3505 68.2867 29.6007 76.2877
217.923 56.2987 196.008 57.2925 190.066 57.436
240.129 53.486 217.923 56.2987 190.066 57.436
158.904 60.2608 190.066 57.436 263.103 49.8276
190.066 57.436 240.129 53.486 263.103 49.8276
209.903 57.9353 190.066 57.436 196.008 57.2925
118.544 63.5191 133.587 61.4084 227.992 41.9255
247.768 41.8116 232.639 47.9569 207.418 50.7156
262.591 41.2967 247.768 41.8116 232.639 47.9569
247.768 41.8116 262.591 41.2967 239.617 40.4424
117.96 53.3112 171.668 46.5218 212.522 42.0159
182.18 32.4447 201.263 32.7684 218.771 33.4338
191.328 30.6455 182.18 32.4447 201.263 32.7684
229.72 30.5945 191.328 30.6455 201.263 32.7684
191.328 30.6455 229.72 30.5945 213.291 29.699
182.18 32.4447 191.328 30.6455 198.701 23.4748
249.056 27.9309 268.695 29.4267 258.593 30.8418
210.733 22.7329 249.056 27.9309 258.593 30.8418
178.744 16.2596 210.733 22.7329 249.056 27.9309
249.056 27.9309 178.744 16.2596 170.548 13.4085
60.611 66.0862 37.7062 72.0656 17.3121 78.3637
96.2503 58.2628 92.0702 61.0536 60.611 66.0862
103.167 53.0704 96.2503 58.2628 60.611 66.0862
103.167 53.0704 60.611 66.0862 37.7062 72.0656
142.094 26.9236 130.158 32.2693 103.167 53.0704
142.094 26.9236 103.167 53.0704 96.2503 58.2628
151.997 19.2874 142.094 26.9236 130.158 32.2693
170.548 13.4085 178.744 16.2596 158.951 16.725
160.891 10.977 182.148 13.082 170.548 13.4085
160.891 10.977 170.548 13.4085 158.951 16.725
160.891 10.977 158.951 16.725 151.997 19.2874
160.891 10.977 151.997 19.2874 130.158 32.2693
182.148 13.082 160.891 10.977 142.924 7.89508
41.9817 49.4343 33.3459 60.8345 23.6997 61.5999
41.9817 49.4343 23.6997 61.5999 11.6936 68.4896
51.5849 46.9845 21.1027 48.2344 41.9817 49.4343
51.5849 46.9845 41.9817 49.4343 33.3459 60.8345
73.0507 31.406 57.6923 39.492 51.5849 46.9845
73.0507 31.406 51.5849 46.9845 33.3459 60.8345
77.5659 29.0069 62.5825 29.3812 73.0507 31.406
77.5659 29.0069 73.0507 31.406 33.3459 60.8345
47.3649 28.2971 77.5659 29.0069 62.5825 29.3812
88.9185 23.5746 47.3649 28.2971 77.5659 29.0069
100.042 22.1409 88.9185 23.5746 77.5659 29.0069
108.643 20.0356 100.042 22.1409 77.5659 29.0069
146.447 13.1507 129.351 16.7669 123.272 17.0229
142.924 7.89508 160.891 10.977 146.447 13.1507
142.924 7.89508 146.447 13.1507 123.272 17.0229
142.924 7.89508 123.272 17.0229 108.643 20.0356
142.924 7.89508 108.643 20.0356 100.042 22.1409
170.705 -1.44401 162.845 1.71942 142.924 7.89508
170.705 -1.44401 142.924 7.89508 100.042 22.1409
162.845 1.71942 170.705 -1.44401 177.981 -2.79209
98.7952 13.687 78.6629 18.4233 72.9776 19.7074
113.132 10.7359 98.7952 13.687 78.6629 18.4233
121.079 8.75235 113.132 10.7359 98.7952 13.687
170.705 -1.44401 133.519 3.74734 121.079 8.75235
170.705 -1.44401 121.079 8.75235 113.132 10.7359
133.519 3.74734 170.705 -1.44401 177.981 -2.79209
121.079 8.75235 82.7172 12.105 58.6147 16.2793
82.7172 12.105 121.079 8.75235 133.519 3.74734
39.4308 29.5766 28.1215 31.0979 18.7977 31.5062
47.3649 28.2971 39.4308 29.5766 18.7977 31.5062
18.7977 31.5062 47.3649 28.2971 88.9185 23.5746
28.1215 31.0979 21.5271 36.1216 7.18952 39.7443
21.5271 36.1216 28.1215 31.0979 39.4308 29.5766
29.9203 38.137 9.18113 50.5075 -2.78184 60.2177
-2.78184 60.2177 29.9203 38.137 47.3649 28.2971
29.9203 38.137 39.4308 29.5766 47.3649 28.2971
31.1061 50.114 7.45853 62.0664 -1.31226 67.1489
41.9817 49.4343 31.1061 50.114 -1.31226 67.1489
31.1061 50.114 41.9817 49.4343 21.1027 48.2344
82.471 46.2708 59.5988 56.6833 10.1972 78.4939
107.038 38.0456 102.726 42.3246 82.471 46.2708
112.113 32.3711 107.038 38.0456 82.471 46.2708
112.113 32.3711 82.471 46.2708 10.1972 78.4939
117.33 29.8594 112.113 32.3711 107.038 38.0456
140.521 18.528 117.33 29.8594 107.038 38.0456
107.038 38.0456 140.521 18.528 160.891 10.977
140.521 18.528 146.447 13.1507 160.891 10.977
117.33 29.8594 101.11 32.1756 89.4142 37.3187
101.11 32.1756 117.33 29.8594 140.521 18.528
26.9619 70.1884 112.113 32.3711 117.33 29.8594
128.107 38.4032 142.094 26.9236 151.997 19.2874
149.82 36.2431 142.759 40.3497 133.055 46.3294
159.669 36.1015 149.82 36.2431 133.055 46.3294
161.413 30.3615 159.669 36.1015 149.82 36.2431
151.875 29.9829 172.753 30.0779 161.413 30.3615
151.875 29.9829 161.413 30.3615 149.82 36.2431
151.997 19.2874 151.875 29.9829 149.82 36.2431
151.875 29.9829 151.997 19.2874 158.951 16.725
168.932 36.1526 159.669 36.1015 161.413 30.3615
187.699 23.2567 168.478 18.6995 178.744 16.2596
168.478 18.6995 158.951 16.725 178.744 16.2596
138.492 53.0443 96.2503 58.2628 92.0702 61.0536
96.2503 58.2628 138.492 53.0443 149.103 50.9686
138.492 53.0443 113.709 60.2891 81.013 66.1864
113.709 60.2891 138.492 53.0443 149.103 50.9686
156.046 53.4284 113.709 60.2891 81.013 66.1864
193.097 47.0585 156.046 53.4284 113.709 60.2891
113.709 60.2891 193.097 47.0585 182.455 46.8163
149.619 56.3241 156.046 53.4284 193.097 47.0585
72.8415 59.9832 37.7062 72.0656 17.3121 78.3637
82.5666 56.4175 72.8415 59.9832 17.3121 78.3637
88.2547 53.2702 82.5666 56.4175 17.3121 78.3637
82.5666 56.4175 88.2547 53.2702 120.105 39.9116
33.3459 60.8345 23.6997 61.5999 39.3776 63.2559
47.817 60.2438 33.3459 60.8345 39.3776 63.2559
47.817 60.2438 39.3776 63.2559 20.0475 70.3159
60.8698 48.5575 47.817 60.2438 33.3459 60.8345
71.2802 43.6933 60.8698 48.5575 33.3459 60.8345
33.3459 60.8345 71.2802 43.6933 92.2745 33.159
71.2802 43.6933 60.8698 48.5575 67.5863 50.1261
67.5863 50.1261 71.2802 43.6933 82.6911 41.5684
37.6888 43.4579 51.5849 46.9845 21.1027 48.2344
21.1027 48.2344 37.6888 43.4579 46.7296 38.8604
88.9185 23.5746 100.042 22.1409 129.971 10.6806
72.9776 19.7074 78.6629 18.4233 148.759 3.46737
13.8008 28.5776 0.719836 32.8139 0.140738 38.208
29.636 23.1402 13.8008 28.5776 0.719836 32.8139
48.6053 22.8186 29.636 23.1402 13.8008 28.5776
43.3529 20.3692 48.6053 22.8186 29.636 23.1402
58.6147 16.2793 43.3529 20.3692 29.636 23.1402
70.7374 10.9709 82.7172 12.105 58.6147 16.2793
70.7374 10.9709 58.6147 16.2793 29.636 23.1402
86.0331 7.89426 70.7374 10.9709 82.7172 12.105
92.9306 3.74296 86.0331 7.89426 82.7172 12.105
86.0331 7.89426 92.9306 3.74296 101.053 -1.55408
59.1042 13.2405 70.7374 10.9709 86.0331 7.89426
1.15092 17.5361 0.719836 32.8139 0.140738 38.208
38.9757 11.6368 13.7892 17.0809 1.15092 17.5361
30.4433 11.4747 38.9757 11.6368 1.15092 17.5361
-1.16253 9.86812 30.4433 11.4747 1.15092 17.5361
-1.16253 9.86812 1.15092 17.5361 0.140738 38.208
-1.16253 9.86812 0.140738 38.208 0.444628 50.4726
18.459 9.7259 -1.16253 9.86812 30.4433 11.4747
12.3306 6.10708 18.459 9.7259 30.4433 11.4747
11.9202 1.96593 12.3306 6.10708 30.4433 11.4747
30.2748 -0.595929 49.0346 1.11984 11.9202 1.96593
20.3628 -0.695587 82.4439 -0.631295 30.2748 -0.595929
20.3628 -0.695587 30.2748 -0.595929 11.9202 1.96593
1.98842 -1.02974 20.3628 -0.695587 11.9202 1.96593
1.98842 -1.02974 11.9202 1.96593 12.3306 6.10708
20.3628 -0.695587 1.98842 -1.02974 40.0752 -2.59551
21.6569 19.2474 1.15092 17.5361 13.7892 17.0809
68.5283 2.45683 49.0346 1.11984 30.2748 -0.595929
108.268 -2.07534 20.3628 -0.695587 82.4439 -0.631295
120.529 -3.03643 108.268 -2.07534 20.3628 -0.695587
108.268 -2.07534 120.529 -3.03643 140.714 -3.90618
53.165 8.06528 30.4433 11.4747 38.9757 11.6368
30.4433 11.4747 53.165 8.06528 58.4821 3.89464
221.019 20.2069 249.056 27.9309 268.695 29.4267
268.695 29.4267 221.019 20.2069 190.598 12.3537
233.913 19.7257 243.868 21.0693 268.695 29.4267
268.695 29.4267 233.913 19.7257 200.711 10.7985
292.034 26.3416 299.949 32.7908 296.647 36.566
277.213 20.8597 292.034 26.3416 296.647 36.566
272.34 17.9701 277.213 20.8597 292.034 26.3416
246.692 6.49257 272.34 17.9701 292.034 26.3416
241.602 2.62775 246.692 6.49257 292.034 26.3416
246.692 6.49257 241.602 2.62775 230.495 -1.98486
277.213 20.8597 272.34 17.9701 220.814 -2.65498
272.55 12.7063 289.095 22.6328 292.034 26.3416
263.441 10.08 272.55 12.7063 292.034 26.3416
272.55 12.7063 263.441 10.08 248.363 -1.51931
289.095 22.6328 292.034 26.3416 299.949 32.7908
271.483 2.51033 289.095 22.6328 299.949 32.7908
289.095 22.6328 271.483 2.51033 259.727 -3.27193
271.483 2.51033 281.218 -1.02919 259.727 -3.27193
271.483 2.51033 281.148 7.58771 288.389 8.26403
298.584 16.3568 288.389 8.26403 281.218 -1.02919
288.389 8.26403 271.483 2.51033 281.218 -1.02919
281.218 -1.02919 303.636 -0.863034 289.996 1.55352
303.636 -0.863034 281.218 -1.02919 259.727 -3.27193
289.996 1.55352 303.636 -0.863034 318.995 -2.36972
316.736 16.7341 310.883 18.0347 323.452 28.5879
323.452 28.5879 316.736 16.7341 317.072 6.99683
