70.2025 24.2572 69.0236 23.3822 61.0246 13.7508
63.3965 22.4348 69.0236 23.3822 70.2025 24.2572
63.1917 21.9125 63.3965 22.4348 69.0236 23.3822
65.9547 21.8827 63.1917 21.9125 69.0236 23.3822
64.1705 20.5743 65.9547 21.8827 69.0236 23.3822
58.3363 17.4172 57.0991 17.4878 64.1705 20.5743
60.4683 17.0355 58.3363 17.4172 64.1705 20.5743
60.4683 17.0355 64.1705 20.5743 69.0236 23.3822
57.3468 14.9805 60.4683 17.0355 58.3363 17.4172
53.3363 9.32299 56.6929 11.9631 57.3468 14.9805
53.3363 9.32299 57.3468 14.9805 58.3363 17.4172
55.1025 8.01255 53.3363 9.32299 56.6929 11.9631
48.0266 3.89371 55.1025 8.01255 53.3363 9.32299
53.9585 3.72552 63.6178 3.76042 48.0266 3.89371
37.3686 3.14285 53.9585 3.72552 48.0266 3.89371
37.3686 3.14285 48.0266 3.89371 53.3363 9.32299
53.9585 3.72552 37.3686 3.14285 40.615 1.89033
99.2633 19.5612 92.1875 21.0511 98.1622 21.8497
86.9454 19.1895 99.2633 19.5612 92.1875 21.0511
55.1025 8.01255 75.8898 14.9028 86.9454 19.1895
55.1025 8.01255 86.9454 19.1895 92.1875 21.0511
75.8898 14.9028 55.1025 8.01255 48.0266 3.89371
48.0266 3.89371 70.2927 4.80421 65.8841 5.55571
70.2927 4.80421 48.0266 3.89371 63.6178 3.76042
9.76887 1.0753 33.7199 1.79947 40.615 1.89033
52.1277 2.22153 40.615 1.89033 12.1317 0.951099
40.615 1.89033 9.76887 1.0753 12.1317 0.951099
35.1089 12.28 34.2283 12.4533 20.3769 15.5827
33.4284 3.31012 35.1089 12.28 34.2283 12.4533
37.3686 3.14285 32.3857 3.2721 33.4284 3.31012
37.3686 3.14285 33.4284 3.31012 35.1089 12.28
40.615 1.89033 37.3686 3.14285 32.3857 3.2721
32.3857 3.2721 40.615 1.89033 33.7199 1.79947
33.4284 3.31012 29.354 9.60067 25.4677 13.1121
25.4677 13.1121 33.4284 3.31012 32.3857 3.2721
53.0624 26.0881 55.9546 28.1778 43.628 29.1533
47.4022 25.8592 53.0624 26.0881 43.628 29.1533
47.4066 25.7476 47.4022 25.8592 43.628 29.1533
60.5374 22.8748 47.4066 25.7476 47.4022 25.8592
47.4066 25.7476 60.5374 22.8748 63.1917 21.9125
60.5374 22.8748 63.3965 22.4348 63.1917 21.9125
70.9616 29.19 15.0021 29.528 22.8923 29.5725
68.3802 28.8489 70.9616 29.19 15.0021 29.528
77.004 28.7243 68.3802 28.8489 70.9616 29.19
67.4019 27.1583 77.004 28.7243 68.3802 28.8489
64.8501 24.8798 67.4019 27.1583 68.3802 28.8489
67.4019 27.1583 64.8501 24.8798 63.3965 22.4348
64.8501 24.8798 60.5374 22.8748 63.3965 22.4348
77.004 28.7243 67.4019 27.1583 89.149 26.4451
40.9919 22.0103 30.6325 23.4206 12.7787 28.1152
65.9547 21.8827 63.1917 21.9125 49.2417 21.9386
44.5725 21.1002 65.9547 21.8827 49.2417 21.9386
44.5725 21.1002 49.2417 21.9386 40.9919 22.0103
44.5725 21.1002 40.9919 22.0103 30.6325 23.4206
65.9547 21.8827 44.5725 21.1002 25.2558 20.0124
44.5725 21.1002 17.5032 20.6671 25.2558 20.0124
3.83307 26.9168 2.58144 27.8668 0.657183 29.3772
15.5414 21.4022 3.83307 26.9168 0.657183 29.3772
18.1758 19.3973 25.2558 20.0124 17.5032 20.6671
18.1758 19.3973 17.5032 20.6671 15.5414 21.4022
18.1758 19.3973 15.5414 21.4022 3.83307 26.9168
25.2558 20.0124 18.1758 19.3973 26.8483 18.658
25.7979 17.7732 26.8483 18.658 18.1758 19.3973
25.7979 17.7732 18.1758 19.3973 9.30417 20.1647
28.4196 17.4552 25.7979 17.7732 26.8483 18.658
30.6107 16.9261 28.4196 17.4552 26.8483 18.658
6.62695 15.2108 30.6107 16.9261 28.4196 17.4552
9.30351 15.1941 6.62695 15.2108 30.6107 16.9261
30.6107 16.9261 9.30351 15.1941 13.8171 15.086
28.2368 22.5222 21.592 22.8564 26.1627 22.9344
28.2368 22.5222 26.1627 22.9344 13.0564 27.6294
15.5414 21.4022 28.2368 22.5222 21.592 22.8564
28.2368 22.5222 15.5414 21.4022 17.5032 20.6671
2.04822 15.2187 3.83307 26.9168 2.58144 27.8668
2.58144 27.8668 2.04822 15.2187 0.439585 7.33057
6.62695 15.2108 7.50375 16.814 3.56727 19.6109
8.25089 15.1599 9.30351 15.1941 6.62695 15.2108
7.04992 13.4814 8.25089 15.1599 6.62695 15.2108
7.04992 13.4814 6.62695 15.2108 3.56727 19.6109
9.7723 12.353 7.04992 13.4814 8.25089 15.1599
11.4274 9.55357 9.7723 12.353 8.25089 15.1599
9.7723 12.353 11.4274 9.55357 13.2621 4.67964
9.51394 9.77954 9.7723 12.353 7.04992 13.4814
3.88441 5.13591 9.51394 9.77954 7.04992 13.4814
7.04992 13.4814 3.88441 5.13591 2.7073 2.07835
9.7723 12.353 9.51394 9.77954 9.71193 3.32494
21.9225 9.37314 8.25089 15.1599 9.30351 15.1941
8.25089 15.1599 21.9225 9.37314 23.4706 7.82214
65.9547 21.8827 64.1705 20.5743 63.9518 20.5697
25.4677 13.1121 29.354 9.60067 30.5269 9.31209
63.6178 3.76042 53.9585 3.72552 67.4343 3.56251
67.5363 7.1599 72.9682 9.3715 91.46 15.1271
71.27 7.03285 67.5363 7.1599 91.46 15.1271
70.1067 6.29619 72.8467 7.02195 71.27 7.03285
70.1067 6.29619 71.27 7.03285 67.5363 7.1599
65.8841 5.55571 70.1067 6.29619 67.5363 7.1599
70.2927 4.80421 65.8841 5.55571 70.1067 6.29619
85.657 1.78989 70.2927 4.80421 70.1067 6.29619
85.2053 1.75942 85.657 1.78989 70.2927 4.80421
84.2809 0.787135 72.4929 1.34173 85.2053 1.75942
84.2809 0.787135 85.2053 1.75942 85.657 1.78989
69.7569 0.741997 84.2809 0.787135 72.4929 1.34173
84.2809 0.787135 69.7569 0.741997 69.9833 0.53072
72.9682 9.3715 72.41 9.93227 83.0574 14.9541
72.41 9.93227 72.9682 9.3715 67.5363 7.1599
88.1544 12.9261 72.968 7.31212 71.27 7.03285
86.1743 10.7133 92.4214 12.9614 94.756 14.0922
81.1427 9.39236 86.1743 10.7133 94.756 14.0922
86.1743 10.7133 81.1427 9.39236 72.8467 7.02195
81.1427 9.39236 72.968 7.31212 72.8467 7.02195
72.968 7.31212 71.27 7.03285 72.8467 7.02195
85.2053 1.75942 72.4929 1.34173 30.0054 0.496296
92.4214 12.9614 86.1743 10.7133 77.2591 6.20958
91.0691 11.2822 92.4214 12.9614 94.756 14.0922
90.4433 11.1289 91.0691 11.2822 92.4214 12.9614
92.4214 12.9614 90.4433 11.1289 81.5433 6.96887
88.2271 7.7439 90.4433 11.1289 91.0691 11.2822
90.4433 11.1289 88.2271 7.7439 85.9872 5.64173
98.6958 18.1015 86.9454 19.1895 99.2633 19.5612
96.7783 11.9204 97.4368 15.5068 98.6958 18.1015
96.7783 11.9204 98.6958 18.1015 99.2633 19.5612
98.0819 10.276 96.7783 11.9204 99.2633 19.5612
99.5864 7.68977 98.0819 10.276 96.7783 11.9204
96.7783 11.9204 99.5864 7.68977 96.0163 5.96135
92.712 9.03124 96.7783 11.9204 97.4368 15.5068
86.9911 2.81172 92.712 9.03124 97.4368 15.5068
92.712 9.03124 86.9911 2.81172 86.0632 1.5836
85.5564 6.56123 86.9911 2.81172 86.0632 1.5836
93.874 6.74226 92.712 9.03124 96.7783 11.9204
92.1411 5.69361 93.874 6.74226 92.712 9.03124
92.712 9.03124 92.1411 5.69361 90.5115 1.10199
93.874 6.74226 92.1411 5.69361 93.5337 1.45717
71.2068 18.3788 92.1875 21.0511 98.1622 21.8497
92.1875 21.0511 71.2068 18.3788 79.7474 18.1315
96.332 25.6201 74.5168 19.4629 67.4237 17.7491
74.5168 19.4629 71.2068 18.3788 67.4237 17.7491
71.2068 18.3788 79.7474 18.1315 67.4237 17.7491
93.3112 22.1845 74.5168 19.4629 71.2068 18.3788
