21.0136 39.5719 18.5492 39.668 23.8724 39.9533
25.9884 37.9831 21.0136 39.5719 23.8724 39.9533
32.5361 34.9224 25.9884 37.9831 23.8724 39.9533
31.5726 34.725 32.5361 34.9224 25.9884 37.9831
30.3597 30.5795 31.5726 34.725 25.9884 37.9831
27.4833 29.6005 25.0006 30.3402 28.3585 30.3955
27.4833 29.6005 28.3585 30.3955 30.3597 30.5795
37.2063 27.1721 23.0189 29.2609 27.4833 29.6005
37.2063 27.1721 27.4833 29.6005 30.3597 30.5795
37.2063 27.1721 30.3597 30.5795 31.5726 34.725
40.0265 26.3941 35.6555 26.4407 37.2063 27.1721
40.0265 26.3941 37.2063 27.1721 31.5726 34.725
38.8788 23.3234 40.0265 26.3941 35.6555 26.4407
40.0265 26.3941 38.8788 23.3234 44.5641 19.7632
38.8788 23.3234 30.3835 21.9933 44.5641 19.7632
-7.03538 30.5205 -14.9093 32.2614 -18.4059 34.0328
0.687867 28.9339 -7.03538 30.5205 -18.4059 34.0328
0.687867 28.9339 -18.4059 34.0328 -26.3883 36.2552
30.3835 21.9933 0.687867 28.9339 -26.3883 36.2552
45.8964 17.1712 45.5675 19.6922 44.5641 19.7632
45.8964 17.1712 44.5641 19.7632 30.3835 21.9933
45.8964 17.1712 30.3835 21.9933 0.687867 28.9339
47.3202 12.5902 45.8964 17.1712 45.5675 19.6922
48.1344 -0.584056 47.3202 12.5902 45.8964 17.1712
49.1961 -6.66697 48.1344 -0.584056 47.3202 12.5902
48.1344 -0.584056 49.1961 -6.66697 44.8919 -13.4795
15.177 27.99 9.44453 28.8737 1.48879 29.9093
21.1407 26.9202 15.177 27.99 1.48879 29.9093
25.191 25.9452 21.1407 26.9202 1.48879 29.9093
37.3069 23.3581 25.191 25.9452 21.1407 26.9202
38.8788 23.3234 37.3069 23.3581 21.1407 26.9202
37.3069 23.3581 38.8788 23.3234 30.3835 21.9933
-6.74094 31.4352 9.44453 28.8737 15.177 27.99
-16.2753 35.6994 15.177 27.99 21.1407 26.9202
4.55663 34.5212 27.4833 29.6005 23.0189 29.2609
22.0354 31.6403 12.3254 33.6959 -0.727583 36.5725
28.3585 30.3955 22.0354 31.6403 -0.727583 36.5725
22.0354 31.6403 28.3585 30.3955 25.0006 30.3402
8.50129 34.0213 10.3347 33.7561 22.0354 31.6403
10.3347 33.7561 12.3254 33.6959 22.0354 31.6403
0.431409 35.984 10.3347 33.7561 12.3254 33.6959
20.0168 41.2947 11.6308 41.5982 19.8162 42.7332
15.4125 41.1181 20.0168 41.2947 11.6308 41.5982
12.9134 40.6204 15.4125 41.1181 11.6308 41.5982
13.2356 39.5122 12.9134 40.6204 15.4125 41.1181
13.409 38.7484 13.2356 39.5122 15.4125 41.1181
26.6669 32.8573 13.409 38.7484 15.4125 41.1181
30.3597 30.5795 26.6669 32.8573 15.4125 41.1181
26.6669 32.8573 30.3597 30.5795 28.3585 30.3955
20.0168 41.2947 15.4125 41.1181 29.721 40.1903
19.8162 42.7332 11.6308 41.5982 -5.42983 39.7396
3.78142 38.6047 13.409 38.7484 13.2356 39.5122
9.26802 38.0126 3.78142 38.6047 13.409 38.7484
5.6789 36.1033 9.26802 38.0126 13.409 38.7484
13.409 38.7484 5.6789 36.1033 5.2445 35.5109
9.26802 38.0126 3.78142 38.6047 -7.91315 38.9445
-7.91315 38.9445 9.26802 38.0126 6.44221 37.9214
1.16545 49.0405 4.04242 49.1004 -6.04248 49.2433
-2.75017 47.6694 1.16545 49.0405 -6.04248 49.2433
-12.1451 43.8734 -2.75017 47.6694 1.16545 49.0405
-19.3419 40.9888 -12.1451 43.8734 -2.75017 47.6694
-25.8822 38.4307 -23.8941 39.8678 -19.3419 40.9888
-27.9005 37.1052 -29.9885 37.3324 -25.8822 38.4307
-27.9005 37.1052 -25.8822 38.4307 -19.3419 40.9888
-27.9005 37.1052 -19.3419 40.9888 -12.1451 43.8734
-26.3883 36.2552 -27.9005 37.1052 -12.1451 43.8734
-21.6463 31.9971 -18.4059 34.0328 -26.3883 36.2552
-21.6463 31.9971 -26.3883 36.2552 -27.9005 37.1052
-20.2782 31.7739 -21.6463 31.9971 -18.4059 34.0328
-21.6395 29.4521 -20.2782 31.7739 -18.4059 34.0328
-33.0423 12.5648 -21.6395 29.4521 -20.2782 31.7739
-40.0386 9.72862 -40.5363 10.1567 -37.6199 10.7781
-40.0386 9.72862 -37.6199 10.7781 -33.0423 12.5648
-38.3812 5.12592 -40.0386 9.72862 -33.0423 12.5648
-40.4013 1.69375 -38.3812 5.12592 -33.0423 12.5648
-21.6395 29.4521 -33.0423 12.5648 -42.4895 -3.26476
-33.0423 12.5648 -40.4013 1.69375 -42.4895 -3.26476
-40.2068 13.1976 -44.5053 17.9241 -43.9388 18.1376
-41.9289 11.8478 -40.2068 13.1976 -44.5053 17.9241
-38.2555 11.4709 -41.9289 11.8478 -40.2068 13.1976
-37.6199 10.7781 -38.2555 11.4709 -41.9289 11.8478
-41.9289 11.8478 -37.6199 10.7781 -40.5363 10.1567
-40.6236 23.3542 -40.8013 23.6686 -41.823 25.3244
-38.9401 18.0029 -40.6236 23.3542 -41.823 25.3244
-38.2555 11.4709 -38.9401 18.0029 -41.823 25.3244
-38.9401 18.0029 -38.2555 11.4709 -37.6199 10.7781
-25.5236 24.2878 -40.8013 23.6686 -40.6236 23.3542
-37.0236 32.7596 -21.6463 31.9971 -20.2782 31.7739
-29.5287 40.1393 -25.8822 38.4307 -29.9885 37.3324
-20.1132 44.7395 -23.8941 39.8678 -25.8822 38.4307
-19.3419 40.9888 -20.404 41.0869 -13.4629 46.6206
-20.404 41.0869 -19.3419 40.9888 -23.8941 39.8678
3.24021 48.0005 1.16545 49.0405 4.04242 49.1004
-0.445111 47.9798 3.24021 48.0005 1.16545 49.0405
-9.00992 42.8611 -2.42779 46.6114 -0.445111 47.9798
-9.00992 42.8611 -0.445111 47.9798 1.16545 49.0405
-2.42779 46.6114 -9.00992 42.8611 -11.2906 41.3842
-0.445111 47.9798 -2.42779 46.6114 -9.20504 41.3444
3.24021 48.0005 -0.445111 47.9798 1.35067 45.936
-29.9885 37.3324 -27.9005 37.1052 -28.9188 34.9687
-17.4372 30.9385 -14.9093 32.2614 -18.4059 34.0328
-14.3283 24.9768 -17.4372 30.9385 -14.9093 32.2614
-13.0243 18.9111 -14.3283 24.9768 -14.9093 32.2614
-11.7649 15.5055 -15.1734 15.9563 -13.0243 18.9111
-11.7649 15.5055 -13.0243 18.9111 -14.9093 32.2614
-11.3941 14.0219 -11.7649 15.5055 -14.9093 32.2614
-11.0444 9.34088 -11.3941 14.0219 -11.7649 15.5055
-9.51417 -3.92137 -11.0444 9.34088 -11.7649 15.5055
-11.0444 9.34088 -9.51417 -3.92137 -7.22564 -12.4745
-16.0819 25.0001 -17.6543 26.4432 -17.3691 26.7926
-14.3283 24.9768 -16.0819 25.0001 -17.3691 26.7926
-16.0819 25.0001 -14.3283 24.9768 -13.0243 18.9111
-19.5232 20.8343 -16.0819 25.0001 -17.6543 26.4432
-18.5715 20.4795 -19.5232 20.8343 -16.0819 25.0001
-20.8553 18.4246 -18.5715 20.4795 -19.5232 20.8343
-32.8094 6.77519 -20.8553 18.4246 -19.5232 20.8343
-33.4907 6.09115 -32.8094 6.77519 -19.5232 20.8343
-19.5232 20.8343 -33.4907 6.09115 -40.9901 -1.64768
-37.1068 -6.01333 -33.4907 6.09115 -32.8094 6.77519
-32.8094 6.77519 -37.1068 -6.01333 -37.5667 -7.77737
-37.1068 -6.01333 -37.0141 -4.69137 -38.1583 -4.61452
-37.5667 -7.77737 -37.1068 -6.01333 -38.1583 -4.61452
-39.2734 -8.18881 -37.5667 -7.77737 -38.1583 -4.61452
-38.1583 -4.61452 -39.2734 -8.18881 -40.2115 -9.01841
-32.8369 -0.0082126 -30.0037 2.99357 -29.1344 4.58544
-37.5667 -7.77737 -32.8369 -0.0082126 -30.0037 2.99357
-30.0037 2.99357 -37.5667 -7.77737 -39.3945 -12.9313
-37.5667 -7.77737 -39.2734 -8.18881 -39.3945 -12.9313
-24.8667 13.0867 -20.8553 18.4246 -18.5715 20.4795
-26.4262 12.3272 -24.8667 13.0867 -20.8553 18.4246
-25.9623 11.8247 -26.4262 12.3272 -24.8667 13.0867
-24.9885 9.90087 -25.9623 11.8247 -24.8667 13.0867
-20.888 8.09459 -24.9885 9.90087 -24.8667 13.0867
-24.8667 13.0867 -20.888 8.09459 -16.905 4.0559
-28.8116 -3.5923 -25.9623 11.8247 -26.4262 12.3272
-25.9623 11.8247 -28.8116 -3.5923 -31.2894 -17.7297
-28.8116 -3.5923 -31.5156 -15.3936 -31.2894 -17.7297
-31.5156 -15.3936 -31.9596 -17.2053 -31.2894 -17.7297
-31.9596 -17.2053 -34.9169 -15.0422 -36.5269 -10.311
-34.9169 -15.0422 -31.9596 -17.2053 -31.2894 -17.7297
-31.5156 -15.3936 -32.8873 -13.0835 -31.3422 -9.94933
-32.8873 -13.0835 -31.5156 -15.3936 -31.9596 -17.2053
-28.5523 -10.3543 -24.9885 9.90087 -25.9623 11.8247
-30.2175 -17.9292 -28.5523 -10.3543 -25.9623 11.8247
-30.1784 -20.3532 -30.2175 -17.9292 -28.5523 -10.3543
-29.6403 -26.7339 -29.9631 -21.114 -30.1784 -20.3532
-30.4455 -28.7879 -29.6403 -26.7339 -30.1784 -20.3532
-30.4455 -28.7879 -30.1784 -20.3532 -30.2175 -17.9292
-30.2904 -33.5661 -34.7065 -31.516 -32.0873 -31.0756
-30.2904 -33.5661 -32.0873 -31.0756 -30.4455 -28.7879
-30.2904 -33.5661 -30.4455 -28.7879 -29.6403 -26.7339
-29.0197 -36.5762 -30.2904 -33.5661 -34.7065 -31.516
-30.0901 -36.7407 -29.0197 -36.5762 -34.7065 -31.516
-29.0197 -36.5762 -30.0901 -36.7407 -18.0281 -45.7253
-23.1779 -14.0038 -21.3071 -12.0871 -20.0438 -10.0969
-24.7478 -15.2256 -23.1779 -14.0038 -20.0438 -10.0969
-27.3138 -17.2643 -24.7478 -15.2256 -23.1779 -14.0038
-30.1784 -20.3532 -27.3138 -17.2643 -23.1779 -14.0038
-23.1779 -14.0038 -30.1784 -20.3532 -29.9631 -21.114
-16.1753 -1.73069 -24.7478 -15.2256 -27.3138 -17.2643
-27.4795 -32.834 -10.7563 -17.1085 -6.47358 -13.8383
-30.2904 -33.5661 -27.4795 -32.834 -10.7563 -17.1085
-27.4795 -32.834 -30.2904 -33.5661 -29.0197 -36.5762
-39.2348 -17.9124 -39.9788 -13.3892 -43.068 -11.4058
-36.771 -26.1162 -39.2348 -17.9124 -39.9788 -13.3892
-35.4818 -29.8462 -37.794 -26.8785 -36.771 -26.1162
-35.4818 -29.8462 -36.771 -26.1162 -39.9788 -13.3892
-34.7065 -31.516 -32.0873 -31.0756 -35.4818 -29.8462
-34.7065 -31.516 -35.4818 -29.8462 -37.794 -26.8785
-37.794 -26.8785 -34.7065 -31.516 -33.9763 -33.403
-38.0671 -25.9677 -39.3625 -24.0385 -49.7578 -2.44311
-39.3625 -24.0385 -38.0671 -25.9677 -37.794 -26.8785
-38.0671 -25.9677 -36.771 -26.1162 -37.794 -26.8785
-39.9788 -13.3892 -43.068 -11.4058 -43.2873 -8.43781
-37.5039 -16.7396 -39.9788 -13.3892 -43.2873 -8.43781
-39.9788 -13.3892 -37.5039 -16.7396 -35.7383 -23.0995
-43.2873 -8.43781 -44.1282 -3.1016 -42.972 8.15269
-43.068 -11.4058 -43.2873 -8.43781 -44.1282 -3.1016
-44.1282 -3.1016 -43.068 -11.4058 -43.0969 -14.5792
-42.972 8.15269 -44.1282 -3.1016 -44.8145 -8.3298
-6.47358 -13.8383 -10.7563 -17.1085 -19.6697 -23.2037
-23.1779 -14.0038 -21.7472 -16.3265 -23.7758 -23.521
-21.7472 -16.3265 -23.1779 -14.0038 -21.3071 -12.0871
-21.3071 -12.0871 -21.7472 -16.3265 -16.6992 -19.2871
-21.3071 -12.0871 -20.0438 -10.0969 -12.345 -9.86969
-9.74524 -2.58847 -12.345 -9.86969 -13.5724 -13.6421
-12.345 -9.86969 -21.3071 -12.0871 -13.5724 -13.6421
-18.2113 -8.11941 -12.345 -9.86969 -20.0438 -10.0969
-23.6384 3.12978 -20.888 8.09459 -24.9885 9.90087
-20.888 8.09459 -23.6384 3.12978 -24.317 -2.35973
-15.1734 15.9563 -16.3949 16.2453 -16.0731 18.0502
-14.5652 15.1115 -11.7649 15.5055 -15.1734 15.9563
-14.5652 15.1115 -15.1734 15.9563 -16.3949 16.2453
-16.3949 16.2453 -14.5652 15.1115 -17.8871 13.527
-16.0731 18.0502 -16.3949 16.2453 -20.363 14.8648
-13.5723 15.0505 -14.5652 15.1115 -11.7649 15.5055
-14.758 8.02764 -13.5723 15.0505 -14.5652 15.1115
-14.5652 15.1115 -14.758 8.02764 -15.334 5.9028
-13.2561 -6.64501 -14.758 8.02764 -13.5723 15.0505
-14.758 8.02764 -13.2561 -6.64501 -13.3177 -8.35124
-5.57316 -5.87374 -11.0444 9.34088 -11.3941 14.0219
-4.99394 -7.85061 -5.57316 -5.87374 -11.0444 9.34088
-1.00279 -20.4269 -4.13183 -9.30142 -4.99394 -7.85061
-1.00279 -20.4269 -4.99394 -7.85061 -11.0444 9.34088
0.819377 -25.707 2.6156 -22.6552 1.8218 -22.6117
0.819377 -25.707 1.8218 -22.6117 -1.00279 -20.4269
-11.0444 9.34088 -1.00279 -20.4269 6.48704 -43.1537
-1.00279 -20.4269 0.819377 -25.707 6.48704 -43.1537
0.819377 -25.707 2.99191 -30.1056 6.48704 -43.1537
2.99191 -30.1056 4.33969 -31.0037 6.48704 -43.1537
0.471815 -37.4997 -5.07082 -32.021 -2.75157 -29.1085
6.80934 -44.4689 6.48704 -43.1537 0.471815 -37.4997
6.80934 -44.4689 0.471815 -37.4997 -5.07082 -32.021
-5.07082 -32.021 6.80934 -44.4689 8.51645 -48.189
-2.09016 3.62614 -3.31397 12.7097 -4.08609 14.9327
-1.51322 3.48344 -2.09016 3.62614 -3.31397 12.7097
-1.14706 1.44404 -1.51322 3.48344 -2.09016 3.62614
2.25299 -10.6762 -1.14706 1.44404 -2.09016 3.62614
2.85141 -17.6001 2.25299 -10.6762 -2.09016 3.62614
4.33969 -31.0037 2.85141 -17.6001 2.25299 -10.6762
6.48704 -43.1537 4.33969 -31.0037 2.25299 -10.6762
2.25299 -10.6762 6.48704 -43.1537 6.80934 -44.4689
-5.33435 1.19642 -4.13183 -9.30142 -1.00279 -20.4269
-0.999051 -15.7997 0.139562 -19.6657 -1.00279 -20.4269
-5.09485 12.1534 0.0341472 -15.8006 1.8218 -22.6117
0.0341472 -15.8006 0.139562 -19.6657 1.8218 -22.6117
0.139562 -19.6657 -1.00279 -20.4269 1.8218 -22.6117
-4.20832 3.77343 -4.53588 4.13206 -7.47185 21.2436
-3.05613 -2.45196 -4.20832 3.77343 -4.53588 4.13206
-2.22303 -6.41055 -3.05613 -2.45196 -4.20832 3.77343
0.0341472 -15.8006 -2.22303 -6.41055 -4.20832 3.77343
-2.22303 -6.41055 0.0341472 -15.8006 0.139562 -19.6657
-3.05613 -2.45196 -8.67387 16.0481 -9.25664 20.8334
-8.67387 16.0481 -3.05613 -2.45196 -2.22303 -6.41055
-1.14706 1.44404 0.273951 2.70805 -2.60696 13.7402
0.273951 2.70805 -1.14706 1.44404 2.25299 -10.6762
15.4996 -3.23417 11.0317 -24.8779 6.80934 -44.4689
11.0317 -24.8779 7.70392 -43.2751 6.80934 -44.4689
7.70392 -43.2751 8.91753 -44.4646 6.80934 -44.4689
8.91753 -44.4646 13.9839 -16.6291 14.7123 -12.1968
8.91753 -44.4646 14.7123 -12.1968 15.8683 -5.65295
13.9839 -16.6291 8.91753 -44.4646 8.51645 -48.189
8.91753 -44.4646 6.80934 -44.4689 8.51645 -48.189
-5.07082 -32.021 -2.75157 -29.1085 -4.38315 -27.752
-5.24206 -32.0263 -5.07082 -32.021 -4.38315 -27.752
-5.24206 -32.0263 -4.38315 -27.752 -2.44195 -17.5951
-7.08662 -36.3155 -5.24206 -32.0263 -5.07082 -32.021
-10.4896 -39.2302 -7.08662 -36.3155 -5.24206 -32.0263
-19.4906 -40.5298 -21.3493 -39.5493 -10.4896 -39.2302
-12.7215 -43.4452 -19.4906 -40.5298 -10.4896 -39.2302
-12.7215 -43.4452 -10.4896 -39.2302 -7.08662 -36.3155
-13.1151 -43.6015 -12.7215 -43.4452 -19.4906 -40.5298
-19.4906 -40.5298 -13.1151 -43.6015 -6.11477 -47.3693
-13.0548 -38.2982 -11.5273 -36.2983 -7.89042 -25.4282
-10.4896 -39.2302 -14.8091 -38.7282 -13.0548 -38.2982
-10.4896 -39.2302 -13.0548 -38.2982 -11.5273 -36.2983
-14.8091 -38.7282 -10.4896 -39.2302 -21.3493 -39.5493
-14.1153 -35.5649 -21.4978 -33.648 -17.9117 -27.2385
-13.0548 -38.2982 -14.1153 -35.5649 -21.4978 -33.648
-21.4978 -33.648 -13.0548 -38.2982 -14.8091 -38.7282
-12.8092 -35.2491 -11.473 -27.79 -10.5353 -24.1769
-10.5353 -24.1769 -12.8092 -35.2491 -13.0548 -38.2982
-12.8092 -35.2491 -14.1153 -35.5649 -13.0548 -38.2982
-12.9012 -27.9174 -11.473 -27.79 -10.5353 -24.1769
-11.473 -27.79 -12.9012 -27.9174 -14.1033 -28.563
-25.2912 -37.5208 -21.4978 -33.648 -17.9117 -27.2385
-21.4978 -33.648 -25.2912 -37.5208 -25.3666 -38.3106
-21.3493 -39.5493 -19.4906 -40.5298 -16.0011 -43.4007
-4.08942 -45.1424 -13.1151 -43.6015 -12.7215 -43.4452
4.57228 -47.8357 -4.08942 -45.1424 -13.1151 -43.6015
1.7742 -49.158 4.57228 -47.8357 -13.1151 -43.6015
4.57228 -47.8357 1.7742 -49.158 2.72795 -49.4767
-6.94358 -47.5593 1.7742 -49.158 2.72795 -49.4767
15.0128 -23.8935 13.9839 -16.6291 14.7123 -12.1968
14.1539 -27.8069 15.0128 -23.8935 13.9839 -16.6291
13.5816 -29.9639 14.1539 -27.8069 13.9839 -16.6291
13.9839 -16.6291 13.5816 -29.9639 10.5085 -44.2705
14.1539 -27.8069 13.5816 -29.9639 12.5356 -47.4641
16.444 -15.4145 16.4992 -14.8822 14.7123 -12.1968
16.3791 -25.1075 16.444 -15.4145 16.4992 -14.8822
16.444 -15.4145 16.3791 -25.1075 15.855 -38.5266
16.4992 -14.8822 14.7123 -12.1968 15.8683 -5.65295
15.8683 -5.65295 16.4992 -14.8822 18.8544 -38.8209
-2.60696 13.7402 -6.22672 21.73 -6.91076 22.777
5.61756 -2.51977 0.273951 2.70805 -2.60696 13.7402
5.61756 -2.51977 -2.60696 13.7402 -6.22672 21.73
0.273951 2.70805 5.61756 -2.51977 10.0737 -8.37849
10.0737 -8.37849 5.61756 -2.51977 6.15678 -2.2761
11.7145 -9.34883 10.0737 -8.37849 6.15678 -2.2761
5.72225 -13.251 11.7145 -9.34883 10.0737 -8.37849
11.7145 -9.34883 5.72225 -13.251 4.1252 -15.2592
-3.54666 29.2094 -7.03538 30.5205 -14.9093 32.2614
23.9623 21.4832 24.3276 21.8847 -3.54666 29.2094
23.9623 21.4832 -3.54666 29.2094 -14.9093 32.2614
25.444 15.0802 23.9623 21.4832 24.3276 21.8847
26.3773 14.7025 25.444 15.0802 24.3276 21.8847
29.3997 12.5558 26.3773 14.7025 24.3276 21.8847
32.8408 8.26033 29.3997 12.5558 24.3276 21.8847
31.6275 7.51214 32.8408 8.26033 29.3997 12.5558
38.6019 -18.6647 31.6275 7.51214 29.3997 12.5558
29.3997 12.5558 38.6019 -18.6647 39.8231 -22.8588
35.8378 -7.82268 38.6019 -18.6647 39.8231 -22.8588
25.7458 8.01902 26.3773 14.7025 25.444 15.0802
26.0951 5.16715 25.7458 8.01902 26.3773 14.7025
21.8272 -3.34199 22.0566 -0.488054 25.045 2.87125
25.5444 -3.94964 21.8272 -3.34199 25.045 2.87125
25.5444 -3.94964 25.045 2.87125 26.0951 5.16715
26.6396 -5.11357 25.5444 -3.94964 26.0951 5.16715
26.6396 -5.11357 26.0951 5.16715 26.3773 14.7025
31.5752 -16.231 26.6396 -5.11357 25.5444 -3.94964
25.5444 -3.94964 31.5752 -16.231 36.8985 -27.2098
7.1599 12.0957 -1.95466 22.715 -3.53001 23.0382
7.75467 8.50607 7.1599 12.0957 -3.53001 23.0382
9.38477 4.6823 7.75467 8.50607 7.1599 12.0957
22.0566 -0.488054 9.38477 4.6823 7.1599 12.0957
9.38477 4.6823 22.0566 -0.488054 21.8272 -3.34199
18.6238 19.8829 18.3181 20.2825 19.262 21.3957
22.5161 8.68085 18.6238 19.8829 18.3181 20.2825
25.147 6.8071 22.5161 8.68085 18.6238 19.8829
26.0951 5.16715 21.04 6.62281 25.147 6.8071
26.0951 5.16715 25.147 6.8071 18.6238 19.8829
21.04 6.62281 26.0951 5.16715 25.045 2.87125
13.3551 8.94069 25.147 6.8071 21.04 6.62281
10.9811 14.4679 14.3345 15.3695 10.118 15.5879
11.1623 12.4889 10.9811 14.4679 10.118 15.5879
22.5161 8.68085 11.1623 12.4889 10.9811 14.4679
11.1623 12.4889 22.5161 8.68085 25.147 6.8071
15.4551 18.6215 18.3181 20.2825 19.262 21.3957
18.3181 20.2825 15.4551 18.6215 14.665 17.1329
15.6982 22.1512 15.4551 18.6215 14.665 17.1329
-3.53001 23.0382 0.31421 25.5979 -8.24232 26.487
-1.95466 22.715 -3.53001 23.0382 0.31421 25.5979
0.31421 25.5979 -1.95466 22.715 11.2124 18.7859
9.38477 4.6823 7.75467 8.50607 2.7463 9.5206
6.67041 2.93869 9.38477 4.6823 2.7463 9.5206
2.7463 9.5206 6.67041 2.93869 11.9315 -7.1194
23.8705 -6.75412 25.5444 -3.94964 21.8272 -3.34199
22.2063 -7.55963 23.8705 -6.75412 21.8272 -3.34199
23.3906 -11.6016 22.2063 -7.55963 23.8705 -6.75412
24.3553 -13.8322 23.3906 -11.6016 23.8705 -6.75412
24.9604 -26.5901 23.8667 -22.9025 24.3553 -13.8322
26.6975 -30.4775 24.9604 -26.5901 24.3553 -13.8322
26.6975 -30.4775 24.3553 -13.8322 23.8705 -6.75412
24.9604 -26.5901 26.6975 -30.4775 21.5284 -33.2719
26.6975 -30.4775 32.8724 -32.3058 21.5284 -33.2719
26.6975 -30.4775 31.2096 -26.2051 32.5406 -24.0038
31.2096 -26.2051 26.6975 -30.4775 32.8724 -32.3058
32.8724 -32.3058 37.5537 -32.0779 38.5209 -30.1398
21.5284 -33.2719 32.8724 -32.3058 37.5537 -32.0779
37.5537 -32.0779 21.5284 -33.2719 26.7478 -33.7767
21.015 -32.6874 20.0082 -24.9674 17.7634 -16.8481
27.7288 -35.2956 26.7478 -33.7767 21.5284 -33.2719
21.8462 -40.0431 27.7288 -35.2956 21.5284 -33.2719
21.8462 -40.0431 21.5284 -33.2719 21.015 -32.6874
21.8462 -40.0431 21.015 -32.6874 17.7634 -16.8481
27.7288 -35.2956 21.8462 -40.0431 12.9238 -47.7889
17.5942 -3.82011 20.0082 -24.9674 21.015 -32.6874
20.101 -10.6028 18.9938 -2.84938 18.4997 -2.65123
21.3153 -19.6826 20.101 -10.6028 18.4997 -2.65123
21.015 -32.6874 21.3153 -19.6826 18.4997 -2.65123
21.3153 -19.6826 21.015 -32.6874 21.5284 -33.2719
19.9583 -4.23893 23.3906 -11.6016 24.3553 -13.8322
18.9938 -2.84938 20.101 -10.6028 22.1048 -23.2865
31.332 -37.1962 27.7288 -35.2956 26.7478 -33.7767
28.6115 -37.2973 31.332 -37.1962 27.7288 -35.2956
31.332 -37.1962 28.6115 -37.2973 32.2562 -38.03
32.5463 -16.2326 31.5752 -16.231 26.6396 -5.11357
35.4347 -16.2834 32.5463 -16.2326 31.5752 -16.231
31.5752 -16.231 35.4347 -16.2834 35.7457 -20.6714
28.2292 10.5934 29.3997 12.5558 26.3773 14.7025
34.5253 -7.6273 28.2292 10.5934 29.3997 12.5558
29.3997 12.5558 34.5253 -7.6273 38.9064 -23.73
31.6275 7.51214 32.1 6.0455 41.2416 -23.7329
31.7782 15.0466 28.6128 16.1632 28.7027 16.6867
32.8408 8.26033 31.7782 15.0466 28.6128 16.1632
32.1 6.0455 31.6275 7.51214 32.8408 8.26033
32.7801 5.59445 32.1 6.0455 32.8408 8.26033
34.1812 3.24202 32.7801 5.59445 32.8408 8.26033
34.1812 3.24202 32.8408 8.26033 31.7782 15.0466
36.5068 1.80272 34.1812 3.24202 31.7782 15.0466
41.5166 -3.37777 36.5068 1.80272 34.1812 3.24202
37.6417 -3.43152 41.5166 -3.37777 34.1812 3.24202
41.5166 -3.37777 37.6417 -3.43152 46.2422 -5.26568
38.2687 8.12026 41.1833 8.82593 43.7159 12.7529
41.1613 3.49261 38.2687 8.12026 41.1833 8.82593
40.0745 2.69342 41.1613 3.49261 38.2687 8.12026
36.5068 1.80272 40.0745 2.69342 38.2687 8.12026
40.0745 2.69342 36.5068 1.80272 41.5166 -3.37777
41.1613 3.49261 46.2718 4.24858 45.726 5.42221
46.2718 4.24858 41.1613 3.49261 40.0745 2.69342
37.3799 -4.99862 34.1812 3.24202 32.7801 5.59445
32.7801 5.59445 37.3799 -4.99862 42.9066 -18.3307
36.9712 18.6713 24.3276 21.8847 -3.54666 29.2094
24.3276 21.8847 36.9712 18.6713 39.1533 17.9524
-7.03538 30.5205 0.687867 28.9339 3.38041 28.0405
37.5187 31.3242 31.5726 34.725 32.5361 34.9224
37.5187 31.3242 32.5361 34.9224 32.0887 36.7895
32.0887 36.7895 37.5187 31.3242 40.8386 28.7196
