111.62 31.2307 156.032 32.3675 97.3267 32.3858
111.62 31.2307 97.3267 32.3858 9.71327 37.6824
90.2655 27.1179 111.62 31.2307 156.032 32.3675
119.191 26.5501 90.2655 27.1179 156.032 32.3675
131.212 26.0464 119.191 26.5501 90.2655 27.1179
148.066 23.4069 131.212 26.0464 90.2655 27.1179
131.323 23.1535 148.066 23.4069 90.2655 27.1179
90.6732 23.0307 131.323 23.1535 90.2655 27.1179
122.455 21.5516 90.6732 23.0307 131.323 23.1535
137.014 18.1398 122.455 21.5516 131.323 23.1535
158.255 16.6853 137.014 18.1398 131.323 23.1535
131.323 23.1535 158.255 16.6853 191.25 10.1351
158.255 16.6853 170.681 11.4279 191.25 10.1351
170.681 11.4279 160.696 10.6155 191.25 10.1351
242.406 23.3276 227.219 23.3597 269.809 28.5467
247.236 21.0377 242.406 23.3276 269.809 28.5467
218.402 13.8836 247.236 21.0377 242.406 23.3276
231.772 12.766 251.033 12.8688 218.402 13.8836
209.399 11.1559 231.772 12.766 218.402 13.8836
209.399 11.1559 218.402 13.8836 242.406 23.3276
130.26 8.19262 142.072 9.84263 191.25 10.1351
121.282 6.74366 130.26 8.19262 191.25 10.1351
69.0111 -0.460777 100.822 6.08021 121.282 6.74366
69.0111 -0.460777 121.282 6.74366 191.25 10.1351
69.0111 -0.460777 191.25 10.1351 209.399 11.1559
69.0111 -0.460777 209.399 11.1559 231.772 12.766
231.772 12.766 69.0111 -0.460777 62.1861 -1.13459
191.25 10.1351 160.696 10.6155 147.728 10.8159
147.728 10.8159 191.25 10.1351 142.072 9.84263
262.271 21.8587 247.236 21.0377 218.402 13.8836
89.9982 0.0294634 111.79 0.409388 148.875 1.64261
78.7391 -0.709095 89.9982 0.0294634 111.79 0.409388
111.79 0.409388 78.7391 -0.709095 46.2959 -2.69139
78.7391 -0.709095 62.1861 -1.13459 46.2959 -2.69139
36.4831 1.08962 13.7227 1.77576 28.2896 3.21596
69.0111 -0.460777 36.4831 1.08962 28.2896 3.21596
62.1861 -1.13459 69.0111 -0.460777 36.4831 1.08962
36.4831 1.08962 62.1861 -1.13459 46.2959 -2.69139
-0.774701 7.0624 30.7217 6.77782 100.822 6.08021
30.7217 6.77782 121.282 6.74366 100.822 6.08021
31.6944 31.2624 42.3905 32.6273 53.3211 33.9313
79.4343 18.6929 31.6944 31.2624 53.3211 33.9313
100.739 16.1651 79.4343 18.6929 53.3211 33.9313
107.13 13.71 100.739 16.1651 79.4343 18.6929
79.4343 18.6929 107.13 13.71 130.26 8.19262
107.13 13.71 142.072 9.84263 130.26 8.19262
100.739 16.1651 73.5496 26.6391 61.1038 31.9916
61.1038 31.9916 100.739 16.1651 107.13 13.71
143.288 28.452 119.191 26.5501 131.212 26.0464
148.066 23.4069 131.323 23.1535 167.199 18.5655
156.032 32.3675 97.3267 32.3858 153.866 32.5933
171.179 31.489 156.032 32.3675 153.866 32.5933
200.17 31.367 171.179 31.489 153.866 32.5933
229.87 31.2584 200.17 31.367 153.866 32.5933
229.87 31.2584 153.866 32.5933 83.377 33.8576
241.71 30.9916 229.87 31.2584 200.17 31.367
211.809 29.6686 241.71 30.9916 200.17 31.367
200.17 31.367 211.809 29.6686 201.68 22.7542
26.5703 37.0434 229.87 31.2584 241.71 30.9916
180.478 29.0478 200.17 31.367 171.179 31.489
189.711 26.9422 180.478 29.0478 200.17 31.367
200.17 31.367 189.711 26.9422 190.17 18.6883
180.478 29.0478 189.711 26.9422 179.363 21.269
90.6732 23.0307 122.455 21.5516 108.511 19.178
53.3211 33.9313 42.3905 32.6273 18.197 31.9634
42.3905 32.6273 31.6944 31.2624 -1.00323 29.6131
67.5635 18.1621 79.4343 18.6929 31.6944 31.2624
63.6528 17.3533 67.5635 18.1621 79.4343 18.6929
76.3595 12.4461 63.6528 17.3533 79.4343 18.6929
79.4343 18.6929 76.3595 12.4461 90.1001 9.34483
36.8456 22.3548 20.9167 23.2985 12.2885 26.3158
67.5635 18.1621 36.8456 22.3548 12.2885 26.3158
36.8456 22.3548 67.5635 18.1621 63.6528 17.3533
12.5472 21.8408 20.9167 23.2985 12.2885 26.3158
0.745876 18.0587 12.5472 21.8408 12.2885 26.3158
12.5472 21.8408 0.745876 18.0587 10.2804 10.5267
12.5472 21.8408 29.393 19.4224 23.2325 13.2749
29.393 19.4224 12.5472 21.8408 20.9167 23.2985
48.7874 16.1443 29.393 19.4224 20.9167 23.2985
61.1643 11.7763 48.7874 16.1443 29.393 19.4224
70.5065 10.1952 40.8594 10.4137 61.1643 11.7763
70.5065 10.1952 61.1643 11.7763 48.7874 16.1443
40.8594 10.4137 70.5065 10.1952 52.35 8.56533
13.7227 1.77576 28.2896 3.21596 22.1949 3.62566
22.1949 3.62566 13.7227 1.77576 0.796685 -0.309631
122.57 -0.806628 111.79 0.409388 148.875 1.64261
111.79 0.409388 122.57 -0.806628 97.7766 -2.62787
240.062 12.6544 231.772 12.766 251.033 12.8688
251.033 12.8688 240.062 12.6544 176.221 6.26954
276.607 12.2001 251.033 12.8688 218.402 13.8836
257.532 10.1986 276.607 12.2001 251.033 12.8688
251.033 12.8688 257.532 10.1986 203.379 6.81288
307.826 16.458 300.604 19.2151 289.308 22.2735
279.298 16.1033 323.869 16.4567 307.826 16.458
279.298 16.1033 307.826 16.458 289.308 22.2735
276.607 12.2001 279.298 16.1033 323.869 16.4567
257.532 10.1986 276.607 12.2001 323.869 16.4567
170.301 1.81372 257.532 10.1986 323.869 16.4567
257.532 10.1986 170.301 1.81372 128.573 -2.00382
170.301 1.81372 180.536 0.883041 128.573 -2.00382
279.298 16.1033 269.849 16.1304 282.128 30.9919
269.849 16.1304 279.298 16.1033 276.607 12.2001
180.536 0.883041 170.301 1.81372 196.123 2.19058
193.11 0.357678 180.536 0.883041 196.123 2.19058
196.123 2.19058 193.11 0.357678 231.678 -1.45478
292.117 10.7898 310.432 11.8078 323.869 16.4567
266.328 7.61514 292.117 10.7898 323.869 16.4567
269.588 3.31994 266.328 7.61514 292.117 10.7898
246.516 1.71219 269.588 3.31994 266.328 7.61514
282.75 0.831561 246.516 1.71219 269.588 3.31994
269.588 3.31994 282.75 0.831561 303.949 -3.09334
328.546 26.4753 306.752 28.7319 316.027 31.6
328.546 26.4753 316.027 31.6 311.091 36.5988
331.324 21.0536 328.546 26.4753 306.752 28.7319
307.826 16.458 331.324 21.0536 306.752 28.7319
323.869 16.4567 307.826 16.458 331.324 21.0536
330.153 10.5078 310.432 11.8078 323.869 16.4567
330.153 10.5078 323.869 16.4567 331.324 21.0536
337.219 7.65144 330.153 10.5078 331.324 21.0536
340.567 0.74619 337.219 7.65144 331.324 21.0536
331.324 21.0536 340.567 0.74619 350.1 -1.84163
261.092 -2.90283 282.75 0.831561 246.516 1.71219
288.997 -3.46832 261.092 -2.90283 282.75 0.831561
236.497 -3.67622 288.997 -3.46832 261.092 -2.90283
288.997 -3.46832 236.497 -3.67622 223.853 -3.78172
236.497 -3.67622 139.25 -3.74731 223.853 -3.78172
236.497 -3.67622 206.363 -3.29374 157.818 -3.29365
157.818 -3.29365 236.497 -3.67622 139.25 -3.74731
302.1 8.99431 292.117 10.7898 310.432 11.8078
313.916 3.03697 302.1 8.99431 292.117 10.7898
302.1 8.99431 313.916 3.03697 327.561 -1.72534
313.916 3.03697 321.678 -1.48037 327.561 -1.72534
310.432 11.8078 330.153 10.5078 323.039 9.40684
339.704 18.3127 331.324 21.0536 328.546 26.4753
331.324 21.0536 339.704 18.3127 353.855 9.82359
353.92 19.5965 346.238 27.7081 343.158 31.7384
339.704 18.3127 353.92 19.5965 346.238 27.7081
353.92 19.5965 339.704 18.3127 353.855 9.82359
247.611 36.1555 266.842 36.218 219.417 37.7573
223.315 33.2657 247.611 36.1555 219.417 37.7573
248.646 31.2888 223.315 33.2657 247.611 36.1555
258.104 27.8531 248.646 31.2888 247.611 36.1555
227.219 23.3597 258.104 27.8531 248.646 31.2888
218.588 20.7813 242.406 23.3276 227.219 23.3597
218.588 20.7813 227.219 23.3597 248.646 31.2888
242.406 23.3276 218.588 20.7813 206.743 18.2331
237.846 38.1946 226.398 40.5103 211.446 43.8527
266.842 36.218 219.417 37.7573 237.846 38.1946
266.842 36.218 237.846 38.1946 211.446 43.8527
211.446 43.8527 266.842 36.218 289.647 33.0769
157.346 71.8701 108.35 80.9774 99.6469 81.8629
176.865 67.5173 192.089 68.0803 157.346 71.8701
176.865 67.5173 157.346 71.8701 99.6469 81.8629
98.4233 61.5905 176.865 67.5173 192.089 68.0803
110.711 61.3909 98.4233 61.5905 192.089 68.0803
120.208 59.7897 110.711 61.3909 192.089 68.0803
350.494 58.877 276.327 58.9673 151.826 59.0322
178.878 58.5864 350.494 58.877 151.826 59.0322
167.239 58.0296 178.878 58.5864 151.826 59.0322
167.239 58.0296 151.826 59.0322 120.208 59.7897
136.72 57.4909 167.239 58.0296 120.208 59.7897
127.859 57.2574 136.72 57.4909 120.208 59.7897
127.859 57.2574 120.208 59.7897 110.711 61.3909
147.561 50.2538 127.859 57.2574 110.711 61.3909
170.119 43.4748 147.561 50.2538 127.859 57.2574
163.735 41.1796 147.56 42.4769 170.119 43.4748
182.264 41.1364 163.735 41.1796 170.119 43.4748
182.264 41.1364 170.119 43.4748 127.859 57.2574
189.024 40.5341 182.264 41.1364 127.859 57.2574
197.052 38.7806 189.024 40.5341 182.264 41.1364
237.846 38.1946 197.052 38.7806 189.024 40.5341
219.417 37.7573 237.846 38.1946 197.052 38.7806
136.273 37.4773 219.417 37.7573 197.052 38.7806
83.8766 36.8958 136.273 37.4773 219.417 37.7573
219.417 37.7573 83.8766 36.8958 129.391 36.5379
136.273 37.4773 56.9261 39.9696 51.6475 41.2059
56.9261 39.9696 136.273 37.4773 83.8766 36.8958
151.173 69.0566 140.081 69.4933 111.479 72.3639
176.865 67.5173 167.1 67.6073 151.173 69.0566
176.865 67.5173 151.173 69.0566 111.479 72.3639
167.1 67.6073 176.865 67.5173 98.4233 61.5905
223.479 61.9515 239.102 62.4552 256.575 62.6376
320.051 60.9256 306.331 61.0829 223.479 61.9515
212.999 60.7698 320.051 60.9256 223.479 61.9515
120.208 59.7897 212.999 60.7698 223.479 61.9515
120.208 59.7897 223.479 61.9515 239.102 62.4552
212.999 60.7698 120.208 59.7897 151.826 59.0322
252.597 67.5256 220.827 67.8081 210.201 68.8469
252.597 67.5256 210.201 68.8469 198.073 69.2917
233.482 66.6636 252.597 67.5256 220.827 67.8081
292.136 62.3545 233.482 66.6636 252.597 67.5256
297.438 62.0838 292.136 62.3545 252.597 67.5256
292.136 62.3545 297.438 62.0838 223.479 61.9515
248.114 88.61 241.73 90.559 233.753 91.014
257.84 86.7399 248.114 88.61 241.73 90.559
260.882 83.4947 257.84 86.7399 248.114 88.61
268.339 82.173 260.882 83.4947 257.84 86.7399
282.413 77.4487 286.6 79.0846 268.339 82.173
282.413 77.4487 268.339 82.173 260.882 83.4947
291.811 67.9961 282.413 77.4487 286.6 79.0846
301.804 67.1083 351.235 67.55 291.811 67.9961
330.957 63.6347 301.804 67.1083 291.811 67.9961
297.438 62.0838 330.957 63.6347 291.811 67.9961
297.438 62.0838 291.811 67.9961 282.413 77.4487
330.957 63.6347 297.438 62.0838 306.331 61.0829
297.438 62.0838 223.479 61.9515 306.331 61.0829
342.985 73.6509 350.355 79.148 337.292 80.7144
312.439 71.4463 322.31 72.7626 327.959 72.9055
312.439 71.4463 327.959 72.9055 342.985 73.6509
291.811 67.9961 312.439 71.4463 342.985 73.6509
350.355 79.148 342.985 73.6509 351.235 67.55
342.985 73.6509 291.811 67.9961 351.235 67.55
296.248 77.4417 327.959 72.9055 322.31 72.7626
309.127 80.4589 322.471 80.6855 340.884 86.6055
331.215 77.7537 309.127 80.4589 322.471 80.6855
342.985 73.6509 331.215 77.7537 309.127 80.4589
309.127 80.4589 342.985 73.6509 327.959 72.9055
162.138 53.1221 127.859 57.2574 136.72 57.4909
207.029 46.216 166.577 52.6074 162.138 53.1221
207.029 46.216 162.138 53.1221 127.859 57.2574
127.859 57.2574 207.029 46.216 302.483 32.7595
197.147 52.2419 166.577 52.6074 162.138 53.1221
188.581 51.7002 197.147 52.2419 166.577 52.6074
183.33 50.9246 188.581 51.7002 166.577 52.6074
223.752 46.1514 183.33 50.9246 166.577 52.6074
183.33 50.9246 223.752 46.1514 291.264 38.2996
223.752 46.1514 258.471 41.4791 291.264 38.2996
280.773 41.041 183.33 50.9246 188.581 51.7002
188.581 51.7002 280.773 41.041 323.605 36.2313
238.334 49.3909 188.581 51.7002 197.147 52.2419
292.653 47.7515 238.334 49.3909 197.147 52.2419
238.334 49.3909 292.653 47.7515 300.921 46.8879
253.905 50.4323 226.378 52.5308 158.767 56.4596
292.653 47.7515 253.905 50.4323 226.378 52.5308
317.004 46.4747 300.921 46.8879 292.653 47.7515
317.004 46.4747 292.653 47.7515 226.378 52.5308
300.921 46.8879 317.004 46.4747 299.089 41.7863
193.34 56.672 136.72 57.4909 167.239 58.0296
262.203 53.1329 193.34 56.672 167.239 58.0296
267.508 53.036 262.203 53.1329 167.239 58.0296
277.515 51.3757 267.508 53.036 262.203 53.1329
267.508 53.036 277.515 51.3757 306.849 49.9248
268.12 57.6916 167.239 58.0296 178.878 58.5864
233.904 57.5505 268.12 57.6916 167.239 58.0296
167.239 58.0296 233.904 57.5505 196.237 57.4263
338.782 58.2765 178.878 58.5864 350.494 58.877
347.471 53.8227 338.782 58.2765 350.494 58.877
333.589 50.3874 347.471 53.8227 338.782 58.2765
337.186 49.6836 333.589 50.3874 347.471 53.8227
342.927 43.4442 337.186 49.6836 333.589 50.3874
346.834 41.1884 342.927 43.4442 337.186 49.6836
342.927 43.4442 346.834 41.1884 333.006 38.2416
320.051 60.9256 212.999 60.7698 253.797 60.6135
273.402 90.181 241.73 90.559 233.753 91.014
273.402 90.181 233.753 91.014 223.688 91.501
241.73 90.559 273.402 90.181 277.547 89.0221
296.519 91.3584 223.688 91.501 183.893 92.2406
223.688 91.501 296.519 91.3584 319.434 90.6626
296.519 91.3584 306.894 91.8102 332.425 91.8591
319.434 90.6626 296.519 91.3584 332.425 91.8591
346.192 93.2752 332.425 91.8591 289.129 86.4647
332.425 91.8591 319.434 90.6626 289.129 86.4647
6.94301 93.5878 131.06 93.7486 72.8568 93.7892
157.796 93.5668 6.94301 93.5878 131.06 93.7486
172.705 93.5518 157.796 93.5668 131.06 93.7486
183.893 92.2406 172.705 93.5518 157.796 93.5668
233.753 91.014 223.688 91.501 183.893 92.2406
199.729 90.6464 233.753 91.014 183.893 92.2406
199.729 90.6464 183.893 92.2406 157.796 93.5668
157.796 93.5668 199.729 90.6464 208.255 87.9465
6.94301 93.5878 157.796 93.5668 110.707 93.4854
92.3278 89.2725 78.0941 90.2348 96.5482 90.3772
99.6469 81.8629 92.3278 89.2725 96.5482 90.3772
108.35 80.9774 99.6469 81.8629 96.5482 90.3772
123.573 80.3915 108.35 80.9774 96.5482 90.3772
206.217 77.3851 147.871 80.3059 123.573 80.3915
163.254 76.6786 240.576 76.889 206.217 77.3851
163.254 76.6786 206.217 77.3851 123.573 80.3915
163.254 76.6786 123.573 80.3915 108.35 80.9774
266.106 69.281 260.409 69.8089 163.254 76.6786
108.35 80.9774 163.254 76.6786 278.24 67.5177
163.254 76.6786 266.106 69.281 278.24 67.5177
130.907 82.3248 140.283 83.095 118.894 86.5547
123.573 80.3915 130.907 82.3248 140.283 83.095
140.283 83.095 123.573 80.3915 147.871 80.3059
206.217 77.3851 221.448 79.776 228.864 79.9182
240.576 76.889 206.217 77.3851 228.864 79.9182
249.814 76.1841 240.576 76.889 228.864 79.9182
249.814 76.1841 228.864 79.9182 187.624 87.8341
240.576 76.889 249.814 76.1841 236.23 73.9186
168.664 80.9261 176.652 81.1935 201.198 81.345
221.448 79.776 168.664 80.9261 201.198 81.345
168.664 80.9261 221.448 79.776 206.217 77.3851
193.887 81.804 176.652 81.1935 168.664 80.9261
153.828 89.332 228.864 79.9182 221.448 79.776
78.0941 90.2348 96.5482 90.3772 141.975 91.3253
47.2801 90.2314 78.0941 90.2348 141.975 91.3253
78.0941 90.2348 47.2801 90.2314 60.0541 90.1457
31.1926 86.582 21.2765 87.8559 39.9502 89.1695
52.7324 80.9002 31.1926 86.582 39.9502 89.1695
80.7452 72.7652 93.4917 76.2751 79.914 77.3438
80.7452 72.7652 79.914 77.3438 52.7324 80.9002
80.7452 72.7652 52.7324 80.9002 31.1926 86.582
93.4917 76.2751 80.7452 72.7652 111.479 72.3639
79.914 77.3438 67.8971 81.252 63.7198 81.3636
67.8971 81.252 79.914 77.3438 93.4917 76.2751
38.5574 79.2636 1.86459 81.586 6.98933 81.646
21.1545 79.199 38.5574 79.2636 1.86459 81.586
30.3932 73.094 21.1545 79.199 1.86459 81.586
43.2354 72.8121 30.3932 73.094 21.1545 79.199
111.479 72.3639 80.7452 72.7652 43.2354 72.8121
140.081 69.4933 111.479 72.3639 43.2354 72.8121
140.081 69.4933 43.2354 72.8121 30.3932 73.094
122.607 68.8691 140.081 69.4933 30.3932 73.094
53.606 68.251 91.5006 68.6219 122.607 68.8691
101.535 67.3144 53.606 68.251 122.607 68.8691
101.535 67.3144 122.607 68.8691 140.081 69.4933
73.4725 63.4287 101.535 67.3144 140.081 69.4933
92.5862 63.074 83.7962 63.3549 73.4725 63.4287
48.6909 62.178 92.5862 63.074 73.4725 63.4287
48.6909 62.178 73.4725 63.4287 101.535 67.3144
92.5862 63.074 48.6909 62.178 17.9852 60.6132
48.6909 62.178 42.4852 62.3155 62.2724 67.3376
17.9852 60.6132 48.6909 62.178 42.4852 62.3155
42.4852 62.3155 17.9852 60.6132 0.326403 59.7421
11.4573 68.8697 53.606 68.251 101.535 67.3144
68.2177 69.5881 20.2492 70.0774 -2.5095 70.7229
122.607 68.8691 68.2177 69.5881 -2.5095 70.7229
68.2177 69.5881 122.607 68.8691 91.5006 68.6219
2.86869 91.53 21.2765 87.8559 29.1944 83.9397
21.2765 87.8559 31.1926 86.582 29.1944 83.9397
140.081 69.4933 151.173 69.0566 131.057 67.3314
58.5427 60.0746 110.711 61.3909 98.4233 61.5905
28.4531 58.9474 58.5427 60.0746 98.4233 61.5905
98.4233 61.5905 28.4531 58.9474 11.9474 58.3385
83.8046 46.5438 67.2354 50.4726 57.508 51.9156
147.56 42.4769 170.119 43.4748 109.322 43.7836
97.517 42.3739 147.56 42.4769 109.322 43.7836
97.517 42.3739 109.322 43.7836 83.8046 46.5438
97.517 42.3739 83.8046 46.5438 57.508 51.9156
147.56 42.4769 97.517 42.3739 17.1854 42.0978
136.952 49.1058 129.297 48.2195 109.322 43.7836
129.297 48.2195 112.091 47.0015 109.322 43.7836
112.091 47.0015 83.8046 46.5438 109.322 43.7836
23.9622 49.6248 40.42 51.5738 31.1343 53.8697
50.3607 47.1278 23.9622 49.6248 40.42 51.5738
91.8861 42.4725 50.3607 47.1278 23.9622 49.6248
97.517 42.3739 68.1467 42.4064 91.8861 42.4725
97.517 42.3739 91.8861 42.4725 50.3607 47.1278
68.1467 42.4064 97.517 42.3739 17.1854 42.0978
91.8861 42.4725 6.3597 46.7725 2.51512 48.8134
6.3597 46.7725 91.8861 42.4725 68.1467 42.4064
112.091 47.0015 93.7282 50.1726 100.779 50.3996
93.7282 50.1726 112.091 47.0015 83.8046 46.5438
122.703 52.8917 129.297 48.2195 112.091 47.0015
2.51512 48.8134 6.3597 46.7725 2.35677 38.9757
163.735 41.1796 182.264 41.1364 116.604 39.5225
51.6475 41.2059 56.9261 39.9696 39.0075 37.558
