97.9296 28.9226 97.443 29.7022 96.3491 29.8308
96.755 24.6259 97.9296 28.9226 96.3491 29.8308
96.2745 19.826 96.755 24.6259 97.9296 28.9226
96.9733 19.162 96.2745 19.826 97.9296 28.9226
98.7173 16.5524 94.6398 19.0752 96.9733 19.162
98.7173 16.5524 96.9733 19.162 97.9296 28.9226
97.9296 28.9226 98.7173 16.5524 99.7214 12.366
98.7173 16.5524 96.7855 13.9724 99.7214 12.366
86.4517 23.7962 86.8287 24.1256 80.4263 27.9726
89.7762 21.7795 86.4517 23.7962 86.8287 24.1256
93.6265 20.7038 89.7762 21.7795 86.8287 24.1256
96.2745 19.826 93.6265 20.7038 86.8287 24.1256
93.6265 20.7038 96.2745 19.826 96.9733 19.162
79.8255 25.599 80.183 26.2848 78.9749 26.7686
73.7775 25.3538 79.8255 25.599 78.9749 26.7686
78.8305 24.7445 73.7775 25.3538 79.8255 25.599
73.8746 24.1597 78.8305 24.7445 73.7775 25.3538
79.8275 23.7267 73.8746 24.1597 78.8305 24.7445
89.7762 21.7795 79.8275 23.7267 78.8305 24.7445
79.8275 23.7267 89.7762 21.7795 93.6265 20.7038
87.3299 27.1222 93.6123 27.618 88.1475 27.9834
94.2457 26.5554 87.3299 27.1222 93.6123 27.618
96.755 24.6259 94.2457 26.5554 93.6123 27.618
94.2457 26.5554 96.755 24.6259 96.2745 19.826
88.9907 26.4911 94.2457 26.5554 87.3299 27.1222
93.159 26.3586 88.9907 26.4911 94.2457 26.5554
94.2457 26.5554 93.159 26.3586 93.2844 23.0173
88.9907 26.4911 93.159 26.3586 92.0764 25.8829
73.8746 24.1597 79.8275 23.7267 80.6324 21.9312
69.9156 19.5559 69.4036 19.8323 72.59 20.0181
94.8643 19.171 69.9156 19.5559 72.59 20.0181
96.9733 19.162 94.8643 19.171 72.59 20.0181
94.6398 19.0752 96.9733 19.162 94.8643 19.171
90.2848 18.0883 94.6398 19.0752 94.8643 19.171
88.6375 15.2105 90.2848 18.0883 94.6398 19.0752
87.1439 14.4442 88.6375 15.2105 90.2848 18.0883
82.9224 12.916 87.1439 14.4442 90.2848 18.0883
80.0246 11.4602 82.9224 12.916 87.1439 14.4442
66.8344 10.0493 66.5718 10.1654 77.9358 10.7558
72.1532 9.09063 66.8344 10.0493 77.9358 10.7558
70.8117 8.16905 72.1532 9.09063 77.9358 10.7558
70.8117 8.16905 77.9358 10.7558 80.0246 11.4602
73.3212 7.21639 70.8117 8.16905 80.0246 11.4602
73.3212 7.21639 80.0246 11.4602 87.1439 14.4442
70.3122 4.96301 73.3212 7.21639 70.8117 8.16905
70.8117 8.16905 70.3122 4.96301 70.0417 4.65513
70.3122 4.96301 74.4309 5.99262 72.592 6.04869
70.0417 4.65513 70.3122 4.96301 74.4309 5.99262
70.9267 4.48112 70.0417 4.65513 74.4309 5.99262
74.4309 5.99262 70.9267 4.48112 70.6856 3.65349
60.6287 6.2508 40.1646 9.96802 36.6425 10.8081
70.0417 4.65513 60.6287 6.2508 36.6425 10.8081
60.6287 6.2508 70.0417 4.65513 70.9267 4.48112
11.5808 15.9928 8.81035 16.1055 17.4264 16.8503
13.2972 15.6386 11.5808 15.9928 17.4264 16.8503
15.4257 15.6126 13.2972 15.6386 17.4264 16.8503
35.8934 15.2529 42.1023 15.4046 15.4257 15.6126
35.8934 15.2529 15.4257 15.6126 13.2972 15.6386
35.6825 14.9914 35.8934 15.2529 13.2972 15.6386
37.7318 14.5867 35.6825 14.9914 35.8934 15.2529
42.8079 14.1555 37.7318 14.5867 35.8934 15.2529
50.4633 12.7635 42.8079 14.1555 37.7318 14.5867
62.1566 10.9705 50.4633 12.7635 37.7318 14.5867
66.8575 10.4915 62.1566 10.9705 50.4633 12.7635
66.5718 10.1654 66.8575 10.4915 62.1566 10.9705
62.1566 10.9705 66.5718 10.1654 66.8344 10.0493
4.57679 26.6764 5.61866 28.3241 12.4463 28.3345
13.1561 26.6679 4.57679 26.6764 12.4463 28.3345
11.3165 26.0491 13.1561 26.6679 4.57679 26.6764
29.272 21.4093 11.3165 26.0491 4.57679 26.6764
41.8254 18.5363 33.8827 20.597 29.272 21.4093
41.8254 18.5363 29.272 21.4093 4.57679 26.6764
45.2609 17.9852 39.5803 18.298 41.8254 18.5363
45.2609 17.9852 41.8254 18.5363 33.8827 20.597
76.3858 10.8875 45.2609 17.9852 33.8827 20.597
77.9358 10.7558 76.3858 10.8875 33.8827 20.597
76.3858 10.8875 77.9358 10.7558 66.5718 10.1654
10.2545 19.6199 39.5803 18.298 45.2609 17.9852
41.8254 18.5363 22.5606 21.085 13.503 22.3407
22.5606 21.085 41.8254 18.5363 39.5803 18.298
2.02045 29.7648 5.61866 28.3241 4.57679 26.6764
13.1561 26.6679 22.1767 28.6575 20.7627 29.323
22.1767 28.6575 13.1561 26.6679 11.3165 26.0491
56.7211 17.0808 32.3889 23.0041 30.7511 23.5037
68.4329 14.204 56.7211 17.0808 30.7511 23.5037
75.5794 12.1444 68.4329 14.204 56.7211 17.0808
80.0246 11.4602 75.5794 12.1444 68.4329 14.204
75.5794 12.1444 80.0246 11.4602 77.9358 10.7558
71.244 23.1621 60.2162 23.7335 59.7138 23.7662
62.3111 22.5423 71.244 23.1621 60.2162 23.7335
69.9156 19.5559 69.4036 19.8323 62.3111 22.5423
63.6376 19.2067 69.9156 19.5559 62.3111 22.5423
63.6376 19.2067 62.3111 22.5423 60.2162 23.7335
66.3917 18.7006 63.6376 19.2067 69.9156 19.5559
57.8885 17.9238 66.3917 18.7006 63.6376 19.2067
66.3917 18.7006 57.8885 17.9238 58.7447 17.6608
55.7609 18.9716 48.0424 20.8979 44.8377 20.9195
57.8885 17.9238 55.7609 18.9716 44.8377 20.9195
57.8885 17.9238 44.8377 20.9195 24.4335 25.3808
24.4335 25.3808 57.8885 17.9238 58.7447 17.6608
50.3141 20.9011 36.3009 23.6828 29.2014 25.0065
29.2014 25.0065 50.3141 20.9011 48.0424 20.8979
50.3141 20.9011 43.5404 23.2333 40.8859 24.569
40.8859 24.569 50.3141 20.9011 55.7609 18.9716
50.3141 20.9011 48.0424 20.8979 55.7609 18.9716
49.6597 22.5348 55.7609 18.9716 57.8885 17.9238
71.244 23.1621 62.3111 22.5423 74.4744 21.0585
65.14 25.2316 70.7067 26.4311 83.7751 29.3529
70.7067 26.4311 65.14 25.2316 59.7138 23.7662
65.14 25.2316 54.1428 24.6634 59.7138 23.7662
52.6099 25.8848 52.5806 26.5561 51.1405 28.6708
53.2196 23.4128 60.2162 23.7335 59.7138 23.7662
53.2196 23.4128 59.7138 23.7662 54.1428 24.6634
53.2196 23.4128 54.1428 24.6634 52.6099 25.8848
53.2196 23.4128 52.6099 25.8848 51.1405 28.6708
53.2196 23.4128 51.1405 28.6708 50.6606 29.8374
55.5306 21.6527 53.2196 23.4128 60.2162 23.7335
60.2162 23.7335 55.5306 21.6527 55.534 20.9275
45.5874 28.6852 53.2196 23.4128 55.5306 21.6527
55.6732 28.4713 55.6941 27.3566 52.5806 26.5561
55.6941 27.3566 59.9052 28.6505 60.2619 28.9755
59.9052 28.6505 55.6941 27.3566 52.6099 25.8848
55.6941 27.3566 52.5806 26.5561 52.6099 25.8848
60.2619 28.9755 59.9052 28.6505 68.4063 28.1814
79.4243 18.8914 94.8643 19.171 69.9156 19.5559
84.1675 18.8181 79.4243 18.8914 94.8643 19.171
80.6068 18.0739 84.1675 18.8181 79.4243 18.8914
70.8702 17.781 80.6068 18.0739 79.4243 18.8914
74.1543 16.7438 65.2508 17.643 70.8702 17.781
74.1543 16.7438 70.8702 17.781 80.6068 18.0739
67.4534 16.6042 74.1543 16.7438 65.2508 17.643
72.4371 16.563 67.4534 16.6042 74.1543 16.7438
76.7454 16.5334 72.4371 16.563 74.1543 16.7438
72.4371 16.563 76.7454 16.5334 81.5842 15.9565
64.0989 16.5294 72.4371 16.563 67.4534 16.6042
72.4371 16.563 64.0989 16.5294 68.0993 16.3293
30.7511 23.5037 28.4262 23.5682 21.0106 24.9181
32.3889 23.0041 30.7511 23.5037 28.4262 23.5682
33.6948 21.892 32.3889 23.0041 28.4262 23.5682
40.8114 20.5958 33.6948 21.892 32.3889 23.0041
41.4049 20.4938 40.8114 20.5958 32.3889 23.0041
54.0036 17.2076 41.4049 20.4938 32.3889 23.0041
41.4049 20.4938 54.0036 17.2076 55.9716 16.6723
40.8114 20.5958 41.4049 20.4938 45.3012 18.7222
22.1767 28.6575 20.7627 29.323 23.2415 29.9153
24.7833 28.2845 22.1767 28.6575 23.2415 29.9153
44.547 25.309 35.1852 27.7079 24.7833 28.2845
44.547 25.309 24.7833 28.2845 22.1767 28.6575
35.1852 27.7079 44.547 25.309 49.6242 24.3642
24.5784 21.4295 13.503 22.3407 17.3365 22.8944
17.3365 22.8944 24.5784 21.4295 25.7796 21.4018
17.3365 22.8944 10.0482 23.2234 4.15416 24.6766
13.503 22.3407 17.3365 22.8944 10.0482 23.2234
10.6587 20.9267 22.5606 21.085 13.503 22.3407
10.6587 20.9267 13.503 22.3407 10.0482 23.2234
22.5606 21.085 10.6587 20.9267 20.2698 20.4484
4.15416 24.6766 11.0092 24.9916 6.20485 26.0561
6.20485 26.0561 4.15416 24.6766 0.502462 23.1409
4.15416 24.6766 10.0482 23.2234 0.502462 23.1409
42.1023 15.4046 35.8934 15.2529 44.9459 14.6053
12.1467 17.449 32.5002 17.69 25.1561 18.6304
7.35563 17.0367 12.1467 17.449 25.1561 18.6304
17.4264 16.8503 7.35563 17.0367 12.1467 17.449
12.1467 17.449 17.4264 16.8503 31.3167 15.9878
8.81035 16.1055 17.4264 16.8503 7.35563 17.0367
6.95147 12.4125 8.81035 16.1055 7.35563 17.0367
5.68908 11.5163 6.95147 12.4125 7.35563 17.0367
4.7653 10.5416 5.68908 11.5163 7.35563 17.0367
3.52703 5.21816 4.10356 10.2809 4.7653 10.5416
3.52703 5.21816 4.7653 10.5416 5.68908 11.5163
3.49719 3.9878 3.52703 5.21816 5.68908 11.5163
3.52703 5.21816 3.49719 3.9878 3.20685 2.98808
3.49719 3.9878 4.13218 3.33853 3.20685 2.98808
32.5002 17.69 25.1561 18.6304 28.0778 18.7739
44.3612 16.0014 32.5002 17.69 28.0778 18.7739
50.8853 15.0497 44.3612 16.0014 28.0778 18.7739
44.3612 16.0014 50.8853 15.0497 67.8545 12.209
37.0507 17.3914 50.8853 15.0497 67.8545 12.209
4.10356 10.2809 4.7653 10.5416 4.48497 10.8794
4.10356 10.2809 4.48497 10.8794 4.7046 12.8845
4.7046 12.8845 4.10356 10.2809 0.879045 9.46422
4.10356 10.2809 3.52703 5.21816 3.16241 2.87932
6.95147 12.4125 5.68908 11.5163 8.95124 11.2229
10.1099 15.6879 11.5808 15.9928 8.81035 16.1055
13.1287 12.5055 10.1099 15.6879 8.81035 16.1055
13.6255 10.936 13.1287 12.5055 8.81035 16.1055
13.1287 12.5055 13.6255 10.936 16.5032 9.47154
16.5032 9.47154 13.6255 10.936 9.31939 12.9399
9.31939 12.9399 16.5032 9.47154 16.3116 9.10925
13.7983 13.7049 10.1099 15.6879 11.5808 15.9928
15.3175 13.0829 13.7983 13.7049 11.5808 15.9928
17.7985 10.7544 19.7812 11.7205 15.3175 13.0829
17.7985 10.7544 15.3175 13.0829 13.7983 13.7049
17.9434 10.5346 17.7985 10.7544 13.7983 13.7049
17.7985 10.7544 17.9434 10.5346 26.58 7.58526
21.6239 13.6064 13.2972 15.6386 11.5808 15.9928
24.317 12.3948 21.6239 13.6064 11.5808 15.9928
30.1803 10.5973 30.6171 10.699 24.317 12.3948
30.1803 10.5973 24.317 12.3948 11.5808 15.9928
36.6918 8.80048 30.1803 10.5973 30.6171 10.699
51.7161 4.24313 36.6918 8.80048 30.6171 10.699
57.09 2.19655 53.9716 2.9676 51.7161 4.24313
30.6171 10.699 51.7161 4.24313 65.2928 0.64788
51.7161 4.24313 57.09 2.19655 65.2928 0.64788
57.09 2.19655 51.3964 1.42338 65.2928 0.64788
51.3964 1.42338 46.9719 1.27487 65.2928 0.64788
31.7714 1.91019 46.9719 1.27487 63.2693 0.337387
46.9719 1.27487 65.2928 0.64788 63.2693 0.337387
29.8248 2.28044 11.6044 3.40058 10.4304 3.50696
51.3964 1.42338 29.8248 2.28044 10.4304 3.50696
29.8248 2.28044 51.3964 1.42338 46.9719 1.27487
9.30801 6.54033 6.84178 7.46031 7.49756 7.54637
11.9772 6.2566 9.30801 6.54033 7.49756 7.54637
22.7666 5.0448 11.9772 6.2566 9.30801 6.54033
37.0182 3.96115 22.7666 5.0448 11.9772 6.2566
57.09 2.19655 37.0182 3.96115 11.9772 6.2566
37.0182 3.96115 57.09 2.19655 51.3964 1.42338
40.0431 6.39469 31.0304 8.61982 24.5032 9.02675
43.4395 5.56979 40.0431 6.39469 31.0304 8.61982
43.5698 5.54083 43.4395 5.56979 31.0304 8.61982
53.9716 2.9676 43.5698 5.54083 43.4395 5.56979
43.4395 5.56979 53.9716 2.9676 57.09 2.19655
28.6821 7.88688 40.0431 6.39469 43.4395 5.56979
24.5032 9.02675 31.0304 8.61982 37.3022 8.43457
25.207 3.61597 37.0182 3.96115 22.7666 5.0448
37.0182 3.96115 25.207 3.61597 30.2862 3.15989
9.8843 2.96811 11.6044 3.40058 10.4304 3.50696
9.8843 2.96811 10.4304 3.50696 7.43619 4.35653
7.43619 4.35653 9.8843 2.96811 6.17368 1.76941
12.7024 2.80637 9.8843 2.96811 11.6044 3.40058
39.2649 1.00377 12.7024 2.80637 9.8843 2.96811
12.7024 2.80637 39.2649 1.00377 55.5706 0.0392917
39.2649 1.00377 35.6258 0.678772 55.5706 0.0392917
35.6258 0.678772 27.2337 0.472283 55.5706 0.0392917
39.2649 1.00377 27.9713 1.08773 26.4027 1.38301
27.9713 1.08773 39.2649 1.00377 35.6258 0.678772
35.6258 0.678772 23.2782 0.83123 9.07983 1.07707
27.2337 0.472283 35.6258 0.678772 23.2782 0.83123
23.2782 0.83123 27.2337 0.472283 29.1962 0.182676
50.9774 5.71448 38.1796 9.2921 30.6171 10.699
30.6171 10.699 50.9774 5.71448 49.9852 5.68205
38.1796 9.2921 30.6171 10.699 24.317 12.3948
50.3462 6.60932 38.1796 9.2921 24.317 12.3948
64.1047 3.4898 58.9344 5.17774 50.3462 6.60932
64.1047 3.4898 50.3462 6.60932 38.1796 9.2921
58.9344 5.17774 64.1047 3.4898 70.4985 2.07653
45.2159 7.6089 64.1047 3.4898 70.4985 2.07653
13.2972 15.6386 21.6239 13.6064 62.49 4.96449
35.6525 14.0502 37.7318 14.5867 35.6825 14.9914
35.6825 14.9914 35.6525 14.0502 34.5793 11.7197
35.6525 14.0502 36.049 12.6295 34.5793 11.7197
40.642 12.9076 58.8308 10.5497 66.8344 10.0493
72.1532 9.09063 66.8344 10.0493 58.8308 10.5497
72.1532 9.09063 58.8308 10.5497 40.229 11.9778
70.4701 9.0032 72.1532 9.09063 40.229 11.9778
67.3441 8.57528 70.4701 9.0032 72.1532 9.09063
54.8086 8.49776 54.3528 8.50145 67.3441 8.57528
61.0782 7.33064 54.8086 8.49776 67.3441 8.57528
61.0782 7.33064 67.3441 8.57528 72.1532 9.09063
72.1532 9.09063 61.0782 7.33064 60.4525 7.03979
54.5414 9.74338 62.4777 9.14392 67.3441 8.57528
62.4777 9.14392 70.4701 9.0032 67.3441 8.57528
72.1532 9.09063 70.8117 8.16905 66.9964 6.51384
80.5225 6.80696 87.1439 14.4442 88.6375 15.2105
87.1439 14.4442 80.5225 6.80696 79.1534 5.92428
79.1534 5.92428 80.5225 6.80696 83.1634 7.37435
78.188 4.54611 79.1534 5.92428 83.1634 7.37435
75.0551 3.63247 78.188 4.54611 79.1534 5.92428
86.5722 2.80004 96.6924 2.80354 75.0551 3.63247
81.2607 2.47413 86.5722 2.80004 75.0551 3.63247
70.3463 1.41172 81.2607 2.47413 75.0551 3.63247
70.3463 1.41172 75.0551 3.63247 79.1534 5.92428
70.1823 1.40045 70.3463 1.41172 79.1534 5.92428
72.7973 1.03332 70.1823 1.40045 70.3463 1.41172
70.1823 1.40045 72.7973 1.03332 72.3986 0.074446
93.6875 13.1555 96.7855 13.9724 98.7173 16.5524
92.0687 13.005 93.6875 13.1555 98.7173 16.5524
89.7799 11.4357 92.0687 13.005 93.6875 13.1555
83.3673 5.30035 89.7799 11.4357 93.6875 13.1555
89.7799 11.4357 83.3673 5.30035 82.1685 4.49257
84.4367 5.7412 87.7221 6.3229 87.48 7.90603
83.3673 5.30035 84.4367 5.7412 87.48 7.90603
84.4367 5.7412 83.3673 5.30035 82.1685 4.49257
95.4078 7.43166 87.7221 6.3229 84.4367 5.7412
94.0494 10.7467 93.6875 13.1555 96.7855 13.9724
93.7203 9.28771 94.0494 10.7467 93.6875 13.1555
96.6914 6.66506 93.7203 9.28771 94.0494 10.7467
93.7203 9.28771 96.6914 6.66506 96.7962 6.20353
