97.9787 88.6181 69.0155 90.7974 36.9645 91.3642
170.157 83.5149 97.9787 88.6181 69.0155 90.7974
198.317 82.4895 170.157 83.5149 69.0155 90.7974
147.596 80.9527 198.317 82.4895 170.157 83.5149
142.535 79.9467 147.596 80.9527 198.317 82.4895
68.2319 78.3129 142.535 79.9467 147.596 80.9527
142.535 79.9467 68.2319 78.3129 113.184 76.0107
28.788 80.2153 20.2208 80.9975 57.0911 81.4702
68.2319 78.3129 28.788 80.2153 57.0911 81.4702
28.788 80.2153 68.2319 78.3129 113.184 76.0107
50.9854 82.4872 37.7048 82.8041 7.58959 83.4036
3.68547 82.2387 50.9854 82.4872 7.58959 83.4036
3.68547 82.2387 7.58959 83.4036 22.7802 91.99
50.9854 82.4872 3.68547 82.2387 57.0911 81.4702
37.7048 82.8041 78.69 83.1707 92.8307 83.3653
78.69 83.1707 37.7048 82.8041 50.9854 82.4872
20.2208 80.9975 57.0911 81.4702 3.68547 82.2387
1.09549 72.818 20.2208 80.9975 3.68547 82.2387
1.09549 72.818 3.68547 82.2387 -2.75509 90.255
-0.0961337 58.5542 1.09549 72.818 -2.75509 90.255
1.09549 72.818 -0.0961337 58.5542 -2.49768 8.89952
-0.0961337 58.5542 -1.59734 47.3905 -2.49768 8.89952
101.369 82.7538 78.69 83.1707 92.8307 83.3653
101.369 82.7538 92.8307 83.3653 32.0988 88.2843
78.69 83.1707 101.369 82.7538 131.054 81.9714
121.751 83.5764 101.369 82.7538 131.054 81.9714
-0.0961337 58.5542 -1.59734 47.3905 -3.05667 37.7869
9.36502 70.81 1.09549 72.818 20.2208 80.9975
17.1763 68.8514 9.36502 70.81 1.09549 72.818
22.8493 62.1714 47.9623 62.5465 17.1763 68.8514
22.8493 62.1714 17.1763 68.8514 1.09549 72.818
29.6951 60.1364 22.8493 62.1714 47.9623 62.5465
36.8984 59.9664 29.6951 60.1364 47.9623 62.5465
67.1446 56.3867 36.8984 59.9664 47.9623 62.5465
82.7643 53.1836 89.7089 53.7783 67.1446 56.3867
82.7643 53.1836 67.1446 56.3867 36.8984 59.9664
36.8984 59.9664 82.7643 53.1836 108.154 46.1485
22.8493 62.1714 29.6951 60.1364 11.8067 57.0099
18.5034 49.5948 36.8984 59.9664 29.6951 60.1364
29.6951 60.1364 18.5034 49.5948 6.45378 46.2392
18.5034 49.5948 33.0869 46.3713 6.45378 46.2392
48.4899 47.9067 58.4008 50.4054 38.9824 52.5835
22.4394 40.9201 6.45378 46.2392 33.0869 46.3713
22.4394 40.9201 33.0869 46.3713 48.4899 47.9067
22.4394 40.9201 48.4899 47.9067 58.4008 50.4054
6.45378 46.2392 22.4394 40.9201 8.06455 36.9874
68.8317 47.5006 51.3827 43.0179 22.4394 40.9201
51.3827 43.0179 68.747 42.0158 22.4394 40.9201
150.215 48.7597 68.747 42.0158 8.06455 36.9874
68.747 42.0158 22.4394 40.9201 8.06455 36.9874
89.7089 53.7783 82.7643 53.1836 96.1084 50.8283
17.1763 68.8514 47.9623 62.5465 123.102 48.5211
58.8647 61.7301 31.9462 66.7347 17.1763 68.8514
17.1763 68.8514 58.8647 61.7301 127.932 48.8679
31.9462 66.7347 17.1763 68.8514 9.36502 70.81
98.8707 59.9362 31.9462 66.7347 9.36502 70.81
31.9462 66.7347 98.8707 59.9362 121.7 57.1624
98.8707 59.9362 81.0525 63.2023 48.3038 67.5633
121.7 57.1624 98.8707 59.9362 81.0525 63.2023
81.0525 63.2023 121.7 57.1624 128.54 56.279
128.54 56.279 121.7 57.1624 108.598 57.9005
159.263 52.5807 128.54 56.279 108.598 57.9005
108.598 57.9005 159.263 52.5807 142.044 51.812
159.263 52.5807 193.268 53.2321 209.639 56.5793
142.044 51.812 159.263 52.5807 193.268 53.2321
173.64 50.8432 142.044 51.812 193.268 53.2321
103.766 42.1137 173.64 50.8432 193.268 53.2321
81.022 39.564 103.766 42.1137 173.64 50.8432
103.766 42.1137 81.022 39.564 28.2172 32.6982
81.022 39.564 61.4711 37.5521 28.2172 32.6982
61.4711 37.5521 42.855 37.7628 32.8879 37.8998
42.855 37.7628 61.4711 37.5521 28.2172 32.6982
209.639 56.5793 193.268 53.2321 197.585 49.923
93.8771 72.9514 28.788 80.2153 20.2208 80.9975
20.2208 80.9975 93.8771 72.9514 178.112 63.6127
102.565 72.2738 93.8771 72.9514 28.788 80.2153
118.639 71.3012 208.072 71.7082 113.557 71.7165
118.639 71.3012 113.557 71.7165 102.565 72.2738
170.221 66.5045 141.99 70.4972 118.639 71.3012
170.221 66.5045 118.639 71.3012 102.565 72.2738
170.221 66.5045 102.565 72.2738 93.8771 72.9514
219.492 62.3389 170.221 66.5045 93.8771 72.9514
228.92 60.164 219.492 62.3389 93.8771 72.9514
258.318 58.5788 197.586 59.6382 228.92 60.164
258.318 58.5788 228.92 60.164 219.492 62.3389
251.657 58.4111 258.318 58.5788 197.586 59.6382
258.318 58.5788 251.657 58.4111 210.667 48.9562
130.498 73.1534 193.018 78.8762 210.644 80.5058
102.565 72.2738 130.498 73.1534 210.644 80.5058
130.498 73.1534 102.565 72.2738 113.557 71.7165
113.557 71.7165 146.902 72.4338 176.787 73.8554
146.902 72.4338 113.557 71.7165 208.072 71.7082
81.9262 71.494 57.5905 72.1435 41.2967 73.8452
156.829 63.6587 81.9262 71.494 57.5905 72.1435
192.66 60.5774 156.829 63.6587 57.5905 72.1435
228.92 60.164 136.076 60.24 192.66 60.5774
228.92 60.164 192.66 60.5774 156.829 63.6587
197.586 59.6382 228.92 60.164 136.076 60.24
136.076 60.24 197.586 59.6382 166.372 57.3656
153.569 60.8165 192.66 60.5774 136.076 60.24
69.2127 68.9447 57.5905 72.1435 41.2967 73.8452
57.5905 72.1435 69.2127 68.9447 91.5422 63.8742
158.768 69.9427 141.99 70.4972 118.639 71.3012
246.882 67.299 158.768 69.9427 118.639 71.3012
118.639 71.3012 246.882 67.299 258.709 67.1787
258.709 67.1787 246.882 67.299 193.682 67.5997
217.116 67.1389 258.709 67.1787 193.682 67.5997
282.907 63.7823 217.116 67.1389 193.682 67.5997
306.846 61.9457 282.907 63.7823 193.682 67.5997
193.682 67.5997 306.846 61.9457 299.677 60.925
226.026 83.2168 203.538 89.2062 183.9 90.6637
306.846 61.9457 226.026 83.2168 203.538 89.2062
318.424 57.2995 272.128 60.1126 286.179 60.1334
318.424 57.2995 286.179 60.1334 299.677 60.925
318.424 57.2995 299.677 60.925 306.846 61.9457
331.972 56.4927 318.424 57.2995 306.846 61.9457
331.972 56.4927 306.846 61.9457 203.538 89.2062
318.424 57.2995 331.972 56.4927 301.404 53.4274
293.555 67.1233 258.884 78.0463 247.733 79.0197
296.594 66.478 293.555 67.1233 258.884 78.0463
331.972 56.4927 296.594 66.478 293.555 67.1233
347.41 52.3174 301.404 53.4274 331.972 56.4927
347.41 52.3174 331.972 56.4927 296.594 66.478
278.192 52.1943 347.41 52.3174 301.404 53.4274
270.749 51.8325 278.192 52.1943 301.404 53.4274
242.599 51.7228 270.749 51.8325 301.404 53.4274
262.48 51.6313 242.599 51.7228 270.749 51.8325
179.07 46.0876 262.48 51.6313 270.749 51.8325
262.48 51.6313 179.07 46.0876 112.863 42.2876
179.07 46.0876 230.666 47.7506 249.645 48.4555
230.666 47.7506 179.07 46.0876 112.863 42.2876
242.87 62.2601 286.179 60.1334 272.128 60.1126
249.645 48.4555 230.666 47.7506 142.772 42.4445
246.021 42.4796 270.749 51.8325 278.192 52.1943
270.749 51.8325 246.021 42.4796 231.66 37.4443
246.021 42.4796 270.647 41.8836 231.66 37.4443
270.647 41.8836 246.021 42.4796 261.213 42.7893
261.213 42.7893 270.647 41.8836 309.856 38.8639
310.871 51.111 343.315 51.4147 278.192 52.1943
278.192 52.1943 310.871 51.111 290.512 49.4342
343.561 76.6423 332.036 80.1834 358.288 89.9734
343.545 68.9066 343.561 76.6423 358.288 89.9734
372.719 66.1196 362.479 67.9603 343.545 68.9066
346.459 63.5655 372.719 66.1196 343.545 68.9066
340.17 59.9597 346.459 63.5655 343.545 68.9066
340.17 59.9597 343.545 68.9066 343.561 76.6423
347.41 52.3174 340.17 59.9597 346.459 63.5655
343.315 51.4147 278.192 52.1943 347.41 52.3174
349.008 41.5739 343.315 51.4147 347.41 52.3174
349.008 41.5739 347.41 52.3174 346.459 63.5655
340.992 39.2847 329.716 39.5142 349.008 41.5739
358.791 38.0043 340.992 39.2847 349.008 41.5739
358.791 38.0043 349.008 41.5739 346.459 63.5655
371.411 16.1116 361.556 31.487 358.791 38.0043
371.411 16.1116 358.791 38.0043 346.459 63.5655
361.556 31.487 371.411 16.1116 373.725 7.35697
320.062 92.0341 333.346 92.4064 366.208 93.3486
341.882 89.6045 320.062 92.0341 333.346 92.4064
310.15 87.8421 341.882 89.6045 320.062 92.0341
291.967 86.2025 283.488 87.2505 310.15 87.8421
291.967 86.2025 310.15 87.8421 341.882 89.6045
307.209 83.6828 291.967 86.2025 283.488 87.2505
303.722 83.3107 307.209 83.6828 283.488 87.2505
323.894 70.2619 303.722 83.3107 283.488 87.2505
340.17 59.9597 323.894 70.2619 303.722 83.3107
323.894 70.2619 340.17 59.9597 347.41 52.3174
226.362 91.9618 206.404 92.0887 302.201 93.3629
266.315 89.8901 226.362 91.9618 206.404 92.0887
310.15 87.8421 259.489 89.2147 266.315 89.8901
310.15 87.8421 266.315 89.8901 226.362 91.9618
259.489 89.2147 310.15 87.8421 283.488 87.2505
353.322 69.8004 343.545 68.9066 362.479 67.9603
353.155 76.4362 368.526 79.2112 363.459 82.1869
362.479 67.9603 353.155 76.4362 368.526 79.2112
368.526 79.2112 362.479 67.9603 372.719 66.1196
376.836 29.3806 378.345 36.8963 380.652 47.2047
376.785 18.7707 376.836 29.3806 380.652 47.2047
373.725 7.35697 371.411 16.1116 376.785 18.7707
378.939 7.2092 373.725 7.35697 376.785 18.7707
378.939 7.2092 376.785 18.7707 380.652 47.2047
369.41 3.12138 378.939 7.2092 373.725 7.35697
378.939 7.2092 369.41 3.12138 377.288 2.78275
367.468 36.2429 376.836 29.3806 376.785 18.7707
378.345 36.8963 380.366 80.2419 381.761 93.5784
380.366 80.2419 378.345 36.8963 376.836 29.3806
361.423 3.306 369.41 3.12138 377.288 2.78275
326.194 50.6233 310.871 51.111 343.315 51.4147
318.123 49.5308 326.194 50.6233 310.871 51.111
310.871 51.111 318.123 49.5308 292.791 42.8558
326.194 50.6233 318.123 49.5308 317.35 43.6087
299.26 36.7411 329.716 39.5142 349.008 41.5739
207.928 29.9029 299.26 36.7411 349.008 41.5739
183.953 27.9071 207.928 29.9029 299.26 36.7411
189.757 27.2122 183.953 27.9071 299.26 36.7411
299.26 36.7411 189.757 27.2122 126.308 21.3478
236.208 32.933 207.928 29.9029 183.953 27.9071
166.802 31.6544 96.6587 32.5625 198.161 32.7255
140.002 30.3328 166.802 31.6544 198.161 32.7255
161.793 30.0203 140.002 30.3328 198.161 32.7255
183.953 27.9071 161.793 30.0203 198.161 32.7255
161.793 30.0203 183.953 27.9071 189.757 27.2122
203.763 37.8572 211.678 43.1188 216.458 46.2061
216.494 36.3842 158.746 36.7173 203.763 37.8572
216.494 36.3842 203.763 37.8572 216.458 46.2061
128.748 33.6376 216.494 36.3842 158.746 36.7173
96.6587 32.5625 198.161 32.7255 128.748 33.6376
96.6587 32.5625 128.748 33.6376 158.746 36.7173
58.0909 31.7766 96.6587 32.5625 158.746 36.7173
96.6587 32.5625 58.0909 31.7766 48.5936 30.7066
216.494 36.3842 236.6 36.9862 283.798 40.0254
236.6 36.9862 216.494 36.3842 128.748 33.6376
48.5936 30.7066 58.0909 31.7766 0.546752 33.0538
41.8924 30.1564 48.5936 30.7066 0.546752 33.0538
11.6412 29.5393 41.8924 30.1564 0.546752 33.0538
0.546752 33.0538 11.6412 29.5393 27.6447 21.0071
183.61 38.3055 171.727 40.3816 126.507 42.2483
203.763 37.8572 148.311 38.1283 183.61 38.3055
203.763 37.8572 183.61 38.3055 171.727 40.3816
148.311 38.1283 203.763 37.8572 158.746 36.7173
216.458 46.2061 211.678 43.1188 188.432 42.3271
148.311 38.1283 183.61 38.3055 86.8952 38.9452
86.8952 38.9452 148.311 38.1283 121.933 37.8471
20.7697 28.5857 11.6412 29.5393 41.8924 30.1564
11.6412 29.5393 20.7697 28.5857 61.2274 21.5216
76.5053 26.0412 71.9403 26.9798 41.8924 30.1564
100.156 19.2593 76.5053 26.0412 41.8924 30.1564
113.086 16.2743 100.156 19.2593 41.8924 30.1564
100.156 19.2593 113.086 16.2743 167.724 8.11612
113.086 16.2743 93.8104 19.5256 72.8284 22.9212
191.623 7.51893 179.291 7.97482 167.724 8.11612
163.637 6.57801 223.319 6.76946 191.623 7.51893
163.637 6.57801 191.623 7.51893 167.724 8.11612
163.637 6.57801 167.724 8.11612 113.086 16.2743
163.637 6.57801 113.086 16.2743 72.8284 22.9212
147.654 6.5114 140.659 6.54225 163.637 6.57801
147.654 6.5114 163.637 6.57801 223.319 6.76946
63.987 2.71412 147.654 6.5114 140.659 6.54225
49.1015 2.56464 63.987 2.71412 140.659 6.54225
26.7949 1.52265 49.1015 2.56464 63.987 2.71412
63.987 2.71412 26.7949 1.52265 9.78652 -1.88766
273.365 8.7181 246.978 8.98593 238.962 9.60242
233.255 8.61927 273.365 8.7181 246.978 8.98593
167.724 8.11612 233.255 8.61927 246.978 8.98593
233.255 8.61927 167.724 8.11612 179.291 7.97482
26.7949 1.52265 36.7571 3.15936 93.91 7.23821
36.7571 3.15936 26.7949 1.52265 0.0831298 -2.13668
26.7949 1.52265 9.78652 -1.88766 0.0831298 -2.13668
126.279 6.5673 49.1015 2.56464 26.7949 1.52265
106.737 9.30298 62.6615 10.4349 103.887 11.6035
120.678 8.53484 106.737 9.30298 62.6615 10.4349
163.637 6.57801 120.678 8.53484 106.737 9.30298
120.678 8.53484 163.637 6.57801 140.659 6.54225
71.9403 26.9798 41.8924 30.1564 48.5936 30.7066
93.7232 26.119 71.9403 26.9798 48.5936 30.7066
136.637 23.9089 93.7232 26.119 71.9403 26.9798
71.9403 26.9798 136.637 23.9089 119.653 23.4444
36.5262 16.5122 52.5466 16.8454 76.8748 18.0276
76.0326 13.9964 36.5262 16.5122 52.5466 16.8454
103.887 11.6035 76.0326 13.9964 52.5466 16.8454
62.6615 10.4349 103.887 11.6035 76.0326 13.9964
49.9544 10.1396 62.6615 10.4349 76.0326 13.9964
62.6615 10.4349 49.9544 10.1396 67.4778 7.41588
49.9544 10.1396 39.2773 10.1256 67.4778 7.41588
17.0563 16.5442 13.4003 17.4059 1.40196 23.9451
36.5262 16.5122 17.0563 16.5442 1.40196 23.9451
17.0563 16.5442 36.5262 16.5122 76.0326 13.9964
1.40196 23.9451 13.4003 17.4059 13.5598 9.99113
19.6762 11.8698 17.0563 16.5442 13.4003 17.4059
17.0563 16.5442 19.6762 11.8698 28.138 6.68593
69.3338 0.498915 63.987 2.71412 147.654 6.5114
63.987 2.71412 69.3338 0.498915 22.4286 -2.90378
191.623 7.51893 223.319 6.76946 260.396 6.1488
293.791 7.61579 233.255 8.61927 273.365 8.7181
293.791 7.61579 273.365 8.7181 300.946 10.2747
233.255 8.61927 293.791 7.61579 279.815 6.32622
148.431 28.9996 161.793 30.0203 140.002 30.3328
161.793 30.0203 148.431 28.9996 122.794 26.6284
108.142 29.5385 148.431 28.9996 122.794 26.6284
359.473 22.986 361.556 31.487 358.791 38.0043
361.556 31.487 359.473 22.986 356.855 11.5554
359.473 22.986 351.803 19.8085 356.855 11.5554
351.803 19.8085 340.289 18.416 356.855 11.5554
356.855 11.5554 340.289 18.416 332.941 20.3105
347.72 9.82747 356.855 11.5554 332.941 20.3105
347.72 9.82747 332.941 20.3105 307.491 32.7154
356.855 11.5554 347.72 9.82747 331.564 2.61207
347.72 9.82747 308.391 3.27649 331.564 2.61207
331.564 2.61207 308.391 3.27649 247.242 3.61125
288.746 1.52928 331.564 2.61207 247.242 3.61125
280.862 0.20863 322.566 0.399644 288.746 1.52928
280.862 0.20863 288.746 1.52928 247.242 3.61125
263.556 -0.578775 280.862 0.20863 322.566 0.399644
322.566 0.399644 263.556 -0.578775 187.78 -1.8731
221.334 2.85667 121.843 3.12621 137.682 3.23177
176.078 2.18425 221.334 2.85667 121.843 3.12621
231.662 0.89986 176.078 2.18425 121.843 3.12621
239.069 0.592879 209.194 0.643701 231.662 0.89986
280.862 0.20863 239.069 0.592879 231.662 0.89986
280.862 0.20863 231.662 0.89986 176.078 2.18425
239.069 0.592879 280.862 0.20863 263.556 -0.578775
259.605 28.8838 286.515 29.2288 279.842 29.6165
259.605 28.8838 279.842 29.6165 303.534 30.544
250.584 27.4164 259.605 28.8838 286.515 29.2288
291.623 22.4205 250.584 27.4164 286.515 29.2288
311.186 19.5212 291.623 22.4205 286.515 29.2288
323.847 18.3556 311.186 19.5212 286.515 29.2288
329.523 11.4707 323.847 18.3556 311.186 19.5212
343.175 10.3758 329.523 11.4707 323.847 18.3556
347.72 9.82747 343.175 10.3758 323.847 18.3556
343.175 10.3758 347.72 9.82747 308.391 3.27649
268.037 31.4901 259.605 28.8838 250.584 27.4164
327.45 28.8784 337.137 29.5975 322.443 31.6551
332.941 20.3105 327.45 28.8784 322.443 31.6551
327.45 28.8784 332.941 20.3105 340.289 18.416
322.443 31.6551 337.137 29.5975 353.905 28.0791
239.716 23.3571 181.505 23.43 222.863 26.7703
246.758 23.2864 239.716 23.3571 222.863 26.7703
277.309 22.8803 246.758 23.2864 222.863 26.7703
291.623 22.4205 277.309 22.8803 222.863 26.7703
311.186 19.5212 291.623 22.4205 277.309 22.8803
297.031 17.0769 311.186 19.5212 277.309 22.8803
313.746 10.9563 297.031 17.0769 277.309 22.8803
297.031 17.0769 313.746 10.9563 319.48 9.64391
257.569 20.4657 313.746 10.9563 319.48 9.64391
181.505 23.43 222.863 26.7703 226.005 27.4404
226.005 27.4404 181.505 23.43 148.691 21.0235
203.447 23.0151 239.716 23.3571 181.505 23.43
158.814 18.2231 203.447 23.0151 181.505 23.43
190.185 16.7431 158.814 18.2231 203.447 23.0151
172.616 16.505 190.185 16.7431 158.814 18.2231
209.545 11.1262 172.616 16.505 158.814 18.2231
158.814 18.2231 209.545 11.1262 201.37 9.84332
268.947 17.5392 190.185 16.7431 172.616 16.505
206.699 22.8416 203.447 23.0151 239.716 23.3571
219.516 19.2062 206.699 22.8416 203.447 23.0151
206.699 22.8416 219.516 19.2062 229.78 19.1206
221.334 2.85667 176.078 2.18425 196.382 2.08013
209.194 0.643701 231.662 0.89986 97.4602 1.04205
126.933 -0.540974 209.194 0.643701 97.4602 1.04205
82.9185 -1.6264 126.933 -0.540974 97.4602 1.04205
86.5685 -3.0301 82.9185 -1.6264 126.933 -0.540974
112.77 -3.10303 86.5685 -3.0301 126.933 -0.540974
158.274 -3.25386 112.77 -3.10303 86.5685 -3.0301
86.5685 -3.0301 158.274 -3.25386 151.492 -3.58185
169.97 -1.87898 112.77 -3.10303 158.274 -3.25386
151.492 -3.58185 158.274 -3.25386 336.786 -3.00407
336.786 -3.00407 151.492 -3.58185 270.949 -3.69574
349.724 -0.223835 322.566 0.399644 288.746 1.52928
322.566 0.399644 349.724 -0.223835 298.987 -2.57178
378.593 68.0972 380.366 80.2419 381.761 93.5784
376.884 59.0962 378.593 68.0972 381.761 93.5784
381.761 93.5784 376.884 59.0962 371.505 33.4765
360.045 59.6878 346.459 63.5655 372.719 66.1196
360.06 51.9043 370.604 58.0329 360.045 59.6878
360.06 51.9043 360.045 59.6878 346.459 63.5655
370.604 58.0329 360.06 51.9043 368.488 50.8961
332.036 80.1834 343.561 76.6423 330.278 72.487
307.209 83.6828 303.722 83.3107 321.894 82.3613
366.208 93.3486 333.346 92.4064 350.157 91.9919
242.629 88.0961 259.489 89.2147 266.315 89.8901
259.489 89.2147 242.629 88.0961 253.725 86.0531
253.725 86.0531 242.629 88.0961 216.568 91.5108
216.568 91.5108 253.725 86.0531 270.037 83.5913
247.733 79.0197 277.696 79.4158 239.567 82.3085
258.884 78.0463 247.733 79.0197 277.696 79.4158
290.792 76.8588 258.884 78.0463 277.696 79.4158
258.884 78.0463 290.792 76.8588 311.969 71.4031
236.324 68.2284 226.112 69.0976 197.608 69.8765
268.682 67.9182 236.324 68.2284 226.112 69.0976
258.709 67.1787 268.682 67.9182 236.324 68.2284
268.682 67.9182 258.709 67.1787 278.661 67.0023
258.709 67.1787 217.116 67.1389 278.661 67.0023
220.641 81.876 210.644 80.5058 183.82 76.6888
210.644 80.5058 193.018 78.8762 183.82 76.6888
220.641 81.876 210.644 80.5058 162.941 77.7616
69.0155 90.7974 93.2969 89.6969 138.343 87.6477
69.0155 90.7974 36.9645 91.3642 58.8012 91.5385
93.2969 89.6969 69.0155 90.7974 58.8012 91.5385
113.735 89.1977 93.2969 89.6969 58.8012 91.5385
172.731 87.5345 113.735 89.1977 58.8012 91.5385
58.8012 91.5385 172.731 87.5345 192.685 87.002
132.209 88.2317 172.731 87.5345 192.685 87.002
80.1116 91.7786 116.382 92.7367 12.8383 93.6342
58.8012 91.5385 80.1116 91.7786 12.8383 93.6342
36.9645 91.3642 58.8012 91.5385 12.8383 93.6342
12.8383 93.6342 36.9645 91.3642 53.3675 88.8443
156.901 92.7126 116.382 92.7367 12.8383 93.6342
116.382 92.7367 156.901 92.7126 151.618 89.5118
