48.9911 4.96097 57.0825 5.76363 55.7195 6.02954
43.0999 4.40598 37.6379 4.50646 45.1859 4.78491
43.0999 4.40598 45.1859 4.78491 48.9911 4.96097
27.5798 2.42706 43.0999 4.40598 48.9911 4.96097
27.5798 2.42706 48.9911 4.96097 57.0825 5.76363
57.0825 5.76363 27.5798 2.42706 16.7986 1.00659
27.5798 2.42706 17.7934 1.52728 16.7986 1.00659
17.7934 1.52728 14.3779 1.33944 16.7986 1.00659
10.8174 1.41862 11.7432 1.59021 11.6444 1.84659
10.8174 1.41862 11.6444 1.84659 14.4641 3.44738
14.3779 1.33944 10.8174 1.41862 11.7432 1.59021
16.7986 1.00659 14.3779 1.33944 10.8174 1.41862
18.3064 0.888675 16.7986 1.00659 10.8174 1.41862
10.8174 1.41862 18.3064 0.888675 21.9626 0.532387
19.9794 3.07948 11.6444 1.84659 11.7432 1.59021
19.3092 1.75206 18.0458 1.88466 21.5708 2.35889
17.7934 1.52728 19.3092 1.75206 18.0458 1.88466
18.0458 1.88466 17.7934 1.52728 14.3779 1.33944
40.6623 15.6574 40.2123 24.2317 42.3651 28.4922
39.9216 9.32021 40.6623 15.6574 42.3651 28.4922
40.6623 15.6574 39.9216 9.32021 37.6379 4.50646
39.9216 9.32021 39.7805 5.03363 37.6379 4.50646
39.7805 5.03363 45.1859 4.78491 37.6379 4.50646
41.1337 12.8942 39.9216 9.32021 39.7805 5.03363
48.9367 8.2892 47.5719 8.41519 46.8245 8.49908
48.5694 7.05607 48.9367 8.2892 47.5719 8.41519
47.0174 6.17299 48.6537 6.96767 48.5694 7.05607
47.0174 6.17299 48.5694 7.05607 47.5719 8.41519
47.5719 8.41519 47.0174 6.17299 45.1859 4.78491
47.0174 6.17299 47.9753 5.10715 45.1859 4.78491
47.9753 5.10715 48.9911 4.96097 45.1859 4.78491
67.2991 13.9959 65.9494 14.1759 62.3634 14.4215
63.4516 13.2833 67.2991 13.9959 62.3634 14.4215
63.4516 13.2833 62.3634 14.4215 59.8737 14.6975
63.4516 13.2833 59.8737 14.6975 54.6985 16.0636
58.1059 12.1552 62.2398 13.224 63.4516 13.2833
58.1059 12.1552 63.4516 13.2833 67.2991 13.9959
57.1374 10.5211 58.1059 12.1552 67.2991 13.9959
67.2991 13.9959 57.1374 10.5211 48.5694 7.05607
57.1374 10.5211 51.7783 8.76498 48.5694 7.05607
51.7783 8.76498 48.9367 8.2892 48.5694 7.05607
58.1059 12.1552 54.4782 12.8475 54.612 12.8603
54.4782 12.8475 58.1059 12.1552 57.1374 10.5211
54.6164 21.6099 50.5471 25.1946 48.7782 27.1482
60.5005 15.0964 55.8357 20.1299 54.6164 21.6099
48.7782 27.1482 54.6164 21.6099 62.3634 14.4215
54.6164 21.6099 60.5005 15.0964 62.3634 14.4215
60.5005 15.0964 59.8737 14.6975 62.3634 14.4215
58.4954 21.2018 57.5509 23.1734 51.6527 26.6112
58.2824 20.8118 58.4954 21.2018 51.6527 26.6112
58.136 20.5921 58.2824 20.8118 51.6527 26.6112
59.9164 18.8897 59.7624 20.1903 58.136 20.5921
59.9164 18.8897 58.136 20.5921 51.6527 26.6112
62.6792 16.0621 59.9164 18.8897 51.6527 26.6112
62.3634 14.4215 62.2435 16.0106 62.6792 16.0621
59.9164 18.8897 62.6792 16.0621 65.9494 14.1759
62.6792 16.0621 62.3634 14.4215 65.9494 14.1759
62.6792 16.0621 57.0989 20.5298 55.1808 22.8545
57.0989 20.5298 62.6792 16.0621 62.2435 16.0106
56.8424 28.1577 54.5848 29.0849 53.2153 29.2473
58.8163 25.0631 56.8424 28.1577 53.2153 29.2473
57.5509 23.1734 58.8163 25.0631 53.2153 29.2473
58.8163 25.0631 57.5509 23.1734 58.4954 21.2018
64.7243 28.927 58.2824 20.8118 58.136 20.5921
65.4555 23.9995 64.444 25.293 65.2517 25.6208
65.152 23.9508 65.4555 23.9995 64.444 25.293
64.1095 23.2849 65.152 23.9508 64.444 25.293
62.2815 21.2973 64.1095 23.2849 64.444 25.293
62.9554 21.1088 62.2815 21.2973 64.1095 23.2849
60.5006 20.6906 62.9554 21.1088 62.2815 21.2973
58.136 20.5921 60.5006 20.6906 62.2815 21.2973
60.5006 20.6906 58.136 20.5921 59.7624 20.1903
89.2247 26.0032 80.8457 26.2093 93.8427 26.3829
90.8241 25.2404 89.2247 26.0032 93.8427 26.3829
84.4809 22.8179 90.8241 25.2404 93.8427 26.3829
83.0701 21.715 84.4809 22.8179 93.8427 26.3829
77.1209 18.7595 83.0701 21.715 93.8427 26.3829
67.1963 14.2075 77.1209 18.7595 93.8427 26.3829
77.1209 18.7595 67.1963 14.2075 65.9494 14.1759
71.9127 16.1286 76.0426 17.6978 86.3097 22.4118
67.1963 14.2075 72.1461 15.7444 71.9127 16.1286
67.1963 14.2075 71.9127 16.1286 86.3097 22.4118
72.1461 15.7444 67.1963 14.2075 67.2991 13.9959
67.1963 14.2075 65.9494 14.1759 67.2991 13.9959
76.0426 17.6978 78.4346 18.4574 88.9413 21.458
88.9413 21.458 76.0426 17.6978 71.9127 16.1286
51.7643 7.69714 48.5694 7.05607 48.6537 6.96767
46.1278 0.50047 18.3064 0.888675 16.7986 1.00659
49.0006 0.379595 46.1278 0.50047 18.3064 0.888675
55.1816 0.279741 49.0006 0.379595 46.1278 0.50047
71.5467 0.206503 55.1816 0.279741 46.1278 0.50047
47.1638 0.188 71.5467 0.206503 55.1816 0.279741
71.5467 0.206503 47.1638 0.188 1.67487 0.0447868
73.5159 14.7713 78.0628 16.1944 77.7761 17.0417
71.0598 14.0635 73.5159 14.7713 77.7761 17.0417
68.7305 13.2005 71.0598 14.0635 77.7761 17.0417
67.2266 11.2776 68.7305 13.2005 71.0598 14.0635
63.3752 10.1623 67.2266 11.2776 68.7305 13.2005
63.6755 9.45512 63.3752 10.1623 67.2266 11.2776
60.5358 7.74636 63.6755 9.45512 67.2266 11.2776
57.0825 5.76363 55.7195 6.02954 60.5358 7.74636
57.0825 5.76363 60.5358 7.74636 67.2266 11.2776
56.6533 5.18838 57.0825 5.76363 67.2266 11.2776
53.1433 4.25936 56.8773 4.88852 56.6533 5.18838
53.1433 4.25936 56.6533 5.18838 57.0825 5.76363
48.7601 3.73423 53.1433 4.25936 57.0825 5.76363
53.1433 4.25936 48.7601 3.73423 35.7429 1.41853
48.7601 3.73423 35.7554 2.51152 35.7429 1.41853
64.3501 7.58241 85.1114 15.278 86.6821 16.1865
66.855 7.02408 79.1256 7.12125 65.3679 7.36993
66.855 7.02408 65.3679 7.36993 64.3501 7.58241
58.0863 5.30932 66.855 7.02408 64.3501 7.58241
58.0863 5.30932 64.3501 7.58241 86.6821 16.1865
66.855 7.02408 58.0863 5.30932 56.8773 4.88852
58.0863 5.30932 56.6533 5.18838 56.8773 4.88852
86.2019 11.9781 90.4663 12.4676 94.6466 13.1332
78.7106 10.6432 83.9145 11.8219 86.2019 11.9781
78.7106 10.6432 86.2019 11.9781 90.4663 12.4676
76.1294 9.89145 78.7106 10.6432 90.4663 12.4676
64.3501 7.58241 76.1294 9.89145 90.4663 12.4676
90.4663 12.4676 64.3501 7.58241 65.3679 7.36993
78.7106 10.6432 76.5187 11.2449 77.4626 11.7348
76.5187 11.2449 78.7106 10.6432 76.1294 9.89145
98.1907 18.0124 96.2741 18.1779 86.0942 19.1344
95.3692 17.4184 98.1907 18.0124 96.2741 18.1779
95.2154 17.1338 95.3692 17.4184 98.1907 18.0124
93.5592 16.4391 95.2154 17.1338 98.1907 18.0124
93.7338 15.9545 93.5592 16.4391 98.1907 18.0124
90.5808 14.4953 93.7338 15.9545 98.1907 18.0124
89.0002 13.5333 89.9834 13.9025 90.5808 14.4953
86.2019 11.9781 89.0002 13.5333 90.5808 14.4953
93.7338 15.9545 90.5808 14.4953 83.9145 11.8219
90.5808 14.4953 86.2019 11.9781 83.9145 11.8219
93.8516 14.5547 90.5808 14.4953 89.9834 13.9025
33.965 2.8476 38.8772 3.11715 41.9603 3.78056
35.0671 2.62521 33.965 2.8476 38.8772 3.11715
35.7554 2.51152 35.0671 2.62521 38.8772 3.11715
35.0671 2.62521 35.7554 2.51152 35.7429 1.41853
33.965 2.8476 35.0671 2.62521 32.0551 2.36105
66.855 7.02408 72.7663 6.57789 70.3116 4.95395
72.7663 6.57789 66.855 7.02408 79.1256 7.12125
89.6485 6.29534 72.7663 6.57789 79.1256 7.12125
89.6485 6.29534 79.1256 7.12125 74.2154 7.80062
72.7663 6.57789 89.6485 6.29534 80.8455 6.05
95.9156 10.3437 96.4945 10.6213 96.945 10.797
94.1519 8.82973 95.9156 10.3437 96.945 10.797
94.1519 8.82973 96.945 10.797 99.713 12.4094
91.4288 6.64756 94.1519 8.82973 95.9156 10.3437
89.6485 6.29534 91.4288 6.64756 95.9156 10.3437
85.3038 6.04926 80.8455 6.05 89.6485 6.29534
90.4849 5.84737 85.3038 6.04926 89.6485 6.29534
90.4849 5.84737 89.6485 6.29534 91.4288 6.64756
90.3861 4.49724 90.4849 5.84737 91.4288 6.64756
86.2404 3.76798 93.6986 4.41719 90.3861 4.49724
86.2404 3.76798 90.3861 4.49724 90.4849 5.84737
77.8783 3.28349 76.388 3.53731 86.2404 3.76798
72.0431 2.42381 65.1324 2.57199 77.8783 3.28349
72.0431 2.42381 77.8783 3.28349 86.2404 3.76798
72.0431 2.42381 86.2404 3.76798 93.6986 4.41719
60.8089 1.9287 72.0431 2.42381 65.1324 2.57199
68.9829 1.90303 60.8089 1.9287 72.0431 2.42381
72.9849 1.56418 68.9829 1.90303 72.0431 2.42381
79.7593 1.44116 72.9849 1.56418 72.0431 2.42381
72.9849 1.56418 79.7593 1.44116 68.7589 1.17867
96.4945 10.6213 95.8893 12.2774 94.9415 13.7404
94.9415 13.7404 96.4945 10.6213 95.9156 10.3437
96.945 10.797 97.9596 13.7628 97.6366 15.968
97.6366 15.968 96.945 10.797 96.4945 10.6213
82.2889 2.68256 79.7593 1.44116 80.8783 0.742749
79.7593 1.44116 68.7589 1.17867 80.8783 0.742749
80.8783 0.742749 68.7589 1.17867 63.108 1.35596
63.108 1.35596 80.8783 0.742749 72.576 0.681043
84.6175 5.51776 90.4849 5.84737 85.3038 6.04926
80.3876 5.50276 84.6175 5.51776 85.3038 6.04926
84.6175 5.51776 80.3876 5.50276 74.8561 5.36736
84.6175 5.51776 73.676 4.70229 71.7195 4.68575
73.676 4.70229 84.6175 5.51776 90.4849 5.84737
90.4849 5.84737 73.676 4.70229 51.7875 3.16415
86.2404 3.76798 83.8046 3.90784 78.3583 4.40196
76.388 3.53731 86.2404 3.76798 83.8046 3.90784
83.8046 3.90784 76.388 3.53731 55.4336 2.63216
78.3583 4.40196 83.8046 3.90784 70.7076 3.88037
57.8333 2.3155 65.1324 2.57199 77.8783 3.28349
51.5373 2.19004 57.8333 2.3155 77.8783 3.28349
57.8333 2.3155 51.5373 2.19004 49.1321 2.12421
51.5373 2.19004 51.0483 2.46101 51.222 3.03333
51.0483 2.46101 51.5373 2.19004 49.1321 2.12421
65.1324 2.57199 57.8333 2.3155 25.2493 0.92404
60.8089 1.9287 68.9829 1.90303 50.0502 1.83899
52.8076 1.52871 72.9849 1.56418 68.9829 1.90303
48.9598 1.43029 52.8076 1.52871 72.9849 1.56418
52.8076 1.52871 48.9598 1.43029 39.6964 1.38081
89.4661 1.90273 91.4654 2.33098 93.6986 4.41719
90.8921 1.87805 89.4661 1.90273 91.4654 2.33098
89.4661 1.90273 90.8921 1.87805 89.2515 0.90318
90.3861 4.49724 96.2702 8.77004 96.3061 9.12635
93.6986 4.41719 90.3861 4.49724 96.2702 8.77004
92.4301 1.36646 91.4654 2.33098 93.6986 4.41719
92.4301 1.36646 93.6986 4.41719 96.2702 8.77004
93.0545 0.297166 92.4301 1.36646 91.4654 2.33098
92.4301 1.36646 93.0545 0.297166 93.2317 0.245424
93.0545 0.297166 80.5686 0.311862 75.279 0.350038
80.5686 0.311862 93.0545 0.297166 93.2317 0.245424
98.2322 4.9707 96.2702 8.77004 96.3061 9.12635
99.5096 2.41121 98.2322 4.9707 96.2702 8.77004
96.2702 8.77004 99.5096 2.41121 97.4766 1.17835
98.2322 4.9707 99.7865 5.78607 99.6693 7.8611
99.7865 5.78607 98.2322 4.9707 99.5096 2.41121
90.4663 12.4676 91.8557 11.8962 81.2614 9.37387
91.8557 11.8962 90.4663 12.4676 94.6466 13.1332
93.3462 10.8337 91.8557 11.8962 94.6466 13.1332
91.8557 11.8962 93.3462 10.8337 93.3196 10.623
93.3462 10.8337 93.604 10.8534 94.0728 11.2538
93.3196 10.623 93.3462 10.8337 93.604 10.8534
93.604 10.8534 93.3196 10.623 90.6887 7.71391
83.7726 16.6196 95.2154 17.1338 95.3692 17.4184
95.2154 17.1338 83.7726 16.6196 81.281 15.8737
83.9549 17.3884 85.3153 18.4159 87.0624 18.7845
83.7726 16.6196 83.9549 17.3884 87.0624 18.7845
81.281 15.8737 83.7726 16.6196 83.9549 17.3884
83.9549 17.3884 81.281 15.8737 69.116 9.8056
81.281 15.8737 80.6634 14.4497 69.116 9.8056
87.0624 18.7845 85.3153 18.4159 81.0938 17.676
80.3889 15.9167 83.9549 17.3884 85.3153 18.4159
77.7952 14.8699 80.3889 15.9167 85.3153 18.4159
80.3889 15.9167 77.7952 14.8699 67.6494 9.95943
86.6821 16.1865 85.1114 15.278 79.072 11.7743
91.8173 22.0605 93.936 22.3829 92.9387 22.9656
81.8465 18.3631 91.8173 22.0605 93.936 22.3829
77.7761 17.0417 81.8465 18.3631 91.8173 22.0605
78.0628 16.1944 77.7761 17.0417 81.8465 18.3631
81.8465 18.3631 78.0628 16.1944 62.7745 7.28743
78.0628 16.1944 72.2723 12.9704 62.7745 7.28743
93.936 22.3829 92.9387 22.9656 90.7631 24.2414
95.522 22.0685 93.936 22.3829 90.7631 24.2414
95.0511 21.1853 97.4598 21.8672 95.522 22.0685
95.0511 21.1853 95.522 22.0685 93.936 22.3829
96.6176 21.1249 95.0511 21.1853 97.4598 21.8672
95.8041 20.6286 96.6176 21.1249 95.0511 21.1853
91.6685 19.8325 95.8041 20.6286 95.0511 21.1853
95.8041 20.6286 91.6685 19.8325 91.0698 19.5617
96.6705 25.1721 95.522 22.0685 97.4598 21.8672
96.6176 21.1249 95.8041 20.6286 96.5284 20.076
58.1828 8.0343 63.6755 9.45512 63.3752 10.1623
63.6755 9.45512 58.1828 8.0343 53.761 6.70036
55.3674 8.05908 58.1828 8.0343 53.761 6.70036
89.5352 27.2208 78.4422 28.1745 88.0218 28.2581
93.8427 26.3829 89.5352 27.2208 88.0218 28.2581
80.8457 26.2093 93.8427 26.3829 89.5352 27.2208
79.0993 26.0884 80.8457 26.2093 89.5352 27.2208
80.8457 26.2093 79.0993 26.0884 73.0672 25.6614
92.8289 29.1091 86.7 29.1239 83.2649 29.9101
91.2679 28.6156 92.8289 29.1091 86.7 29.1239
81.474 28.5446 91.2679 28.6156 86.7 29.1239
79.3458 28.5163 79.0425 28.5416 81.474 28.5446
79.3458 28.5163 81.474 28.5446 91.2679 28.6156
88.0218 28.2581 79.3458 28.5163 91.2679 28.6156
78.4422 28.1745 88.0218 28.2581 79.3458 28.5163
79.3458 28.5163 78.4422 28.1745 69.0543 24.6986
55.9877 29.5921 53.5801 29.6019 66.3001 29.9007
48.806 29.3958 55.9877 29.5921 53.5801 29.6019
56.2156 29.3663 48.806 29.3958 55.9877 29.5921
79.0425 28.5416 56.2156 29.3663 55.9877 29.5921
56.2156 29.3663 79.0425 28.5416 79.3458 28.5163
94.0294 28.1154 93.9946 28.3915 91.2679 28.6156
94.4948 27.6506 94.0294 28.1154 93.9946 28.3915
93.9946 28.3915 94.4948 27.6506 98.158 26.5625
93.9946 28.3915 91.2679 28.6156 92.8289 29.1091
92.8289 29.1091 93.9946 28.3915 99.3102 26.7946
82.6627 24.6656 90.8241 25.2404 89.2247 26.0032
89.2247 26.0032 82.6627 24.6656 72.6441 22.8004
82.6627 24.6656 81.644 24.4436 72.6441 22.8004
82.6627 24.6656 81.644 24.4436 76.4665 21.6667
84.0132 24.0228 82.6627 24.6656 90.8241 25.2404
81.5727 22.9035 84.0132 24.0228 82.6627 24.6656
81.4183 22.3713 81.5727 22.9035 84.0132 24.0228
81.5727 22.9035 81.4183 22.3713 73.7683 18.4752
64.4273 20.6698 60.5006 20.6906 62.9554 21.1088
64.4273 20.6698 62.9554 21.1088 65.099 22.1338
63.8107 18.5172 63.9483 20.1453 64.4273 20.6698
63.8107 18.5172 64.4273 20.6698 65.099 22.1338
65.0438 17.9359 63.8107 18.5172 65.099 22.1338
63.8107 18.5172 65.0438 17.9359 65.4905 17.4307
68.5241 19.3511 65.6646 19.5904 67.3268 20.0713
68.5241 19.3511 67.3268 20.0713 65.4801 21.5757
65.0438 17.9359 68.5241 19.3511 65.6646 19.5904
65.4905 17.4307 65.0438 17.9359 68.5241 19.3511
67.0303 16.833 64.5026 16.8997 65.4905 17.4307
67.0303 16.833 65.4905 17.4307 68.5241 19.3511
64.5026 16.8997 67.0303 16.833 65.1892 16.1787
68.7305 21.3283 64.1095 23.2849 65.152 23.9508
65.152 23.9508 68.7305 21.3283 72.0485 19.2004
66.2426 27.6782 68.4026 28.1291 68.8764 28.6091
63.8788 25.7043 66.2426 27.6782 68.4026 28.1291
65.2517 25.6208 63.8788 25.7043 68.4026 28.1291
64.444 25.293 65.2517 25.6208 63.8788 25.7043
63.8788 25.7043 64.444 25.293 61.0741 23.1048
53.4068 19.1871 55.8357 20.1299 54.6164 21.6099
55.8357 20.1299 53.4068 19.1871 52.4638 17.2056
54.612 12.8603 46.1886 13.8541 50.3241 13.8974
54.4782 12.8475 54.612 12.8603 46.1886 13.8541
53.4469 12.6854 54.4782 12.8475 46.1886 13.8541
53.9176 10.6864 53.4469 12.6854 54.4782 12.8475
54.4782 12.8475 53.9176 10.6864 54.1982 10.6361
47.6654 18.7822 48.3153 20.9652 50.0746 21.0404
46.6771 15.6717 47.6285 17.1772 47.6654 18.7822
46.6771 15.6717 47.6654 18.7822 48.3153 20.9652
47.6285 17.1772 46.6771 15.6717 50.3241 13.8974
52.568 20.1665 47.6654 18.7822 47.6285 17.1772
45.5871 16.8038 45.8787 19.2644 46.9105 26.7984
46.6771 15.6717 43.9218 16.1059 45.5871 16.8038
46.6771 15.6717 45.5871 16.8038 46.9105 26.7984
50.3241 13.8974 46.6771 15.6717 43.9218 16.1059
46.1886 13.8541 50.3241 13.8974 43.9218 16.1059
43.9218 16.1059 46.1886 13.8541 46.1319 12.5805
45.099 19.0868 42.4288 24.2761 43.6196 24.6647
45.5871 16.8038 45.099 19.0868 42.4288 24.2761
42.4288 24.2761 45.5871 16.8038 43.9218 16.1059
44.8828 22.2598 45.099 19.0868 45.5871 16.8038
46.6222 25.9003 45.8787 19.2644 45.5871 16.8038
44.9744 8.27697 47.5719 8.41519 46.8245 8.49908
44.9744 8.27697 46.8245 8.49908 47.0821 9.55502
47.5719 8.41519 44.9744 8.27697 45.9464 7.89611
45.9464 7.89611 44.9744 8.27697 40.9184 9.34808
40.9184 9.34808 45.9464 7.89611 44.1798 7.69465
40.2123 24.2317 42.3651 28.4922 42.1319 28.6207
38.1269 20.6626 40.2123 24.2317 42.1319 28.6207
39.2525 20.594 26.3525 20.6383 38.1269 20.6626
39.2525 20.594 38.1269 20.6626 40.2123 24.2317
36.7208 17.8253 38.1859 19.5087 39.2525 20.594
38.6952 17.7171 36.7208 17.8253 39.2525 20.594
38.6952 17.7171 39.2525 20.594 40.2123 24.2317
36.7208 17.8253 38.6952 17.7171 38.9227 16.7203
32.1061 22.7254 30.1422 21.9457 26.3525 20.6383
30.1422 21.9457 29.4706 20.7232 26.3525 20.6383
29.4706 20.7232 38.1269 20.6626 26.3525 20.6383
34.36 27.4002 33.4131 27.5831 34.4351 29.6916
33.4016 26.5614 34.36 27.4002 33.4131 27.5831
35.0094 25.9967 33.4016 26.5614 34.36 27.4002
35.9335 24.0935 35.0094 25.9967 34.36 27.4002
36.8888 22.1701 33.9073 24.024 35.9335 24.0935
36.8888 22.1701 35.9335 24.0935 34.36 27.4002
34.36 27.4002 36.8888 22.1701 38.1269 20.6626
36.8888 22.1701 30.224 20.7917 38.1269 20.6626
30.224 20.7917 29.4706 20.7232 38.1269 20.6626
27.572 27.7547 22.021 28.8726 22.1954 29.3623
26.0323 27.3743 27.572 27.7547 22.021 28.8726
28.676 26.6244 26.0323 27.3743 27.572 27.7547
30.1638 25.0772 28.0468 26.3068 28.676 26.6244
33.9073 24.024 30.1638 25.0772 28.676 26.6244
33.9073 24.024 28.676 26.6244 27.572 27.7547
30.1638 25.0772 33.9073 24.024 36.8888 22.1701
17.5159 27.3136 4.95671 27.8461 4.08914 28.3582
28.676 26.6244 17.5159 27.3136 4.08914 28.3582
17.5159 27.3136 28.676 26.6244 28.0468 26.3068
26.9331 29.1714 24.688 29.8728 22.626 29.8883
27.7301 28.5691 26.9331 29.1714 22.626 29.8883
33.4016 26.5614 27.7301 28.5691 22.626 29.8883
22.626 29.8883 33.4016 26.5614 35.0094 25.9967
26.9331 29.1714 27.7301 28.5691 28.8006 28.4082
22.626 29.8883 24.688 29.8728 52.4077 29.8053
4.08914 28.3582 3.36208 28.9585 11.3624 29.1151
4.08914 28.3582 11.3624 29.1151 15.6879 29.5021
1.89221 25.3922 4.95671 27.8461 4.08914 28.3582
1.89221 25.3922 4.08914 28.3582 3.36208 28.9585
1.80976 23.8138 1.89221 25.3922 4.95671 27.8461
1.40019 22.7176 1.80976 23.8138 1.89221 25.3922
1.89221 25.3922 1.40019 22.7176 0.342539 18.8889
12.6059 29.6145 11.3624 29.1151 3.36208 28.9585
1.80976 23.8138 1.40019 22.7176 0.0285573 14.0756
26.4239 24.9964 30.1638 25.0772 28.0468 26.3068
26.6375 24.0378 26.4239 24.9964 30.1638 25.0772
21.27 23.3277 26.6375 24.0378 26.4239 24.9964
19.7997 22.9655 21.27 23.3277 26.6375 24.0378
16.3791 22.623 18.8185 22.6334 19.7997 22.9655
16.3791 22.623 19.7997 22.9655 21.27 23.3277
14.4621 21.5215 16.3791 22.623 18.8185 22.6334
18.8185 22.6334 14.4621 21.5215 11.1146 20.4441
8.70035 20.722 14.4621 21.5215 16.3791 22.623
14.4621 21.5215 8.70035 20.722 2.4464 18.6754
8.70035 20.722 5.22799 20.3382 2.4464 18.6754
13.087 24.0675 13.3913 24.6045 10.2884 26.7946
12.5959 23.4574 13.087 24.0675 10.2884 26.7946
11.059 23.3087 12.5959 23.4574 10.2884 26.7946
8.70035 20.722 11.059 23.3087 12.5959 23.4574
11.059 23.3087 8.70035 20.722 5.22799 20.3382
7.94406 24.4509 5.22799 20.3382 2.4464 18.6754
13.3913 24.6045 14.8319 24.9968 16.2973 25.8738
14.8319 24.9968 13.3913 24.6045 13.087 24.0675
21.0966 24.4276 13.087 24.0675 12.5959 23.4574
19.7997 22.9655 18.8185 22.6334 17.1487 21.9692
25.4904 21.7462 24.0664 22.0674 21.4556 22.426
25.6315 21.0872 25.4904 21.7462 21.4556 22.426
26.3525 20.6383 23.0182 20.7827 25.6315 21.0872
26.3525 20.6383 25.6315 21.0872 25.4904 21.7462
26.2185 20.5637 39.2525 20.594 26.3525 20.6383
26.2185 20.5637 26.3525 20.6383 23.0182 20.7827
23.0182 20.7827 26.2185 20.5637 25.1799 19.3226
24.0664 22.0674 27.5932 22.9456 29.9413 23.1691
29.9413 23.1691 24.0664 22.0674 25.4904 21.7462
19.3268 20.7025 23.0182 20.7827 25.6315 21.0872
19.6331 20.564 19.3268 20.7025 23.0182 20.7827
23.0182 20.7827 19.6331 20.564 11.0932 18.591
13.4184 20.1676 19.6331 20.564 19.3268 20.7025
19.6331 20.564 13.4184 20.1676 10.3967 19.8736
20.8637 20.9602 13.4184 20.1676 10.3967 19.8736
37.9505 6.7486 39.2034 12.2537 39.0535 13.2767
34.479 6.0073 33.1472 6.56587 37.9505 6.7486
37.6379 4.50646 34.479 6.0073 37.9505 6.7486
37.6379 4.50646 37.9505 6.7486 39.2034 12.2537
36.5206 4.18241 43.0999 4.40598 37.6379 4.50646
36.5206 4.18241 37.6379 4.50646 34.479 6.0073
43.0999 4.40598 36.5206 4.18241 31.2285 3.71765
36.5206 4.18241 26.0733 4.00159 31.2285 3.71765
22.1827 8.08197 15.0191 8.63598 9.82902 8.73481
25.0833 7.94545 22.1827 8.08197 15.0191 8.63598
33.5204 7.51534 25.0833 7.94545 22.1827 8.08197
37.9505 6.7486 33.5204 7.51534 22.1827 8.08197
22.1827 8.08197 37.9505 6.7486 33.1472 6.56587
33.5204 7.51534 33.4423 7.58096 26.4461 9.1088
33.4423 7.58096 33.5204 7.51534 37.9505 6.7486
36.5206 4.18241 26.4425 4.57646 8.2737 6.32943
36.5206 4.18241 8.2737 6.32943 5.88749 6.51376
26.0733 4.00159 36.5206 4.18241 26.4425 4.57646
26.4425 4.57646 26.0733 4.00159 23.1559 2.73407
21.8211 6.09269 5.88749 6.51376 8.98889 6.58705
25.7195 5.99023 21.8211 6.09269 8.98889 6.58705
21.8211 6.09269 25.7195 5.99023 22.5808 5.84123
1.93139 7.97351 1.59173 8.17795 0.319082 8.73969
5.88749 6.51376 8.98889 6.58705 1.93139 7.97351
1.99069 6.08289 8.2737 6.32943 5.88749 6.51376
1.99069 6.08289 5.88749 6.51376 1.93139 7.97351
1.99069 6.08289 1.93139 7.97351 0.319082 8.73969
6.43624 4.52691 1.99069 6.08289 8.2737 6.32943
4.95894 4.04345 9.69659 4.29738 6.43624 4.52691
4.95894 4.04345 6.43624 4.52691 1.99069 6.08289
9.69659 4.29738 4.95894 4.04345 7.16502 3.23156
16.8842 12.8085 19.4723 13.6264 17.2455 14.0693
15.9616 12.6303 8.45816 12.75 16.8842 12.8085
12.1657 10.9976 15.9616 12.6303 16.8842 12.8085
12.1657 10.9976 16.8842 12.8085 19.4723 13.6264
7.32921 9.17907 12.1657 10.9976 19.4723 13.6264
4.65817 8.12183 7.32921 9.17907 19.4723 13.6264
1.93139 7.97351 4.65817 8.12183 7.32921 9.17907
4.65817 8.12183 1.93139 7.97351 8.98889 6.58705
8.28174 5.00648 11.2353 5.29033 13.8312 5.36288
7.5173 4.59334 8.28174 5.00648 13.8312 5.36288
6.43624 4.52691 7.5173 4.59334 8.28174 5.00648
7.5173 4.59334 6.43624 4.52691 9.69659 4.29738
11.8709 5.57278 11.2353 5.29033 8.28174 5.00648
21.6744 4.52738 7.16502 3.23156 1.87937 2.74799
7.16502 3.23156 4.95894 4.04345 1.14365 4.69672
1.87937 2.74799 7.16502 3.23156 1.14365 4.69672
1.14365 4.69672 1.87937 2.74799 2.24498 0.831
6.40726 13.1568 5.95481 13.3082 6.6848 14.9422
6.99704 11.2014 6.40726 13.1568 6.6848 14.9422
5.23639 9.97767 6.99704 11.2014 6.40726 13.1568
1.59173 8.17795 5.23639 9.97767 6.40726 13.1568
5.23639 9.97767 1.59173 8.17795 1.93139 7.97351
12.8584 13.1963 16.8842 12.8085 8.45816 12.75
17.2455 14.0693 18.7427 15.4048 18.9412 15.9233
19.4723 13.6264 17.2455 14.0693 18.7427 15.4048
22.4641 12.4162 18.6819 12.4237 19.4723 13.6264
22.4641 12.4162 19.4723 13.6264 18.7427 15.4048
18.6819 12.4237 22.4641 12.4162 19.7479 10.4429
22.4641 12.4162 23.8569 13.1772 22.0226 14.1409
23.8569 13.1772 22.4641 12.4162 19.7479 10.4429
29.4544 12.3731 26.039 14.0821 18.7427 15.4048
31.0516 12.0581 29.4544 12.3731 26.039 14.0821
27.478 12.0137 31.0516 12.0581 29.4544 12.3731
28.1901 11.9718 27.478 12.0137 31.0516 12.0581
32.7603 11.4742 28.1901 11.9718 31.0516 12.0581
34.5791 11.2883 32.7603 11.4742 31.0516 12.0581
32.7603 11.4742 34.5791 11.2883 37.9664 10.8789
13.9429 17.4217 14.5015 17.494 9.23038 17.8269
19.122 16.8008 13.9429 17.4217 9.23038 17.8269
22.194 16.3544 19.122 16.8008 9.23038 17.8269
20.4916 16.2815 22.194 16.3544 9.23038 17.8269
18.8723 16.0042 20.4916 16.2815 9.23038 17.8269
18.9412 15.9233 18.8723 16.0042 9.23038 17.8269
26.039 14.0821 18.7427 15.4048 18.9412 15.9233
26.039 14.0821 18.9412 15.9233 18.8723 16.0042
30.2777 13.3429 26.039 14.0821 18.8723 16.0042
18.8723 16.0042 30.2777 13.3429 34.6073 12.8157
14.5015 17.494 22.6404 18.0685 23.078 18.4991
22.6404 18.0685 14.5015 17.494 13.9429 17.4217
27.478 12.0137 28.1901 11.9718 19.8568 10.1295
28.1901 11.9718 32.7603 11.4742 34.0995 11.061
32.3773 15.729 20.4916 16.2815 22.194 16.3544
22.194 16.3544 32.3773 15.729 36.8005 15.5563
27.019 17.9169 22.6404 18.0685 23.078 18.4991
22.6404 18.0685 27.019 17.9169 25.929 17.5654
8.45816 12.75 8.26586 13.7446 7.94545 18.675
14.1153 12.4277 15.9616 12.6303 8.45816 12.75
8.42365 12.0647 14.1153 12.4277 8.45816 12.75
8.42365 12.0647 8.45816 12.75 8.26586 13.7446
8.26586 13.7446 8.42365 12.0647 7.72935 10.4894
5.95481 13.3082 6.40726 13.1568 2.91406 12.0936
