-4.33592 23.5122 -9.78872 21.1919 -2.7214 20.9602
14.9309 28.765 23.4763 30.0399 16.9833 31.509
-3.26901 26.3767 14.9309 28.765 16.9833 31.509
-11.1585 24.4471 -7.66349 25.1836 -3.26901 26.3767
-11.1585 24.4471 -3.26901 26.3767 16.9833 31.509
-4.33592 23.5122 -11.1585 24.4471 -7.66349 25.1836
6.14104 22.3525 -4.33592 23.5122 -7.66349 25.1836
4.11927 22.2026 6.14104 22.3525 -4.33592 23.5122
-4.33592 23.5122 4.11927 22.2026 5.10172 20.7869
-0.647607 47.7832 3.98967 48.2911 -1.99027 49.1091
-5.46705 44.4734 -0.647607 47.7832 -1.99027 49.1091
-6.27756 44.3593 -5.46705 44.4734 -1.99027 49.1091
-7.1648 43.2415 -10.1569 44.1534 -6.27756 44.3593
-7.1648 43.2415 -6.27756 44.3593 -5.46705 44.4734
-8.93076 38.4671 -7.1648 43.2415 -5.46705 44.4734
-10.7066 28.1451 -8.93076 38.4671 -5.46705 44.4734
-11.1585 24.4471 -10.7066 28.1451 -5.46705 44.4734
-9.78872 21.1919 -4.33592 23.5122 -11.1585 24.4471
-9.66634 18.5036 -1.02803 18.8403 -9.78872 21.1919
-9.66634 18.5036 -9.78872 21.1919 -11.1585 24.4471
-11.4251 17.1364 -9.66634 18.5036 -11.1585 24.4471
-14.4745 16.4996 -10.4264 16.5145 -11.4251 17.1364
-14.4745 16.4996 -11.4251 17.1364 -11.1585 24.4471
-14.4745 16.4996 -11.1585 24.4471 -10.7066 28.1451
-10.585 15.0627 -14.4745 16.4996 -10.4264 16.5145
-3.54443 12.6332 -10.585 15.0627 -10.4264 16.5145
2.92515 11.6747 -3.54443 12.6332 -10.4264 16.5145
-10.4264 16.5145 2.92515 11.6747 4.95215 11.1933
15.3398 20.0955 11.7928 21.4813 4.11927 22.2026
11.7928 21.4813 15.3398 20.0955 48.5028 7.6992
15.3398 20.0955 41.8901 9.7125 48.5028 7.6992
41.8901 9.7125 28.9451 13.1869 7.94464 18.8389
28.9451 13.1869 41.8901 9.7125 48.5028 7.6992
16.8646 22.7237 20.6991 22.8449 27.48 22.8509
31.7014 22.489 16.8646 22.7237 27.48 22.8509
31.7014 22.489 27.48 22.8509 21.5778 24.3328
11.8702 22.4597 31.7014 22.489 16.8646 22.7237
6.14104 22.3525 11.8702 22.4597 16.8646 22.7237
4.11927 22.2026 6.14104 22.3525 11.8702 22.4597
11.7928 21.4813 4.11927 22.2026 11.8702 22.4597
16.7716 20.7613 11.7928 21.4813 11.8702 22.4597
11.8702 22.4597 16.7716 20.7613 29.537 18.397
17.9805 26.6418 20.6991 22.8449 16.8646 22.7237
20.0004 19.7611 16.7716 20.7613 11.7928 21.4813
23.603 17.2884 20.0004 19.7611 11.7928 21.4813
35.7521 13.5272 30.8492 15.2855 23.603 17.2884
11.7928 21.4813 23.603 17.2884 41.9083 10.7156
23.603 17.2884 35.7521 13.5272 41.9083 10.7156
38.5349 14.09 30.8492 15.2855 23.603 17.2884
30.8492 15.2855 38.5349 14.09 41.9495 13.491
16.7716 20.7613 20.0004 19.7611 39.7293 15.1183
31.7014 22.489 11.8702 22.4597 16.663 22.1264
14.9309 28.765 16.2503 27.9261 11.1938 27.0392
16.2503 27.9261 14.9309 28.765 23.4763 30.0399
11.0181 25.829 16.2503 27.9261 23.4763 30.0399
23.4763 30.0399 11.0181 25.829 9.50795 24.3549
23.4763 30.0399 16.9833 31.509 24.0637 32.1985
26.2689 29.3898 23.4763 30.0399 24.0637 32.1985
31.4302 25.3122 28.1877 29.3409 26.2689 29.3898
31.4302 25.3122 26.2689 29.3898 23.4763 30.0399
37.5595 20.2654 31.4302 25.3122 23.4763 30.0399
40.2712 18.4683 37.5595 20.2654 31.4302 25.3122
46.0795 13.0692 40.2712 18.4683 37.5595 20.2654
37.5595 20.2654 46.0795 13.0692 45.7336 12.7594
28.1877 29.3409 26.2689 29.3898 28.6566 30.5928
34.598 27.3883 28.1877 29.3409 28.6566 30.5928
36.1962 26.4971 34.598 27.3883 28.1877 29.3409
33.4463 25.5234 37.5982 26.4423 36.1962 26.4971
33.4463 25.5234 36.1962 26.4971 28.1877 29.3409
34.7487 24.8998 33.4463 25.5234 37.5982 26.4423
39.9792 20.3721 34.7487 24.8998 33.4463 25.5234
34.7487 24.8998 39.9792 20.3721 45.3128 15.8573
32.6841 31.4675 34.598 27.3883 36.1962 26.4971
36.1962 26.4971 41.6301 26.5691 41.4148 26.7565
37.5982 26.4423 36.1962 26.4971 41.6301 26.5691
41.6301 26.5691 37.5982 26.4423 41.3361 25.688
-1.57111 30.8488 16.9833 31.509 24.0637 32.1985
16.9833 31.509 -1.57111 30.8488 6.80155 30.7358
-1.57111 30.8488 1.39621 31.3308 11.6091 34.0738
11.6091 34.0738 -1.57111 30.8488 -4.27736 30.6275
-1.57111 30.8488 6.80155 30.7358 -4.27736 30.6275
1.39621 31.3308 12.1998 32.146 10.2411 32.2379
12.1998 32.146 1.39621 31.3308 -1.57111 30.8488
-0.425933 44.4498 -0.315819 47.1046 -0.647607 47.7832
0.25045 43.8195 -0.425933 44.4498 -0.315819 47.1046
-0.315819 47.1046 0.25045 43.8195 1.62869 38.5601
-0.315819 47.1046 -0.647607 47.7832 3.98967 48.2911
11.2385 43.1699 -0.315819 47.1046 3.98967 48.2911
25.6149 37.6019 11.2385 43.1699 -0.315819 47.1046
-0.315819 47.1046 25.6149 37.6019 25.8333 37.1
25.6149 37.6019 26.3009 38.877 24.4439 38.8863
25.6149 37.6019 24.4439 38.8863 7.58912 49.3611
26.3009 38.877 25.6149 37.6019 25.8333 37.1
21.2983 42.8929 24.4439 38.8863 26.3009 38.877
-0.843343 41.3174 0.25045 43.8195 -0.425933 44.4498
-1.44857 39.7204 -0.843343 41.3174 0.25045 43.8195
-2.72466 36.4782 3.00522 37.0135 -0.889209 38.6314
-2.72466 36.4782 -0.889209 38.6314 -1.44857 39.7204
-2.72466 36.4782 -1.44857 39.7204 -0.843343 41.3174
-6.92466 30.9476 -2.72466 36.4782 -0.843343 41.3174
-2.72466 36.4782 -6.92466 30.9476 -10.7094 25.5082
17.1962 35.6176 -2.72466 36.4782 3.00522 37.0135
2.02575 35.3758 17.1962 35.6176 -2.72466 36.4782
-2.72466 36.4782 2.02575 35.3758 5.77112 34.4956
6.49838 37.0267 17.1962 35.6176 34.8589 33.6129
17.1962 35.6176 2.02575 35.3758 34.8589 33.6129
-14.3392 42.0007 -12.3267 43.4756 -10.403 44.6845
-13.7632 41.5511 -14.3392 42.0007 -10.403 44.6845
-11.2101 41.4596 -13.7632 41.5511 -10.403 44.6845
-13.179 26.3855 -11.2101 41.4596 -10.403 44.6845
-14.4745 16.4996 -15.3601 23.4585 -13.179 26.3855
-14.4745 16.4996 -13.179 26.3855 -10.403 44.6845
-14.6402 12.9138 -10.585 15.0627 -14.4745 16.4996
-14.6402 12.9138 -14.4745 16.4996 -15.3601 23.4585
-15.3203 12.4052 -14.6402 12.9138 -10.585 15.0627
-12.9242 12.053 -15.3203 12.4052 -10.585 15.0627
-7.51736 11.8974 -12.9242 12.053 -10.585 15.0627
-4.30898 10.6037 -7.51736 11.8974 -10.585 15.0627
-1.16861 9.15773 -4.30898 10.6037 -10.585 15.0627
3.74589 6.5814 -1.16861 9.15773 -10.585 15.0627
6.86368 6.25741 3.74589 6.5814 -10.585 15.0627
22.971 -1.66965 6.86368 6.25741 -10.585 15.0627
24.0531 -1.95121 22.971 -1.66965 -10.585 15.0627
22.971 -1.66965 24.0531 -1.95121 30.7465 -5.1448
24.0531 -1.95121 23.8722 -1.06539 12.0755 4.77772
23.8722 -1.06539 24.0531 -1.95121 30.7465 -5.1448
-21.5547 17.3171 -23.3153 20.0385 -23.3706 20.2303
-18.1007 12.7328 -20.2265 15.0016 -21.5547 17.3171
-18.1007 12.7328 -21.5547 17.3171 -23.3706 20.2303
-15.3203 12.4052 -18.1007 12.7328 -23.3706 20.2303
-18.1007 12.7328 -15.3203 12.4052 -12.9242 12.053
-20.2907 22.7453 -25.5872 30.8653 -27.6065 33.366
-19.4006 21.4726 -20.2907 22.7453 -25.5872 30.8653
-17.8777 18.5828 -19.4006 21.4726 -20.2907 22.7453
-15.4944 14.4133 -17.8777 18.5828 -20.2907 22.7453
-14.6402 12.9138 -15.4944 14.4133 -20.2907 22.7453
-20.2907 22.7453 -14.6402 12.9138 -15.3203 12.4052
-23.5725 32.3275 -19.4006 21.4726 -17.8777 18.5828
-20.7625 31.2882 -21.3634 34.6446 -20.2337 34.8334
-20.7625 31.2882 -20.2337 34.8334 -18.2414 44.9546
-19.1395 29.0445 -20.7625 31.2882 -18.2414 44.9546
-17.6504 26.5827 -19.1395 29.0445 -20.7625 31.2882
-17.3857 23.5094 -17.6504 26.5827 -20.7625 31.2882
-15.4944 14.4133 -17.3857 23.5094 -20.7625 31.2882
-17.3857 23.5094 -15.4944 14.4133 -14.6402 12.9138
-22.1858 41.5749 -20.2337 34.8334 -21.3634 34.6446
-10.8135 48.0069 -12.3267 43.4756 -14.3392 42.0007
-23.3706 20.2303 -26.7125 20.3082 -24.3409 20.4427
-23.3153 20.0385 -23.3706 20.2303 -26.7125 20.3082
-23.5894 17.8709 -23.3153 20.0385 -26.7125 20.3082
-27.7909 12.2101 -23.5894 17.8709 -26.7125 20.3082
-26.0384 12.153 -27.7909 12.2101 -23.5894 17.8709
-27.7909 12.2101 -26.0384 12.153 -27.801 9.70513
-14.3535 4.15927 -9.79174 4.72515 -16.088 8.97248
-14.3535 4.15927 -16.088 8.97248 -20.2265 15.0016
-14.3535 4.15927 -20.2265 15.0016 -21.5547 17.3171
-12.2841 -0.235663 -14.3535 4.15927 -21.5547 17.3171
-14.3535 4.15927 -12.2841 -0.235663 -8.3774 -2.55304
-12.2841 -0.235663 -13.6187 -0.0923105 -14.5397 1.04653
-8.3774 -2.55304 -12.2841 -0.235663 -13.6187 -0.0923105
-13.6187 -0.0923105 -8.3774 -2.55304 -6.77496 -3.4853
-8.12434 -1.86071 -8.3774 -2.55304 -6.77496 -3.4853
-36.284 7.85703 -24.3274 8.30448 -27.8784 8.39751
-27.9333 7.37123 -36.284 7.85703 -24.3274 8.30448
-22.4466 5.99462 -27.9333 7.37123 -24.3274 8.30448
-16.3971 1.88973 -22.4466 5.99462 -24.3274 8.30448
-13.6187 -0.0923105 -14.5397 1.04653 -16.3971 1.88973
-13.6187 -0.0923105 -16.3971 1.88973 -22.4466 5.99462
-1.3655 -9.95575 -13.6187 -0.0923105 -22.4466 5.99462
-22.4466 5.99462 -1.3655 -9.95575 8.51576 -17.6161
0.430458 -7.09605 0.363933 -5.74899 -1.47297 -4.64524
0.582661 -8.63883 0.430458 -7.09605 0.363933 -5.74899
-1.3655 -9.95575 0.582661 -8.63883 0.430458 -7.09605
0.582661 -8.63883 -1.3655 -9.95575 8.51576 -17.6161
-24.3274 8.30448 -27.8784 8.39751 -19.4254 8.73873
-20.1477 8.05918 -24.3274 8.30448 -19.4254 8.73873
-19.4254 8.73873 -20.1477 8.05918 -19.3528 6.45983
-30.974 33.012 -32.6462 33.8804 -30.0463 34.7568
-30.212 26.6903 -30.974 33.012 -30.0463 34.7568
-32.4215 22.3791 -30.212 26.6903 -30.974 33.012
-32.9218 20.5667 -32.4215 22.3791 -30.974 33.012
-32.4215 22.3791 -32.9218 20.5667 -36.284 7.85703
-32.9218 20.5667 -36.7029 12.2856 -36.284 7.85703
-38.5618 15.6401 -37.2658 16.7128 -34.2315 22.5035
-36.7029 12.2856 -38.5618 15.6401 -37.2658 16.7128
-36.284 7.85703 -36.7029 12.2856 -38.5618 15.6401
-33.7748 7.00306 -27.9333 7.37123 -36.284 7.85703
-35.719 6.28726 -33.7748 7.00306 -36.284 7.85703
-37.429 4.15926 -32.4462 4.2305 -35.719 6.28726
-37.429 4.15926 -35.719 6.28726 -36.284 7.85703
-37.429 4.15926 -36.284 7.85703 -38.5618 15.6401
-37.2643 -3.56377 -35.9963 2.44016 -37.429 4.15926
-37.2643 -3.56377 -37.429 4.15926 -38.5618 15.6401
-35.9963 2.44016 -37.2643 -3.56377 -36.323 -4.45307
-40.7325 13.0545 -42.3643 16.6914 -43.1338 20.57
-40.8096 11.6655 -40.7325 13.0545 -42.3643 16.6914
-37.2643 -3.56377 -40.8096 11.6655 -40.7325 13.0545
-36.6145 -6.48653 -36.323 -4.45307 -37.2643 -3.56377
-36.6145 -6.48653 -37.2643 -3.56377 -40.8096 11.6655
-37.031 -15.8219 -40.2805 -12.7312 -36.6145 -6.48653
-37.031 -15.8219 -36.6145 -6.48653 -36.323 -4.45307
-32.3902 -19.5834 -34.3436 -16.7638 -37.031 -15.8219
-31.7509 -22.2169 -32.3902 -19.5834 -37.031 -15.8219
-31.7509 -22.2169 -37.031 -15.8219 -40.2805 -12.7312
-30.0469 -26.0209 -31.7509 -22.2169 -40.2805 -12.7312
-31.7509 -22.2169 -30.0469 -26.0209 -28.9933 -26.7287
-30.0469 -26.0209 -34.8448 -22.6525 -34.7382 -20.9626
-24.4156 -35.4397 -28.9933 -26.7287 -30.0469 -26.0209
-24.4156 -35.4397 -30.0469 -26.0209 -34.8448 -22.6525
-28.9933 -26.7287 -24.4156 -35.4397 -21.6226 -39.3254
-24.4156 -35.4397 -27.8823 -33.9406 -30.6642 -32.063
-21.6226 -39.3254 -24.4156 -35.4397 -27.8823 -33.9406
-27.8823 -33.9406 -21.6226 -39.3254 -18.9026 -41.6851
-30.3861 20.1283 -32.4215 22.3791 -30.212 26.6903
-30.2383 16.8839 -30.3861 20.1283 -32.4215 22.3791
-32.4215 22.3791 -30.2383 16.8839 -32.4253 10.3442
-29.3914 24.2841 -30.3861 20.1283 -30.2383 16.8839
-36.1004 32.8921 -32.6462 33.8804 -30.0463 34.7568
-36.5068 29.0245 -36.1004 32.8921 -32.6462 33.8804
-41.4467 20.9678 -36.5068 29.0245 -32.6462 33.8804
-41.1766 20.9305 -41.4467 20.9678 -32.6462 33.8804
-41.2493 19.884 -41.1766 20.9305 -41.4467 20.9678
-40.2017 13.9376 -41.2493 19.884 -41.4467 20.9678
-41.4467 20.9678 -40.2017 13.9376 -37.95 0.139535
-38.1999 28.395 -36.5068 29.0245 -36.1004 32.8921
-36.1004 32.8921 -38.1999 28.395 -40.6191 23.9886
-41.3781 -14.1814 -40.6491 -13.5044 -40.2805 -12.7312
-41.3781 -14.1814 -40.2805 -12.7312 -36.6145 -6.48653
-41.2134 -17.1323 -42.5683 -14.476 -41.3781 -14.1814
-41.2134 -17.1323 -41.3781 -14.1814 -40.6491 -13.5044
-40.453 -25.7097 -41.2134 -17.1323 -40.6491 -13.5044
-41.2134 -17.1323 -40.453 -25.7097 -40.2157 -28.9713
-42.7863 -13.9256 -47.8142 -13.4985 -48.5227 -11.4485
-41.3781 -14.1814 -42.7863 -13.9256 -47.8142 -13.4985
-47.8142 -13.4985 -41.3781 -14.1814 -42.5683 -14.476
-43.7932 -9.0894 -48.5895 -7.67258 -47.3845 -7.17638
-42.7863 -13.9256 -43.7932 -9.0894 -48.5895 -7.67258
-43.7932 -9.0894 -42.7863 -13.9256 -41.3781 -14.1814
-45.2977 2.4973 -43.8773 5.47176 -40.8738 10.6287
-48.3823 -0.790744 -45.2977 2.4973 -43.8773 5.47176
-47.3845 -7.17638 -49.8021 -1.55706 -48.3823 -0.790744
-47.3845 -7.17638 -48.3823 -0.790744 -45.2977 2.4973
-48.5895 -7.67258 -47.3845 -7.17638 -49.8021 -1.55706
-49.8021 -1.55706 -48.5895 -7.67258 -48.2087 -10.2538
-47.1463 12.905 -48.4016 4.92738 -49.8021 -1.55706
-48.4016 4.92738 -48.3823 -0.790744 -49.8021 -1.55706
-44.3718 15.4024 -48.4016 4.92738 -48.3823 -0.790744
-42.5683 -14.476 -41.2134 -17.1323 -42.5386 -25.8544
-37.5656 -23.9713 -40.6491 -13.5044 -40.2805 -12.7312
-36.3318 -31.8275 -37.0106 -28.4506 -37.5656 -23.9713
-40.2805 -12.7312 -37.5656 -23.9713 -34.6925 -33.5063
-37.5656 -23.9713 -36.3318 -31.8275 -34.6925 -33.5063
-32.3493 -33.2513 -34.6925 -33.5063 -35.352 -33.6422
-39.5899 -27.9907 -36.3318 -31.8275 -35.352 -33.6422
-36.3318 -31.8275 -34.6925 -33.5063 -35.352 -33.6422
-37.7897 -28.0263 -38.4183 -27.0746 -37.6836 -27.0429
-37.0106 -28.4506 -37.7897 -28.0263 -37.6836 -27.0429
-37.7897 -28.0263 -37.0106 -28.4506 -36.3318 -31.8275
-29.2521 -36.1813 -27.8823 -33.9406 -30.6642 -32.063
-29.2521 -36.1813 -30.6642 -32.063 -33.6358 -27.4222
-27.8823 -33.9406 -29.2521 -36.1813 -23.0695 -42.3656
-24.1358 -30.7533 -31.7509 -22.2169 -32.3902 -19.5834
-31.7509 -22.2169 -24.1358 -30.7533 -22.2266 -33.7245
-24.1358 -30.7533 -20.5036 -33.5415 -22.2266 -33.7245
-37.031 -15.8219 -35.4237 -13.9993 -34.7133 -12.9089
-34.3436 -16.7638 -37.031 -15.8219 -35.4237 -13.9993
-32.3721 -17.3528 -34.3436 -16.7638 -35.4237 -13.9993
-29.1747 -21.1738 -32.3721 -17.3528 -34.3436 -16.7638
-28.4055 -22.0136 -29.1747 -21.1738 -32.3721 -17.3528
-29.1747 -21.1738 -28.4055 -22.0136 -24.3675 -27.7263
-28.4055 -22.0136 -25.8048 -24.677 -24.3675 -27.7263
-24.3675 -27.7263 -25.8048 -24.677 -24.2998 -24.3921
-20.5211 -29.6281 -24.3675 -27.7263 -24.2998 -24.3921
-24.3675 -27.7263 -20.5211 -29.6281 -19.2352 -32.7435
-35.4237 -13.9993 -29.0441 -18.8572 -29.1303 -19.4143
-29.0441 -18.8572 -35.4237 -13.9993 -34.7133 -12.9089
-23.957 -22.5695 -29.0441 -18.8572 -34.7133 -12.9089
-29.0441 -18.8572 -23.957 -22.5695 -21.0611 -24.75
-23.957 -22.5695 -25.6304 -19.8142 -29.1264 -16.1144
-25.6304 -19.8142 -23.957 -22.5695 -21.0611 -24.75
-35.2188 0.307524 -32.9504 0.795574 -35.9963 2.44016
-33.5626 -0.678956 -35.2188 0.307524 -32.9504 0.795574
-26.2009 -5.84381 -33.5626 -0.678956 -32.9504 0.795574
-15.0713 -12.8552 -26.2009 -5.84381 -32.9504 0.795574
-26.2009 -5.84381 -15.0713 -12.8552 -10.2335 -16.4565
-10.2335 -16.4565 -15.0713 -12.8552 -15.0742 -12.5343
-15.0742 -12.5343 -10.2335 -16.4565 -7.42904 -18.2615
-32.9504 0.795574 -35.9963 2.44016 -37.429 4.15926
-19.0879 -7.99463 -32.9504 0.795574 -37.429 4.15926
-11.823 -13.3966 -11.5153 -12.2984 -19.0879 -7.99463
-11.823 -13.3966 -19.0879 -7.99463 -32.9504 0.795574
-6.23206 -16.1858 -11.823 -13.3966 -11.5153 -12.2984
13.2487 -30.0772 -6.23206 -16.1858 -11.5153 -12.2984
-11.5153 -12.2984 13.2487 -30.0772 14.256 -30.3404
-19.7456 -6.63823 -22.9939 -3.58133 -27.7123 -1.32436
-19.0879 -7.99463 -19.7456 -6.63823 -27.7123 -1.32436
-19.7456 -6.63823 -19.0879 -7.99463 -11.5153 -12.2984
24.7016 -22.7912 25.1757 -22.6585 23.3152 -21.1333
24.7016 -22.7912 23.3152 -21.1333 21.2974 -19.337
22.222 -28.9113 24.7016 -22.7912 25.1757 -22.6585
25.0037 -29.9697 26.9799 -29.6102 22.222 -28.9113
14.256 -30.3404 25.0037 -29.9697 22.222 -28.9113
14.256 -30.3404 22.222 -28.9113 24.7016 -22.7912
25.0037 -29.9697 14.256 -30.3404 13.3102 -31.227
-10.5814 -17.406 -14.0032 -15.7419 -16.1513 -14.3381
-4.05974 -20.916 -10.5814 -17.406 -16.1513 -14.3381
-0.643073 -22.7796 -6.47595 -21.3446 -4.05974 -20.916
8.40978 -27.5715 0.361239 -24.0426 -0.643073 -22.7796
8.40978 -27.5715 -0.643073 -22.7796 -4.05974 -20.916
8.40978 -27.5715 -4.05974 -20.916 -16.1513 -14.3381
7.43484 -27.689 2.30668 -27.6619 8.40978 -27.5715
9.36363 -30.0605 7.43484 -27.689 8.40978 -27.5715
13.2487 -30.0772 9.36363 -30.0605 8.40978 -27.5715
13.2487 -30.0772 8.40978 -27.5715 -16.1513 -14.3381
14.256 -30.3404 13.2487 -30.0772 9.36363 -30.0605
13.3102 -31.227 14.256 -30.3404 9.36363 -30.0605
6.30481 -31.8736 13.3102 -31.227 9.36363 -30.0605
4.35194 -32.3206 6.30481 -31.8736 9.36363 -30.0605
6.30481 -31.8736 4.35194 -32.3206 5.72626 -34.429
16.3915 -31.0381 13.3102 -31.227 6.30481 -31.8736
3.01266 -31.7044 -4.49126 -27.5503 -14.4949 -19.5841
4.35194 -32.3206 3.01266 -31.7044 -14.4949 -19.5841
5.72626 -34.429 4.35194 -32.3206 3.01266 -31.7044
3.01266 -31.7044 5.72626 -34.429 3.46355 -35.131
-30.1639 -9.09129 -33.5626 -0.678956 -35.2188 0.307524
-28.2221 -9.45241 -30.1639 -9.09129 -33.5626 -0.678956
-22.9724 -11.9583 -28.2221 -9.45241 -33.5626 -0.678956
-14.7098 -20.4878 -18.5276 -16.8345 -22.9724 -11.9583
-14.7098 -20.4878 -22.9724 -11.9583 -33.5626 -0.678956
-11.2834 -24.0191 -14.7098 -20.4878 -33.5626 -0.678956
-33.5626 -0.678956 -11.2834 -24.0191 -2.04212 -33.6506
-30.1639 -9.09129 -28.2221 -9.45241 -27.2297 -10.3511
-16.3309 -22.4825 -14.7098 -20.4878 -18.5276 -16.8345
-16.4886 -24.2785 -16.3309 -22.4825 -18.5276 -16.8345
-15.3507 -39.9394 -16.4886 -24.2785 -16.3309 -22.4825
-16.3309 -22.4825 -15.3507 -39.9394 -14.5853 -47.8062
-10.8397 -28.3527 -16.3309 -22.4825 -14.7098 -20.4878
-10.305 -29.1385 -10.8397 -28.3527 -16.3309 -22.4825
-10.133 -30.674 -10.305 -29.1385 -16.3309 -22.4825
-9.0902 -33.0892 -10.8225 -32.8359 -10.133 -30.674
-9.0902 -33.0892 -10.133 -30.674 -10.305 -29.1385
-10.305 -29.1385 -9.0902 -33.0892 -7.15298 -34.2789
-10.133 -30.674 -10.8225 -32.8359 -13.0253 -33.8303
-9.05968 -33.3077 -9.0902 -33.0892 -10.8225 -32.8359
-8.38887 -37.6316 -9.05968 -33.3077 -10.8225 -32.8359
-9.08335 -38.9676 -8.38887 -37.6316 -10.8225 -32.8359
-8.38887 -37.6316 -9.08335 -38.9676 -7.21607 -42.7328
-9.0902 -33.0892 -9.05968 -33.3077 -4.69995 -43.8725
2.8509 -44.2905 -10.305 -29.1385 -10.8397 -28.3527
4.47162 -45.1497 2.8509 -44.2905 -10.8397 -28.3527
4.89183 -45.7421 4.47162 -45.1497 2.8509 -44.2905
2.8509 -44.2905 4.89183 -45.7421 -6.10656 -45.839
4.47162 -45.1497 -0.324648 -35.7243 0.0226674 -30.9017
0.0226674 -30.9017 4.47162 -45.1497 4.89183 -45.7421
5.32292 -39.2998 5.96226 -43.4949 4.89183 -45.7421
5.96226 -43.4949 7.83575 -45.6771 4.89183 -45.7421
7.83575 -45.6771 19.7891 -44.9432 18.0831 -43.9352
11.5366 -46.126 -6.10656 -45.839 4.89183 -45.7421
11.5366 -46.126 4.89183 -45.7421 7.83575 -45.6771
11.5366 -46.126 7.83575 -45.6771 19.7891 -44.9432
19.7891 -44.9432 11.5366 -46.126 4.79299 -47.1256
27.3938 -34.819 30.9782 -33.9387 24.8003 -32.7519
22.4012 -37.5541 27.3938 -34.819 30.9782 -33.9387
28.9471 -38.6497 22.4012 -37.5541 30.9782 -33.9387
18.6817 -41.2164 28.9471 -38.6497 22.4012 -37.5541
16.2279 -42.9163 18.6817 -41.2164 28.9471 -38.6497
5.96226 -43.4949 16.2837 -43.4605 16.2279 -42.9163
5.96226 -43.4949 16.2279 -42.9163 18.6817 -41.2164
16.2837 -43.4605 5.96226 -43.4949 7.83575 -45.6771
-1.75536 -46.3802 11.5366 -46.126 -6.10656 -45.839
-6.8973 -47.254 -1.75536 -46.3802 -6.10656 -45.839
-6.8973 -47.254 -6.10656 -45.839 -10.9508 -42.9688
-1.75536 -46.3802 -6.8973 -47.254 -2.88639 -49.3241
27.3938 -34.819 22.4012 -37.5541 17.4714 -37.826
-7.92967 -29.3671 -11.2834 -24.0191 -14.7098 -20.4878
-11.2834 -24.0191 -7.92967 -29.3671 2.45393 -41.2983
-16.1513 -14.3381 -14.0032 -15.7419 -13.5229 -18.7959
-14.0032 -15.7419 -10.5814 -17.406 -8.16256 -19.6076
-4.05974 -20.916 -6.47595 -21.3446 -11.3249 -21.5255
-6.47595 -21.3446 -0.643073 -22.7796 -8.25826 -23.2362
25.0037 -29.9697 27.3436 -30.6601 25.1606 -30.7455
25.0037 -29.9697 26.9799 -29.6102 32.7961 -29.0614
27.3436 -30.6601 25.0037 -29.9697 32.7961 -29.0614
15.4953 -35.4691 27.3436 -30.6601 32.7961 -29.0614
27.3436 -30.6601 15.4953 -35.4691 8.92325 -36.0967
25.1757 -22.6585 25.69 -23.4166 23.9303 -28.2598
28.1679 -25.0678 25.69 -23.4166 25.1757 -22.6585
28.1679 -25.0678 25.1757 -22.6585 23.3152 -21.1333
23.3152 -21.1333 28.1679 -25.0678 37.0495 -30.6726
25.69 -23.4166 28.1679 -25.0678 37.2645 -32.0849
26.4413 -22.5145 23.3152 -21.1333 21.2974 -19.337
29.7001 -24.9877 29.8549 -23.6956 26.4413 -22.5145
29.7001 -24.9877 26.4413 -22.5145 23.3152 -21.1333
23.3152 -21.1333 29.7001 -24.9877 35.9677 -28.9411
26.4413 -22.5145 26.6201 -21.4521 29.3651 -21.2613
29.3651 -21.2613 26.4413 -22.5145 29.8549 -23.6956
-7.98032 -12.4911 -19.7456 -6.63823 -22.9939 -3.58133
-19.7456 -6.63823 -7.98032 -12.4911 10.4689 -22.1644
-7.98032 -12.4911 3.18682 -17.3602 10.4689 -22.1644
-2.04223 -13.6338 -13.0142 -6.72863 -24.0756 1.79433
3.18682 -17.3602 -2.04223 -13.6338 -13.0142 -6.72863
-2.04223 -13.6338 3.18682 -17.3602 10.4689 -22.1644
-8.62204 -10.1333 -13.0142 -6.72863 -24.0756 1.79433
-24.0756 1.79433 -8.62204 -10.1333 -8.75833 -10.4374
-28.3476 6.11392 -33.7748 7.00306 -27.9333 7.37123
-24.0338 2.95263 -28.3476 6.11392 -27.9333 7.37123
-12.7716 -4.66195 -24.0338 2.95263 -27.9333 7.37123
-10.46 -5.48489 -12.7716 -4.66195 -27.9333 7.37123
-12.7716 -4.66195 -10.46 -5.48489 -8.05445 -7.51866
-24.0338 2.95263 -12.7716 -4.66195 12.7874 -22.6681
2.38258 -6.43976 0.363933 -5.74899 -1.47297 -4.64524
4.45928 -10.54 2.38258 -6.43976 0.363933 -5.74899
6.63169 -12.9638 8.13048 -11.6648 4.45928 -10.54
0.363933 -5.74899 4.45928 -10.54 15.6319 -24.3671
4.45928 -10.54 6.63169 -12.9638 15.6319 -24.3671
2.38258 -6.43976 2.85675 -6.18064 -2.54041 -2.7197
2.85675 -6.18064 2.38258 -6.43976 4.45928 -10.54
8.13048 -11.6648 6.63169 -12.9638 11.0507 -15.7715
31.5912 -18.8249 30.3496 -18.4894 8.13048 -11.6648
31.5912 -18.8249 8.13048 -11.6648 4.45928 -10.54
33.9494 -19.2189 31.5912 -18.8249 4.45928 -10.54
35.4946 -21.3111 33.9494 -19.2189 31.5912 -18.8249
33.9494 -19.2189 35.4946 -21.3111 41.5416 -24.138
30.3496 -18.4894 31.5912 -18.8249 32.8366 -19.8662
-5.9648 3.24687 -14.3535 4.15927 -9.79174 4.72515
-9.96597 3.22515 -5.9648 3.24687 -14.3535 4.15927
7.06037 -4.79064 -9.96597 3.22515 -14.3535 4.15927
19.9829 -11.0109 7.06037 -4.79064 -14.3535 4.15927
-14.3535 4.15927 19.9829 -11.0109 22.6893 -13.4203
26.1209 -14.4176 22.6893 -13.4203 7.75969 -9.85677
7.75969 -9.85677 26.1209 -14.4176 36.7477 -17.602
9.86026 -4.63072 19.9829 -11.0109 26.1209 -14.4176
19.9829 -11.0109 22.6893 -13.4203 26.1209 -14.4176
5.72817 -4.03012 7.06037 -4.79064 19.9829 -11.0109
26.1209 -14.4176 28.5977 -14.1523 16.6177 -7.31093
36.7477 -17.602 26.1209 -14.4176 28.5977 -14.1523
28.5977 -14.1523 36.7477 -17.602 43.1308 -19.1357
36.7477 -17.602 19.4535 -13.9389 12.2662 -12.2388
43.1308 -19.1357 36.7477 -17.602 19.4535 -13.9389
19.4535 -13.9389 43.1308 -19.1357 45.7557 -20.1522
3.60494 3.80565 -5.9648 3.24687 -0.321436 2.57218
-5.9648 3.24687 -9.96597 3.22515 -0.321436 2.57218
-7.51736 11.8974 -4.30898 10.6037 -7.69485 7.89614
-4.30898 10.6037 -1.16861 9.15773 14.7794 -2.84244
18.3729 -3.73244 3.74589 6.5814 -1.16861 9.15773
19.9107 -4.87374 18.3729 -3.73244 -1.16861 9.15773
30.6384 -10.9072 27.5918 -9.08881 19.9107 -4.87374
36.5699 -16.1024 30.6384 -10.9072 19.9107 -4.87374
36.5699 -16.1024 19.9107 -4.87374 -1.16861 9.15773
30.6384 -10.9072 36.5699 -16.1024 38.1067 -17.0224
36.5699 -16.1024 22.1724 -8.19762 11.5198 -2.00991
22.1724 -8.19762 36.5699 -16.1024 38.1067 -17.0224
18.3729 -3.73244 8.18971 4.10071 6.67135 5.1562
8.18971 4.10071 18.3729 -3.73244 19.9107 -4.87374
27.5918 -9.08881 21.7045 -3.72456 11.5654 2.7659
21.7045 -3.72456 27.5918 -9.08881 30.6384 -10.9072
34.213 -9.25958 22.971 -1.66965 6.86368 6.25741
33.9768 -10.1465 42.715 -9.28259 34.213 -9.25958
33.9768 -10.1465 34.213 -9.25958 6.86368 6.25741
42.715 -9.28259 33.9768 -10.1465 30.9153 -10.5988
39.3402 -8.972 34.213 -9.25958 42.715 -9.28259
15.6544 5.64123 2.92515 11.6747 -3.54443 12.6332
24.9797 0.897975 15.6544 5.64123 -3.54443 12.6332
15.6544 5.64123 24.9797 0.897975 28.1531 -0.667469
19.4032 4.18636 15.6544 5.64123 2.92515 11.6747
2.92515 11.6747 19.4032 4.18636 32.5539 -1.65481
15.3875 8.57095 -10.4264 16.5145 -11.4251 17.1364
36.7218 1.34053 15.3875 8.57095 -10.4264 16.5145
40.9773 -0.0372048 36.7218 1.34053 -10.4264 16.5145
46.6748 -0.139124 40.9773 -0.0372048 36.7218 1.34053
39.3214 -0.310387 46.6748 -0.139124 40.9773 -0.0372048
35.3712 -0.958704 39.3214 -0.310387 40.9773 -0.0372048
39.3214 -0.310387 35.3712 -0.958704 36.3338 -2.89108
47.7931 -0.823849 39.3214 -0.310387 46.6748 -0.139124
47.7931 -0.823849 46.6748 -0.139124 25.072 13.2254
45.9734 -2.05138 47.7931 -0.823849 39.3214 -0.310387
43.9252 -2.18542 45.9734 -2.05138 39.3214 -0.310387
45.9734 -2.05138 43.9252 -2.18542 33.4056 -6.14792
49.7111 -3.27106 45.9734 -2.05138 47.7931 -0.823849
49.7111 -3.27106 47.7931 -0.823849 45.0068 4.89023
45.901 -10.8714 49.7111 -3.27106 45.9734 -2.05138
44.0551 -15.1593 42.7324 -15.1049 45.901 -10.8714
44.0551 -15.1593 45.901 -10.8714 49.7111 -3.27106
42.7324 -15.1049 44.0551 -15.1593 39.6173 -15.4696
-5.2448 17.7042 -9.66634 18.5036 -1.02803 18.8403
0.574418 17.4763 -5.2448 17.7042 -1.02803 18.8403
22.7474 8.78006 0.574418 17.4763 -1.02803 18.8403
26.92 7.05354 22.7474 8.78006 0.574418 17.4763
32.7519 5.20979 26.92 7.05354 22.7474 8.78006
26.92 7.05354 32.7519 5.20979 34.3118 3.96083
32.7519 5.20979 35.1537 4.79366 34.3118 3.96083
-5.2448 17.7042 0.574418 17.4763 3.62543 15.477
6.62327 17.6861 -0.346614 18.5602 -1.02803 18.8403
6.62327 17.6861 -1.02803 18.8403 -9.78872 21.1919
2.81086 17.5848 6.62327 17.6861 -0.346614 18.5602
4.29742 16.8295 2.81086 17.5848 -0.346614 18.5602
2.81086 17.5848 4.29742 16.8295 15.1055 12.262
6.62327 17.6861 2.81086 17.5848 9.68355 17.1237
