249.253 62.1152 270.655 67.3033 276.905 68.5416
217.525 56.1094 228.449 58.2377 249.253 62.1152
201.058 50.9207 163.382 52.8384 187.461 53.874
201.058 50.9207 187.461 53.874 217.525 56.1094
201.058 50.9207 217.525 56.1094 249.253 62.1152
183.757 47.178 167.265 49.3423 201.058 50.9207
178.502 43.7663 183.757 47.178 201.058 50.9207
178.502 43.7663 201.058 50.9207 249.253 62.1152
178.502 43.7663 249.253 62.1152 276.905 68.5416
168.812 38.2285 178.502 43.7663 183.757 47.178
162.089 37.8652 168.812 38.2285 183.757 47.178
97.7632 27.7569 162.089 37.8652 168.812 38.2285
110.866 27.3478 97.7632 27.7569 168.812 38.2285
132.839 26.3064 146.331 27.1658 119.13 27.2064
132.839 26.3064 119.13 27.2064 110.866 27.3478
132.839 26.3064 110.866 27.3478 97.7632 27.7569
129.1 23.0978 132.839 26.3064 97.7632 27.7569
141.132 22.0633 129.1 23.0978 132.839 26.3064
129.1 23.0978 141.132 22.0633 121.742 17.4345
162.424 29.8624 137.418 28.4927 119.13 27.2064
137.418 28.4927 110.866 27.3478 119.13 27.2064
141.132 22.0633 173.148 31.2305 178.34 32.3967
178.34 32.3967 141.132 22.0633 110 12.4322
141.132 22.0633 121.742 17.4345 110 12.4322
121.742 17.4345 101.506 13.7733 110 12.4322
260.931 39.9411 307.162 48.3907 320.972 51.1932
250.9 37.8862 260.931 39.9411 307.162 48.3907
147.364 17.3111 250.9 37.8862 307.162 48.3907
307.162 48.3907 147.364 17.3111 92.6942 6.66632
147.364 17.3111 110 12.4322 92.6942 6.66632
83.2817 23.1882 98.4811 23.4981 77.3016 26.9593
88.1651 19.7126 83.2817 23.1882 77.3016 26.9593
101.506 13.7733 88.1651 19.7126 83.2817 23.1882
92.6942 6.66632 110 12.4322 101.506 13.7733
92.6942 6.66632 101.506 13.7733 88.1651 19.7126
90.3671 1.42363 92.6942 6.66632 88.1651 19.7126
92.6942 6.66632 90.3671 1.42363 107.224 -1.69917
260.931 39.9411 272.151 42.7488 339.268 60.8881
339.268 60.8881 260.931 39.9411 250.9 37.8862
333.474 56.4574 272.151 42.7488 260.931 39.9411
152.767 60.1456 132.354 60.2599 106.429 61.3159
197.6 59.4141 152.767 60.1456 132.354 60.2599
193.762 57.8307 197.6 59.4141 132.354 60.2599
217.525 56.1094 183.523 56.3845 193.762 57.8307
217.525 56.1094 193.762 57.8307 197.6 59.4141
183.523 56.3845 217.525 56.1094 187.461 53.874
139.693 62.2221 98.6029 66.201 78.4029 68.6186
98.6029 66.201 139.693 62.2221 152.767 60.1456
139.693 62.2221 170.968 61.7771 152.767 60.1456
170.968 61.7771 161.073 63.3054 109.652 67.8654
161.073 63.3054 170.968 61.7771 197.6 59.4141
170.968 61.7771 152.767 60.1456 197.6 59.4141
241.289 61.5411 228.449 58.2377 217.525 56.1094
190.515 37.5735 168.812 38.2285 178.502 43.7663
206.629 33.4912 190.515 37.5735 168.812 38.2285
201.586 32.9022 206.629 33.4912 168.812 38.2285
206.629 33.4912 201.586 32.9022 190.505 30.2897
209.85 38.5274 230.995 40.6979 216.497 41.9918
190.515 37.5735 209.85 38.5274 216.497 41.9918
190.515 37.5735 216.497 41.9918 282.254 53.8957
209.85 38.5274 190.515 37.5735 206.629 33.4912
230.995 40.6979 242.886 41.7396 269.28 47.803
242.886 41.7396 230.995 40.6979 209.85 38.5274
276.981 60.5906 293.218 66.5239 276.905 68.5416
271.047 57.7464 276.981 60.5906 293.218 66.5239
263.548 56.5954 271.047 57.7464 276.981 60.5906
257.221 53.859 263.548 56.5954 271.047 57.7464
251.956 51.5035 241.116 51.8135 257.221 53.859
251.956 51.5035 257.221 53.859 271.047 57.7464
241.116 51.8135 251.956 51.5035 227.026 47.5894
287.652 57.8862 251.956 51.5035 201.436 41.4584
251.956 51.5035 227.026 47.5894 201.436 41.4584
270.655 67.3033 276.905 68.5416 241.628 68.6199
241.628 68.6199 270.655 67.3033 231.853 66.2577
276.905 68.5416 241.628 68.6199 308.27 69.3261
293.218 66.5239 276.905 68.5416 308.27 69.3261
307.569 62.6326 293.218 66.5239 308.27 69.3261
302.814 57.7988 307.569 62.6326 293.218 66.5239
293.218 66.5239 302.814 57.7988 292.179 52.3942
318.549 61.9884 302.814 57.7988 292.179 52.3942
220.62 50.7921 241.116 51.8135 257.221 53.859
241.116 51.8135 220.62 50.7921 210.893 49.1813
301.799 71.4202 362.34 72.0236 339.273 72.1395
301.799 71.4202 339.273 72.1395 250.37 72.6879
329.772 71.1483 301.799 71.4202 362.34 72.0236
317.426 69.9049 329.772 71.1483 362.34 72.0236
308.27 69.3261 219.774 69.666 257.095 69.72
308.27 69.3261 257.095 69.72 317.426 69.9049
308.27 69.3261 317.426 69.9049 362.34 72.0236
241.628 68.6199 308.27 69.3261 219.774 69.666
203.265 68.5124 241.628 68.6199 219.774 69.666
241.628 68.6199 203.265 68.5124 207.105 68.4089
207.105 68.4089 203.265 68.5124 143.037 69.0076
122.475 68.0948 207.105 68.4089 143.037 69.0076
122.475 68.0948 143.037 69.0076 128.839 69.3668
152.233 67.3889 122.475 68.0948 207.105 68.4089
207.105 68.4089 152.233 67.3889 173.651 67.3853
49.7097 69.9065 257.095 69.72 219.774 69.666
358.009 77.4677 371.012 78.6669 376.943 78.7696
366.469 73.6606 358.009 77.4677 376.943 78.7696
366.469 73.6606 376.943 78.7696 387.308 79.8831
362.34 72.0236 339.273 72.1395 366.469 73.6606
362.34 72.0236 366.469 73.6606 387.308 79.8831
392.358 70.7953 362.34 72.0236 387.308 79.8831
392.358 70.7953 387.308 79.8831 387.969 86.2325
397.759 69.6943 392.358 70.7953 362.34 72.0236
362.34 72.0236 397.759 69.6943 353.668 69.0088
378.994 66.4562 353.668 69.0088 397.759 69.6943
376.479 60.287 378.994 66.4562 397.759 69.6943
362.17 48.7888 367.731 59.6509 376.479 60.287
362.17 48.7888 376.479 60.287 397.759 69.6943
362.17 48.7888 397.759 69.6943 412.069 76.7396
349.193 43.0958 371.987 43.6662 362.17 48.7888
349.193 43.0958 362.17 48.7888 367.731 59.6509
341.461 37.6303 349.193 43.0958 367.731 59.6509
349.193 43.0958 341.461 37.6303 343.963 33.4431
341.461 37.6303 326.316 37.0079 343.963 33.4431
358.009 77.4677 342.94 77.5936 231.432 79.381
342.94 77.5936 358.009 77.4677 366.469 73.6606
371.012 78.6669 320.467 78.9066 300.36 80.2416
371.012 78.6669 300.36 80.2416 188.381 83.6525
320.467 78.9066 371.012 78.6669 358.009 77.4677
352.359 81.5099 276.051 83.2745 266.605 83.5522
376.943 78.7696 352.359 81.5099 276.051 83.2745
276.051 83.2745 376.943 78.7696 371.012 78.6669
352.359 81.5099 326.943 83.7855 329.86 87.1988
329.86 87.1988 352.359 81.5099 376.943 78.7696
371.486 87.1556 387.308 79.8831 376.943 78.7696
392.358 70.7953 398.524 81.3593 411.833 88.628
411.833 88.628 392.358 70.7953 397.759 69.6943
387.34 58.8879 403.015 63.3771 407.287 66.0336
371.452 51.1284 387.34 58.8879 403.015 63.3771
387.34 58.8879 371.452 51.1284 362.17 48.7888
371.452 51.1284 380.132 51.3281 393.745 53.5777
362.17 48.7888 371.452 51.1284 380.132 51.3281
380.132 51.3281 362.17 48.7888 371.987 43.6662
342.605 48.1642 346.912 50.9105 360.444 58.8447
326.316 37.0079 322.131 38.6359 342.605 48.1642
326.316 37.0079 342.605 48.1642 360.444 58.8447
316.785 33.4065 343.963 33.4431 326.316 37.0079
316.785 33.4065 326.316 37.0079 322.131 38.6359
322.131 38.6359 316.785 33.4065 310.742 29.5712
342.605 48.1642 346.912 50.9105 353.161 62.5929
328.499 46.8692 342.605 48.1642 353.161 62.5929
303.695 42.7936 328.499 46.8692 342.605 48.1642
231.63 28.1271 303.695 42.7936 342.605 48.1642
198.418 21.0768 231.63 28.1271 342.605 48.1642
118.328 7.0683 149.331 13.4854 173.631 16.54
342.605 48.1642 198.418 21.0768 100.768 2.66314
198.418 21.0768 173.631 16.54 100.768 2.66314
173.631 16.54 118.328 7.0683 100.768 2.66314
118.328 7.0683 137.354 13.0686 161.852 19.8122
137.354 13.0686 118.328 7.0683 100.768 2.66314
149.331 13.4854 179.243 19.6821 240.467 31.4292
179.243 19.6821 149.331 13.4854 118.328 7.0683
303.695 42.7936 231.63 28.1271 209.058 23.8969
312.2 36.3684 322.131 38.6359 342.605 48.1642
287.937 30.4508 312.2 36.3684 322.131 38.6359
248.119 21.1198 269.028 29.395 287.937 30.4508
322.131 38.6359 287.937 30.4508 208.213 10.531
287.937 30.4508 248.119 21.1198 208.213 10.531
248.119 21.1198 216.256 13.9871 208.213 10.531
216.256 13.9871 253.574 29.5286 260.305 30.7385
193.816 7.10047 208.213 10.531 216.256 13.9871
193.816 7.10047 216.256 13.9871 253.574 29.5286
203.487 3.90448 161.314 6.28689 193.816 7.10047
203.487 3.90448 193.816 7.10047 208.213 10.531
161.314 6.28689 203.487 3.90448 143.195 3.3122
238.773 10.1169 256.708 10.4094 232.582 10.4703
247.256 7.5701 238.773 10.1169 256.708 10.4094
256.708 10.4094 247.256 7.5701 233.669 3.20052
247.256 7.5701 203.487 3.90448 233.669 3.20052
203.487 3.90448 143.195 3.3122 233.669 3.20052
172.044 13.9515 186.31 17.91 287.84 37.2667
132.057 7.20913 172.044 13.9515 186.31 17.91
129.517 3.95385 132.057 7.20913 172.044 13.9515
143.195 3.3122 129.517 3.95385 172.044 13.9515
160.628 2.25028 233.669 3.20052 143.195 3.3122
160.628 2.25028 143.195 3.3122 129.517 3.95385
188.244 0.828735 178.526 1.41428 160.628 2.25028
146.274 0.39262 188.244 0.828735 160.628 2.25028
146.274 0.39262 160.628 2.25028 129.517 3.95385
166.596 -0.673428 146.274 0.39262 188.244 0.828735
212.906 -1.54153 166.596 -0.673428 188.244 0.828735
188.244 0.828735 212.906 -1.54153 238.078 -3.14796
119.736 0.591419 146.274 0.39262 166.596 -0.673428
196.049 9.48829 220.113 18.923 226.643 23.6749
193.816 7.10047 176.364 8.21731 196.049 9.48829
193.816 7.10047 196.049 9.48829 220.113 18.923
176.364 8.21731 193.816 7.10047 161.314 6.28689
269.028 29.395 287.937 30.4508 277.273 33.7044
277.273 33.7044 269.028 29.395 236.872 21.6507
178.526 1.41428 188.244 0.828735 251.6 -1.77103
216.525 1.03226 178.526 1.41428 160.628 2.25028
296.608 -0.101727 216.525 1.03226 178.526 1.41428
178.526 1.41428 296.608 -0.101727 311.314 -2.35107
296.608 -0.101727 276.433 1.99424 286.36 3.02084
311.314 -2.35107 296.608 -0.101727 286.36 3.02084
286.36 3.02084 311.314 -2.35107 330.236 -3.41476
321.802 1.51112 286.36 3.02084 268.47 3.90731
286.36 3.02084 321.802 1.51112 347.568 -1.87254
276.433 1.99424 286.36 3.02084 268.47 3.90731
268.47 3.90731 276.433 1.99424 260.68 1.94406
328.885 16.0671 296.262 17.4271 323.113 17.7494
328.885 16.0671 323.113 17.7494 302.575 27.2249
282.692 12.1956 328.885 16.0671 296.262 17.4271
286.39 11.4893 271.712 12.067 282.692 12.1956
286.39 11.4893 282.692 12.1956 328.885 16.0671
256.708 10.4094 232.582 10.4703 286.39 11.4893
300.857 9.1182 256.708 10.4094 286.39 11.4893
300.857 9.1182 286.39 11.4893 328.885 16.0671
337.023 7.82821 300.857 9.1182 256.708 10.4094
321.453 6.86044 346.213 7.80164 337.023 7.82821
321.453 6.86044 337.023 7.82821 256.708 10.4094
307.697 6.57224 332.95 6.72231 321.453 6.86044
307.697 6.57224 321.453 6.86044 256.708 10.4094
358.565 3.82757 367.844 3.9208 307.697 6.57224
341.977 3.73206 358.565 3.82757 307.697 6.57224
341.977 3.73206 307.697 6.57224 256.708 10.4094
256.708 10.4094 341.977 3.73206 406.714 -1.66442
360.23 13.153 350.516 19.3694 340.119 21.7552
367.461 11.2139 360.23 13.153 350.516 19.3694
300.857 9.1182 367.461 11.2139 360.23 13.153
367.461 11.2139 300.857 9.1182 337.023 7.82821
306.537 18.1947 280.576 18.3884 286.507 19.1648
306.537 18.1947 286.507 19.1648 268.407 22.3195
323.113 17.7494 306.537 18.1947 268.407 22.3195
296.262 17.4271 323.113 17.7494 306.537 18.1947
306.537 18.1947 296.262 17.4271 256.396 16.4789
330.865 31.2947 316.785 33.4065 343.963 33.4431
348.321 27.1877 330.865 31.2947 316.785 33.4065
316.785 33.4065 348.321 27.1877 359.101 23.7496
360.094 27.4837 348.321 27.1877 359.101 23.7496
361.297 39.7077 349.193 43.0958 371.987 43.6662
361.297 39.7077 371.987 43.6662 400.637 49.3549
373.195 30.5224 361.297 39.7077 349.193 43.0958
378.395 26.735 373.195 30.5224 361.297 39.7077
388.926 22.3575 378.395 26.735 361.297 39.7077
411.961 12.9423 402.143 20.7978 388.926 22.3575
402.902 9.33211 411.961 12.9423 388.926 22.3575
402.902 9.33211 388.926 22.3575 378.395 26.735
411.961 12.9423 402.902 9.33211 398.854 -0.472327
410.91 21.9792 401.682 27.9478 408.22 32.0289
410.91 21.9792 408.22 32.0289 411.925 39.34
411.925 39.34 410.91 21.9792 411.961 12.9423
410.91 21.9792 402.143 20.7978 411.961 12.9423
393.472 37.7918 377.311 41.216 401.193 41.4297
391.411 32.4008 393.472 37.7918 377.311 41.216
401.682 27.9478 391.411 32.4008 393.472 37.7918
391.411 32.4008 401.682 27.9478 410.91 21.9792
410.569 60.8947 406.975 46.6539 401.682 27.9478
406.975 46.6539 408.22 32.0289 401.682 27.9478
373.276 19.4935 378.395 26.735 373.195 30.5224
378.65 18.7182 373.276 19.4935 378.395 26.735
377.798 10.7565 378.65 18.7182 373.276 19.4935
389.071 1.89277 389.133 6.30241 377.798 10.7565
373.276 19.4935 377.798 10.7565 382.096 0.772389
377.798 10.7565 389.071 1.89277 382.096 0.772389
329.86 87.1988 326.943 83.7855 312.838 83.0707
266.605 83.5522 276.051 83.2745 286.096 82.6864
242.557 77.5553 342.94 77.5936 231.432 79.381
242.557 77.5553 231.432 79.381 210.912 80.6272
258.914 76.5905 242.557 77.5553 342.94 77.5936
252.096 76.0324 258.914 76.5905 342.94 77.5936
61.2668 72.2524 252.096 76.0324 342.94 77.5936
37.0359 72.0698 61.2668 72.2524 252.096 76.0324
61.2668 72.2524 37.0359 72.0698 187.517 71.888
0.954003 72.6402 70.3066 73.5944 12.1429 73.6467
19.7859 72.5976 0.954003 72.6402 70.3066 73.5944
37.0359 72.0698 19.7859 72.5976 70.3066 73.5944
27.7824 71.6333 187.517 71.888 37.0359 72.0698
27.7824 71.6333 37.0359 72.0698 19.7859 72.5976
19.7859 72.5976 27.7824 71.6333 76.9843 63.2035
23.156 78.2198 107.855 79.7513 198.63 81.6072
9.10822 77.7285 23.156 78.2198 107.855 79.7513
83.3771 77.6012 -0.773801 77.6182 9.10822 77.7285
83.3771 77.6012 9.10822 77.7285 107.855 79.7513
128.341 77.046 83.3771 77.6012 -0.773801 77.6182
161.528 76.6868 123.15 76.8281 128.341 77.046
161.528 76.6868 128.341 77.046 83.3771 77.6012
123.15 76.8281 161.528 76.6868 252.096 76.0324
161.528 76.6868 258.914 76.5905 252.096 76.0324
50.7422 83.4638 26.5655 80.692 -0.773801 77.6182
26.5655 80.692 9.10822 77.7285 -0.773801 77.6182
143.449 86.8119 119.853 87.2569 203.109 88.1306
99.0467 83.4231 143.449 86.8119 119.853 87.2569
58.6661 80.587 99.0467 83.4231 119.853 87.2569
39.7259 79.2057 58.6661 80.587 119.853 87.2569
23.156 78.2198 39.7259 79.2057 119.853 87.2569
119.853 87.2569 23.156 78.2198 9.10822 77.7285
58.6661 80.587 141.717 83.4291 313.365 91.3716
141.717 83.4291 58.6661 80.587 39.7259 79.2057
272.785 87.3676 358.4 90.3986 401.849 91.6151
358.4 90.3986 272.785 87.3676 39.7259 79.2057
272.785 87.3676 71.6732 79.9209 39.7259 79.2057
382.129 90.3704 71.6732 79.9209 23.156 78.2198
71.6732 79.9209 39.7259 79.2057 23.156 78.2198
242.557 77.5553 223.943 77.6838 166.469 77.9146
166.469 77.9146 242.557 77.5553 258.914 76.5905
102.761 93.0544 68.9682 93.2213 36.1194 93.824
152.582 92.7609 102.761 93.0544 68.9682 93.2213
252.829 92.0373 323.529 92.5918 186.692 92.6279
252.829 92.0373 186.692 92.6279 152.582 92.7609
252.829 92.0373 152.582 92.7609 68.9682 93.2213
276.209 91.9555 252.829 92.0373 323.529 92.5918
287.476 91.5916 276.209 91.9555 323.529 92.5918
236.026 90.9803 287.476 91.5916 276.209 91.9555
212.129 89.8105 236.026 90.9803 287.476 91.5916
159.207 88.6616 212.129 89.8105 236.026 90.9803
133.313 88.2262 159.207 88.6616 236.026 90.9803
119.853 87.2569 203.109 88.1306 133.313 88.2262
81.7175 87.0981 119.853 87.2569 133.313 88.2262
81.7175 87.0981 133.313 88.2262 236.026 90.9803
119.853 87.2569 81.7175 87.0981 108.596 87.0458
29.1699 87.522 81.7175 87.0981 61.0709 86.2795
81.7175 87.0981 108.596 87.0458 61.0709 86.2795
232.622 93.5338 152.582 92.7609 186.692 92.6279
186.692 92.6279 336.093 92.9545 350.662 93.6305
323.529 92.5918 186.692 92.6279 336.093 92.9545
336.093 92.9545 323.529 92.5918 221.635 87.6607
296.47 89.9698 336.093 92.9545 350.662 93.6305
336.093 92.9545 296.47 89.9698 257.216 87.0382
-3.88344 93.0315 68.9682 93.2213 36.1194 93.824
22.3777 92.7609 -3.88344 93.0315 68.9682 93.2213
88.7755 92.52 22.3777 92.7609 68.9682 93.2213
178.969 91.4051 88.7755 92.52 68.9682 93.2213
88.7755 92.52 178.969 91.4051 169.029 91.3397
12.1957 90.9837 22.3777 92.7609 -3.88344 93.0315
22.3777 92.7609 12.1957 90.9837 53.5919 90.8735
128.341 77.046 123.15 76.8281 89.2999 76.105
123.15 76.8281 149.169 76.4074 89.2999 76.105
123.15 76.8281 149.169 76.4074 177.377 76.1102
0.954003 72.6402 19.7859 72.5976 9.37941 62.9969
156.966 66.9452 152.233 67.3889 122.475 68.0948
152.233 67.3889 156.966 66.9452 177.1 66.7331
109.652 67.8654 161.073 63.3054 213.615 59.4568
78.4029 68.6186 98.6029 66.201 88.6549 66.0062
121.935 59.4272 132.354 60.2599 106.429 61.3159
132.354 60.2599 121.935 59.4272 57.5286 52.0167
193.762 57.8307 183.523 56.3845 140.625 52.654
131.35 51.6499 163.382 52.8384 187.461 53.874
76.9066 49.6333 131.35 51.6499 187.461 53.874
89.1974 49.5584 76.9066 49.6333 131.35 51.6499
66.4348 49.3358 89.1974 49.5584 76.9066 49.6333
28.5045 48.8428 66.4348 49.3358 76.9066 49.6333
66.4348 49.3358 28.5045 48.8428 47.7724 48.1471
20.3509 49.0111 1.23732 50.7705 10.6809 53.5726
28.5045 48.8428 20.3509 49.0111 10.6809 53.5726
47.7724 48.1471 28.5045 48.8428 20.3509 49.0111
36.0589 46.4758 47.7724 48.1471 20.3509 49.0111
59.4138 41.0833 36.0589 46.4758 20.3509 49.0111
47.1396 38.7656 59.4138 41.0833 20.3509 49.0111
20.3509 49.0111 47.1396 38.7656 43.0851 38.6673
59.4138 41.0833 88.5651 42.1447 100.99 43.2558
88.5651 42.1447 59.4138 41.0833 47.1396 38.7656
66.7239 39.1793 123.089 41.7682 127.463 42.6741
47.1396 38.7656 66.7239 39.1793 127.463 42.6741
43.0851 38.6673 47.1396 38.7656 66.7239 39.1793
136.669 37.7215 30.4315 38.4684 43.0851 38.6673
136.669 37.7215 43.0851 38.6673 66.7239 39.1793
30.4315 38.4684 136.669 37.7215 83.5508 37.3476
17.0867 58.4208 37.8645 61.7631 32.8877 62.5076
-1.74215 57.76 17.0867 58.4208 32.8877 62.5076
10.6809 53.5726 -1.74215 57.76 17.0867 58.4208
1.23732 50.7705 10.6809 53.5726 -1.74215 57.76
2.59726 37.2213 1.23732 50.7705 -1.74215 57.76
0.223775 30.019 2.59726 37.2213 -1.74215 57.76
0.315315 8.85688 0.223775 30.019 2.59726 37.2213
2.59726 37.2213 0.315315 8.85688 0.479604 -2.72465
66.922 58.3339 17.0867 58.4208 37.8645 61.7631
62.2278 57.9031 66.922 58.3339 17.0867 58.4208
17.0867 58.4208 62.2278 57.9031 46.7386 57.5808
62.2278 57.9031 100.02 57.6402 46.7386 57.5808
32.8877 62.5076 37.8645 61.7631 90.7361 58.6107
10.6968 42.4296 20.3509 49.0111 1.23732 50.7705
9.4419 30.7267 10.6968 42.4296 1.23732 50.7705
16.7456 27.1042 9.4419 30.7267 10.6968 42.4296
16.2386 21.154 16.7456 27.1042 9.4419 30.7267
6.6334 19.7226 3.11167 21.0802 16.2386 21.154
32.8911 16.4858 6.6334 19.7226 16.2386 21.154
32.8911 16.4858 16.2386 21.154 16.7456 27.1042
6.6334 19.7226 32.8911 16.4858 19.209 13.917
62.6846 29.626 67.123 30.5453 29.7807 33.1309
50.6384 27.9845 62.6846 29.626 29.7807 33.1309
42.209 27.7069 50.6384 27.9845 29.7807 33.1309
48.2461 23.5051 62.519 23.6391 42.209 27.7069
48.2461 23.5051 42.209 27.7069 29.7807 33.1309
38.1015 21.7715 48.2461 23.5051 29.7807 33.1309
32.8911 16.4858 38.1015 21.7715 29.7807 33.1309
31.9371 13.8086 19.209 13.917 32.8911 16.4858
31.9371 13.8086 32.8911 16.4858 38.1015 21.7715
27.2713 3.55909 31.9371 13.8086 38.1015 21.7715
36.0329 1.75971 27.2713 3.55909 38.1015 21.7715
52.9904 -3.24488 36.0329 1.75971 27.2713 3.55909
36.0329 1.75971 52.9904 -3.24488 83.4997 -3.29449
110.305 36.6537 67.123 30.5453 62.6846 29.626
88.5041 28.8368 50.6384 27.9845 42.209 27.7069
11.5377 7.28537 6.6334 19.7226 3.11167 21.0802
3.11167 21.0802 11.5377 7.28537 6.53886 3.15191
31.9371 13.8086 27.2713 3.55909 18.0793 0.469797
59.5231 13.3227 38.1015 21.7715 48.2461 23.5051
68.8489 7.96989 51.8655 11.5428 59.5231 13.3227
68.8489 7.96989 59.5231 13.3227 48.2461 23.5051
51.8655 11.5428 68.8489 7.96989 58.8609 3.82811
81.9048 13.5949 68.8489 7.96989 67.1228 2.23947
68.8489 7.96989 58.8609 3.82811 67.1228 2.23947
37.8791 7.85891 58.8609 3.82811 67.1228 2.23947
62.519 23.6391 48.2461 23.5051 72.6117 22.9435
20.3509 49.0111 10.6968 42.4296 20.9487 39.5392
127.463 42.6741 123.089 41.7682 148.844 39.3697
118.711 48.9087 66.4348 49.3358 89.1974 49.5584
102.546 47.8578 118.711 48.9087 66.4348 49.3358
110.663 47.4161 102.546 47.8578 66.4348 49.3358
102.546 47.8578 110.663 47.4161 151.68 46.0934
77.3016 26.9593 98.4811 23.4981 111.176 21.4444
307.162 48.3907 302.244 46.8701 217.804 28.4992
302.244 46.8701 307.162 48.3907 320.972 51.1932
320.972 51.1932 302.244 46.8701 283.659 40.0198
