83.2838 27.1771 77.1926 27.2 82.7052 27.2849
82.7052 27.2849 83.2838 27.1771 99.984 26.2579
77.1926 27.2 83.2838 27.1771 93.71 26.126
82.7052 27.2849 63.8584 27.3113 80.24 27.497
77.1926 27.2 82.7052 27.2849 63.8584 27.3113
69.2471 27.139 77.1926 27.2 63.8584 27.3113
63.8584 27.3113 69.2471 27.139 62.4735 26.871
70.0478 27.998 60.2145 28.5972 61.4277 28.7963
73.909 27.7091 70.0478 27.998 61.4277 28.7963
80.24 27.497 73.909 27.7091 61.4277 28.7963
63.8584 27.3113 80.24 27.497 73.909 27.7091
56.5113 27.071 63.8584 27.3113 73.909 27.7091
63.8584 27.3113 56.5113 27.071 49.8668 26.7607
56.5113 27.071 53.4145 27.0152 49.8668 26.7607
60.3283 27.2516 56.5113 27.071 53.4145 27.0152
61.4277 28.7963 66.1379 29.0699 70.9171 29.1913
49.3253 28.246 60.2145 28.5972 61.4277 28.7963
49.3253 28.246 61.4277 28.7963 66.1379 29.0699
48.642 27.9572 40.2452 28.0881 49.3253 28.246
48.642 27.9572 49.3253 28.246 60.2145 28.5972
37.9508 27.8449 48.642 27.9572 40.2452 28.0881
40.2452 28.0881 37.9508 27.8449 30.8921 27.381
75.0632 29.4036 66.3183 29.4145 69.5456 29.8936
86.9774 28.8955 70.9171 29.1913 75.0632 29.4036
86.9774 28.8955 75.0632 29.4036 69.5456 29.8936
70.9171 29.1913 86.9774 28.8955 92.1503 28.7418
86.9774 28.8955 87.2484 28.9969 91.1375 29.7841
92.1503 28.7418 86.9774 28.8955 91.1375 29.7841
96.5387 27.9666 92.1503 28.7418 91.1375 29.7841
95.2978 27.904 96.5387 27.9666 92.1503 28.7418
95.2199 27.8013 95.2978 27.904 96.5387 27.9666
96.5387 27.9666 95.2199 27.8013 97.8738 26.7362
84.1281 29.2758 87.3951 29.4861 82.7895 29.5125
87.2484 28.9969 84.1281 29.2758 87.3951 29.4861
84.1281 29.2758 87.2484 28.9969 86.9774 28.8955
66.1379 29.0699 70.9171 29.1913 75.0632 29.4036
75.0632 29.4036 66.1379 29.0699 40.6238 28.3467
95.2978 27.904 82.3594 28.0251 85.5511 28.0279
95.2199 27.8013 95.2978 27.904 82.3594 28.0251
83.8283 27.7191 95.2199 27.8013 82.3594 28.0251
95.2199 27.8013 83.8283 27.7191 90.7036 27.4124
62.4967 29.2562 75.0632 29.4036 66.3183 29.4145
49.7876 29.0711 62.4967 29.2562 75.0632 29.4036
75.0632 29.4036 49.7876 29.0711 42.0888 28.6828
66.0811 29.6953 57.6142 29.3462 49.7876 29.0711
57.6142 29.3462 62.4967 29.2562 49.7876 29.0711
49.7876 29.0711 56.1899 29.6333 60.9737 29.954
56.1899 29.6333 49.7876 29.0711 42.0888 28.6828
60.9737 29.954 56.1899 29.6333 52.9152 29.5438
37.9508 27.8449 37.2229 27.5964 27.5669 26.095
37.2229 27.5964 37.9508 27.8449 48.642 27.9572
44.153 27.5576 37.2229 27.5964 48.642 27.9572
46.562 27.3518 44.153 27.5576 37.2229 27.5964
42.4243 27.3397 46.562 27.3518 37.2229 27.5964
37.2229 27.5964 42.4243 27.3397 43.7143 25.9567
46.8988 27.1816 42.4243 27.3397 46.562 27.3518
42.4243 27.3397 46.8988 27.1816 45.3525 26.8546
50.7262 27.6554 46.8988 27.1816 45.3525 26.8546
70.0478 27.998 73.909 27.7091 57.8788 27.6906
77.9857 27.006 69.2471 27.139 77.1926 27.2
66.6196 27.0034 77.9857 27.006 69.2471 27.139
44.1025 25.8169 60.8628 26.0358 60.9239 26.1081
44.1025 25.8169 60.9239 26.1081 61.6853 26.3662
44.1025 25.8169 61.6853 26.3662 66.6196 27.0034
33.0736 25.2823 44.1025 25.8169 66.6196 27.0034
33.0736 25.2823 66.6196 27.0034 69.2471 27.139
22.4091 25.1948 17.219 25.2375 33.0736 25.2823
23.5519 25.1701 22.4091 25.1948 33.0736 25.2823
35.0405 25.1025 23.5519 25.1701 33.0736 25.2823
35.0405 25.1025 33.0736 25.2823 44.1025 25.8169
29.2899 24.2382 35.0405 25.1025 44.1025 25.8169
27.336 23.7826 29.2899 24.2382 44.1025 25.8169
23.8285 23.4034 30.8458 23.6776 27.336 23.7826
23.8285 23.4034 27.336 23.7826 29.2899 24.2382
18.0465 22.4136 23.8285 23.4034 30.8458 23.6776
18.0821 22.1872 18.0465 22.4136 30.8458 23.6776
15.8883 21.9644 18.0821 22.1872 18.0465 22.4136
10.564 21.5127 15.8883 21.9644 18.0465 22.4136
10.0598 21.4309 10.564 21.5127 15.8883 21.9644
10.564 21.5127 10.0598 21.4309 1.03322 20.1012
18.328 25.4171 25.5437 25.6311 32.5842 25.8004
16.1108 25.3408 18.328 25.4171 32.5842 25.8004
17.219 25.2375 16.1108 25.3408 32.5842 25.8004
16.1108 25.3408 17.219 25.2375 18.6066 24.9983
17.219 25.2375 22.4091 25.1948 18.6066 24.9983
18.328 25.4171 18.3837 26.3086 20.1669 27.3194
16.1108 25.3408 18.328 25.4171 18.3837 26.3086
15.1567 25.1188 16.1108 25.3408 18.3837 26.3086
8.83182 23.2352 15.1567 25.1188 18.3837 26.3086
4.47277 21.5897 8.83182 23.2352 15.1567 25.1188
8.83182 23.2352 4.47277 21.5897 3.60259 21.2892
4.47277 21.5897 8.12077 21.7677 6.42571 21.9199
8.12077 21.7677 4.47277 21.5897 3.60259 21.2892
30.7108 28.9429 33.5841 29.1677 0.785944 29.872
28.128 27.6161 30.7108 28.9429 33.5841 29.1677
25.4512 27.1665 20.1669 27.3194 28.128 27.6161
26.977 26.8874 25.4512 27.1665 28.128 27.6161
26.977 26.8874 28.128 27.6161 33.5841 29.1677
24.4515 26.2188 26.977 26.8874 25.4512 27.1665
25.4512 27.1665 24.4515 26.2188 21.9625 25.919
22.6923 27.6355 21.2092 28.1223 22.283 28.4364
20.1669 27.3194 28.128 27.6161 22.6923 27.6355
20.1669 27.3194 22.6923 27.6355 21.2092 28.1223
18.3837 26.3086 20.1669 27.3194 21.2092 28.1223
10.3411 25.7758 18.3837 26.3086 21.2092 28.1223
9.91223 25.7143 10.3411 25.7758 18.3837 26.3086
7.84371 25.5021 9.91223 25.7143 18.3837 26.3086
18.3837 26.3086 7.84371 25.5021 1.95176 24.914
10.7734 29.1215 11.1402 29.3006 2.21383 29.308
10.0123 28.1631 10.7734 29.1215 11.1402 29.3006
2.39217 26.0765 1.67335 26.219 7.35164 26.3535
7.84371 25.5021 2.39217 26.0765 7.35164 26.3535
7.84371 25.5021 7.35164 26.3535 10.0123 28.1631
7.84371 25.5021 10.0123 28.1631 11.1402 29.3006
1.95176 24.914 7.84371 25.5021 2.39217 26.0765
0.856914 23.5218 2.77469 24.5975 1.95176 24.914
0.856914 23.5218 1.95176 24.914 2.39217 26.0765
1.8866 23.292 0.856914 23.5218 2.77469 24.5975
0.93338 22.9607 1.8866 23.292 0.856914 23.5218
0.186529 18.5044 0.93338 22.9607 0.856914 23.5218
0.841907 17.1259 0.186529 18.5044 0.93338 22.9607
0.186529 18.5044 0.841907 17.1259 0.351844 15.1601
22.283 28.4364 21.2092 28.1223 14.4886 27.3444
3.1504 26.8163 4.49136 27.7785 4.38242 28.7181
1.67335 26.219 7.35164 26.3535 3.1504 26.8163
1.67335 26.219 3.1504 26.8163 4.38242 28.7181
4.38242 28.7181 1.67335 26.219 0.344048 26.164
5.47819 27.9405 4.49136 27.7785 3.1504 26.8163
1.67335 26.219 2.39217 26.0765 0.509528 23.7279
2.96567 24.4982 3.34961 24.5967 2.77469 24.5975
2.77469 24.5975 2.96567 24.4982 2.79448 22.0301
3.34961 24.5967 2.77469 24.5975 1.95176 24.914
1.95176 24.914 3.34961 24.5967 4.89409 24.5576
3.34961 24.5967 2.96567 24.4982 6.88509 23.3604
16.1108 25.3408 15.1567 25.1188 13.9287 24.2889
27.8783 24.9192 35.0405 25.1025 23.5519 25.1701
23.3955 24.3847 27.8783 24.9192 35.0405 25.1025
14.2932 23.7549 23.3955 24.3847 27.8783 24.9192
27.8783 24.9192 14.2932 23.7549 12.5476 23.6294
14.9396 22.967 14.2932 23.7549 23.3955 24.3847
23.3955 24.3847 14.9396 22.967 8.20534 21.4431
24.7435 24.1293 29.2899 24.2382 35.0405 25.1025
29.2899 24.2382 24.7435 24.1293 22.2573 23.857
17.4837 21.3432 15.8883 21.9644 18.0821 22.1872
15.8883 21.9644 17.4837 21.3432 7.13664 19.5212
47.9402 25.6268 44.1025 25.8169 60.8628 26.0358
45.7489 25.221 53.0773 25.4383 47.9402 25.6268
45.7489 25.221 47.9402 25.6268 44.1025 25.8169
35.3889 23.7112 45.7489 25.221 44.1025 25.8169
30.8357 23.286 35.3889 23.7112 44.1025 25.8169
26.9539 22.5669 30.8357 23.286 44.1025 25.8169
15.2499 20.3402 19.9689 21.2222 26.9539 22.5669
44.1025 25.8169 26.9539 22.5669 6.35264 18.7577
26.9539 22.5669 15.2499 20.3402 6.35264 18.7577
26.9539 22.5669 19.9689 21.2222 14.3611 19.8721
23.9433 21.5191 26.4109 22.2412 26.9539 22.5669
13.1707 18.7738 19.0564 20.3863 23.9433 21.5191
13.2724 18.5282 13.1707 18.7738 23.9433 21.5191
13.4518 18.3554 13.2724 18.5282 23.9433 21.5191
13.4518 18.3554 23.9433 21.5191 26.4109 22.2412
13.9181 18.3256 13.4518 18.3554 26.4109 22.2412
8.44029 16.4862 13.9181 18.3256 26.4109 22.2412
3.34896 15.9136 8.44029 16.4862 13.9181 18.3256
8.44029 16.4862 3.34896 15.9136 8.7052 15.6988
26.4109 22.2412 26.9539 22.5669 30.8357 23.286
25.884 21.9912 26.4109 22.2412 30.8357 23.286
26.4109 22.2412 25.884 21.9912 18.1518 19.1739
25.884 21.9912 21.7961 19.5555 18.1518 19.1739
26.271 20.4701 29.9575 21.753 30.2989 22.3814
21.7961 19.5555 26.271 20.4701 30.2989 22.3814
26.271 20.4701 21.7961 19.5555 15.5925 17.3594
21.7961 19.5555 18.1518 19.1739 15.5925 17.3594
23.9433 21.5191 19.0564 20.3863 12.7782 19.0194
13.4518 18.3554 13.9181 18.3256 2.35767 17.7419
45.5688 24.5816 47.6999 24.5819 45.7489 25.221
43.2122 24.5191 45.5688 24.5816 45.7489 25.221
34.1293 22.0949 43.2122 24.5191 45.7489 25.221
18.702 17.8439 34.1293 22.0949 43.2122 24.5191
34.1293 22.0949 18.702 17.8439 10.2417 15.5807
47.6999 24.5819 45.7489 25.221 53.0773 25.4383
49.5082 24.3556 47.6999 24.5819 53.0773 25.4383
49.1824 23.3008 49.5082 24.3556 53.0773 25.4383
49.5082 24.3556 49.1824 23.3008 47.1042 23.1627
49.1824 23.3008 66.1354 24.1923 65.8477 24.285
66.1354 24.1923 49.1824 23.3008 47.1042 23.1627
43.4039 23.1927 49.5082 24.3556 47.6999 24.5819
32.3555 20.6231 43.4039 23.1927 49.5082 24.3556
49.5082 24.3556 32.3555 20.6231 7.97076 14.9188
66.1354 24.1923 67.9224 23.8633 57.5292 21.099
67.9224 23.8633 66.1354 24.1923 65.8477 24.285
78.1716 22.4254 67.9224 23.8633 65.8477 24.285
78.1716 22.4254 65.8477 24.285 56.3133 25.7867
75.5166 22.2464 86.2877 22.296 78.1716 22.4254
75.5166 22.2464 78.1716 22.4254 67.9224 23.8633
94.0126 22.1752 75.5166 22.2464 86.2877 22.296
71.9205 22.1562 94.0126 22.1752 75.5166 22.2464
91.5375 22.1355 71.9205 22.1562 94.0126 22.1752
88.4839 21.0613 91.5375 22.1355 94.0126 22.1752
94.0126 22.1752 88.4839 21.0613 82.9396 19.8785
78.1305 22.665 80.6644 23.066 85.2659 23.373
80.5799 22.5827 78.1305 22.665 85.2659 23.373
78.1716 22.4254 80.5799 22.5827 78.1305 22.665
80.5799 22.5827 78.1716 22.4254 86.2877 22.296
74.4007 22.0409 91.5375 22.1355 71.9205 22.1562
70.9884 21.4792 74.4007 22.0409 71.9205 22.1562
73.7348 21.2276 70.9884 21.4792 74.4007 22.0409
75.2035 21.0486 73.7348 21.2276 74.4007 22.0409
75.9741 19.7539 75.7862 19.8506 75.2035 21.0486
76.3695 19.1731 75.9741 19.7539 75.2035 21.0486
78.291 16.3583 76.3695 19.1731 75.2035 21.0486
80.1169 15.7663 78.291 16.3583 75.2035 21.0486
80.1169 15.7663 75.2035 21.0486 74.4007 22.0409
84.5253 11.7985 80.1169 15.7663 74.4007 22.0409
74.4007 22.0409 84.5253 11.7985 85.7466 10.6899
85.7466 10.6899 82.0426 15.3094 77.1941 20.7915
82.0426 15.3094 85.7466 10.6899 87.0749 10.1283
85.7466 10.6899 85.0709 10.5747 87.0749 10.1283
84.5253 11.7985 83.9387 11.9221 82.6222 12.0833
85.7466 10.6899 84.5253 11.7985 82.6222 12.0833
82.6222 12.0833 85.7466 10.6899 85.0709 10.5747
68.3939 19.4904 73.7348 21.2276 70.9884 21.4792
65.1504 19.3141 68.3939 19.4904 70.9884 21.4792
64.6959 19.1369 65.1504 19.3141 68.3939 19.4904
53.686 18.1344 63.4649 19.1276 64.6959 19.1369
49.741 17.703 53.686 18.1344 64.6959 19.1369
49.741 17.703 64.6959 19.1369 68.3939 19.4904
49.3388 17.6104 48.1174 17.6585 49.741 17.703
49.3388 17.6104 49.741 17.703 68.3939 19.4904
38.4069 16.2209 49.3388 17.6104 48.1174 17.6585
34.1615 16.1061 38.4069 16.2209 48.1174 17.6585
21.7471 15.62 24.4129 15.8986 34.1615 16.1061
21.7471 15.62 34.1615 16.1061 38.4069 16.2209
12.7904 14.813 21.7471 15.62 24.4129 15.8986
24.4129 15.8986 12.7904 14.813 6.77808 14.4065
65.5265 20.764 64.8426 21.64 64.4839 22.4186
65.5071 19.672 65.5265 20.764 64.8426 21.64
65.4821 19.4691 65.5071 19.672 64.8426 21.64
65.1504 19.3141 65.4821 19.4691 64.8426 21.64
64.8426 21.64 65.1504 19.3141 64.6959 19.1369
34.1615 16.1061 22.3099 16.1309 32.4057 16.6557
22.3099 16.1309 34.1615 16.1061 24.4129 15.8986
64.6959 19.1369 61.9796 19.1471 57.0884 19.222
61.9796 19.1471 64.6959 19.1369 63.4649 19.1276
69.0806 21.3311 65.5071 19.672 65.4821 19.4691
64.4839 22.4186 64.8426 21.64 63.0617 19.745
53.7799 19.6137 56.3282 20.0568 55.953 20.1284
46.208 18.3718 53.7799 19.6137 55.953 20.1284
48.1174 17.6585 49.741 17.703 46.208 18.3718
39.4249 17.3191 48.1174 17.6585 46.208 18.3718
39.4249 17.3191 46.208 18.3718 55.953 20.1284
48.1174 17.6585 39.4249 17.3191 21.0508 16.4775
39.4249 17.3191 34.1301 17.1755 21.0508 16.4775
21.0508 16.4775 34.1301 17.1755 27.455 17.4606
21.0508 16.4775 27.455 17.4606 34.3988 18.5325
20.4554 16.4097 21.0508 16.4775 34.3988 18.5325
17.2552 15.9824 20.4554 16.4097 21.0508 16.4775
21.0508 16.4775 17.2552 15.9824 8.13514 14.6618
51.5587 22.4907 49.9886 22.4987 56.2372 23.3443
25.4566 17.4957 51.5587 22.4907 56.2372 23.3443
22.5852 17.0117 25.4566 17.4957 51.5587 22.4907
20.4554 16.4097 22.5852 17.0117 25.4566 17.4957
22.5852 17.0117 20.4554 16.4097 17.2552 15.9824
50.6078 21.4748 56.7257 22.7812 62.5082 23.7268
41.2824 19.9635 50.6078 21.4748 56.7257 22.7812
37.8444 19.4113 39.734 19.6337 41.2824 19.9635
37.8444 19.4113 41.2824 19.9635 56.7257 22.7812
39.4249 17.3191 37.8444 19.4113 39.734 19.6337
37.8444 19.4113 39.4249 17.3191 34.1301 17.1755
55.9171 21.6917 41.2824 19.9635 39.734 19.6337
56.3282 20.0568 55.953 20.1284 58.7784 20.6592
58.7784 20.6592 56.3282 20.0568 55.0102 19.4243
58.7784 20.6592 55.953 20.1284 45.5942 19.1455
62.5082 23.7268 56.7257 22.7812 46.1465 21.097
46.1458 22.2766 49.9886 22.4987 56.2372 23.3443
42.1609 21.8523 46.1458 22.2766 49.9886 22.4987
49.9886 22.4987 42.1609 21.8523 35.9966 20.859
46.1458 22.2766 42.1609 21.8523 36.3392 21.2374
48.7606 22.0435 51.5587 22.4907 49.9886 22.4987
49.9886 22.4987 48.7606 22.0435 35.9564 20.3567
55.3373 17.8445 68.8728 19.2609 68.3939 19.4904
22.1345 14.2093 55.3373 17.8445 68.3939 19.4904
55.3373 17.8445 22.1345 14.2093 0.292755 11.8143
22.1345 14.2093 1.95498 12.1509 0.292755 11.8143
1.95498 12.1509 8.32604 13.1737 12.5853 14.556
12.5853 14.556 1.95498 12.1509 0.292755 11.8143
16.6804 14.0397 19.0691 14.4463 22.1562 14.645
8.32604 13.1737 16.6804 14.0397 19.0691 14.4463
16.6804 14.0397 8.32604 13.1737 1.95498 12.1509
68.8728 19.2609 68.3939 19.4904 73.7348 21.2276
65.661 17.9055 64.3623 18.6516 68.8728 19.2609
65.661 17.9055 68.8728 19.2609 73.7348 21.2276
60.2827 17.34 65.661 17.9055 64.3623 18.6516
46.2868 13.0303 60.2827 17.34 64.3623 18.6516
41.5564 11.638 46.2868 13.0303 64.3623 18.6516
33.5197 10.1194 41.3579 11.6271 41.5564 11.638
31.9049 9.69038 33.5197 10.1194 41.5564 11.638
34.4262 9.4551 31.9049 9.69038 41.5564 11.638
34.4262 9.4551 41.5564 11.638 46.2868 13.0303
36.1607 9.25887 34.4262 9.4551 31.9049 9.69038
31.9049 9.69038 36.1607 9.25887 38.4771 8.31708
40.5708 12.1239 39.9329 12.7227 45.2266 13.3734
38.4978 11.559 40.5708 12.1239 45.2266 13.3734
33.9539 11.0122 38.6595 11.5323 38.4978 11.559
33.9539 11.0122 38.4978 11.559 40.5708 12.1239
32.2204 10.5491 28.7261 10.637 33.9539 11.0122
32.2204 10.5491 33.9539 11.0122 38.6595 11.5323
33.5197 10.1194 32.2204 10.5491 28.7261 10.637
28.7261 10.637 33.5197 10.1194 31.9049 9.69038
46.7396 13.3277 38.4978 11.559 38.6595 11.5323
31.5913 15.056 55.3373 17.8445 68.8728 19.2609
28.8799 14.7969 31.5913 15.056 55.3373 17.8445
31.5913 15.056 28.8799 14.7969 10.3566 12.4586
44.2666 15.9954 64.3623 18.6516 68.8728 19.2609
25.8575 13.5236 35.9347 14.9057 44.2666 15.9954
25.8575 13.5236 44.2666 15.9954 64.3623 18.6516
35.9347 14.9057 25.8575 13.5236 19.4514 12.7339
14.0311 11.9439 19.4514 12.7339 25.8575 13.5236
14.0311 11.9439 25.8575 13.5236 32.8928 14.4424
2.12431 10.3314 14.0311 11.9439 32.8928 14.4424
32.8928 14.4424 2.12431 10.3314 1.98049 10.3073
2.12431 10.3314 5.86291 11.2793 12.0411 12.9814
12.0411 12.9814 2.12431 10.3314 1.98049 10.3073
31.5308 14.6623 35.9347 14.9057 44.2666 15.9954
29.3254 14.5432 31.5308 14.6623 44.2666 15.9954
31.5308 14.6623 29.3254 14.5432 17.0371 12.649
35.9993 13.005 32.3189 13.0562 36.1361 13.0684
34.7679 12.0036 35.9993 13.005 36.1361 13.0684
33.9539 11.0122 34.7679 12.0036 36.1361 13.0684
28.7261 10.637 33.9539 11.0122 34.7679 12.0036
34.7679 12.0036 28.7261 10.637 23.9155 9.96374
32.3189 13.0562 36.1361 13.0684 46.3497 14.1001
27.3811 12.7012 32.3189 13.0562 46.3497 14.1001
29.407 12.4121 25.3171 12.5806 27.3811 12.7012
29.407 12.4121 27.3811 12.7012 32.3189 13.0562
32.3189 13.0562 29.407 12.4121 30.2661 11.5
27.3811 12.7012 26.3224 12.8807 27.5092 13.1022
25.3171 12.5806 27.3811 12.7012 26.3224 12.8807
26.3224 12.8807 25.3171 12.5806 16.0432 11.4646
21.952 12.7425 26.3224 12.8807 27.5092 13.1022
26.3224 12.8807 21.952 12.7425 22.9894 12.676
25.7054 12.2818 29.407 12.4121 25.3171 12.5806
25.3171 12.5806 25.7054 12.2818 24.5745 10.7635
35.9993 13.005 34.7679 12.0036 34.3715 11.9721
55.5667 15.6419 61.6324 17.2567 60.2827 17.34
51.265 14.221 54.5578 15.0706 55.5667 15.6419
51.265 14.221 55.5667 15.6419 60.2827 17.34
49.5795 13.3289 51.265 14.221 54.5578 15.0706
51.265 14.221 49.5795 13.3289 39.2502 9.95486
61.6324 17.2567 60.2827 17.34 65.661 17.9055
63.4738 16.4662 61.6324 17.2567 65.661 17.9055
65.2294 15.6627 63.4738 16.4662 61.6324 17.2567
61.6324 17.2567 65.2294 15.6627 68.744 14.0355
56.1123 14.6268 55.5667 15.6419 61.6324 17.2567
53.7065 13.3987 53.496 13.9633 56.1123 14.6268
53.7065 13.3987 56.1123 14.6268 61.6324 17.2567
54.0285 13.3608 53.7065 13.3987 61.6324 17.2567
53.693 13.2991 54.0285 13.3608 53.7065 13.3987
51.6011 10.0618 53.693 13.2991 53.7065 13.3987
48.9113 7.15822 51.6011 10.0618 53.7065 13.3987
51.6011 10.0618 48.9113 7.15822 49.1358 6.45246
52.7707 13.3613 53.7065 13.3987 53.496 13.9633
49.1764 12.8542 52.7707 13.3613 53.496 13.9633
46.2465 12.1374 49.1764 12.8542 53.496 13.9633
49.1764 12.8542 46.2465 12.1374 41.5789 9.38993
52.7707 13.3613 49.1764 12.8542 46.5274 10.4535
44.2653 8.64977 50.981 12.262 52.7707 13.3613
52.7707 13.3613 44.2653 8.64977 40.4089 6.6621
50.981 12.262 52.7707 13.3613 53.7065 13.3987
48.863 10.1534 50.981 12.262 53.7065 13.3987
45.8738 8.60281 48.863 10.1534 50.981 12.262
49.0758 8.58622 45.8738 8.60281 48.863 10.1534
45.5798 8.37039 49.0758 8.58622 45.8738 8.60281
44.1129 8.08913 45.5798 8.37039 45.8738 8.60281
45.8738 8.60281 44.1129 8.08913 43.3128 8.06929
39.4952 5.87097 44.1818 7.53728 44.1129 8.08913
44.1818 7.53728 39.4952 5.87097 41.2544 5.68185
20.4175 6.1536 17.3325 6.548 3.02688 6.57085
29.4996 5.92538 20.4175 6.1536 3.02688 6.57085
41.2544 5.68185 39.4952 5.87097 34.6228 5.88503
41.2544 5.68185 34.6228 5.88503 29.4996 5.92538
37.7192 5.5047 44.493 5.68057 41.2544 5.68185
37.7192 5.5047 41.2544 5.68185 29.4996 5.92538
37.7192 5.5047 29.4996 5.92538 3.02688 6.57085
44.493 5.68057 37.7192 5.5047 40.3941 5.16442
37.7192 5.5047 18.3279 5.75008 17.3605 5.86539
18.3279 5.75008 37.7192 5.5047 40.3941 5.16442
14.8558 7.28225 13.0145 7.41706 13.9352 7.57752
17.4812 6.61582 14.8558 7.28225 13.9352 7.57752
14.8558 7.28225 17.4812 6.61582 17.3325 6.548
17.3325 6.548 17.4812 6.61582 19.1187 6.75687
19.1187 6.75687 17.3325 6.548 20.4175 6.1536
23.8271 6.45474 20.4175 6.1536 29.4996 5.92538
25.4278 8.42545 23.5769 8.92218 16.4158 10.417
30.1623 7.09481 26.2928 7.24162 27.9205 7.73506
32.1738 6.89679 30.1623 7.09481 27.9205 7.73506
32.1738 6.89679 27.9205 7.73506 25.4278 8.42545
32.1738 6.89679 25.4278 8.42545 23.5769 8.92218
30.1623 7.09481 32.1738 6.89679 29.4996 5.92538
32.6514 6.95465 42.7422 9.08641 43.8878 9.26929
32.1738 6.89679 32.6514 6.95465 42.7422 9.08641
29.4996 5.92538 32.1738 6.89679 32.6514 6.95465
32.6514 6.95465 29.4996 5.92538 34.6228 5.88503
6.50902 9.95971 4.28693 10.0333 7.49095 10.1508
14.3652 9.54661 6.50902 9.95971 4.28693 10.0333
19.8845 9.18195 14.3652 9.54661 4.28693 10.0333
15.1644 8.67677 19.8845 9.18195 4.28693 10.0333
22.431 8.653 15.1644 8.67677 19.8845 9.18195
25.4278 8.42545 22.431 8.653 19.8845 9.18195
22.431 8.653 25.4278 8.42545 27.9205 7.73506
44.1818 7.53728 44.1129 8.08913 45.5798 8.37039
47.8628 5.77119 44.1818 7.53728 45.5798 8.37039
47.6838 4.81912 53.0925 5.61991 47.8628 5.77119
47.6838 4.81912 47.8628 5.77119 44.1818 7.53728
53.1751 4.5604 55.9298 4.60296 47.6838 4.81912
48.5731 3.74211 53.1751 4.5604 47.6838 4.81912
48.5731 3.74211 47.6838 4.81912 44.1818 7.53728
49.5994 2.8275 48.5731 3.74211 44.1818 7.53728
48.5731 3.74211 49.5994 2.8275 55.4655 2.30532
49.5994 2.8275 48.2997 2.508 55.4655 2.30532
55.6014 2.47026 56.7818 2.87003 53.1765 3.4196
55.4655 2.30532 55.6014 2.47026 53.1765 3.4196
54.0421 1.69611 50.0179 1.99648 55.4655 2.30532
55.5288 1.11781 54.0421 1.69611 55.4655 2.30532
55.5288 1.11781 55.4655 2.30532 55.6014 2.47026
64.1081 0.64245 66.4385 0.701354 61.8363 0.71998
54.0421 1.69611 55.5288 1.11781 52.951 0.330983
55.5288 1.11781 61.8363 0.71998 52.951 0.330983
61.8363 0.71998 64.1081 0.64245 52.951 0.330983
43.8416 2.8576 28.6614 4.83903 24.8694 5.26853
55.4655 2.30532 48.2997 2.508 47.6462 2.50932
24.8694 5.26853 43.8416 2.8576 50.0179 1.99648
43.8416 2.8576 47.6462 2.50932 50.0179 1.99648
47.6462 2.50932 55.4655 2.30532 50.0179 1.99648
60.4838 2.00426 60.006 1.44564 61.8363 0.71998
60.006 1.44564 55.5288 1.11781 61.8363 0.71998
72.938 0.749313 61.8363 0.71998 66.4385 0.701354
19.2737 4.40141 19.7685 4.42327 6.32421 5.45536
33.4 2.70954 19.2737 4.40141 19.7685 4.42327
35.9 2.34194 33.4 2.70954 19.2737 4.40141
31.5884 2.28973 35.9 2.34194 19.2737 4.40141
37.1614 2.24778 31.5884 2.28973 35.9 2.34194
40.2929 2.12212 37.1614 2.24778 35.9 2.34194
50.0179 1.99648 40.2929 2.12212 35.9 2.34194
40.2929 2.12212 50.0179 1.99648 54.0421 1.69611
27.5071 4.36171 33.4 2.70954 35.9 2.34194
47.6462 2.50932 37.471 3.79307 40.0841 3.79819
36.6623 4.35203 40.0841 3.79819 48.2997 2.508
40.0841 3.79819 47.6462 2.50932 48.2997 2.508
46.4857 4.73863 49.5994 2.8275 48.2997 2.508
23.5769 8.92218 16.4158 10.417 15.7315 10.7672
15.7315 10.7672 23.5769 8.92218 26.6006 8.38821
6.02614 10.2785 7.0572 10.7665 8.40617 10.8278
4.28693 10.0333 7.49095 10.1508 6.02614 10.2785
4.28693 10.0333 6.02614 10.2785 7.0572 10.7665
3.48043 9.86203 4.28693 10.0333 7.0572 10.7665
7.0572 10.7665 3.48043 9.86203 1.96138 9.61175
1.82141 8.71574 3.48043 9.86203 4.28693 10.0333
1.30877 8.30271 1.82141 8.71574 4.28693 10.0333
4.28693 10.0333 1.30877 8.30271 1.36591 7.93754
7.02785 8.63015 22.431 8.653 15.1644 8.67677
22.431 8.653 7.02785 8.63015 9.00169 7.98488
27.9205 7.73506 26.2928 7.24162 25.0497 6.93017
25.9032 6.87709 30.1623 7.09481 26.2928 7.24162
30.1623 7.09481 25.9032 6.87709 21.4569 6.58501
13.9352 7.57752 13.0145 7.41706 4.71199 7.27839
17.3605 5.86539 17.3137 5.97238 1.95568 6.27053
18.3279 5.75008 17.3605 5.86539 1.95568 6.27053
16.9456 5.59104 18.3279 5.75008 1.95568 6.27053
1.95568 6.27053 16.9456 5.59104 14.0282 5.40505
21.492 4.31599 19.7685 4.42327 6.32421 5.45536
19.7685 4.42327 21.492 4.31599 25.7813 3.73423
2.43374 3.30653 4.18849 3.58163 11.6417 3.85669
8.44291 2.92788 2.43374 3.30653 11.6417 3.85669
31.5884 2.28973 8.44291 2.92788 11.6417 3.85669
31.5884 2.28973 11.6417 3.85669 5.59198 4.36297
24.6302 2.23321 37.1614 2.24778 31.5884 2.28973
24.6302 2.23321 31.5884 2.28973 8.44291 2.92788
8.44291 2.92788 24.6302 2.23321 30.4148 1.84239
4.46168 4.55002 2.16769 5.3752 2.1213 6.12002
4.18991 4.27892 4.46168 4.55002 2.16769 5.3752
4.18849 3.58163 4.18991 4.27892 4.46168 4.55002
4.18991 4.27892 4.18849 3.58163 2.43374 3.30653
2.1213 6.12002 2.16769 5.3752 0.302374 4.69804
1.80967 2.91699 8.44291 2.92788 2.43374 3.30653
9.08049 2.50156 1.80967 2.91699 8.44291 2.92788
12.3311 1.91091 9.08049 2.50156 8.44291 2.92788
9.08049 2.50156 12.3311 1.91091 14.1686 1.0308
9.52913 2.03618 9.08049 2.50156 1.80967 2.91699
9.08049 2.50156 9.52913 2.03618 12.0745 0.88924
34.1502 1.96106 40.2929 2.12212 37.1614 2.24778
36.6818 1.9065 34.1502 1.96106 40.2929 2.12212
35.2528 1.76015 36.6818 1.9065 40.2929 2.12212
37.2573 1.67834 35.2528 1.76015 40.2929 2.12212
40.2929 2.12212 37.2573 1.67834 40.0592 1.65952
14.5547 1.60026 35.2528 1.76015 36.6818 1.9065
17.0966 1.58614 14.5547 1.60026 35.2528 1.76015
37.4853 1.11907 17.0966 1.58614 14.5547 1.60026
14.5547 1.60026 37.4853 1.11907 36.874 1.08161
38.2992 1.50109 37.2573 1.67834 35.2528 1.76015
45.0233 1.12877 38.2992 1.50109 37.2573 1.67834
38.2992 1.50109 45.0233 1.12877 43.7897 0.682942
45.7277 1.51405 45.0233 1.12877 44.1601 0.58648
45.0233 1.12877 43.7897 0.682942 44.1601 0.58648
44.1601 0.58648 43.7897 0.682942 29.9284 0.842183
42.7431 0.548957 44.1601 0.58648 29.9284 0.842183
33.4859 0.356589 42.7431 0.548957 29.9284 0.842183
29.9284 0.842183 33.4859 0.356589 29.5025 0.331161
44.1601 0.58648 46.027 0.77449 53.1741 0.99624
53.1741 0.99624 44.1601 0.58648 36.1357 0.221216
44.1601 0.58648 42.7431 0.548957 36.1357 0.221216
66.4385 0.701354 64.1081 0.64245 64.7164 0.385976
56.7818 2.87003 62.3988 2.32132 69.4389 1.39175
62.3988 2.32132 56.7818 2.87003 53.1765 3.4196
53.1765 3.4196 62.3988 2.32132 81.5775 0.1587
53.1751 4.5604 55.9298 4.60296 59.6476 4.61966
63.5064 4.53375 53.1751 4.5604 59.6476 4.61966
63.5064 4.53375 59.6476 4.61966 49.7446 4.92019
68.359 4.32596 63.5064 4.53375 53.1751 4.5604
53.1751 4.5604 68.359 4.32596 93.1104 3.82421
68.359 4.32596 91.7188 4.20167 93.1104 3.82421
72.5134 8.71579 70.7133 8.81367 69.0399 9.02125
76.8528 7.89598 72.5134 8.71579 70.7133 8.81367
81.1673 7.25135 79.773 7.25854 76.8528 7.89598
81.1673 7.25135 76.8528 7.89598 72.5134 8.71579
90.8431 5.77085 81.1673 7.25135 72.5134 8.71579
91.4556 5.43167 90.8431 5.77085 81.1673 7.25135
94.9144 4.78662 96.9792 5.42489 91.4556 5.43167
94.9144 4.78662 91.4556 5.43167 81.1673 7.25135
92.6758 4.2037 90.7075 4.51537 94.9144 4.78662
93.1104 3.82421 91.7188 4.20167 92.6758 4.2037
93.1104 3.82421 92.6758 4.2037 94.9144 4.78662
93.1104 3.82421 94.9144 4.78662 96.9792 5.42489
80.1795 3.70684 82.3943 3.75623 93.1104 3.82421
90.5002 3.41068 80.1795 3.70684 93.1104 3.82421
92.7888 3.15424 90.5002 3.41068 93.1104 3.82421
92.7888 3.15424 93.1104 3.82421 96.9792 5.42489
92.8443 1.82155 92.7888 3.15424 96.9792 5.42489
94.5223 1.70011 92.8443 1.82155 96.9792 5.42489
94.2231 1.22319 94.5223 1.70011 96.9792 5.42489
94.5223 1.70011 94.2231 1.22319 92.9374 0.192801
94.2231 1.22319 95.271 0.702577 92.9374 0.192801
63.5064 4.53375 65.1464 4.78057 56.1817 5.05448
65.1464 4.78057 63.5064 4.53375 68.359 4.32596
92.6758 4.2037 74.542 4.7467 77.7928 4.84979
74.542 4.7467 92.6758 4.2037 91.7188 4.20167
76.6585 9.46231 79.2556 10.05 76.9234 10.0863
76.6585 9.46231 76.9234 10.0863 76.9536 11.4545
78.9675 9.2293 76.6585 9.46231 79.2556 10.05
80.9354 9.14701 78.9675 9.2293 79.2556 10.05
84.3846 7.83368 80.9354 9.14701 79.2556 10.05
87.5723 6.78185 84.3846 7.83368 79.2556 10.05
89.3896 6.35777 87.5723 6.78185 79.2556 10.05
87.5723 6.78185 89.3896 6.35777 90.8431 5.77085
90.8431 5.77085 89.3896 6.35777 86.4667 8.31695
90.8431 5.77085 86.4667 8.31695 82.0817 10.9594
82.0817 10.9594 90.8431 5.77085 91.4556 5.43167
83.7338 9.54608 86.4667 8.31695 89.3896 6.35777
78.8603 3.67987 80.1795 3.70684 82.3943 3.75623
66.047 3.64601 78.8603 3.67987 82.3943 3.75623
78.8603 3.67987 66.047 3.64601 51.3283 3.60468
80.1795 3.70684 78.8603 3.67987 63.4938 3.25675
88.6895 3.3576 90.5002 3.41068 80.1795 3.70684
87.368 3.12877 88.6895 3.3576 90.5002 3.41068
90.5002 3.41068 87.368 3.12877 80.1912 1.55042
80.4896 2.63791 87.368 3.12877 88.6895 3.3576
74.3235 1.92717 80.4896 2.63791 87.368 3.12877
87.368 3.12877 74.3235 1.92717 76.6552 1.91225
79.5857 2.95334 80.4896 2.63791 74.3235 1.92717
79.5749 1.11494 76.6552 1.91225 74.3235 1.92717
79.5749 1.11494 74.3235 1.92717 69.1194 2.16587
69.1194 2.16587 79.5749 1.11494 78.6684 0.817087
79.5749 1.11494 82.7373 0.827689 78.6684 0.817087
80.5676 1.24452 79.5749 1.11494 82.7373 0.827689
88.7107 1.32174 92.7888 3.15424 90.5002 3.41068
92.7888 3.15424 88.7107 1.32174 86.9813 0.506534
87.0109 1.47399 88.7107 1.32174 86.9813 0.506534
91.9995 1.158 92.8443 1.82155 92.7888 3.15424
92.8443 1.82155 91.9995 1.158 91.1314 0.287882
92.8062 0.882874 94.5223 1.70011 92.8443 1.82155
94.5223 1.70011 92.8062 0.882874 93.3718 0.805519
91.0301 15.1251 90.2059 16.0431 89.0911 18.608
91.4955 14.0335 91.0301 15.1251 90.2059 16.0431
91.5943 12.8925 91.4955 14.0335 90.2059 16.0431
93.1404 9.91404 91.5943 12.8925 91.4955 14.0335
93.7082 8.13927 94.0666 9.02384 93.1404 9.91404
93.7082 8.13927 93.1404 9.91404 91.5943 12.8925
96.256 6.14414 93.7082 8.13927 94.0666 9.02384
96.9792 5.42489 91.4556 5.43167 96.256 6.14414
96.9792 5.42489 96.256 6.14414 94.0666 9.02384
98.033 4.43003 96.9792 5.42489 94.0666 9.02384
98.8834 3.00073 98.033 4.43003 96.9792 5.42489
98.033 4.43003 98.8834 3.00073 99.5489 2.34591
84.4592 15.9734 80.5946 18.7074 79.7563 19.5497
85.0967 15.3556 84.7878 15.9342 84.4592 15.9734
85.0967 15.3556 84.4592 15.9734 80.5946 18.7074
90.2053 11.2279 85.0967 15.3556 84.7878 15.9342
92.4128 8.83013 90.2053 11.2279 85.0967 15.3556
93.7082 8.13927 92.4128 8.83013 90.2053 11.2279
92.4128 8.83013 93.7082 8.13927 96.256 6.14414
94.1031 11.4324 93.1404 9.91404 94.0666 9.02384
96.5823 12.7304 97.0687 12.7594 91.4955 14.0335
95.5691 12.5286 96.5823 12.7304 91.4955 14.0335
96.5075 11.018 95.5691 12.5286 91.4955 14.0335
98.9941 10.8429 99.7251 10.9899 96.5075 11.018
97.6191 10.234 98.9941 10.8429 96.5075 11.018
97.6191 10.234 96.5075 11.018 91.4955 14.0335
99.4596 9.49007 97.6191 10.234 98.9941 10.8429
97.6191 10.234 99.4596 9.49007 96.048 8.91959
97.0687 12.7594 91.4955 14.0335 91.0301 15.1251
97.563 12.7078 97.0687 12.7594 91.0301 15.1251
97.0687 12.7594 97.563 12.7078 99.6603 12.1604
89.0911 18.608 91.6025 17.8583 91.2465 17.8388
90.2059 16.0431 89.0911 18.608 87.7753 18.8392
87.7753 18.8392 90.2059 16.0431 89.982 14.0727
95.6625 22.0021 98.7841 25.0968 99.3883 25.848
96.4222 20.7927 93.6827 21.3067 95.6625 22.0021
96.4222 20.7927 95.6625 22.0021 98.7841 25.0968
94.8578 20.5776 96.4222 20.7927 93.6827 21.3067
89.149 19.0405 94.8578 20.5776 96.4222 20.7927
87.7753 18.8392 89.149 19.0405 94.8578 20.5776
89.0911 18.608 87.7753 18.8392 89.149 19.0405
91.6025 17.8583 89.0911 18.608 89.149 19.0405
93.8118 16.9817 91.6025 17.8583 89.149 19.0405
94.5289 16.4257 93.8118 16.9817 91.6025 17.8583
94.8598 15.521 94.5289 16.4257 91.6025 17.8583
94.5289 16.4257 94.8598 15.521 96.0676 15.4241
95.534 22.8071 95.6625 22.0021 93.6827 21.3067
99.313 18.7747 93.8118 16.9817 94.5289 16.4257
98.0143 21.3249 98.7841 25.0968 99.3883 25.848
98.7841 25.0968 98.0143 21.3249 97.4894 20.3496
97.4894 20.3496 98.0143 21.3249 99.0497 23.0789
99.0497 23.0789 97.4894 20.3496 96.5615 18.3608
85.1695 16.7037 83.6296 17.3562 81.9332 18.8577
84.7878 15.9342 84.4592 15.9734 85.1695 16.7037
86.5826 15.83 84.7878 15.9342 85.1695 16.7037
86.5826 15.83 85.1695 16.7037 81.9332 18.8577
84.7878 15.9342 86.5826 15.83 88.119 14.6082
79.2556 10.05 76.9234 10.0863 79.3348 10.9138
79.3348 10.9138 79.2556 10.05 79.7457 10.0194
68.727 10.1205 69.8209 10.5484 72.5587 12.3507
68.2261 10.0832 68.727 10.1205 72.5587 12.3507
69.0399 9.02125 68.2261 10.0832 68.727 10.1205
68.2261 10.0832 69.0399 9.02125 69.399 8.08697
69.0399 9.02125 70.7133 8.81367 69.399 8.08697
68.727 10.1205 69.8209 10.5484 72.2333 10.9329
70.4409 10.0028 68.727 10.1205 72.2333 10.9329
74.2878 9.34823 70.4409 10.0028 68.727 10.1205
79.4007 8.08673 74.2878 9.34823 68.727 10.1205
68.727 10.1205 79.4007 8.08673 84.7878 7.03216
70.4409 10.0028 74.2878 9.34823 79.7259 8.88125
79.4993 7.19852 79.773 7.25854 76.8528 7.89598
76.8338 6.66033 75.8127 6.89801 79.4993 7.19852
80.3844 6.35403 76.8338 6.66033 79.4993 7.19852
80.3844 6.35403 79.4993 7.19852 79.773 7.25854
83.2939 5.7248 80.3844 6.35403 79.773 7.25854
80.3844 6.35403 83.2939 5.7248 84.4047 5.26579
73.6715 7.2818 79.4993 7.19852 75.8127 6.89801
75.8127 6.89801 76.8338 6.66033 71.4031 6.0966
69.9782 5.24742 67.9182 5.85465 63.9341 6.01415
69.9782 5.24742 63.9341 6.01415 55.0957 7.13129
85.6907 5.10875 77.953 5.19485 69.9782 5.24742
71.7002 4.92609 85.6907 5.10875 69.9782 5.24742
71.7002 4.92609 69.9782 5.24742 55.0957 7.13129
85.6907 5.10875 71.7002 4.92609 77.7928 4.84979
74.542 4.7467 77.7928 4.84979 71.7002 4.92609
55.8685 6.19849 67.4951 5.26058 74.4095 4.33007
67.4951 5.26058 71.7002 4.92609 74.4095 4.33007
71.7002 4.92609 74.542 4.7467 74.4095 4.33007
61.8158 7.17384 59.6042 8.11702 54.7598 8.25195
61.477 6.9093 61.8158 7.17384 54.7598 8.25195
63.9341 6.01415 61.477 6.9093 54.7598 8.25195
61.477 6.9093 63.9341 6.01415 67.9182 5.85465
65.8397 7.31064 61.8158 7.17384 61.477 6.9093
60.7266 14.4546 61.7606 14.6056 60.5695 14.6199
60.7266 14.4546 60.5695 14.6199 58.9308 15.6588
64.5533 11.2165 60.7266 14.4546 58.9308 15.6588
65.2184 10.9598 64.5533 11.2165 60.7266 14.4546
67.0067 9.64279 65.2184 10.9598 60.7266 14.4546
68.5048 6.54495 67.0067 9.64279 65.2184 10.9598
67.0067 9.64279 68.5048 6.54495 69.9782 5.24742
68.5048 6.54495 67.9182 5.85465 69.9782 5.24742
61.3455 14.9484 62.4298 15.3876 62.3939 15.6548
60.5695 14.6199 61.3455 14.9484 62.3939 15.6548
61.3455 14.9484 60.5695 14.6199 61.7606 14.6056
82.0843 5.34354 69.9782 5.24742 77.953 5.19485
60.7266 14.4546 63.8866 13.8837 67.7351 12.3067
63.8866 13.8837 60.7266 14.4546 61.7606 14.6056
65.6685 13.8102 63.8866 13.8837 61.7606 14.6056
63.8866 13.8837 65.6685 13.8102 74.3312 13.2532
62.4548 10.7236 65.2184 10.9598 64.5533 11.2165
63.8364 9.78508 62.4548 10.7236 65.2184 10.9598
65.2184 10.9598 63.8364 9.78508 64.6295 8.16632
60.6263 12.2364 62.4548 10.7236 61.7869 9.69751
62.4548 10.7236 63.8364 9.78508 61.7869 9.69751
59.6042 8.11702 54.7598 8.25195 61.4526 8.32415
61.4526 8.32415 59.6042 8.11702 62.9325 8.10712
56.6397 12.1968 56.6372 13.1402 57.2766 14.5755
57.0595 10.8146 56.6397 12.1968 57.2766 14.5755
56.7188 9.57063 57.0595 10.8146 56.6397 12.1968
54.7598 8.25195 61.4526 8.32415 57.3431 8.49012
54.7598 8.25195 57.3431 8.49012 56.7188 9.57063
54.7598 8.25195 56.7188 9.57063 56.6397 12.1968
56.6397 12.1968 54.7598 8.25195 53.4557 6.14199
58.3379 13.0152 57.0595 10.8146 56.7188 9.57063
53.693 13.2991 51.6011 10.0618 52.1128 9.54128
54.4294 10.4452 53.693 13.2991 54.0285 13.3608
53.693 13.2991 54.4294 10.4452 53.2983 9.68461
64.3107 16.4975 64.9801 16.8703 66.9274 17.3021
63.4738 16.4662 64.3107 16.4975 64.9801 16.8703
65.2294 15.6627 63.4738 16.4662 64.3107 16.4975
64.3107 16.4975 65.2294 15.6627 66.4033 15.2211
73.7348 21.2276 75.2035 21.0486 74.5024 20.9066
75.7195 19.1886 75.7862 19.8506 75.2035 21.0486
75.7862 19.8506 75.7195 19.1886 75.6234 17.1545
75.7862 19.8506 75.9741 19.7539 75.9114 14.5751
75.9741 19.7539 76.3695 19.1731 78.952 13.7167
80.0019 14.0322 80.1169 15.7663 78.291 16.3583
80.1169 15.7663 80.0019 14.0322 80.8852 11.1818
80.0019 14.0322 79.7596 12.6391 80.8852 11.1818
79.7596 12.6391 78.9687 12.6546 78.0488 13.2191
78.9687 12.6546 79.7596 12.6391 80.8852 11.1818
79.6872 11.5472 78.9687 12.6546 78.0488 13.2191
79.6872 11.5472 78.0488 13.2191 77.2586 13.9742
78.9687 12.6546 79.6872 11.5472 82.3847 9.53395
79.6872 11.5472 72.7528 16.0553 70.8197 17.5892
72.7528 16.0553 79.6872 11.5472 82.3847 9.53395
73.6284 14.8077 72.7528 16.0553 70.8197 17.5892
74.8887 14.2922 73.092 14.3432 73.6284 14.8077
74.8887 14.2922 73.6284 14.8077 72.7528 16.0553
72.7528 16.0553 74.8887 14.2922 82.0427 9.43329
66.3731 17.6643 73.092 14.3432 75.8942 12.9214
73.092 14.3432 74.8887 14.2922 75.8942 12.9214
63.6869 25.4159 60.8628 26.0358 60.9239 26.1081
60.8628 26.0358 63.6869 25.4159 62.7804 25.111
70.18 25.842 61.6853 26.3662 66.6196 27.0034
77.3543 25.2579 70.18 25.842 66.6196 27.0034
87.8204 23.923 77.3543 25.2579 66.6196 27.0034
91.0566 23.6271 87.8204 23.923 66.6196 27.0034
87.8204 23.923 91.0566 23.6271 96.24 22.9669
94.7644 24.5788 93.0947 24.6434 83.3941 24.8921
88.272 24.1577 94.7644 24.5788 83.3941 24.8921
91.0566 23.6271 91.0228 23.7577 88.272 24.1577
91.0566 23.6271 88.272 24.1577 83.3941 24.8921
91.0228 23.7577 91.0566 23.6271 96.24 22.9669
93.0947 24.6434 85.2637 25.2973 88.587 25.427
88.587 25.427 93.0947 24.6434 94.7644 24.5788
73.7343 24.9976 77.3543 25.2579 70.18 25.842
75.4972 24.9961 73.7343 24.9976 77.3543 25.2579
72.0581 24.8543 75.4972 24.9961 73.7343 24.9976
68.9958 24.831 72.0581 24.8543 73.7343 24.9976
72.0581 24.8543 68.9958 24.831 70.2346 24.7695
66.8798 25.2814 68.5682 25.4018 66.7966 25.7959
68.9958 24.831 66.8798 25.2814 68.5682 25.4018
68.5559 24.6855 70.2346 24.7695 68.9958 24.831
68.5559 24.6855 68.9958 24.831 66.8798 25.2814
81.7341 24.4967 68.5559 24.6855 70.2346 24.7695
79.9375 24.453 81.7341 24.4967 68.5559 24.6855
81.7341 24.4967 79.9375 24.453 72.2871 24.2142
79.9375 24.453 69.9342 24.29 72.2871 24.2142
88.272 24.1577 91.0228 23.7577 95.7621 23.1685
94.7644 24.5788 88.272 24.1577 89.695 24.1513
72.9183 26.7796 66.6196 27.0034 77.9857 27.006
73.0047 26.7036 72.9183 26.7796 66.6196 27.0034
66.6196 27.0034 73.0047 26.7036 96.8401 25.549
87.3634 26.1602 73.0047 26.7036 72.9183 26.7796
88.86 26.0513 87.3634 26.1602 73.0047 26.7036
73.0047 26.7036 88.86 26.0513 88.5271 26.0501
85.2126 26.5389 87.3634 26.1602 88.86 26.0513
