78.2774 10.2492 73.6581 11.453 61.1932 12.1476
64.6012 7.13842 78.2774 10.2492 61.1932 12.1476
59.1335 6.92252 64.6012 7.13842 61.1932 12.1476
53.3818 6.21245 59.1335 6.92252 61.1932 12.1476
41.6211 3.92363 53.3818 6.21245 59.1335 6.92252
59.1335 6.92252 41.6211 3.92363 35.0188 1.84003
63.5886 21.4901 61.5453 22.7455 70.2106 28.1479
72.1394 16.9689 67.8418 21.0169 63.5886 21.4901
69.4479 16.2551 72.1394 16.9689 63.5886 21.4901
69.4479 16.2551 63.5886 21.4901 61.5453 22.7455
73.6581 11.453 69.4479 16.2551 61.5453 22.7455
78.2774 10.2492 61.1932 12.1476 73.6581 11.453
78.2774 10.2492 73.6581 11.453 69.4479 16.2551
64.6012 7.13842 78.2774 10.2492 61.1932 12.1476
59.1335 6.92252 64.6012 7.13842 61.1932 12.1476
53.3818 6.21245 59.1335 6.92252 61.1932 12.1476
41.6211 3.92363 41.3291 8.8532 53.3818 6.21245
41.6211 3.92363 53.3818 6.21245 59.1335 6.92252
22.7965 11.0832 21.5493 19.4895 24.928 7.06169
24.2657 4.19661 22.7965 11.0832 24.928 7.06169
24.2657 4.19661 24.928 7.06169 41.6211 3.92363
59.1335 6.92252 41.6211 3.92363 35.0188 1.84003
41.6211 3.92363 24.2657 4.19661 35.0188 1.84003
24.928 7.06169 22.7965 11.0832 21.5493 19.4895
24.2657 4.19661 24.928 7.06169 22.7965 11.0832
41.6211 3.92363 24.2657 4.19661 24.928 7.06169
24.2657 4.19661 41.6211 3.92363 35.0188 1.84003
41.3291 8.8532 53.3818 6.21245 41.6211 3.92363
30.5952 23.7711 21.2853 25.5849 2.31202 29.7142
21.5493 19.4895 30.5952 23.7711 21.2853 25.5849
17.5282 9.58429 21.5493 19.4895 21.2853 25.5849
24.928 7.06169 17.5282 9.58429 21.5493 19.4895
14.1155 6.72733 24.928 7.06169 17.5282 9.58429
16.5281 6.30886 14.1155 6.72733 24.928 7.06169
41.6211 3.92363 24.2657 4.19661 22.7965 11.0832
41.6211 3.92363 22.7965 11.0832 16.5281 6.30886
41.6211 3.92363 16.5281 6.30886 24.928 7.06169
24.2657 4.19661 41.6211 3.92363 35.0188 1.84003
30.5952 23.7711 21.2853 25.5849 2.31202 29.7142
21.5493 19.4895 40.4196 25.4536 30.5952 23.7711
21.5493 19.4895 30.5952 23.7711 21.2853 25.5849
17.5282 9.58429 21.5493 19.4895 21.2853 25.5849
24.928 7.06169 17.5282 9.58429 21.5493 19.4895
14.1155 6.72733 24.928 7.06169 17.5282 9.58429
12.503 19.2948 12.7941 24.6786 14.1155 6.72733
13.2492 5.97387 12.503 19.2948 14.1155 6.72733
13.2492 5.97387 14.1155 6.72733 24.928 7.06169
41.6211 3.92363 1.14396 18.904 1.13313 10.4316
41.6211 3.92363 1.13313 10.4316 5.98971 6.96039
41.6211 3.92363 5.98971 6.96039 13.2492 5.97387
41.6211 3.92363 13.2492 5.97387 24.928 7.06169
53.3818 6.21245 41.3291 8.8532 41.6211 3.92363
73.6581 11.453 61.1932 12.1476 53.3818 6.21245
70.2106 28.1479 61.5453 22.7455 73.6581 11.453
72.1394 16.9689 67.8418 21.0169 63.5886 21.4901
88.1966 14.9256 90.0906 9.05694 93.2611 21.7069
84.0044 28.1765 88.1966 14.9256 93.2611 21.7069
94.7401 19.5228 93.0809 28.797 91.0112 13.6562
97.713 14.8681 94.7401 19.5228 91.0112 13.6562
97.573 5.61936 98.3646 25.4695 97.713 14.8681
97.573 5.61936 97.713 14.8681 91.0112 13.6562
69.4479 16.2551 97.573 5.61936 91.0112 13.6562
69.4479 16.2551 91.0112 13.6562 84.0044 28.1765
64.6012 7.13842 78.2774 10.2492 69.4479 16.2551
0.914629 3.06375 71.3186 3.11137 64.6012 7.13842
0.914629 3.06375 64.6012 7.13842 69.4479 16.2551
0.914629 3.06375 69.4479 16.2551 84.0044 28.1765
0.914629 3.06375 84.0044 28.1765 93.2611 21.7069
0.914629 3.06375 93.2611 21.7069 97.4496 11.8336
0.914629 3.06375 97.4496 11.8336 93.3141 7.4851
0.914629 3.06375 93.3141 7.4851 72.1394 16.9689
0.914629 3.06375 72.1394 16.9689 63.5886 21.4901
0.914629 3.06375 63.5886 21.4901 70.2106 28.1479
0.914629 3.06375 70.2106 28.1479 73.6581 11.453
0.914629 3.06375 73.6581 11.453 53.3818 6.21245
0.914629 3.06375 53.3818 6.21245 41.6211 3.92363
0.914629 3.06375 41.6211 3.92363 1.14396 18.904
16.5281 6.30886 10.2852 3.3932 5.13095 5.15142
22.7965 11.0832 16.5281 6.30886 5.13095 5.15142
70.0659 1.93419 24.2657 4.19661 22.7965 11.0832
70.0659 1.93419 22.7965 11.0832 5.13095 5.15142
70.0659 1.93419 5.13095 5.15142 0.914629 3.06375
70.0659 1.93419 0.914629 3.06375 71.3186 3.11137
35.0188 1.84003 70.0659 1.93419 24.2657 4.19661
70.0659 1.93419 35.0188 1.84003 66.075 0.209302
35.0188 1.84003 59.1335 6.92252 66.075 0.209302
78.2774 10.2492 73.6581 11.453 61.1932 12.1476
64.6012 7.13842 78.2774 10.2492 61.1932 12.1476
53.3818 6.21245 64.6012 7.13842 61.1932 12.1476
41.6211 3.92363 53.3818 6.21245 64.6012 7.13842
71.3186 3.11137 41.6211 3.92363 64.6012 7.13842
70.0659 1.93419 71.3186 3.11137 41.6211 3.92363
35.0188 1.84003 70.0659 1.93419 41.6211 3.92363
70.0659 1.93419 35.0188 1.84003 66.075 0.209302
35.0188 1.84003 59.1335 6.92252 66.075 0.209302
14.1155 6.72733 12.503 19.2948 12.7941 24.6786
13.2492 5.97387 16.5281 6.30886 14.1155 6.72733
13.2492 5.97387 14.1155 6.72733 12.503 19.2948
16.5281 6.30886 13.2492 5.97387 10.2852 3.3932
13.2492 5.97387 5.13095 5.15142 10.2852 3.3932
5.13095 5.15142 13.2492 5.97387 5.98971 6.96039
5.13095 5.15142 5.98971 6.96039 1.13313 10.4316
1.14396 18.904 1.13313 10.4316 0.914629 3.06375
1.13313 10.4316 5.13095 5.15142 0.914629 3.06375
40.4196 25.4536 30.5952 23.7711 21.5493 19.4895
41.3291 8.8532 53.3818 6.21245 41.6211 3.92363
63.5886 21.4901 61.5453 22.7455 70.2106 28.1479
72.1394 16.9689 67.8418 21.0169 63.5886 21.4901
73.6581 11.453 72.1394 16.9689 63.5886 21.4901
73.6581 11.453 63.5886 21.4901 61.5453 22.7455
78.2774 10.2492 73.6581 11.453 72.1394 16.9689
93.3141 7.4851 69.4479 16.2551 78.2774 10.2492
93.3141 7.4851 78.2774 10.2492 72.1394 16.9689
69.4479 16.2551 93.3141 7.4851 97.573 5.61936
98.3646 25.4695 97.713 14.8681 97.573 5.61936
97.713 14.8681 97.4496 11.8336 97.573 5.61936
97.4496 11.8336 93.3141 7.4851 97.573 5.61936
91.0112 13.6562 97.713 14.8681 94.7401 19.5228
91.0112 13.6562 94.7401 19.5228 93.0809 28.797
97.4496 11.8336 91.0112 13.6562 97.713 14.8681
91.0112 13.6562 97.4496 11.8336 90.0906 9.05694
97.4496 11.8336 93.2611 21.7069 90.0906 9.05694
71.3186 3.11137 59.1335 6.92252 64.6012 7.13842
70.0659 1.93419 71.3186 3.11137 59.1335 6.92252
59.1335 6.92252 70.0659 1.93419 66.075 0.209302
93.3141 7.4851 69.4479 16.2551 72.1394 16.9689
69.4479 16.2551 93.3141 7.4851 97.573 5.61936
94.7401 19.5228 93.2611 21.7069 93.0809 28.797
97.713 14.8681 94.7401 19.5228 93.2611 21.7069
97.4496 11.8336 98.3646 25.4695 97.713 14.8681
97.4496 11.8336 97.713 14.8681 93.2611 21.7069
69.4479 16.2551 72.1394 16.9689 93.3141 7.4851
98.3646 25.4695 97.4496 11.8336 97.573 5.61936
97.4496 11.8336 93.3141 7.4851 97.573 5.61936
93.3141 7.4851 69.4479 16.2551 97.573 5.61936
98.3646 25.4695 97.713 14.8681 97.573 5.61936
97.713 14.8681 97.4496 11.8336 97.573 5.61936
97.4496 11.8336 93.3141 7.4851 97.573 5.61936
91.0112 13.6562 93.2611 21.7069 93.0809 28.797
93.2611 21.7069 91.0112 13.6562 90.0906 9.05694
91.0112 13.6562 93.2611 21.7069 93.0809 28.797
88.1966 14.9256 84.0044 28.1765 91.0112 13.6562
93.2611 21.7069 91.0112 13.6562 90.0906 9.05694
91.0112 13.6562 88.1966 14.9256 90.0906 9.05694
40.4196 25.4536 30.5952 23.7711 21.5493 19.4895
30.5952 23.7711 21.2853 25.5849 2.31202 29.7142
21.5493 19.4895 40.4196 25.4536 30.5952 23.7711
21.5493 19.4895 30.5952 23.7711 21.2853 25.5849
17.5282 9.58429 22.7965 11.0832 21.5493 19.4895
17.5282 9.58429 21.5493 19.4895 21.2853 25.5849
14.1155 6.72733 17.5282 9.58429 22.7965 11.0832
12.503 19.2948 12.7941 24.6786 14.1155 6.72733
16.5281 6.30886 12.503 19.2948 14.1155 6.72733
16.5281 6.30886 14.1155 6.72733 22.7965 11.0832
13.2492 5.97387 16.5281 6.30886 12.503 19.2948
16.5281 6.30886 13.2492 5.97387 10.2852 3.3932
13.2492 5.97387 5.13095 5.15142 10.2852 3.3932
30.5952 23.7711 21.2853 25.5849 2.31202 29.7142
21.5493 19.4895 30.5952 23.7711 21.2853 25.5849
17.5282 9.58429 22.7965 11.0832 21.5493 19.4895
17.5282 9.58429 21.5493 19.4895 21.2853 25.5849
14.1155 6.72733 17.5282 9.58429 22.7965 11.0832
22.7965 11.0832 14.1155 6.72733 16.5281 6.30886
