-46.1987 -8.51979
-38.3153 -18.1558
-20.4079 9.66106
-23.1228 5.2016
-10.9545 24.9147
-9.77517 26.8938
15.5125 26.3203
-25.1311 31.0171
2.18511 27.2348
-22.4607 29.6603
-17.8084 25.4839
-19.0813 14.2336
-27.8069 14.183
-22.055 13.814
-25.3869 9.5861
-26.7253 11.9767
-24.6179 4.00503
-43.4336 -8.76869
-43.6632 2.03949
-41.1975 4.4223
-42.1451 5.24636
-41.3428 10.0338
-37.0569 10.7376
-33.9614 3.68581
-33.7869 34.7644
1.94993 31.4536
-22.2687 33.7279
-12.8568 34.2996
-7.40302 36.3031
-9.48819 39.2973
19.2135 28.3847
31.9304 18.1077
-11.2041 15.2957
-40.552 -28.607
-37.4138 -26.0964
-36.3317 -25.3494
-18.1021 -45.8042
-16.0712 -43.2371
-23.4126 -39.7759
-14.7736 -38.8521
-23.9933 -37.0773
-32.7515 -29.0609
-6.01423 -40.3999
-7.88199 -47.059
-8.87476 -48.1994
-3.25633 -43.6522
1.87141 -47.9747
-6.52451 -47.3709
10.1257 -48.7822
-29.9372 -26.5903
-38.0191 -24.8506
-18.0271 -6.3843
-2.95785 7.07379
-30.1167 -16.6831
-13.5914 4.70273
-7.85464 13.9396
0.305071 13.5333
-0.255485 13.7393
4.32735 14.9829
11.9746 16.3222
18.5991 13.5811
19.7751 14.3065
25.209 10.0781
9.55515 7.24428
19.4552 8.14179
-20.7423 -14.9042
-9.91441 -11.7828
7.84671 -16.6159
-28.0745 -20.52
-18.0962 -27.8182
-20.5001 -24.8722
-13.6771 -21.5146
-15.2501 -22.9969
-9.52763 -18.8212
4.95531 -18.1504
24.5645 -8.32561
13.5487 -22.1228
-5.63173 -23.8731
1.1161 -26.4944
-5.33882 -26.3548
-11.1666 -27.8442
-1.3291 -27.2671
-6.67713 -31.3675
7.3776 -23.0561
15.5262 -21.8358
28.049 -3.48304
17.8205 -9.06836
27.0299 -4.12613
22.5615 -8.50096
19.3992 -10.6776
12.1375 -12.5068
12.3449 -12.8293
0.748 -14.4911
4.31154 -10.0347
-8.5551 -8.18902
-0.979255 -4.52348
37.789 13.3958
33.6367 8.7938
30.3231 5.23595
22.4232 4.17832
29.3966 4.83736
31.9413 3.65545
20.1776 -1.46049
40.8225 3.00758
25.5975 -14.8119
7.25658 -31.1274
17.3721 -22.1674
21.7955 -18.4785
23.4509 -17.6756
14.2471 -25.9018
12.2691 -28.0902
1.31942 -37.1468
29.1129 -14.2049
26.0745 -21.4631
28.8252 -19.9404
10.4285 -37.1517
11.6026 -32.5404
6.29058 -37.2551
16.4148 -39.8299
15.511 -41.1031
23.6966 -35.6813
20.5717 -45.3211
28.4012 -22.1921
32.1182 -19.2277
28.1993 -24.6831
46.8441 0.101097
45.7857 -20.07
49.4396 7.11469
-0.0407722 43.107
44.8521 18.0896
29.3031 36.3374
27.8002 38.8058
31.1401 31.6582
26.9752 33.8339
37.0618 27.1485
2.65401 41.7478
5.06616 44.04
19.4869 35.071
1.67332 46.6413
-18.8308 34.1799
-16.5062 45.372
-17.647 40.4819
-18.5754 40.8183
-19.0802 43.0518
-18.9903 39.3625
-26.9441 41.7706
-40.2812 29.1294
-36.2975 26.9422
-34.0985 23.9383
-42.1264 9.76537
