-49.5881 -3.98156
-9.86367 -32.5148
17.3442 -38.8183
-8.65628 -34.0862
-6.94349 -34.4271
12.1226 -39.9126
-26.9144 -31.6242
-39.7569 -28.3255
-33.5383 -26.24
-34.9942 -26.1779
-24.6846 -24.2577
-39.6592 -22.3538
-41.4937 -17.2079
-41.4921 -19.1906
-47.4591 -14.3161
-38.5791 -23.4857
-45.0655 -21.6053
-40.1813 -24.4975
-30.1128 -23.6381
-40.5974 -28.6493
15.5336 -40.8817
-11.1752 -38.0528
6.89173 -39.2915
-35.0079 -35.3514
-7.51399 -38.0863
-25.7985 -36.5605
5.01369 -47.591
9.98346e-05 -49.6738
11.888 -48.3523
-10.2178 -41.5874
-16.1905 -37.433
9.85895 -40.7373
-6.82935 -40.2537
17.7261 -41.3238
38.2272 -29.4529
39.3291 -29.9856
39.5489 -23.9481
38.4355 -27.6578
26.3077 -31.0112
25.9167 -30.9063
35.6305 -24.1506
31.6735 -17.2492
46.3913 -16.288
42.023 -9.88488
39.3128 -2.84468
43.5463 -16.2735
40.405 -15.8041
35.434 -1.35281
37.828 -8.59985
38.2109 -15.9339
36.0027 -6.09738
32.5643 8.38778
30.9573 -27.2393
30.0257 -25.2739
27.8333 -16.0271
31.2139 -7.55805
30.4923 -1.87369
32.323 13.3552
33.3748 14.586
43.6084 0.226052
48.0051 -9.34861
34.5349 19.9861
44.6249 19.4186
38.085 20.3485
37.7643 23.3203
35.3183 34.0413
28.5403 -12.7505
27.7725 -10.4843
27.4127 -26.2517
22.3487 -38.6041
-3.79186 -30.022
15.6737 -36.4149
7.57389 -35.1975
6.89406 -36.3462
-6.78423 -33.1359
-2.95075 -31.9496
4.87317 -33.9251
-9.79211 -30.0585
20.3482 -28.3284
18.5999 -26.9655
13.1435 -28.551
-0.114582 -28.4052
10.743 -25.9464
-2.61835 -28.4964
9.93636 -22.4497
17.987 -20.4494
-13.9029 -28.2632
-17.3574 -17.943
-20.7186 -19.3465
-24.0198 5.43329
-10.8551 -21.9762
16.173 -19.9457
5.41258 14.3809
-7.23476 10.4773
-2.72755 16.4281
-5.98561 14.2506
-6.38958 12.1947
-9.34144 25.6556
-1.34468 27.5714
-2.68483 13.9689
-0.516215 34.7156
3.52561 35.8064
15.0556 -2.37047
12.2912 5.19866
15.9866 -6.01948
9.26679 38.8364
25.4729 -0.630914
24.9272 -13.1171
24.301 -16.7263
22.5096 -8.55239
22.0024 -6.2967
22.276 -4.5998
20.5177 -14.0891
18.1678 0.812185
19.9285 -11.1345
18.1552 -1.90002
14.596 21.0912
20.4866 -17.2113
25.2757 -16.9029
28.5391 25.8474
25.4806 -13.6375
26.5683 6.04802
24.609 19.1242
22.2468 19.728
24.1685 30.8351
22.5174 30.0357
23.8344 29.4712
23.303 26.9809
20.335 27.4675
20.5123 30.4242
19.7616 23.627
17.8666 22.7479
16.9469 34.1735
18.1126 34.8565
27.0444 32.81
22.2678 34.3759
22.4179 34.6098
26.2605 36.4076
30.357 38.2584
11.6915 33.4008
9.88734 39.2307
13.6613 38.9573
16.8359 42.9471
1.60419 35.6004
-16.3732 32.1354
4.30231 49.0482
-12.6262 46.5862
-25.2607 38.6454
-15.3875 44.6869
-10.2208 46.4475
-5.82901 41.411
-21.0433 28.4812
-17.9568 16.4745
-17.1676 22.5906
-18.1729 18.939
-19.7514 24.1314
-20.0183 26.4706
-20.0541 27.0807
-2.82076 34.6536
-3.46673 33.9401
-1.63521 32.0796
-2.83867 27.3327
-5.68515 28.0848
-16.1521 25.842
-13.787 15.6922
-14.6025 20.7942
-11.0394 8.17925
-9.65264 1.77744
-10.3914 18.6761
-3.37226 -0.744579
-5.00584 3.95944
-4.96389 8.78276
2.19111 13.3291
4.23528 11.6054
7.35982 5.24739
7.38273 1.70454
8.06309 -2.80302
7.13637 7.94302
13.3993 -17.079
11.1777 -17.5551
8.03469 -20.2795
3.05914 -16.6146
7.08455 -14.7677
-4.72199 -15.8191
-2.16201 -13.0313
-5.70678 -13.4545
5.05171 -9.21421
-11.609 0.970546
-13.4168 2.26948
0.0492471 -7.62854
-1.28297 -10.2056
-10.6668 -15.7918
-17.4352 8.0331
-16.7661 5.67622
-14.745 -1.51714
-14.9229 -7.92989
-16.307 -5.83213
-16.2596 -9.40977
-23.6092 9.30779
-20.371 5.55151
-19.1856 7.60565
-20.6367 6.24403
-21.2418 12.0886
-23.9269 23.0006
-23.0099 31.8125
-18.2298 36.9652
-17.1234 37.5916
-10.0955 38.9445
-23.0816 36.6723
-24.3386 19.4555
-23.4728 -19.34
-26.8214 40.6177
-27.9745 26.0438
-26.9206 38.0204
-24.121 -8.06365
-24.6923 -5.29229
-30.5374 3.61845
-31.2219 11.3226
-31.0467 5.9354
-34.3184 23.6427
-33.9939 25.593
-30.8269 30.5383
-26.4103 12.0417
-31.6781 34.3918
-40.1283 21.8818
-34.1627 30.609
-34.7403 16.3571
-37.4084 13.0215
-40.1987 15.5917
-41.3493 16.6155
-42.1782 18.4315
-36.6146 17.9866
-45.7897 18.7531
-34.7122 10.6371
-34.4125 20.5071
-28.2849 -7.04175
-37.3609 6.90326
-41.1622 13.5057
-35.754 2.85654
-47.7575 2.79834
-38.2856 2.01027
-35.5317 0.573689
-32.6817 -3.58993
-34.4554 -5.9117
-38.1761 -1.34279
-29.5057 -13.9286
-44.1104 -4.2878
-46.846 -1.91919
-40.512 -7.64502
-40.1537 -10.593
