-2.78184 60.2177
-1.31226 67.1489
-0.518279 81.2682
10.1972 78.4939
17.3121 78.3637
0.444628 50.4726
-1.16253 9.86812
0.140738 38.208
1.15092 17.5361
0.719836 32.8139
7.45853 62.0664
11.6936 68.4896
7.18952 39.7443
9.18113 50.5075
20.0475 70.3159
62.5825 29.3812
31.1061 50.114
28.1215 31.0979
43.3529 20.3692
38.9757 11.6368
29.636 23.1402
20.3628 -0.695587
18.459 9.7259
11.9202 1.96593
13.7892 17.0809
12.3306 6.10708
13.8008 28.5776
18.7977 31.5062
21.5271 36.1216
21.6569 19.2474
23.6997 61.5999
21.1027 48.2344
1.98842 -1.02974
177.981 -2.79209
40.0752 -2.59551
140.714 -3.90618
259.727 -3.27193
120.529 -3.03643
318.995 -2.36972
316.736 16.7341
258.593 30.8418
268.695 29.4267
222.936 39.0923
229.72 30.5945
243.868 21.0693
233.913 19.7257
252.147 18.7412
263.441 10.08
246.692 6.49257
240.369 7.4586
271.483 2.51033
241.403 31.9353
272.55 12.7063
260.066 22.2493
272.34 17.9701
249.056 27.9309
289.095 22.6328
310.883 18.0347
298.584 16.3568
277.213 20.8597
309.477 12.8492
303.372 10.2901
281.148 7.58771
288.389 8.26403
317.072 6.99683
313.226 0.0377769
289.996 1.55352
303.636 -0.863034
220.814 -2.65498
281.218 -1.02919
248.363 -1.51931
216.857 8.22211
212.174 8.43424
187.699 23.2567
191.328 30.6455
182.18 32.4447
201.214 37.865
198.701 23.4748
201.263 32.7684
213.291 29.699
210.733 22.7329
221.019 20.2069
226.834 12.0818
218.771 33.4338
241.602 2.62775
212.522 42.0159
172.753 30.0779
230.495 -1.98486
182.148 13.082
200.711 10.7985
190.598 12.3537
178.744 16.2596
160.891 10.977
170.548 13.4085
210.473 3.99145
68.5283 2.45683
92.9306 3.74296
148.759 3.46737
142.924 7.89508
146.447 13.1507
168.478 18.6995
151.997 19.2874
158.951 16.725
129.971 10.6806
161.413 30.3615
232.639 47.9569
191.771 38.145
181.346 37.3272
310.156 67.2247
263.103 49.8276
300.055 63.1057
306.494 61.3702
273.19 50.5027
283.078 52.5167
308.905 53.5988
300.017 48.0151
247.768 41.8116
296.647 36.566
262.591 41.2967
270.761 42.6618
287.192 46.1539
288.37 42.2835
322.318 57.0595
310.545 32.6261
227.992 41.9255
239.617 40.4424
279.9 33.3456
292.034 26.3416
278.284 36.1869
299.949 32.7908
323.452 28.5879
313.048 36.5963
321.983 46.1558
322.598 42.7303
323.244 70.1638
276.704 60.2183
262.389 56.9955
291.172 62.9509
251.92 53.7944
240.129 53.486
273.705 63.5099
320.99 76.6704
142.094 26.9236
253.687 59.7043
151.875 29.9829
216.755 50.7842
168.932 36.1526
193.097 47.0585
207.418 50.7156
217.923 56.2987
241.49 61.8555
231.161 61.3848
276.654 76.393
271.707 73.0632
262.485 70.5675
288.737 76.9681
287.742 73.7127
282.341 70.0947
302.882 83.8346
309.001 81.5804
296.286 70.5426
316.45 86.3816
273.73 79.6329
293.349 86.0316
307.509 92.6861
159.669 36.1015
142.759 40.3497
149.82 36.2431
120.105 39.9116
128.107 38.4032
130.158 32.2693
102.726 42.3246
182.455 46.8163
250.204 72.8857
209.903 57.9353
303.459 93.8066
239.902 69.5256
196.769 53.8549
226.601 67.3926
257.94 79.6011
171.668 46.5218
133.055 46.3294
88.2547 53.2702
149.103 50.9686
178.001 56.6902
96.2503 58.2628
172.472 56.7501
156.046 53.4284
138.492 53.0443
117.96 53.3112
110.217 53.4077
149.619 56.3241
103.167 53.0704
82.5666 56.4175
107.038 38.0456
60.611 66.0862
39.9014 83.6668
48.7553 79.911
39.6734 87.4644
73.2763 72.0822
61.1538 77.8982
90.6468 82.2547
69.6642 79.8062
50.5086 89.1716
71.3729 89.2812
99.8557 89.3199
87.3847 86.6081
83.7537 83.9082
202.657 89.6362
137.865 78.6062
252.482 81.6945
122.139 76.8878
198.369 67.2156
158.904 60.2608
133.587 61.4084
137.629 61.1689
113.709 60.2891
133.19 72.2857
123.992 68.9119
118.544 63.5191
92.0702 61.0536
96.3505 68.2867
112.633 71.5318
81.013 66.1864
91.8306 72.5705
110.347 77.307
137.467 73.3699
153.917 70.8159
97.0787 79.8109
72.8415 59.9832
196.008 57.2925
190.066 57.436
207.48 68.5502
163.033 71.8531
220.74 70.4715
186.343 71.3304
179.42 72.5419
168.309 71.9326
130.137 76.7209
147.745 77.6726
233.61 78.3242
198.199 77.3904
221.366 76.4361
242.562 76.7437
267.835 88.5363
213.185 80.7093
168.72 82.933
180.313 83.1721
192.962 83.8332
162.445 82.7607
231.67 90.6729
220.873 88.4868
251.863 89.5984
283.763 91.3173
242.53 92.0637
188.492 93.9133
209.244 92.5503
256.811 90.9121
128.628 92.4161
8.6379 93.7879
150.307 92.1024
170.41 91.6053
82.9801 92.4169
139.873 91.8605
162.477 89.4045
111.784 91.1752
117.11 90.3605
182.219 88.8065
61.2752 89.941
28.5191 87.6344
51.9942 72.8833
21.6285 87.5751
140.521 18.528
29.6007 76.2877
82.6911 41.5684
59.5988 56.6833
37.7062 72.0656
112.113 32.3711
117.33 29.8594
129.351 16.7669
123.272 17.0229
101.11 32.1756
89.4142 37.3187
82.471 46.2708
92.2745 33.159
67.5863 50.1261
133.519 3.74734
47.817 60.2438
100.042 22.1409
71.2802 43.6933
108.643 20.0356
121.079 8.75235
49.0346 1.11984
198.7 3.83566
189.62 2.74777
162.845 1.71942
170.705 -1.44401
101.053 -1.55408
82.4439 -0.631295
108.268 -2.07534
30.2748 -0.595929
86.0331 7.89426
58.4821 3.89464
30.4433 11.4747
53.165 8.06528
29.9203 38.137
37.6888 43.4579
46.7296 38.8604
58.6147 16.2793
48.6053 22.8186
47.3649 28.2971
39.4308 29.5766
59.1042 13.2405
73.0507 31.406
70.7374 10.9709
78.6629 18.4233
72.9776 19.7074
77.5659 29.0069
41.9817 49.4343
51.5849 46.9845
33.3459 60.8345
26.9619 70.1884
39.3776 63.2559
60.8698 48.5575
88.9185 23.5746
98.7952 13.687
82.7172 12.105
113.132 10.7359
-0.578148 93.5757
