-3.05667 37.7869
-1.59734 47.3905
0.546752 33.0538
-2.49768 8.89952
11.8067 57.0099
8.06455 36.9874
17.1763 68.8514
3.68547 82.2387
7.58959 83.4036
20.2208 80.9975
28.788 80.2153
18.5034 49.5948
11.6412 29.5393
22.8493 62.1714
29.6951 60.1364
13.4003 17.4059
22.4394 40.9201
13.5598 9.99113
0.0831298 -2.13668
176.078 2.18425
97.4602 1.04205
69.3338 0.498915
137.682 3.23177
247.242 3.61125
22.4286 -2.90378
158.274 -3.25386
151.492 -3.58185
187.78 -1.8731
112.77 -3.10303
322.566 0.399644
280.862 0.20863
263.556 -0.578775
169.97 -1.87898
86.5685 -3.0301
82.9185 -1.6264
196.382 2.08013
209.194 0.643701
126.933 -0.540974
231.662 0.89986
239.069 0.592879
221.334 2.85667
288.746 1.52928
167.724 8.11612
191.623 7.51893
223.319 6.76946
179.291 7.97482
106.737 9.30298
19.6762 11.8698
39.2773 10.1256
28.138 6.68593
49.9544 10.1396
36.7571 3.15936
26.7949 1.52265
67.4778 7.41588
140.659 6.54225
126.279 6.5673
147.654 6.5114
93.91 7.23821
62.6615 10.4349
120.678 8.53484
163.637 6.57801
63.987 2.71412
49.1015 2.56464
121.843 3.12621
9.78652 -1.88766
31.9462 66.7347
17.0563 16.5442
36.5262 16.5122
76.0326 13.9964
103.887 11.6035
52.5466 16.8454
76.8748 18.0276
113.086 16.2743
246.978 8.98593
201.37 9.84332
279.815 6.32622
233.255 8.61927
361.423 3.306
331.564 2.61207
260.396 6.1488
308.391 3.27649
349.724 -0.223835
270.949 -3.69574
298.987 -2.57178
336.786 -3.00407
369.41 3.12138
377.288 2.78275
238.962 9.60242
209.545 11.1262
27.6447 21.0071
293.791 7.61579
273.365 8.7181
378.939 7.2092
370.604 58.0329
368.488 50.8961
367.468 36.2429
371.505 33.4765
359.473 22.986
351.803 19.8085
353.905 28.0791
361.556 31.487
332.941 20.3105
376.785 18.7707
323.847 18.3556
190.185 16.7431
268.947 17.5392
297.031 17.0769
340.289 18.416
371.411 16.1116
373.725 7.35697
347.72 9.82747
343.175 10.3758
356.855 11.5554
319.48 9.64391
329.523 11.4707
313.746 10.9563
300.946 10.2747
172.616 16.505
158.814 18.2231
229.78 19.1206
257.569 20.4657
311.186 19.5212
358.791 38.0043
362.479 67.9603
360.045 59.6878
347.41 52.3174
343.315 51.4147
360.06 51.9043
349.008 41.5739
329.716 39.5142
340.992 39.2847
322.443 31.6551
307.491 32.7154
337.137 29.5975
327.45 28.8784
303.534 30.544
326.194 50.6233
309.856 38.8639
317.35 43.6087
291.623 22.4205
219.516 19.2062
100.156 19.2593
206.699 22.8416
203.447 23.0151
148.691 21.0235
181.505 23.43
250.584 27.4164
246.758 23.2864
239.716 23.3571
277.309 22.8803
346.459 63.5655
299.26 36.7411
340.17 59.9597
286.515 29.2288
93.8104 19.5256
279.842 29.6165
331.972 56.4927
368.526 79.2112
353.322 69.8004
318.123 49.5308
343.545 68.9066
353.155 76.4362
363.459 82.1869
380.366 80.2419
378.593 68.0972
372.719 66.1196
376.884 59.0962
376.836 29.3806
380.652 47.2047
378.345 36.8963
381.761 93.5784
310.871 51.111
343.561 76.6423
318.424 57.2995
292.791 42.8558
283.798 40.0254
268.037 31.4901
358.288 89.9734
192.66 60.5774
236.324 68.2284
321.894 82.3613
282.907 63.7823
286.179 60.1334
270.749 51.8325
262.48 51.6313
249.645 48.4555
278.192 52.1943
293.555 67.1233
332.036 80.1834
330.278 72.487
323.894 70.2619
306.846 61.9457
311.969 71.4031
299.677 60.925
296.594 66.478
301.404 53.4274
259.605 28.8838
226.005 27.4404
270.647 41.8836
236.208 32.933
222.863 26.7703
183.953 27.9071
148.431 28.9996
198.161 32.7255
216.494 36.3842
231.66 37.4443
236.6 36.9862
207.928 29.9029
290.512 49.4342
246.021 42.4796
261.213 42.7893
161.793 30.0203
140.002 30.3328
158.746 36.7173
188.432 42.3271
216.458 46.2061
183.61 38.3055
211.678 43.1188
166.802 31.6544
230.666 47.7506
203.763 37.8572
242.599 51.7228
128.748 33.6376
72.8284 22.9212
108.142 29.5385
171.727 40.3816
122.794 26.6284
93.7232 26.119
189.757 27.2122
119.653 23.4444
136.637 23.9089
126.308 21.3478
61.2274 21.5216
148.311 38.1283
210.667 48.9562
76.5053 26.0412
113.557 71.7165
108.598 57.9005
96.6587 32.5625
121.751 83.5764
96.1084 50.8283
81.022 39.564
113.184 76.0107
98.8707 59.9362
89.7089 53.7783
68.747 42.0158
82.7643 53.1836
61.4711 37.5521
86.8952 38.9452
71.9403 26.9798
58.0909 31.7766
48.5936 30.7066
102.565 72.2738
116.382 92.7367
302.201 93.3629
320.062 92.0341
192.685 87.002
203.538 89.2062
216.568 91.5108
226.362 91.9618
156.901 92.7126
132.209 88.2317
131.054 81.9714
118.639 71.3012
138.343 87.6477
130.498 73.1534
151.618 89.5118
206.404 92.0887
162.941 77.7616
198.317 82.4895
183.82 76.6888
193.018 78.8762
242.629 88.0961
226.026 83.2168
220.641 81.876
210.644 80.5058
176.787 73.8554
158.768 69.9427
259.489 89.2147
266.315 89.8901
283.488 87.2505
291.967 86.2025
270.037 83.5913
310.15 87.8421
226.112 69.0976
166.372 57.3656
208.072 71.7082
247.733 79.0197
258.884 78.0463
239.567 82.3085
193.682 67.5997
178.112 63.6127
153.569 60.8165
197.608 69.8765
128.54 56.279
156.829 63.6587
170.221 66.5045
136.076 60.24
253.725 86.0531
121.7 57.1624
146.902 72.4338
141.99 70.4972
147.596 80.9527
172.731 87.5345
170.157 83.5149
183.9 90.6637
142.535 79.9467
103.766 42.1137
112.863 42.2876
127.932 48.8679
150.215 48.7597
126.507 42.2483
173.64 50.8432
142.772 42.4445
121.933 37.8471
193.268 53.2321
251.657 58.4111
197.585 49.923
179.07 46.0876
258.318 58.5788
272.128 60.1126
123.102 48.5211
228.92 60.164
209.639 56.5793
278.661 67.0023
242.87 62.2601
159.263 52.5807
142.044 51.812
219.492 62.3389
268.682 67.9182
246.882 67.299
258.709 67.1787
197.586 59.6382
290.792 76.8588
108.154 46.1485
217.116 67.1389
333.346 92.4064
350.157 91.9919
341.882 89.6045
303.722 83.3107
277.696 79.4158
307.209 83.6828
366.208 93.3486
12.8383 93.6342
69.2127 68.9447
37.7048 82.8041
32.0988 88.2843
57.0911 81.4702
50.9854 82.4872
68.2319 78.3129
22.7802 91.99
53.3675 88.8443
36.9645 91.3642
69.0155 90.7974
58.8012 91.5385
80.1116 91.7786
97.9787 88.6181
93.2969 89.6969
113.735 89.1977
92.8307 83.3653
101.369 82.7538
93.8771 72.9514
81.9262 71.494
78.69 83.1707
81.0525 63.2023
58.8647 61.7301
91.5422 63.8742
68.8317 47.5006
41.8924 30.1564
20.7697 28.5857
42.855 37.7628
28.2172 32.6982
32.8879 37.8998
48.4899 47.9067
51.3827 43.0179
67.1446 56.3867
58.4008 50.4054
33.0869 46.3713
36.8984 59.9664
41.2967 73.8452
48.3038 67.5633
47.9623 62.5465
38.9824 52.5835
57.5905 72.1435
-2.75509 90.255
9.36502 70.81
6.45378 46.2392
1.40196 23.9451
-0.0961337 58.5542
1.09549 72.818
