52.6741 52.296
6.70694 45.3436
3.21115 37.9177
0.266364 39.6872
4.59933 54.4514
0.0370522 59.0284
14.2435 47.712
21.9737 57.628
18.2044 94.5135
43.4864 97.4078
19.2261 92.882
25.6873 85.2888
19.4938 88.8918
23.7527 50.4363
27.4293 62.4113
49.2328 85.2458
47.5456 88.6197
56.9956 94.4901
62.0408 86.2986
61.2961 75.107
54 86.394
31.9778 65.0702
36.535 50.2277
78.7202 81.065
64.4633 63.56
76.2 78.4962
61.0269 67.5251
55.8584 64.3136
37.4063 50.4736
64.3023 58.1992
92.6678 72.9534
91.4301 81.5473
93.3565 77.1468
91.5967 96.9056
95.3823 69.1437
84.7965 60.0653
93.2483 62.9549
71.2778 54.199
61.5233 38.8716
46.4794 25.4902
67.8645 34.4424
89.6321 44.4951
88.7903 51.1331
97.7431 49.5169
93.1537 92.5306
98.0742 48.0231
65.1774 32.8638
89.6248 32.7115
80.7808 22.0026
87.9826 17.5979
81.1074 20.474
80.786 4.23554
95.3413 6.3986
76.4787 1.81038
79.9359 31.4401
60.8884 28.8566
74.5015 19.3601
67.2004 13.3675
66.9538 19.9066
47.4623 6.76383
67.1748 21.5459
8.40165 18.6092
7.74126 4.80091
2.76648 19.899
42.1757 20.6781
73.7696 58.3558
34.6772 24.4836
75.5841 62.5398
57.3183 51.4285
31.1575 37.6251
