148.541 241.623
163.007 202.148
149.799 229.755
151.977 216.693
136.421 212.183
153.236 213.136
169.1 191.186
167.266 199.423
177.071 183.092
181.83 172.259
146.616 189.622
156.556 191.435
148.512 196.008
133.165 202.516
138.13 181.563
142.79 166.109
138.841 189.886
153.053 172.06
161.581 157.594
148.026 182.321
157.004 171.242
136.314 198.152
158.923 177.725
167.008 173.379
172.076 160.975
192.487 147.966
177.747 157.828
169.74 176.213
200.207 161.318
180.801 213.103
180.536 190.304
181.351 203.304
188.314 192.472
189.881 179.26
188.695 168.383
160.698 209.257
168.414 213.187
167.301 218.634
202.308 209.437
188.075 213.903
157.109 221.82
180.791 221.575
202.373 216.773
159.758 226.975
160.791 243.812
172.245 243.995
191.338 246.78
179.336 239.21
169.979 230.187
177.536 232.668
186.921 241.99
191.417 233.528
190.519 223.332
196.677 246.804
202.576 236.999
208.332 209.099
203.514 233.712
209.965 222.426
219.608 178.903
217.869 157.324
213.187 190.82
212.228 173.676
212.842 179.484
220.836 137.401
200.549 182.736
199.649 188.587
197.024 199.124
211.615 198.625
193.876 199.269
213.528 150.407
203.568 170.228
200.214 150.505
189.966 157.426
206.543 142.887
208.903 157.628
223.781 117.629
210.849 129.685
229.395 106.309
189.783 137.006
193.157 131.045
197.833 130.723
221.021 107.929
182.508 136.315
167.104 148.538
199.947 139.163
157.643 151.924
152.197 157.602
177.731 153.034
141.87 159.656
172.96 143.042
202.827 120.91
227.959 102.655
209.197 102.499
161.576 117.5
180.928 110.468
126.552 127.022
213.238 108.798
199.672 111.78
169.602 122.28
191.606 113.419
117.608 129.432
218.365 98.974
217.86 89.0859
208.934 89.2234
143.145 112.104
137.753 118.189
168.408 106.868
192.55 97.6795
202.614 99.9549
180.123 102.644
156.749 111.397
150.143 116.895
112.572 121.929
107.049 129.131
107.54 143.533
116.315 140.132
117.63 146.497
138.392 131.748
183.307 120.028
208.899 116.416
188.627 119.324
149.051 129.21
132.684 137.379
160.313 136.946
170.702 132.122
160.642 129.259
176.778 133.632
148.384 141.473
148.916 146.705
141.671 138.251
127.91 167.135
128.266 181.085
126.609 191.23
122.003 171.278
116.627 178.512
127.454 162.276
136.413 149.188
128.658 146.87
113.71 148.828
122.6 157.49
103.049 139.676
101.43 131.56
91.5828 139.185
111.49 162.53
112.827 171.445
100.026 150.241
121.928 196.38
71.2154 130.663
58.6241 113.616
2.23365 42.7407
29.7062 69.3476
39.4196 83.6084
10.7652 53.2276
50.346 100.045
30.7342 76.8872
107.751 176.616
88.9236 146.947
83.4368 142.532
12.6425 39.4421
18.2295 47.1985
76.6038 131.888
99.0846 159.306
71.287 99.3746
68.558 109.197
72.6785 122.293
63.0383 91.871
39.2184 59.0426
28.7031 48.1931
52.4007 83.9683
21.8227 40.6802
67.4794 87.8416
76.7622 92.4687
50.2186 61.4462
37.262 47.9697
72.3937 83.9874
83.8125 77.955
63.7096 70.6044
56.0442 62.0059
113.703 91.9532
87.9259 79.1682
80.2969 101.16
91.7242 102.244
96.1646 97.5999
86.3804 108.674
46.0954 67.5543
87.8558 116.096
57.332 80.6484
83.8183 112.896
83.3693 123.042
97.1334 113.27
107.873 106.876
101.514 93.8918
90.4441 87.8226
118.718 99.0968
117.384 113.089
113.255 103.134
100.564 119.962
88.6165 130.102
163.578 98.5331
128.129 113.566
126.483 116.072
123.201 119.197
168.426 101.652
147.743 110.461
202.655 90.2005
168.263 90.4166
183.791 90.1812
120.856 80.3041
140.151 86.3701
147.753 88.9957
132.318 87.1201
146.811 99.0823
101.727 70.7466
139.969 98.0885
121.621 86.0603
90.4297 69.3708
119.595 71.1791
71.4406 62.7027
162.346 73.4342
108.285 67.3571
206.566 79.5414
147.261 72.6818
78.1805 63.5075
128.84 72.0126
113.577 76.1335
136.204 79.5045
171.174 81.2108
186.917 77.9387
177.285 81.8994
199.073 83.711
160.383 80.8071
146.5 81.4451
129.281 80.2361
160.934 86.179
187.657 89.4004
229.917 86.89
220.566 77.0784
222.92 73.2029
182.86 69.0768
97.9918 62.9432
170.34 70.4691
198.694 73.4218
140.285 68.248
89.1879 62.19
190.981 68.6084
206.775 68.391
166.537 49.2376
127.632 46.8706
163.346 48.7958
150.488 41.6433
118.292 39.9789
113.314 42.3915
102.314 40.339
87.7535 42.7199
136.179 51.0958
153.091 51.9157
168.877 57.2216
120.979 48.6688
177.318 61.9994
163.307 61.2534
151.872 56.118
107.667 47.6073
143.994 63.3566
101.602 46.1282
92.9359 50.1618
129.242 58.0344
107.708 58.9512
117.253 58.0647
80.8563 46.6466
50.118 49.7297
133.017 102.565
78.2829 70.4592
73.3429 66.5418
96.437 79.7233
17.6296 31.2889
27.9522 56.4628
60.1787 100.209
52.2864 91.6999
37.9525 73.5635
8.54122 27.1167
37.3074 32.509
47.1516 32.9702
27.1449 32.623
53.5052 39.908
39.0377 36.8835
30.4839 36.9262
62.7427 48.2078
61.4934 37.6739
49.6093 20.7706
51.1823 13.2016
27.0838 10.2831
16.3072 17.154
28.6756 19.8971
38.2066 23.4624
13.6576 17.2691
11.4934 -2.36106
13.7716 13.8082
29.4035 0.490259
23.184 6.88968
119.733 9.56051
130.178 8.20178
101.918 3.34794
66.4209 -0.262518
39.6263 1.17765
57.4043 -0.878429
23.3402 -0.407987
46.1434 -1.50748
77.2059 -0.260073
150.935 9.3289
109.595 -1.43777
89.2472 -2.74869
150.202 1.14318
120.674 -3.80991
141.971 -1.60314
156.941 0.425199
200.621 -1.91308
231.736 0.239112
179.327 -0.389571
243.978 3.70519
221.741 2.62868
207.565 1.72729
187.811 13.2378
193.284 2.97014
171.426 11.1308
181.57 7.33864
173.662 2.28728
130.137 1.12433
196.336 19.9122
189.245 18.279
176.186 20.2975
173.024 22.0599
186.339 26.1543
200.311 30.8018
200.875 52.7181
199.374 36.0264
180.075 42.2735
191.114 37.1879
170.893 29.3031
157.645 33.6057
153.148 31.8529
176.334 27.1086
161.009 11.2008
141.198 8.91221
113.432 10.6259
78.8294 8.57064
120.535 16.1454
149.073 20.3581
139.16 19.3229
87.4506 10.5918
101.68 13.76
157.18 23.9864
71.4313 8.39702
36.3077 9.15098
128.205 23.4971
56.326 12.2829
56.2064 29.5306
70.3355 43.7211
60.8618 18.5156
72.5721 46.236
76.162 29.2883
70.4552 31.7845
73.7106 16.3255
81.0283 39.9586
138.554 39.4499
132.122 37.363
157.861 42.6112
132.252 29.0112
113.546 30.4151
89.0247 32.0817
99.58 31.0287
118.65 27.2456
103.617 22.7869
79.7201 18.0803
88.7873 19.8545
112.839 23.7477
168.762 37.1214
137.668 29.7533
178.635 53.9881
189.65 57.7207
203.145 62.0209
186.738 51.9253
209.592 63.2936
211.185 43.9478
200.681 7.34307
241.255 16.1374
219.983 6.97154
236.73 8.29869
227.61 7.90134
249.571 18.4709
248.825 2.34311
250.559 10.7565
257.679 13.7673
259.64 -3.77591
257.475 20.8947
213.031 12.2287
220.104 17.7441
209.083 23.3881
219.368 36.4284
228.867 19.9241
222.497 32.335
220.834 46.0567
210.675 28.1951
211.515 49.0968
216.202 62.1787
230.281 81.6569
229.164 69.3739
229.904 57.7248
232.059 116.012
219.015 133.791
229.657 137.133
221.755 146.296
222.781 171.192
232.211 128.763
228.474 152.522
241.342 179.998
241.937 151.668
228.69 36.8201
239.794 131.798
237.797 86.7444
237.803 56.6613
232.219 49.5135
231.968 30.2879
236.442 51.3931
240.242 26.8638
238.816 37.577
237.901 71.6566
242.784 159.174
241.573 97.2336
242.229 83.0474
242.202 121.859
243.779 143.812
247.999 81.0558
243.968 112.879
248.717 31.8202
250.775 53.3982
248.824 43.7127
246.993 66.0598
249.807 89.0768
246.409 109.057
243.591 172.435
253.618 61.7271
252.327 98.5984
260.201 29.1868
259.19 38.6461
256.254 80.653
260.048 68.4239
262.333 50.3007
261.613 62.0335
248.368 120.457
246.007 147.296
253.645 128.776
258.613 91.5879
263.997 116.247
260.222 103.1
257.112 109.158
261.33 140.224
263.651 150.541
257.969 129.647
250.16 141.678
259.415 173.863
257.588 158.079
263.995 189.102
263.894 218.446
262.479 249.389
261.409 230.887
256.566 258.557
259.316 241.026
263.553 209.072
259.2 196.027
249.07 251.83
247.961 256.224
250.838 229.903
248.173 221.415
251.585 210.204
250.694 242.202
260.507 180.952
251.762 156.584
251.481 197.578
251.6 168.01
242.73 248.322
250.233 176.885
241.028 237.421
240.996 216.58
236.652 228.754
233.642 253.687
239.038 262.249
220.051 258.697
228.909 260.176
233.139 232.278
236.259 212.716
241.154 189.813
232.054 241.484
243.416 202.356
246.452 193.5
229.79 158.636
233.391 183.093
228.172 210.655
233.198 201.189
228.024 219.142
217.028 252.858
232.725 186.444
227.16 172.541
217.295 191.281
207.242 239.091
217.587 202.087
212.375 227.831
216.824 237.521
220.079 221.207
223.243 207.096
221.355 226.768
208.896 258.646
213.545 246.223
149.401 248.485
172.428 248.254
198.848 261.342
183.687 258.726
169.289 261.587
188.869 257.424
161.591 248.783
132.907 248.965
160.042 258
109.143 241.958
141.754 248.3
180.235 246.823
143.725 243.49
88.3475 231.894
102.018 243.223
112.727 253.277
122.054 250.179
128.685 258.261
151.169 259.271
137.987 259.098
121.627 259.938
90.1611 237.049
81.8891 249.446
83.3292 241.443
69.3586 223.373
71.2366 236.996
69.792 260.014
97.9885 249.256
106.899 256.22
92.4514 251.369
80.4588 256.438
103.974 262.734
90.2939 259.379
62.7516 263.575
66.9653 248.107
61.8684 242.111
68.1969 230.607
51.5889 232.02
57.195 252.025
51.5516 236.054
42.3815 217.795
61.5952 228.679
56.8526 222.607
53.106 216.527
32.2324 203.629
96.6761 227.176
57.5117 213.022
46.3461 209.662
43.817 209.296
80.7341 229.171
119.363 236.705
113.895 228.747
117.336 226.268
81.8959 202.065
81.3351 206.089
71.4651 199.158
50.3657 190.839
36.9227 191.706
58.3247 201.395
102.373 222.201
78.7737 219.123
88.7824 217.614
39.6155 198.548
69.7319 208.71
48.7395 197.519
16.4332 182.576
33.3163 189.266
62.0781 190.538
28.8017 177.087
47.5804 182.755
31.3218 166.309
27.1547 156.247
21.5865 168.165
23.444 162.73
21.8722 146.871
36.6404 167.77
42.6606 176.876
90.8505 206.581
66.6389 189.334
98.4731 209.918
39.1124 158.227
13.7677 138.523
32.601 151.759
50.0643 167.017
19.2092 137.374
62.6004 178.362
88.3269 200.473
66.5276 180.22
56.5022 169.796
26.3387 142.513
11.7511 128.121
109.481 219.133
130.783 237.989
138.103 233.052
126.357 217.788
106.093 196.446
128.501 230.365
99.6916 187
87.3045 177.39
111.02 211.853
116.635 221.445
99.6798 197.096
81.2641 190.336
78.9747 183.158
87.858 192.319
86.1053 170.406
70.2984 159.286
78.9421 171.825
71.4008 168.607
49.3738 148.636
63.5691 160.725
53.1569 131.437
59.7839 147.771
76.2201 162.956
71.4791 150.442
106.142 191.938
56.9764 128.023
50.9091 121.408
66.5209 142.211
29.1937 93.2224
37.8774 110.784
52.2753 159.973
46.0609 139.01
40.2466 122.577
28.3262 100.196
40.6338 133.434
29.7235 108.325
40.5482 146.272
33.7321 129.884
28.9851 117.969
38.3878 141.009
23.724 86.9739
22.783 110.62
18.6247 126.437
9.13913 90.8065
11.854 207.888
6.67629 173.874
9.71349 203.775
16.095 232.764
16.48 191.327
23.8415 208.002
39.9855 232.092
26.8926 212.656
29.2746 242.073
22.0831 222.968
26.7658 220.176
16.6463 202.511
20.0622 238.598
33.0145 258.142
43.0853 248.184
37.2651 242.645
30.7231 233.41
48.3104 248.967
39.7565 260.685
47.5145 261.256
7.71229 259.044
23.6375 256.968
28.0846 250.97
0.983048 248.241
0.212088 260.349
-1.53348 241.4
10.2453 247.707
21.9102 246.418
12.3448 230.686
10.4045 219.043
3.60313 136.95
3.34606 172.165
1.19477 209.978
8.75846 236.685
3.69693 223.344
-1.51744 201.76
-0.784205 229.684
-3.3297 177.895
1.91919 191.685
3.11075 161.685
-1.98965 111.06
2.93254 148.784
1.83159 121.509
9.03732 183.991
1.08408 98.516
6.76141 156.902
11.178 189.959
9.60487 150.973
8.67596 123.346
9.50744 109.725
-2.70693 73.716
-3.45365 132.895
-3.22033 27.9999
-2.96858 19.2191
-2.50295 8.02236
-1.04168 51.566
1.75227 -2.52154
-1.38002 62.1181
3.03346 88.8967
3.2668 76.1092
7.79586 59.6543
6.86302 71.1342
16.9497 98.1089
7.92222 79.7965
12.8116 99.922
19.9842 117.355
18.0835 63.9761
18.4871 73.4429
53.7407 111.019
41.2658 92.7905
81.656 149.221
137.481 218.277
128.306 207.295
117.187 193.221
90.356 161.511
99.4477 173.931
60.7615 121.508
39.1549 96.3024
20.2357 79.8351
96.378 178.293
63.4454 136.369
119.783 209.623
