-24.0334 30.8767
-27.2517 38.998
-2.08408 47.3115
-7.86922 41.4316
-10.3802 42.6517
-16.6152 40.2909
-11.8078 41.6267
-15.4875 39.2741
-7.46452 41.5065
-19.9877 34.7971
-8.90551 40.1307
-27.9452 28.1933
-34.3745 18.3594
-30.6541 23.9979
-5.06471 42.7695
-14.0325 34.7413
-31.0459 15.7971
-34.2335 15.3423
-32.4151 13.0485
-31.3196 15.5054
-7.08197 40.8717
-8.99176 35.649
-24.1495 14.5848
-7.45119 37.5526
-20.7467 13.1658
-30.9703 6.47503
-17.4908 15.0706
-16.6485 13.6257
-14.9073 18.9801
-16.8567 15.7152
-18.0211 17.9129
-10.8648 29.2674
-15.0006 9.9496
-22.6511 1.14973
-32.4624 1.74609
-28.8464 -0.0658559
-14.3252 -5.3507
-41.3888 -0.251192
-34.9199 5.90571
-33.6311 2.74793
-34.8702 7.66868
-23.1584 20.2356
-27.3083 16.0092
-15.8051 29.7691
-40.4948 1.17609
-41.291 2.49741
-38.5278 11.8689
-35.1969 25.6699
-44.534 21.9576
-39.0802 23.5808
-36.7204 22.5178
-38.733 18.9276
-41.5065 16.8713
-36.8222 19.0834
-40.6567 7.21372
-42.2079 0.905857
-44.1736 8.09941
-45.5593 12.1144
-43.5638 5.1059
-49.046 -0.665437
-47.238 0.461027
-44.9135 3.54496
-45.9162 -0.0802837
-47.4559 -6.186
-44.7958 2.60191
-45.1928 -1.77256
-33.439 -2.04343
-16.9099 -6.00188
-35.7162 -4.09183
-13.737 -6.43796
-0.422656 -7.32342
25.6525 -4.91332
28.8462 -5.18848
39.028 -5.54858
28.6917 -8.2444
35.5716 -6.65941
37.6057 -8.30327
17.4709 -9.5254
-10.4893 -9.05967
-24.0423 -8.17221
-23.897 -8.7779
-41.2728 -8.67262
-26.9255 -8.82645
-4.77784 -9.42984
9.51771 -9.65167
7.64767 -11.103
-45.2799 -10.5521
-48.1115 -11.522
-46.3076 -12.7347
-17.4624 -14.8921
-14.6981 -14.9415
-36.9477 -13.4153
-24.7201 -13.0336
-40.526 -11.9221
-8.92355 -11.1211
-0.219033 -12.6306
-1.78959 -13.9574
-24.2731 -15.9529
-43.9034 -17.212
-19.4993 -15.7824
-19.5059 -17.2262
-33.1342 -21.2146
-33.5583 -28.1495
-32.586 -22.3732
-13.0612 -15.1205
13.3746 -13.6263
0.51934 -15.3477
8.26113 -14.5105
14.1177 -14.9672
13.2235 -10.9122
42.7969 -7.8563
43.6862 -8.64164
-30.4061 -25.5487
-16.573 -22.4339
-35.9249 -29.7394
-23.6577 -25.2498
-34.2624 -32.2892
-27.1854 -27.7431
-18.3888 -24.4571
-14.4029 -25.7725
-7.79384 -21.8431
-19.973 -24.1311
-9.87113 -21.0567
29.418 -13.7386
-5.63685 -24.5777
-14.1589 -28.7321
-30.4782 -34.8444
-0.013713 -23.4701
-25.3683 -33.9778
-13.3556 -29.2813
-10.4149 -28.9134
-6.34382 -26.1962
19.7275 -18.0436
4.82762 -26.1114
15.4473 -20.5488
19.5475 -18.9378
29.1509 -15.6167
32.4408 -14.8367
15.3083 -23.6232
-12.4302 -37.2895
-10.5936 -32.9789
1.37769 -24.6431
-13.2417 -34.821
-30.5228 -38.0129
-21.2596 -36.4253
-12.9081 -35.6425
-21.8014 -43.9971
-20.7777 -44.3934
-16.4393 -40.3196
7.60623 -27.7636
-2.8096 -35.7037
4.3906 -49.1501
2.9176 -43.9776
18.5263 -43.4198
13.7968 -47.1809
33.4759 -33.2266
32.5471 -35.6693
33.2566 -36.743
37.195 -31.3186
43.2335 -19.8118
46.4197 -18.5057
44.0862 -14.5165
39.5734 -26.0864
39.7464 -18.5589
38.4224 -27.941
29.2974 -31.8666
36.9332 -30.0956
19.6681 -42.2917
11.2064 -43.3754
19.8756 -32.0459
28.5446 -25.4063
16.3512 -41.0362
20.628 -35.6083
34.3983 -20.0222
44.6203 -8.72296
32.1067 -22.2073
23.4934 -27.7868
33.5125 -14.9925
14.2232 -39.0241
24.664 -20.589
18.9174 -29.3841
15.5591 -35.8634
16.2275 -28.9117
14.1536 -36.6316
7.68625 -37.343
1.92916 -34.783
7.18156 -28.633
48.4184 -6.16926
32.7001 -4.5283
43.9241 -1.56993
35.0258 -3.8416
10.6592 -5.59036
-15.5365 -3.90438
-9.00945 1.11235
-14.2942 -2.00948
-17.4311 -4.11286
-30.9312 1.28298
-21.9689 1.06079
-13.7886 4.48219
-1.38042 5.815
1.64943 0.793602
-13.1589 3.26963
16.4888 -2.42479
48.1114 0.65646
23.6023 -1.5947
6.71766 -0.15448
35.6331 2.08902
18.0561 1.25039
6.49539 0.228709
4.00206 2.14966
26.4902 16.5879
30.5526 14.605
26.6188 12.5184
23.6775 8.50245
26.766 11.6948
32.4338 15.2389
36.3819 7.48112
28.8326 6.26718
19.1593 4.4576
13.9517 3.0544
21.8576 4.13362
37.0621 6.89776
34.8152 12.6377
42.5449 1.34637
29.7046 20.1912
46.5529 4.3402
49.5895 3.5848
41.7616 11.3467
36.867 22.2795
24.8627 26.8478
23.0964 30.1231
14.5497 37.5531
13.9023 36.246
16.5597 35.5986
20.712 28.7939
8.89469 38.8171
0.316753 34.8819
0.135085 36.9799
-3.13579 33.6273
2.14335 30.7553
4.89966 30.0608
-2.17024 33.3269
6.49915 36.0754
31.0593 21.4203
6.89392 6.32319
-4.78714 5.91351
1.64708 8.29577
9.87555 10.7892
-0.469531 7.81398
11.2673 15.9204
11.3715 12.7222
15.7029 12.1019
9.93509 17.6271
4.44778 17.6365
6.28535 21.7668
14.5659 23.7399
13.733 28.9839
13.9017 26.8
2.13718 19.5784
8.71766 28.3014
9.55914 29.5941
-6.84902 9.44873
-1.95271 15.3092
2.42557 16.6095
3.01628 17.2949
10.3907 16.1132
-0.347229 9.17791
-13.8149 4.57856
-2.05265 19.5153
-2.38789 20.2762
-13.9056 4.53102
-6.64214 26.558
-12.4219 10.0104
-15.6008 7.34864
-11.0875 26.2687
-8.95308 24.1375
-10.9165 28.6498
-1.67182 45.8833
12.1396 43.7315
26.5268 30.576
27.4084 30.023
15.4464 40.9535
25.2015 36.8766
33.4111 24.9266
29.2794 31.0737
31.9714 32.4418
31.3897 36.9979
30.4952 34.6553
20.4918 39.3234
15.6275 44.7896
18.8126 46.3066
4.26164 45.2454
5.54377 49.5333
2.55901 47.0206
-1.24778 49.412
-9.77217 48.6424
-21.4279 43.5896
-3.43416 48.5863
-31.3731 37.4698
-28.4049 33.417
