23.8724 39.9533
18.5492 39.668
21.0136 39.5719
37.2063 27.1721
30.3597 30.5795
15.4125 41.1181
20.0168 41.2947
19.8162 42.7332
-5.42983 39.7396
11.6308 41.5982
12.9134 40.6204
13.2356 39.5122
3.78142 38.6047
-7.91315 38.9445
9.26802 38.0126
5.6789 36.1033
6.44221 37.9214
5.2445 35.5109
13.409 38.7484
26.6669 32.8573
28.3585 30.3955
-0.727583 36.5725
12.3254 33.6959
10.3347 33.7561
0.431409 35.984
8.50129 34.0213
4.55663 34.5212
22.0354 31.6403
25.0006 30.3402
23.0189 29.2609
27.4833 29.6005
35.6555 26.4407
38.8788 23.3234
21.1407 26.9202
15.177 27.99
-6.74094 31.4352
9.44453 28.8737
25.191 25.9452
37.3069 23.3581
44.5641 19.7632
3.38041 28.0405
1.48879 29.9093
0.687867 28.9339
-7.03538 30.5205
-27.9005 37.1052
-12.1451 43.8734
1.16545 49.0405
-9.00992 42.8611
-11.2906 41.3842
-2.42779 46.6114
-9.20504 41.3444
-16.2753 35.6994
-0.445111 47.9798
1.35067 45.936
3.24021 48.0005
4.04242 49.1004
-6.04248 49.2433
-2.75017 47.6694
-19.3419 40.9888
-13.4629 46.6206
-20.404 41.0869
-23.8941 39.8678
-20.1132 44.7395
-25.8822 38.4307
-29.5287 40.1393
-29.9885 37.3324
-28.9188 34.9687
-26.3883 36.2552
-18.4059 34.0328
-21.6463 31.9971
-37.0236 32.7596
-20.2782 31.7739
-25.5236 24.2878
-38.3812 5.12592
-40.2068 13.1976
-37.6199 10.7781
-38.9401 18.0029
-40.6236 23.3542
-40.8013 23.6686
-38.2555 11.4709
-43.9388 18.1376
-41.823 25.3244
-44.5053 17.9241
-40.0386 9.72862
-41.9289 11.8478
-40.5363 10.1567
-40.4013 1.69375
-33.0423 12.5648
-21.6395 29.4521
-17.4372 30.9385
-14.3283 24.9768
-17.3691 26.7926
-40.9901 -1.64768
-17.6543 26.4432
-19.5232 20.8343
-33.4907 6.09115
-37.0141 -4.69137
-42.4895 -3.26476
-38.1583 -4.61452
-40.2115 -9.01841
-39.2734 -8.18881
-37.1068 -6.01333
-39.3945 -12.9313
-30.0037 2.99357
-36.5269 -10.311
-29.1344 4.58544
-32.8369 -0.0082126
-37.5667 -7.77737
-32.8094 6.77519
-20.8553 18.4246
-26.4262 12.3272
-28.8116 -3.5923
-31.5156 -15.3936
-31.3422 -9.94933
-32.8873 -13.0835
-31.9596 -17.2053
-34.9169 -15.0422
-31.2894 -17.7297
-25.9623 11.8247
-28.5523 -10.3543
-30.2175 -17.9292
-30.4455 -28.7879
-34.7065 -31.516
-35.7383 -23.0995
-35.4818 -29.8462
-39.9788 -13.3892
-37.5039 -16.7396
-43.2873 -8.43781
-44.1282 -3.1016
-42.972 8.15269
-44.8145 -8.3298
-43.0969 -14.5792
-43.068 -11.4058
-39.2348 -17.9124
-36.771 -26.1162
-38.0671 -25.9677
-49.7578 -2.44311
-39.3625 -24.0385
-37.794 -26.8785
-33.9763 -33.403
-32.0873 -31.0756
-30.0901 -36.7407
-25.3666 -38.3106
-21.4978 -33.648
-25.2912 -37.5208
-29.0197 -36.5762
-27.4795 -32.834
-6.47358 -13.8383
-19.6697 -23.2037
-10.7563 -17.1085
-30.2904 -33.5661
-29.6403 -26.7339
-29.9631 -21.114
-23.1779 -14.0038
-23.7758 -23.521
-21.7472 -16.3265
-16.6992 -19.2871
-21.3071 -12.0871
-24.7478 -15.2256
-20.0438 -10.0969
-13.5724 -13.6421
-9.74524 -2.58847
-12.345 -9.86969
-18.2113 -8.11941
-27.3138 -17.2643
-30.1784 -20.3532
-24.9885 9.90087
-23.6384 3.12978
-24.317 -2.35973
-20.888 8.09459
-16.905 4.0559
-24.8667 13.0867
-18.5715 20.4795
-20.363 14.8648
-16.0819 25.0001
-13.0243 18.9111
-15.1734 15.9563
-16.0731 18.0502
-17.8871 13.527
-16.3949 16.2453
-14.5652 15.1115
-16.1753 -1.73069
-15.334 5.9028
-13.3177 -8.35124
-13.2561 -6.64501
-14.758 8.02764
-13.5723 15.0505
-11.7649 15.5055
-9.51417 -3.92137
-7.22564 -12.4745
-11.0444 9.34088
6.48704 -43.1537
0.471815 -37.4997
-2.75157 -29.1085
-4.38315 -27.752
-2.44195 -17.5951
-5.24206 -32.0263
-10.4896 -39.2302
-11.5273 -36.2983
-7.89042 -25.4282
-13.0548 -38.2982
-10.5353 -24.1769
-12.9012 -27.9174
-17.9117 -27.2385
-14.1033 -28.563
-11.473 -27.79
-12.8092 -35.2491
-14.1153 -35.5649
-14.8091 -38.7282
-21.3493 -39.5493
-16.0011 -43.4007
-19.4906 -40.5298
-6.11477 -47.3693
-6.94358 -47.5593
-18.0281 -45.7253
1.7742 -49.158
2.72795 -49.4767
-13.1151 -43.6015
4.57228 -47.8357
-4.08942 -45.1424
-12.7215 -43.4452
-7.08662 -36.3155
-5.07082 -32.021
8.51645 -48.189
13.9839 -16.6291
14.7123 -12.1968
16.444 -15.4145
10.5085 -44.2705
13.5816 -29.9639
15.855 -38.5266
14.1539 -27.8069
15.0128 -23.8935
16.3791 -25.1075
16.4992 -14.8822
18.8544 -38.8209
15.8683 -5.65295
8.91753 -44.4646
7.70392 -43.2751
11.0317 -24.8779
15.4996 -3.23417
6.80934 -44.4689
4.33969 -31.0037
2.25299 -10.6762
-1.14706 1.44404
0.273951 2.70805
10.0737 -8.37849
5.72225 -13.251
4.1252 -15.2592
11.7145 -9.34883
6.15678 -2.2761
5.61756 -2.51977
-6.22672 21.73
-3.53001 23.0382
0.31421 25.5979
-6.91076 22.777
-8.24232 26.487
-4.13183 -9.30142
-5.33435 1.19642
-7.47185 21.2436
-2.60696 13.7402
-1.51322 3.48344
-3.31397 12.7097
-4.08609 14.9327
-2.09016 3.62614
2.85141 -17.6001
2.99191 -30.1056
0.819377 -25.707
1.8218 -22.6117
2.6156 -22.6552
0.139562 -19.6657
-2.22303 -6.41055
0.0341472 -15.8006
-4.20832 3.77343
-5.09485 12.1534
-4.53588 4.13206
-3.05613 -2.45196
-0.999051 -15.7997
-1.00279 -20.4269
-4.99394 -7.85061
-9.25664 20.8334
-8.67387 16.0481
-5.57316 -5.87374
-11.3941 14.0219
-14.9093 32.2614
23.9623 21.4832
25.7458 8.01902
18.6238 19.8829
19.262 21.3957
15.4551 18.6215
15.6982 22.1512
14.665 17.1329
18.3181 20.2825
25.147 6.8071
11.2124 18.7859
22.5161 8.68085
10.9811 14.4679
14.3345 15.3695
10.118 15.5879
11.1623 12.4889
26.0951 5.16715
13.3551 8.94069
21.04 6.62281
25.045 2.87125
22.0566 -0.488054
-1.95466 22.715
7.75467 8.50607
2.7463 9.5206
11.9315 -7.1194
6.67041 2.93869
9.38477 4.6823
7.1599 12.0957
21.8272 -3.34199
22.2063 -7.55963
23.3906 -11.6016
19.9583 -4.23893
24.3553 -13.8322
23.8667 -22.9025
24.9604 -26.5901
21.5284 -33.2719
22.1048 -23.2865
18.9938 -2.84938
18.4997 -2.65123
20.101 -10.6028
21.3153 -19.6826
21.015 -32.6874
17.5942 -3.82011
20.0082 -24.9674
17.7634 -16.8481
21.8462 -40.0431
12.5356 -47.4641
12.9238 -47.7889
27.7288 -35.2956
28.6115 -37.2973
32.2562 -38.03
31.332 -37.1962
26.7478 -33.7767
37.5537 -32.0779
32.8724 -32.3058
31.2096 -26.2051
32.5406 -24.0038
26.6975 -30.4775
23.8705 -6.75412
25.5444 -3.94964
36.8985 -27.2098
38.5209 -30.1398
31.5752 -16.231
35.7457 -20.6714
35.4347 -16.2834
32.5463 -16.2326
26.6396 -5.11357
26.3773 14.7025
28.2292 10.5934
34.5253 -7.6273
38.9064 -23.73
29.3997 12.5558
39.8231 -22.8588
35.8378 -7.82268
31.6275 7.51214
41.2416 -23.7329
32.1 6.0455
32.7801 5.59445
42.9066 -18.3307
37.3799 -4.99862
44.8919 -13.4795
37.6417 -3.43152
46.2422 -5.26568
40.0745 2.69342
46.2718 4.24858
49.1961 -6.66697
48.1344 -0.584056
43.7159 12.7529
45.726 5.42221
41.1613 3.49261
41.1833 8.82593
38.2687 8.12026
41.5166 -3.37777
36.5068 1.80272
34.1812 3.24202
31.7782 15.0466
32.8408 8.26033
28.7027 16.6867
38.6019 -18.6647
28.6128 16.1632
25.444 15.0802
24.3276 21.8847
39.1533 17.9524
36.9712 18.6713
-3.54666 29.2094
30.3835 21.9933
45.8964 17.1712
47.3202 12.5902
45.5675 19.6922
25.9884 37.9831
31.5726 34.725
37.5187 31.3242
40.0265 26.3941
40.8386 28.7196
32.0887 36.7895
29.721 40.1903
32.5361 34.9224
