-37.1309 28.6586
-42.7287 14.6131
-42.9493 21.8345
-43.2169 16.3338
-44.7365 6.61287
-40.6333 19.1776
-39.5308 21.2271
-36.4712 27.6534
-34.3093 25.7108
-34.7203 23.2715
-35.5189 16.559
-40.4447 3.04492
-42.9905 0.390581
-41.9923 3.53928
-37.5195 20.0132
-41.8987 8.24567
-40.9495 12.8307
-45.0399 -1.05228
-49.1118 8.17736
-45.3614 -3.98142
-39.4682 14.6798
-43.506 -1.07878
-37.848 2.05528
-41.0848 0.630792
-37.5064 7.38302
-30.3808 5.30222
-38.1921 7.72558
-32.9234 20.6392
-33.2 15.2601
-32.6771 17.8536
-32.0977 21.8278
-30.3677 18.843
-23.8741 7.87993
-27.4112 14.2148
-35.0042 27.2079
-30.147 27.2241
-23.1813 24.7732
-25.033 23.4422
-18.3248 25.1287
-18.3913 7.1617
-20.2063 5.26501
-11.0416 5.93845
-12.0729 5.16205
-0.117882 -12.3357
-4.97139 -14.6276
0.711645 -12.8277
-2.48182 -21.6263
-1.96074 -20.2222
7.75869 -17.136
4.08741 -17.9765
-0.517171 -19.5828
-0.90012 -18.5681
1.63093 -11.0592
0.0892287 -12.1589
0.573851 -6.61521
3.66992 -3.63647
5.02508 -3.30895
6.67028 -2.84323
10.4992 -9.35623
12.5101 -14.4048
11.6895 -16.9384
5.29144 -10.0714
6.47254 -10.4481
4.0844 -8.84507
8.1042 -14.2207
17.9851 -21.8173
8.81935 -15.6687
15.0965 -20.5125
28.1683 -35.7874
-3.03519 -31.4914
5.84905 -31.2831
-7.81466 -31.2512
19.4898 -34.931
22.9619 -37.1017
15.1072 -39.2117
12.0357 -39.4213
16.5783 -38.1453
7.68828 -40.6327
9.21214 -33.9662
7.35164 -38.5929
-14.5602 -36.1308
-18.439 -34.9203
-1.24108 -33.4489
-11.6127 -34.1733
-21.1576 -35.0417
-11.3257 -29.7784
-5.83311 -29.1933
15.0654 -32.037
7.81903 -30.8831
-2.10924 -26.0039
24.064 -31.7201
16.2974 -29.7993
-14.6674 -23.1788
-6.36545 -25.196
0.449469 -29.3544
-17.8422 -26.9821
-29.9472 -12.4165
-13.8581 -25.8494
-21.8369 -19.111
-29.2184 -12.1393
-10.1324 -20.2266
-24.4929 -14.8707
-18.7495 -17.0416
-6.60722 -21.9389
-15.8879 -20.6384
2.85971 -24.8836
12.1889 -27.2156
-9.64211 -21.6001
16.5911 -27.3448
-3.90363 -22.1531
11.4893 -23.3371
-5.79021 -21.545
-23.8009 -14.1139
-19.3658 -12.8124
-12.1805 -15.145
-9.76501 -16.3708
-14.4628 -13.5526
-27.6919 -11.1676
-8.04646 -11.966
-36.1861 -9.14933
-42.9436 -8.05745
-40.6715 -6.89215
-19.604 -7.21763
-3.2338 -8.3086
-17.7964 -6.97645
-24.9784 -6.99944
-39.9318 -6.37855
-18.9211 -4.41324
-15.0249 -4.86449
-13.4272 -3.48723
-21.7328 -2.77238
-23.3555 15.05
-18.8322 9.3413
-27.7113 20.6971
-28.0689 21.3999
-20.5897 18.3508
-29.018 22.2401
-23.4138 14.5685
-22.2214 -3.58341
-36.2692 -4.8106
-31.9558 0.259279
-35.9049 -4.04779
-39.952 -0.737809
-37.5927 -3.51712
-40.4855 -3.50285
-36.8263 -4.79607
-40.6076 -5.27178
-32.4418 -4.55394
-19.4229 -3.72034
-20.3241 -2.9614
-13.8689 -3.74101
-49.2762 -6.94419
-37.9572 -9.36571
-16.7539 -11.5664
-40.8439 -10.6453
-44.2897 -10.3883
-32.7012 -11.5177
-31.9099 -13.555
-46.7999 -13.1232
-46.7493 -17.1896
-45.9651 -16.3184
-43.6254 -18.8522
-42.1486 -24.0841
-42.3483 -21.3789
-43.3286 -15.3861
-41.7209 -13.4866
-28.9418 -13.7324
-16.0544 -30.4855
-23.1893 -34.7871
-29.2655 -32.0282
-30.8687 -31.853
-25.3717 -24.5842
-28.9861 -27.7351
-26.4638 -22.48
-29.7379 -25.2963
-31.4891 -19.3953
-30.5165 -22.7728
-30.4732 -26.1289
-35.4963 -28.1713
-36.5516 -24.5008
-36.1583 -26.5319
-36.7293 -28.089
-36.5801 -30.3223
-31.3412 -27.8505
-30.5172 -35.3244
-27.2603 -40.7772
-30.7409 -32.3929
-13.3342 -39.1001
-15.0669 -37.733
-13.7169 -37.3956
2.96142 -40.1658
-22.6904 -35.489
-2.96255 -37.5512
7.26711 -39.4619
6.30453 -43.2671
-0.546973 -44.5846
-19.3653 -43.0113
-26.2083 -39.9616
-17.6376 -44.0445
-15.5221 -44.4703
1.38228 -44.7893
-3.83101 -46.7143
10.4398 -48.0823
6.74277 -47.3695
-1.34552 -46.5286
20.2669 -37.9406
26.9383 -35.9948
25.0907 -39.4968
6.36969 -46.4877
20.3904 -43.6415
10.8724 -45.4078
27.1032 -39.6474
14.5235 -44.0569
31.1844 -37.2967
14.725 -19.9037
20.0098 -23.0544
19.7719 -23.463
21.2793 -21.6248
28.6624 -27.2465
27.366 -23.9273
14.3591 -18.644
11.0578 -9.15711
20.5639 -19.0843
14.3866 -16.5934
20.5916 -19.869
26.7145 -21.9999
19.4909 -17.3182
18.1478 -15.0724
13.3462 -8.40804
36.2936 -26.3339
10.7054 -6.12975
23.2329 -9.20053
20.8767 -12.099
23.9284 -10.4009
37.506 -14.5125
24.1921 -9.78705
20.8863 -6.85884
20.7456 -5.55133
27.5362 -10.5745
13.5371 0.684323
18.971 -3.80616
21.4866 -8.34572
11.2528 -5.69117
6.66627 -1.18756
3.90934 3.98585
6.40478 2.82284
-2.03745 8.65596
-4.32991 14.5027
-6.35785 10.2229
-4.33916 5.15783
-2.79326 -1.21718
-3.82848 3.12159
-0.245773 -2.44815
-1.44159 0.442037
-4.59413 5.92908
-5.80524 10.8472
1.54663 5.63066
13.8157 -11.4162
0.702388 4.77073
1.61482 3.16534
3.49515 0.0486975
-1.26406 -9.74025
-2.66508 -7.03583
-9.16747 0.936235
-10.8449 13.5814
-10.1524 6.15188
-15.3455 6.03096
-14.1015 18.8741
-15.1011 8.93245
-17.7975 7.61259
-17.5138 25.0905
-14.0872 23.5898
-7.29038 19.0345
28.5231 -8.23212
13.086 3.86218
-14.9906 24.9748
31.9212 -8.7902
-12.6429 23.3045
-0.487157 16.2224
2.1821 13.5636
7.04757 10.8058
-9.72969 23.4947
-1.2074 20.6377
3.88499 16.2578
18.6037 1.78253
40.195 -12.19
33.1706 -23.7133
37.7058 -25.9243
34.1422 -34.0558
39.4698 -22.3915
41.9519 -15.8669
45.3604 -10.2204
41.824 -15.2216
37.5021 -23.5476
36.1052 -21.6155
44.9169 -7.27982
39.9721 -14.5315
41.5332 -5.66333
40.4748 -10.1676
30.5958 -5.94054
16.8713 3.50759
22.884 0.081015
16.0655 4.79965
1.17845 19.2695
3.26207 19.1866
11.5866 14.0344
13.6937 10.8704
21.5537 5.49335
32.9817 -3.51224
35.2619 -6.14777
34.6101 -4.48684
16.978 9.03421
13.2762 12.18
31.5849 0.626504
35.7382 -3.30036
26.9306 6.17617
31.0162 1.32847
23.8743 5.72298
17.211 10.8116
1.0966 20.9593
36.2026 1.85147
3.49499 20.0655
15.133 14.8489
19.0364 13.9142
44.0804 -1.42598
40.1767 -4.1392
49.7662 1.9749
45.195 2.00241
46.1404 6.35501
48.0851 4.27843
47.7231 7.19166
44.4342 7.69287
44.2758 2.62493
40.8493 11.1455
44.4136 -0.327407
27.049 9.14851
40.4638 3.56931
11.535 18.3593
20.2456 16.3294
-2.88127 22.7219
-10.3717 26.5538
9.54595 21.2133
6.74405 21.5434
32.1259 14.5958
32.6524 10.2707
33.1967 15.15
45.0938 11.3103
32.6613 15.5639
18.9084 18.3917
3.92178 22.9333
31.4773 18.4705
43.5929 12.5668
29.0432 19.9802
32.6261 21.8592
46.5845 11.9217
36.2206 19.9545
45.4852 14.6003
31.9363 22.6342
37.1524 21.3992
23.2163 24.8406
24.2006 23.0409
12.7244 25.5764
23.6106 25.9181
0.537131 25.7488
8.23732 25.1821
14.8163 23.3834
14.4509 24.6835
31.7681 21.5337
24.1889 19.8308
9.905 22.0281
-8.19229 26.3755
-2.05418 27.0756
5.0227 30.6205
13.1274 28.9679
30.3127 25.1575
34.0257 26.4174
26.3241 26.5122
11.474 29.4257
33.8603 27.405
24.1727 28.3378
18.4253 29.1351
15.9671 29.8707
40.2019 26.9974
44.1682 21.5167
43.0511 24.6053
32.6319 35.99
28.5206 40.4791
33.4786 34.902
37.3285 30.7168
18.2306 30.7895
29.9331 30.5768
30.6105 29.7538
20.6816 29.3252
14.5535 30.2906
26.9517 33.1038
19.7406 36.0912
19.1175 39.2844
23.7938 41.2381
11.8327 48.4337
13.3833 44.1642
13.17 47.1268
16.7808 44.9663
21.0518 40.6156
12.9195 42.2198
14.6837 41.87
19.3471 40.0199
16.6618 36.5933
20.8241 33.4229
-0.848271 29.6289
8.53752 33.1576
-4.01439 28.5981
-0.685894 27.9168
-7.68269 26.6473
-5.1955 36.9906
4.46627 33.3806
0.870718 34.7524
-4.39753 38.9586
-6.16437 36.6417
-5.14313 49.4929
-6.5941 32.9151
-13.6611 29.0064
-17.6401 31.5325
-6.28751 23.266
-11.8437 24.8526
-21.3528 29.9883
-20.4067 31.7391
-10.8424 39.6559
-10.6896 32.6878
-9.53673 41.0922
-24.3905 28.98
-24.5633 30.6962
-24.951 35.5071
-17.1013 35.2895
-24.7287 35.8075
-18.0116 44.2576
-15.1206 38.0187
-16.716 41.4773
-7.22964 42.9886
-9.49621 41.9195
-6.29232 43.1894
-15.2006 42.1317
-18.5117 45.9955
-19.0177 45.4165
-29.7532 32.6899
-28.2641 33.2179
-19.659 44.4602
-28.2814 30.5759
-35.7671 30.8274
-33.7876 30.6515
-9.67398 24.1101
