276.905 68.5416
249.253 62.1152
228.449 58.2377
178.502 43.7663
190.515 37.5735
282.254 53.8957
216.497 41.9918
230.995 40.6979
292.179 52.3942
269.28 47.803
242.886 41.7396
209.85 38.5274
206.629 33.4912
190.505 30.2897
201.586 32.9022
168.812 38.2285
110.866 27.3478
137.418 28.4927
119.13 27.2064
141.132 22.0633
173.148 31.2305
146.331 27.1658
162.424 29.8624
132.839 26.3064
178.34 32.3967
110 12.4322
147.364 17.3111
320.972 51.1932
250.9 37.8862
353.161 62.5929
272.151 42.7488
333.474 56.4574
378.994 66.4562
260.931 39.9411
360.444 58.8447
302.244 46.8701
240.467 31.4292
307.162 48.3907
92.6942 6.66632
88.1651 19.7126
77.3016 26.9593
111.176 21.4444
98.4811 23.4981
83.2817 23.1882
101.506 13.7733
121.742 17.4345
129.1 23.0978
97.7632 27.7569
162.089 37.8652
183.757 47.178
201.058 50.9207
163.382 52.8384
131.35 51.6499
89.1974 49.5584
102.546 47.8578
118.711 48.9087
110.663 47.4161
66.4348 49.3358
47.7724 48.1471
36.0589 46.4758
47.1396 38.7656
59.4138 41.0833
100.99 43.2558
127.463 42.6741
167.265 49.3423
151.68 46.0934
123.089 41.7682
88.5651 42.1447
66.7239 39.1793
83.5508 37.3476
110.305 36.6537
30.4315 38.4684
67.123 30.5453
20.9487 39.5392
10.6968 42.4296
43.0851 38.6673
20.3509 49.0111
1.23732 50.7705
9.4419 30.7267
16.7456 27.1042
32.8911 16.4858
29.7807 33.1309
62.6846 29.626
148.844 39.3697
136.669 37.7215
50.6384 27.9845
88.5041 28.8368
42.209 27.7069
62.519 23.6391
72.6117 22.9435
48.2461 23.5051
68.8489 7.96989
81.9048 13.5949
67.1228 2.23947
37.8791 7.85891
58.8609 3.82811
51.8655 11.5428
59.5231 13.3227
38.1015 21.7715
27.2713 3.55909
83.4997 -3.29449
36.0329 1.75971
52.9904 -3.24488
18.0793 0.469797
31.9371 13.8086
6.6334 19.7226
11.5377 7.28537
19.209 13.917
0.479604 -2.72465
6.53886 3.15191
3.11167 21.0802
16.2386 21.154
2.59726 37.2213
0.223775 30.019
0.315315 8.85688
-1.74215 57.76
9.37941 62.9969
32.8877 62.5076
37.8645 61.7631
17.0867 58.4208
66.922 58.3339
90.7361 58.6107
62.2278 57.9031
100.02 57.6402
46.7386 57.5808
10.6809 53.5726
28.5045 48.8428
76.9066 49.6333
187.461 53.874
183.523 56.3845
140.625 52.654
193.762 57.8307
132.354 60.2599
57.5286 52.0167
121.935 59.4272
106.429 61.3159
152.767 60.1456
98.6029 66.201
88.6549 66.0062
78.4029 68.6186
139.693 62.2221
170.968 61.7771
109.652 67.8654
213.615 59.4568
161.073 63.3054
197.6 59.4141
217.525 56.1094
241.289 61.5411
270.655 67.3033
241.628 68.6199
173.651 67.3853
231.853 66.2577
177.1 66.7331
156.966 66.9452
122.475 68.0948
128.839 69.3668
143.037 69.0076
152.233 67.3889
203.265 68.5124
219.774 69.666
49.7097 69.9065
257.095 69.72
207.105 68.4089
317.426 69.9049
301.799 71.4202
250.37 72.6879
329.772 71.1483
339.273 72.1395
366.469 73.6606
342.94 77.5936
61.2668 72.2524
187.517 71.888
27.7824 71.6333
76.9843 63.2035
19.7859 72.5976
0.954003 72.6402
12.1429 73.6467
70.3066 73.5944
37.0359 72.0698
252.096 76.0324
123.15 76.8281
177.377 76.1102
149.169 76.4074
89.2999 76.105
128.341 77.046
-0.773801 77.6182
50.7422 83.4638
108.596 87.0458
61.0709 86.2795
178.969 91.4051
81.7175 87.0981
323.529 92.5918
236.026 90.9803
252.829 92.0373
68.9682 93.2213
169.029 91.3397
22.3777 92.7609
53.5919 90.8735
12.1957 90.9837
29.1699 87.522
-3.88344 93.0315
88.7755 92.52
36.1194 93.824
102.761 93.0544
152.582 92.7609
232.622 93.5338
186.692 92.6279
276.209 91.9555
350.662 93.6305
296.47 89.9698
257.216 87.0382
313.365 91.3716
336.093 92.9545
221.635 87.6607
141.717 83.4291
287.476 91.5916
212.129 89.8105
159.207 88.6616
203.109 88.1306
133.313 88.2262
119.853 87.2569
26.5655 80.692
23.156 78.2198
58.6661 80.587
143.449 86.8119
99.0467 83.4231
39.7259 79.2057
358.4 90.3986
401.849 91.6151
272.785 87.3676
71.6732 79.9209
107.855 79.7513
198.63 81.6072
9.10822 77.7285
166.469 77.9146
83.3771 77.6012
161.528 76.6868
258.914 76.5905
223.943 77.6838
242.557 77.5553
210.912 80.6272
231.432 79.381
358.009 77.4677
188.381 83.6525
320.467 78.9066
371.012 78.6669
286.096 82.6864
300.36 80.2416
276.051 83.2745
266.605 83.5522
352.359 81.5099
326.943 83.7855
312.838 83.0707
329.86 87.1988
376.943 78.7696
387.969 86.2325
371.486 87.1556
382.129 90.3704
398.524 81.3593
397.759 69.6943
376.479 60.287
362.17 48.7888
387.34 58.8879
407.287 66.0336
403.015 63.3771
371.452 51.1284
393.745 53.5777
380.132 51.3281
371.987 43.6662
400.637 49.3549
361.297 39.7077
388.926 22.3575
402.143 20.7978
391.411 32.4008
377.311 41.216
401.193 41.4297
393.472 37.7918
401.682 27.9478
410.569 60.8947
406.975 46.6539
408.22 32.0289
411.925 39.34
411.833 88.628
412.069 76.7396
411.961 12.9423
410.91 21.9792
398.854 -0.472327
402.902 9.33211
378.395 26.735
378.65 18.7182
377.798 10.7565
389.133 6.30241
389.071 1.89277
382.096 0.772389
373.276 19.4935
373.195 30.5224
349.193 43.0958
343.963 33.4431
330.865 31.2947
348.321 27.1877
360.094 27.4837
359.101 23.7496
316.785 33.4065
310.742 29.5712
322.131 38.6359
208.213 10.531
203.487 3.90448
247.256 7.5701
232.582 10.4703
238.773 10.1169
271.712 12.067
282.692 12.1956
256.396 16.4789
306.537 18.1947
280.576 18.3884
268.407 22.3195
286.507 19.1648
323.113 17.7494
302.575 27.2249
328.885 16.0671
296.262 17.4271
286.39 11.4893
300.857 9.1182
321.453 6.86044
337.023 7.82821
360.23 13.153
340.119 21.7552
350.516 19.3694
367.461 11.2139
346.213 7.80164
332.95 6.72231
307.697 6.57224
367.844 3.9208
358.565 3.82757
341.977 3.73206
406.714 -1.66442
256.708 10.4094
233.669 3.20052
143.195 3.3122
216.525 1.03226
311.314 -2.35107
296.608 -0.101727
260.68 1.94406
268.47 3.90731
321.802 1.51112
347.568 -1.87254
286.36 3.02084
276.433 1.99424
330.236 -3.41476
160.628 2.25028
251.6 -1.77103
188.244 0.828735
238.078 -3.14796
212.906 -1.54153
178.526 1.41428
146.274 0.39262
166.596 -0.673428
119.736 0.591419
107.224 -1.69917
132.057 7.20913
186.31 17.91
172.044 13.9515
129.517 3.95385
161.314 6.28689
176.364 8.21731
196.049 9.48829
220.113 18.923
193.816 7.10047
253.574 29.5286
226.643 23.6749
287.84 37.2667
260.305 30.7385
236.872 21.6507
216.256 13.9871
248.119 21.1198
277.273 33.7044
269.028 29.395
287.937 30.4508
312.2 36.3684
342.605 48.1642
100.768 2.66314
137.354 13.0686
90.3671 1.42363
161.852 19.8122
118.328 7.0683
179.243 19.6821
149.331 13.4854
173.631 16.54
198.418 21.0768
217.804 28.4992
209.058 23.8969
231.63 28.1271
328.499 46.8692
303.695 42.7936
283.659 40.0198
346.912 50.9105
326.316 37.0079
341.461 37.6303
367.731 59.6509
392.358 70.7953
387.308 79.8831
353.668 69.0088
362.34 72.0236
308.27 69.3261
307.569 62.6326
339.268 60.8881
318.549 61.9884
302.814 57.7988
293.218 66.5239
271.047 57.7464
251.956 51.5035
287.652 57.8862
201.436 41.4584
227.026 47.5894
241.116 51.8135
210.893 49.1813
220.62 50.7921
257.221 53.859
263.548 56.5954
276.981 60.5906
