99.984 26.2579
83.2838 27.1771
77.1926 27.2
93.71 26.126
77.9857 27.006
72.9183 26.7796
87.3634 26.1602
85.2126 26.5389
88.86 26.0513
96.8401 25.549
88.5271 26.0501
73.0047 26.7036
88.587 25.427
66.6196 27.0034
91.0566 23.6271
83.3941 24.8921
88.272 24.1577
93.0947 24.6434
85.2637 25.2973
94.7644 24.5788
89.695 24.1513
91.0228 23.7577
95.7621 23.1685
87.8204 23.923
77.3543 25.2579
72.0581 24.8543
75.4972 24.9961
70.2346 24.7695
81.7341 24.4967
72.2871 24.2142
85.2659 23.373
69.9342 24.29
79.9375 24.453
68.5559 24.6855
66.8798 25.2814
68.5682 25.4018
68.9958 24.831
73.7343 24.9976
70.18 25.842
63.8584 27.3113
61.6853 26.3662
63.6869 25.4159
66.7966 25.7959
62.7804 25.111
60.8628 26.0358
56.3133 25.7867
47.9402 25.6268
47.6999 24.5819
53.0773 25.4383
49.1824 23.3008
65.8477 24.285
78.1305 22.665
80.6644 23.066
80.5799 22.5827
86.2877 22.296
94.0126 22.1752
82.9396 19.8785
88.4839 21.0613
91.5375 22.1355
78.1716 22.4254
74.4007 22.0409
85.7466 10.6899
87.0749 10.1283
85.0709 10.5747
84.5253 11.7985
82.6222 12.0833
83.9387 11.9221
80.1169 15.7663
80.8852 11.1818
78.0488 13.2191
82.3847 9.53395
72.7528 16.0553
74.8887 14.2922
75.8942 12.9214
66.3731 17.6643
73.092 14.3432
73.6284 14.8077
70.8197 17.5892
79.6872 11.5472
77.2586 13.9742
78.9687 12.6546
79.7596 12.6391
80.0019 14.0322
78.291 16.3583
76.3695 19.1731
78.952 13.7167
75.9741 19.7539
75.9114 14.5751
75.7862 19.8506
75.6234 17.1545
75.7195 19.1886
74.5024 20.9066
65.661 17.9055
63.4738 16.4662
64.9801 16.8703
66.9274 17.3021
64.3107 16.4975
65.2294 15.6627
66.4033 15.2211
68.744 14.0355
61.6324 17.2567
54.0285 13.3608
51.6011 10.0618
53.2983 9.68461
52.1128 9.54128
49.1358 6.45246
53.693 13.2991
48.9113 7.15822
53.7065 13.3987
48.863 10.1534
45.5798 8.37039
44.1129 8.08913
46.4857 4.73863
47.8628 5.77119
49.0758 8.58622
47.6838 4.81912
55.9298 4.60296
59.6476 4.61966
49.7446 4.92019
63.5064 4.53375
65.1464 4.78057
68.359 4.32596
91.7188 4.20167
74.542 4.7467
74.4095 4.33007
67.4951 5.26058
55.8685 6.19849
71.7002 4.92609
55.0957 7.13129
63.9341 6.01415
54.7598 8.25195
53.4557 6.14199
56.1817 5.05448
53.0925 5.61991
56.6397 12.1968
54.4294 10.4452
57.2766 14.5755
56.6372 13.1402
57.0595 10.8146
58.3379 13.0152
56.7188 9.57063
57.3431 8.49012
61.4526 8.32415
64.6295 8.16632
62.9325 8.10712
59.6042 8.11702
61.8158 7.17384
65.8397 7.31064
61.477 6.9093
67.9182 5.85465
68.5048 6.54495
65.2184 10.9598
63.8364 9.78508
61.7869 9.69751
60.6263 12.2364
62.4548 10.7236
64.5533 11.2165
58.9308 15.6588
60.5695 14.6199
62.3939 15.6548
62.4298 15.3876
61.3455 14.9484
65.6685 13.8102
74.3312 13.2532
63.8866 13.8837
67.7351 12.3067
61.7606 14.6056
60.7266 14.4546
67.0067 9.64279
69.9782 5.24742
82.0843 5.34354
71.4031 6.0966
85.6907 5.10875
77.953 5.19485
77.7928 4.84979
92.6758 4.2037
90.7075 4.51537
94.9144 4.78662
81.1673 7.25135
79.773 7.25854
84.4047 5.26579
83.2939 5.7248
76.8338 6.66033
73.6715 7.2818
75.8127 6.89801
80.3844 6.35403
79.4993 7.19852
76.8528 7.89598
70.7133 8.81367
69.399 8.08697
68.2261 10.0832
72.5587 12.3507
69.8209 10.5484
72.2333 10.9329
70.4409 10.0028
79.4007 8.08673
74.2878 9.34823
84.7878 7.03216
68.727 10.1205
69.0399 9.02125
72.5134 8.71579
90.8431 5.77085
87.5723 6.78185
84.3846 7.83368
76.6585 9.46231
76.9536 11.4545
76.9234 10.0863
78.9675 9.2293
79.3348 10.9138
79.7457 10.0194
79.2556 10.05
79.7259 8.88125
82.0427 9.43329
83.7338 9.54608
80.9354 9.14701
89.3896 6.35777
86.4667 8.31695
82.0817 10.9594
91.4556 5.43167
96.256 6.14414
82.0426 15.3094
92.4128 8.83013
85.0967 15.3556
80.5946 18.7074
77.1941 20.7915
79.7563 19.5497
84.4592 15.9734
81.9332 18.8577
86.5826 15.83
89.982 14.0727
88.119 14.6082
85.1695 16.7037
83.6296 17.3562
84.7878 15.9342
90.2053 11.2279
93.7082 8.13927
91.5943 12.8925
90.2059 16.0431
87.7753 18.8392
94.8578 20.5776
93.6827 21.3067
95.534 22.8071
96.24 22.9669
99.3883 25.848
98.0143 21.3249
99.0497 23.0789
96.5615 18.3608
97.4894 20.3496
98.7841 25.0968
95.6625 22.0021
96.4222 20.7927
89.149 19.0405
93.8118 16.9817
96.0676 15.4241
94.5289 16.4257
91.6025 17.8583
94.8598 15.521
91.2465 17.8388
89.0911 18.608
91.0301 15.1251
96.5823 12.7304
99.313 18.7747
97.0687 12.7594
97.563 12.7078
99.6603 12.1604
95.5691 12.5286
96.5075 11.018
99.7251 10.9899
99.4596 9.49007
98.9941 10.8429
96.048 8.91959
97.6191 10.234
91.4955 14.0335
93.1404 9.91404
94.1031 11.4324
94.0666 9.02384
98.033 4.43003
99.5489 2.34591
98.8834 3.00073
96.9792 5.42489
94.2231 1.22319
95.271 0.702577
93.3718 0.805519
92.9374 0.192801
92.8062 0.882874
94.5223 1.70011
92.8443 1.82155
91.1314 0.287882
91.9995 1.158
92.7888 3.15424
86.9813 0.506534
87.0109 1.47399
88.7107 1.32174
90.5002 3.41068
76.6552 1.91225
80.1912 1.55042
82.7373 0.827689
78.6684 0.817087
79.5749 1.11494
80.5676 1.24452
69.1194 2.16587
74.3235 1.92717
80.4896 2.63791
87.368 3.12877
79.5857 2.95334
88.6895 3.3576
80.1795 3.70684
63.4938 3.25675
78.8603 3.67987
51.3283 3.60468
66.047 3.64601
82.3943 3.75623
93.1104 3.82421
53.1751 4.5604
48.5731 3.74211
49.5994 2.8275
55.4655 2.30532
53.1765 3.4196
81.5775 0.1587
62.3988 2.32132
69.4389 1.39175
56.7818 2.87003
55.6014 2.47026
55.5288 1.11781
60.006 1.44564
60.4838 2.00426
61.8363 0.71998
72.938 0.749313
66.4385 0.701354
64.7164 0.385976
64.1081 0.64245
52.951 0.330983
54.0421 1.69611
40.2929 2.12212
37.1614 2.24778
37.2573 1.67834
40.0592 1.65952
45.7277 1.51405
46.027 0.77449
53.1741 0.99624
36.1357 0.221216
42.7431 0.548957
33.4859 0.356589
29.5025 0.331161
44.1601 0.58648
29.9284 0.842183
14.1686 1.0308
43.7897 0.682942
45.0233 1.12877
38.2992 1.50109
35.2528 1.76015
17.0966 1.58614
37.4853 1.11907
36.874 1.08161
14.5547 1.60026
36.6818 1.9065
34.1502 1.96106
11.6417 3.85669
30.4148 1.84239
8.44291 2.92788
12.3311 1.91091
9.08049 2.50156
12.0745 0.88924
9.52913 2.03618
2.43374 3.30653
4.18991 4.27892
2.16769 5.3752
1.80967 2.91699
2.1213 6.12002
0.302374 4.69804
1.95568 6.27053
4.46168 4.55002
4.18849 3.58163
24.6302 2.23321
5.59198 4.36297
31.5884 2.28973
33.4 2.70954
19.7685 4.42327
19.2737 4.40141
6.32421 5.45536
21.492 4.31599
14.0282 5.40505
25.7813 3.73423
28.6614 4.83903
27.5071 4.36171
35.9 2.34194
50.0179 1.99648
43.8416 2.8576
37.471 3.79307
47.6462 2.50932
40.0841 3.79819
36.6623 4.35203
48.2997 2.508
44.1818 7.53728
44.493 5.68057
43.3128 8.06929
41.2544 5.68185
40.3941 5.16442
37.7192 5.5047
39.4952 5.87097
17.3605 5.86539
24.8694 5.26853
18.3279 5.75008
16.9456 5.59104
17.3137 5.97238
29.4996 5.92538
3.02688 6.57085
20.4175 6.1536
4.71199 7.27839
17.3325 6.548
13.0145 7.41706
9.00169 7.98488
14.8558 7.28225
17.4812 6.61582
21.4569 6.58501
19.1187 6.75687
23.8271 6.45474
34.6228 5.88503
30.1623 7.09481
26.2928 7.24162
25.9032 6.87709
13.9352 7.57752
25.0497 6.93017
27.9205 7.73506
22.431 8.653
7.02785 8.63015
15.1644 8.67677
14.3652 9.54661
4.28693 10.0333
1.36591 7.93754
1.30877 8.30271
1.96138 9.61175
1.82141 8.71574
3.48043 9.86203
7.0572 10.7665
6.02614 10.2785
6.50902 9.95971
7.49095 10.1508
19.8845 9.18195
8.40617 10.8278
25.4278 8.42545
16.4158 10.417
15.7315 10.7672
23.5769 8.92218
32.1738 6.89679
38.4771 8.31708
42.7422 9.08641
39.2502 9.95486
41.5789 9.38993
43.8878 9.26929
32.6514 6.95465
40.4089 6.6621
50.981 12.262
44.2653 8.64977
45.8738 8.60281
52.7707 13.3613
46.5274 10.4535
53.496 13.9633
49.1764 12.8542
46.2465 12.1374
56.1123 14.6268
60.2827 17.34
54.5578 15.0706
49.5795 13.3289
51.265 14.221
55.5667 15.6419
46.2868 13.0303
34.4262 9.4551
36.1607 9.25887
31.9049 9.69038
26.6006 8.38821
38.4978 11.559
32.2204 10.5491
34.7679 12.0036
28.7261 10.637
30.2661 11.5
34.3715 11.9721
35.9993 13.005
29.407 12.4121
25.7054 12.2818
24.5745 10.7635
23.9155 9.96374
25.3171 12.5806
16.0432 11.4646
26.3224 12.8807
22.9894 12.676
21.952 12.7425
27.5092 13.1022
27.3811 12.7012
46.3497 14.1001
32.3189 13.0562
36.1361 13.0684
33.9539 11.0122
40.5708 12.1239
39.9329 12.7227
45.2266 13.3734
38.6595 11.5323
33.5197 10.1194
41.3579 11.6271
46.7396 13.3277
41.5564 11.638
64.3623 18.6516
1.98049 10.3073
10.3566 12.4586
5.86291 11.2793
2.12431 10.3314
19.4514 12.7339
14.0311 11.9439
35.9347 14.9057
31.5308 14.6623
17.0371 12.649
29.3254 14.5432
44.2666 15.9954
25.8575 13.5236
32.8928 14.4424
68.8728 19.2609
31.5913 15.056
12.0411 12.9814
28.8799 14.7969
55.3373 17.8445
0.292755 11.8143
12.5853 14.556
8.32604 13.1737
19.0691 14.4463
12.7904 14.813
22.1562 14.645
16.6804 14.0397
1.95498 12.1509
22.1345 14.2093
68.3939 19.4904
49.3388 17.6104
38.4069 16.2209
21.7471 15.62
22.3099 16.1309
32.4057 16.6557
24.4129 15.8986
34.1615 16.1061
48.1174 17.6585
21.0508 16.4775
6.77808 14.4065
35.9564 20.3567
8.13514 14.6618
17.2552 15.9824
22.5852 17.0117
51.5587 22.4907
48.7606 22.0435
49.9886 22.4987
42.1609 21.8523
35.9966 20.859
32.3555 20.6231
36.3392 21.2374
46.1458 22.2766
56.2372 23.3443
25.4566 17.4957
20.4554 16.4097
34.3988 18.5325
27.455 17.4606
34.1301 17.1755
37.8444 19.4113
56.7257 22.7812
46.1465 21.097
62.5082 23.7268
41.2824 19.9635
50.6078 21.4748
39.734 19.6337
39.4249 17.3191
56.3282 20.0568
45.5942 19.1455
55.953 20.1284
57.5292 21.099
55.9171 21.6917
58.7784 20.6592
55.0102 19.4243
53.7799 19.6137
46.208 18.3718
49.741 17.703
53.686 18.1344
63.4649 19.1276
61.9796 19.1471
57.0884 19.222
64.6959 19.1369
63.0617 19.745
65.1504 19.3141
64.4839 22.4186
65.5265 20.764
64.8426 21.64
65.5071 19.672
65.4821 19.4691
75.2035 21.0486
69.0806 21.3311
73.7348 21.2276
70.9884 21.4792
75.5166 22.2464
67.9224 23.8633
71.9205 22.1562
66.1354 24.1923
47.1042 23.1627
49.5082 24.3556
45.5688 24.5816
43.4039 23.1927
43.2122 24.5191
7.97076 14.9188
26.271 20.4701
10.2417 15.5807
34.1293 22.0949
18.702 17.8439
45.7489 25.221
35.3889 23.7112
29.9575 21.753
30.2989 22.3814
15.5925 17.3594
21.7961 19.5555
30.8357 23.286
25.884 21.9912
8.7052 15.6988
18.1518 19.1739
26.4109 22.2412
8.44029 16.4862
13.9181 18.3256
2.35767 17.7419
13.2724 18.5282
12.7782 19.0194
14.3611 19.8721
13.1707 18.7738
13.4518 18.3554
23.9433 21.5191
19.0564 20.3863
26.9539 22.5669
19.9689 21.2222
15.2499 20.3402
6.35264 18.7577
44.1025 25.8169
35.0405 25.1025
18.0821 22.1872
17.4837 21.3432
30.8458 23.6776
7.13664 19.5212
15.8883 21.9644
10.0598 21.4309
1.03322 20.1012
10.564 21.5127
18.0465 22.4136
27.336 23.7826
8.20534 21.4431
23.8285 23.4034
29.2899 24.2382
22.2573 23.857
23.3955 24.3847
14.2932 23.7549
14.9396 22.967
12.5476 23.6294
27.8783 24.9192
23.5519 25.1701
18.6066 24.9983
16.1108 25.3408
13.9287 24.2889
15.1567 25.1188
4.47277 21.5897
6.42571 21.9199
8.12077 21.7677
3.60259 21.2892
8.83182 23.2352
18.3837 26.3086
1.95176 24.914
4.89409 24.5576
3.34961 24.5967
6.88509 23.3604
2.96567 24.4982
2.79448 22.0301
2.77469 24.5975
1.8866 23.292
0.93338 22.9607
0.841907 17.1259
3.34896 15.9136
0.351844 15.1601
0.856914 23.5218
0.186529 18.5044
0.509528 23.7279
1.67335 26.219
0.344048 26.164
3.1504 26.8163
4.49136 27.7785
0.785944 29.872
4.38242 28.7181
2.21383 29.308
5.47819 27.9405
2.39217 26.0765
7.35164 26.3535
10.0123 28.1631
10.7734 29.1215
11.1402 29.3006
7.84371 25.5021
9.91223 25.7143
14.4886 27.3444
10.3411 25.7758
22.283 28.4364
21.2092 28.1223
22.6923 27.6355
28.128 27.6161
30.7108 28.9429
26.977 26.8874
24.4515 26.2188
27.5669 26.095
21.9625 25.919
25.4512 27.1665
20.1669 27.3194
18.328 25.4171
25.5437 25.6311
17.219 25.2375
22.4091 25.1948
33.0736 25.2823
24.7435 24.1293
43.7143 25.9567
60.9239 26.1081
62.4735 26.871
56.5113 27.071
32.5842 25.8004
49.8668 26.7607
57.8788 27.6906
53.4145 27.0152
60.3283 27.2516
73.909 27.7091
60.2145 28.5972
44.153 27.5576
46.562 27.3518
50.7262 27.6554
45.3525 26.8546
46.8988 27.1816
42.4243 27.3397
37.2229 27.5964
30.8921 27.381
40.2452 28.0881
37.9508 27.8449
48.642 27.9572
49.3253 28.246
66.1379 29.0699
66.3183 29.4145
40.6238 28.3467
62.4967 29.2562
57.6142 29.3462
42.0888 28.6828
52.9152 29.5438
33.5841 29.1677
56.1899 29.6333
60.9737 29.954
49.7876 29.0711
69.5456 29.8936
66.0811 29.6953
75.0632 29.4036
86.9774 28.8955
84.1281 29.2758
82.7895 29.5125
87.2484 28.9969
87.3951 29.4861
91.1375 29.7841
96.5387 27.9666
95.2199 27.8013
90.7036 27.4124
83.8283 27.7191
82.3594 28.0251
85.5511 28.0279
95.2978 27.904
92.1503 28.7418
70.9171 29.1913
61.4277 28.7963
70.0478 27.998
97.8738 26.7362
80.24 27.497
69.2471 27.139
82.7052 27.2849
