-15.7093 -16.5069
-35.7492 1.70999
-18.4106 -43.3434
16.1589 -33.5973
-21.1648 35.3057
19.0028 34.057
-3.51216 15.5444
-34.8282 -2.50268
15.0667 -15.5945
-41.4928 3.37475
46.8775 4.6053
11.3884 -13.8618
10.788 35.4083
19.3151 -27.1542
-40.7441 9.50137
43.4165 -20.1419
-1.37989 21.8971
16.0047 44.7911
10.6568 3.205
-32.5257 -9.33968
-12.6 -23.4167
27.6201 -31.1415
15.015 25.2949
-21.4566 -37.788
-18.3457 1.62111
-26.8957 -31.4581
-29.2887 27.107
-6.56988 23.2801
36.1157 -28.2084
25.1289 20.9951
-25.2649 7.3157
-18.602 19.5525
7.66724 31.6332
-13.2548 48.0126
-44.8026 15.5414
-5.14216 14.2741
11.2272 9.18702
31.5511 -25.4321
30.3275 -17.4981
44.3811 -17.4721
33.8883 12.8368
40.7181 9.35966
43.6011 -15.9775
41.1179 3.0878
-26.9406 -32.786
-17.0132 -10.5616
-3.51834 -5.94516
24.3766 -20.946
-5.9446 43.4749
-35.3786 5.86928
