1.1072 -3.8027
-0.101515 12.3932
-2.19071 23.1302
-1.36105 26.1271
1.21921 37.6867
-1.90359 46.3994
3.19813 61.2575
0.859998 73.6647
-0.457947 83.0175
0.72438 88.7146
0.955853 103.052
3.51529 108.108
-0.741427 121.713
-3.73748 133.443
-2.1801 141.555
11.8558 -2.37942
7.20529 13.7151
6.84068 20.9873
11.5872 26.1659
9.05182 41.7957
11.8057 51.6758
11.6472 56.9305
11.0715 68.2401
12.549 79.5283
13.9396 93.0527
12.6334 103.786
7.02305 113.09
10.506 123.908
11.5131 132.238
8.64284 139.456
19.3137 -1.93298
20.4379 8.10022
23.5798 16.9346
20.3615 30.9342
20.8741 37.3457
23.4214 51.4855
16.9032 61.3169
16.357 69.9468
19.9439 76.3077
18.5695 87.6733
19.4191 101.029
16.6288 111.444
23.2441 118.102
21.6737 130.032
17.983 137.215
30.6504 -0.775426
30.7379 10.5646
29.1377 19.4563
30.7339 27.0303
29.862 42.4636
27.4085 46.075
26.0339 60.1921
30.4683 69.7416
29.6813 81.0282
26.9609 92.6965
28.1771 100.478
27.9591 106.165
32.3918 116.051
26.953 130.452
26.3674 137.067
41.9633 2.82767
36.683 6.43305
42.5937 16.809
37.3692 33.7462
42.2848 40.4136
36.196 50.3392
39.302 57.3418
42.9342 68.0652
36.1883 76.7795
42.2053 88.0818
41.0687 102.773
40.9819 109.635
40.4518 117.227
37.2138 128.489
41.6883 141.993
48.4379 0.0670635
53.7574 9.62923
51.0849 22.4005
49.2401 30.2173
52.8916 36.693
52.5802 53.7065
50.2971 62.0533
50.2774 69.6004
46.802 77.3485
47.3629 86.3269
49.5605 103.034
50.1077 113.32
51.1563 119.017
52.4937 128.885
49.4263 143.759
57.9322 -2.47853
59.9469 11.3723
56.8776 19.4906
62.2553 30.4923
61.6971 40.1072
61.3131 47.0476
59.1414 61.1635
61.596 68.0873
58.7489 82.5648
63.0899 87.0605
63.5306 96.8205
58.4663 110.91
57.2836 121.086
57.6255 132.431
56.0023 138.2
67.1149 -3.74899
67.202 7.83946
69.854 20.6018
66.1294 29.0495
71.2724 38.7068
72.5561 50.3212
68.4996 56.8053
71.8175 66.7258
73.7658 80.4048
67.8809 92.9538
66.1597 99.9646
68.1106 107.496
68.327 119.667
71.9189 133.666
71.2995 142.127
79.5252 -0.105748
79.5103 7.44527
78.3971 22.969
80.5599 29.8673
77.3157 43.5937
82.917 53.2424
78.5184 61.2861
79.2809 69.4274
83.8661 83.9236
80.6963 86.2663
80.2735 100.177
81.6085 110.68
78.7731 120.866
81.3555 133.992
78.1523 138.985
93.6197 1.66214
87.5292 8.28059
86.1637 18.2564
89.4736 26.0109
88.6954 36.1879
86.5764 50.5117
88.1351 63.5015
93.4638 73.3119
87.8121 77.6355
91.791 89.4979
89.7649 96.6163
92.0541 108.698
91.2599 116.831
89.8883 126.454
88.8319 141.568
96.4979 0.649202
102.714 11.1272
98.7266 16.2891
98.5462 29.1809
98.5468 40.4398
103.41 51.9184
96.5088 62.9731
103.665 68.3327
97.5656 81.5155
96.7931 89.9535
103.622 102.072
97.3631 109.423
101.654 119.507
99.141 127.072
103.874 139.805
111.36 2.28145
113.668 12.6481
106.292 16.9889
112.804 32.4868
108.369 43.5135
107.856 53.7409
108.506 60.7816
111.436 70.9479
110.648 79.59
110.946 89.5058
110.693 100.482
110.279 108.217
110.929 116.224
107.074 128.071
110.939 143.524
118.486 3.00604
119.588 13.8572
117.78 16.9247
122.289 29.1472
119.64 39.6666
118.495 50.9146
120.242 56.7935
117.814 67.2795
123.681 77.0595
117.733 92.9425
121.788 101.263
117.462 111.732
116.957 121.572
117.799 132.752
117.742 140.009
127.758 3.13593
127.047 7.51435
126.85 17.8843
129.329 32.5271
126.075 39.2731
130.691 48.7493
128.899 57.1502
128.239 69.6804
130.152 81.0517
131.858 90.2804
129.395 100.325
129.525 107.545
131.345 118.14
128.969 128.125
132.649 143.384
137.846 -1.39354
138.649 12.1691
142.396 16.3949
139.241 31.3765
139.376 43.0543
139.787 53.7558
138.935 58.7112
138.547 67.0257
143.851 77.6656
137.94 87.2883
141.052 102.585
136.453 109.404
140.746 119.583
139.7 128.258
136.092 143.444
