13.0539 46.4091
-8.59727 41.2615
42.5645 -17.8308
-37.4304 11.3676
-29.847 16.6239
19.2804 -18.9863
27.4208 36.4893
-13.7102 45.4324
-3.23848 -8.85458
-39.6939 -25.3422
20.205 -27.5858
18.822 21.6049
-17.7162 -28.5018
-3.25182 -30.3057
-6.96453 25.559
31.4721 -2.59925
10.9733 -35.9376
10.3643 9.64718
15.7719 -27.6469
40.5891 18.7979
18.7274 -39.9996
-34.7803 -23.2315
-3.69746 -5.07381
-13.8733 -31.1412
-22.6324 -17.7782
-37.7284 16.3453
6.93527 -14.8837
7.82494 4.39048
-33.8515 -4.98863
2.68234 -49.5932
34.0494 24.6697
6.4109 39.2477
-11.49 35.4555
-0.789016 39.238
8.45917 -30.3576
2.56669 -21.6433
-22.8219 26.2282
21.8275 36.1093
20.9893 -35.3918
-20.6694 -12.6253
-16.5234 30.615
-42.8802 24.3187
-28.0334 -13.4657
-0.546288 8.47509
35.246 -20.3081
-5.27129 -38.6573
22.547 -41.2272
10.5307 24.3491
-11.0742 -30.2791
46.7463 5.727
32.137 -14.4262
12.522 12.7338
45.144 -21.3022
-11.6451 -47.1913
14.4119 20.2454
12.3717 47.7202
24.7935 5.55601
-7.26393 -48.9851
48.1225 0.289808
1.18752 46.5381
-10.2849 4.85738
17.5442 29.2708
13.3487 38.111
21.4157 -26.9876
20.0241 -6.70586
12.2436 4.18917
-18.8497 1.78138
10.0027 -24.3323
-26.9632 -6.10732
14.9129 20.1238
-26.2299 -38.5663
-9.76665 -42.1293
26.6736 -14.4976
-11.458 14.787
-37.8309 -28.0321
13.5019 -5.04625
-17.6819 22.7491
-30.0002 -21.7448
23.9925 -12.3316
2.29288 -44.7374
-40.8539 12.7007
38.3855 -8.64078
44.7416 15.8098
5.49327 27.3001
22.7134 32.1448
-33.8829 -18.7618
-38.8368 29.6978
-39.1808 18.6305
-17.3842 -0.164515
0.804772 18.6835
6.33147 41.7223
21.7203 34.9461
-16.2005 8.90228
-27.1729 -32.4562
-46.6192 -5.10906
8.82073 41.6803
-21.3125 -20.0791
1.21786 -31.511
-19.6953 41.363
37.4058 32.6375
