-0.276757 0.994772
2.72167 12.2584
3.00029 22.1562
-0.418126 29.1006
3.17141 43.1241
-1.29356 49.7503
-0.132668 58.5963
-3.86551 71.9872
0.545693 77.0546
-3.30166 93.9381
-1.45359 97.878
-1.42453 111.462
3.56264 121.891
-0.0139956 129.232
1.5165 139.545
-0.0295921 152.244
-3.14638 162.774
-3.47021 170.858
11.1539 1.63781
11.7404 13.4133
12.8526 17.0877
11.3068 28.3491
10.0586 41.6341
6.51578 48.2992
6.2434 56.2225
12.081 66.81
10.0122 81.6814
13.0729 86.0757
10.0158 96.8089
13.1399 111.539
10.2901 119.274
11.1977 129.686
7.56726 139.143
7.37862 148.415
13.9417 157.966
9.10936 169.597
16.1747 1.79937
21.9337 11.1556
21.7583 20.4766
16.8116 31.0658
23.9435 43.3483
22.4872 51.6785
18.2819 59.7596
16.2166 67.5394
20.4488 81.9309
16.6769 89.012
22.0827 101.939
22.9165 110.671
19.5682 119.403
18.7047 127.577
22.7993 137.464
22.3273 152.859
17.9906 158.217
22.1921 172.377
29.4915 -1.40154
28.8479 7.35386
29.8581 20.2949
32.1603 28.6823
26.6719 42.2658
33.9112 51.0081
26.097 56.5603
33.8936 70.4131
32.6629 80.5867
30.1974 86.8406
32.9063 99.4465
27.124 110.374
31.3303 120.478
33.7597 132.536
28.8904 140.974
29.6423 150.067
30.7276 162.561
30.6126 168.273
36.3402 2.06229
37.8034 7.03237
41.7721 20.5705
39.4663 30.9699
37.4096 43.4578
37.9555 52.6369
40.207 57.8781
40.1153 71.4333
42.5168 79.0827
43.6025 87.0923
42.5918 101.408
42.7015 113.986
42.1196 119.665
37.3457 133.8
43.2792 137.247
41.6014 147.407
36.6944 156.954
37.6119 172.945
51.543 2.67648
52.0634 7.42099
49.008 19.9455
48.2165 26.4448
52.3912 38.4252
47.1798 51.0087
47.3437 57.1314
47.7847 72.5216
50.9447 83.5778
50.4306 90.0582
50.372 103.015
47.8098 108.165
48.0874 117.629
49.6708 130.809
51.789 136.102
52.4437 148.129
48.9471 156.614
48.9601 169.264
61.4053 2.10779
61.9271 12.578
58.7687 16.0329
63.0586 26.7148
63.214 42.1898
60.8513 52.195
59.2535 60.6178
58.4779 72.9426
63.4381 79.8334
58.3187 91.6557
63.0069 98.9249
63.7327 109.238
59.7186 117.638
61.442 131.718
62.4388 136.226
56.9426 149.01
61.0565 162.977
63.2939 172.221
66.8359 -2.23632
71.5125 6.18771
67.7851 21.6871
70.918 28.8892
73.0332 43.3527
71.1364 53.1473
68.0544 57.4474
66.0053 68.0473
71.4122 80.7572
68.548 92.4763
71.8664 101.715
67.5337 112.368
72.6994 118.208
66.8941 126.26
67.4551 141.184
72.7706 150.088
73.3081 161.013
68.3511 171.91
77.3367 1.08377
79.0261 11.4414
77.5224 19.8594
81.5375 30.7505
82.0612 39.216
78.0939 46.7824
80.73 57.3267
79.6367 67.245
81.7743 76.1301
76.6138 91.1275
81.2638 101.744
78.2923 110.366
83.6072 117.449
80.8477 126.123
79.3845 141.48
76.0331 149.739
77.2111 158.949
81.9774 169.905
93.6617 -1.52966
87.3914 10.4792
88.849 21.5499
86.4257 29.9549
89.5868 42.064
87.3634 53.6823
89.6653 62.8346
87.5768 66.7146
91.2811 81.6636
88.0761 93.3634
93.253 102.969
92.2906 112.172
87.6617 117.507
90.5671 126.911
90.2783 143.928
88.914 153.161
88.4305 160.048
91.4076 173.751
99.3798 2.56007
96.0993 10.7848
99.427 18.1566
102.914 29.4939
102.296 41.5693
102.009 46.5157
98.9815 59.4344
96.6889 70.6406
102.659 83.7463
97.5623 91.2034
98.3102 97.8754
100.274 112.333
102.565 121.199
98.5946 128.189
97.1536 136.259
101.178 151.76
96.3393 161.418
100.08 168.951
107.748 -0.619194
110.875 9.78257
109.844 18.634
106.486 27.468
107.988 42.7911
111.652 51.5783
110.304 60.9368
110.477 70.0345
109.369 79.8144
109.572 91.3821
107.663 103.81
108.904 110.031
112.407 121.425
113.404 129.648
113.616 142.221
109.043 152.159
107.992 162.781
113.073 166.402
121.85 0.529913
116.354 8.35358
121.155 19.9561
123.899 27.4278
117.878 43.0784
119.736 51.726
116.007 59.8117
119.168 70.2514
119.036 77.8708
122.965 93.8613
116.266 96.0838
121.931 109.141
117.383 118.241
116.164 133.1
119.871 138.018
120.205 148.407
121.446 157.225
116.544 169.102
131.446 -2.99254
133.552 11.1693
130.826 17.2217
129.698 29.0543
129.153 42.0578
127.035 53.1845
132.925 58.7979
131.881 70.3002
127.157 83.5062
127.389 90.0142
129.119 103.508
130.744 113.965
130.133 123.492
132.834 133
131.59 136.948
126.681 152.338
133.811 162.149
131.688 171.527
142.506 -0.664099
139.677 7.38812
139.344 19.4589
139.724 33.509
139.427 39.2287
137.671 47.8228
137.799 63.2718
139.048 71.039
143.987 79.857
139.873 88.1446
139.674 103.212
141.104 111.538
141.443 123.174
143.981 132.648
143.408 142.11
141.221 148.639
136.708 163.111
137.626 173.379
146.156 1.96146
149.302 6.67237
148.135 23.3151
151.714 32.1838
153.436 38.0343
153.441 46.6775
149.726 58.7586
152.056 69.1443
148.568 79.6123
148.435 89.4606
148.808 98.7575
150.001 109.639
151.548 122.887
149.558 133.297
147.574 142.566
149.263 153.185
146.34 163.589
148.428 167.538
160.928 3.1551
163.66 13.9714
162.659 20.1003
161.885 29.2442
163.054 40.2441
162.278 51.8281
157.844 58.8163
159.229 70.0897
156.27 79.8257
157.126 90.6547
157.473 102.082
161.989 113.463
156.462 123.542
159.999 131.402
162.368 139.109
157.655 146.907
159.556 161.123
162.78 171.42
173.279 3.92772
166.836 10.2722
166.254 18.4645
173.792 29.4594
170.906 43.0723
172.418 47.4457
168.087 61.0891
166.764 71.1367
167.709 80.6217
173.732 91.2135
167.383 96.1531
168.146 106.371
173.705 121.483
169.802 131.811
166.443 138.819
166.725 147.347
170.586 161.075
166.289 167.573
