34.3258 68.8483
61.1536 67.6868
74.1599 91.9288
66.3439 92.0847
78.7437 43.8269
33.5595 92.7593
30.9771 63.8979
6.21786 43.8186
40.6418 7.11827
56.4572 45.5801
35.6172 11.6797
34.5738 34.1274
59.2046 33.3749
1.49931 8.96562
77.6563 12.4078
64.8697 62.9617
58.3612 12.1161
19.8256 72.3691
23.618 20.6068
58.8149 63.8356
86.1912 92.1685
77.5343 12.6668
9.16737 74.2024
83.4747 1.07284
14.0675 26.2156
20.7209 25.2043
22.4805 25.7065
39.6942 59.5914
31.8257 3.91145
16.6862 88.248
48.8721 84.4321
92.7524 63.0519
7.91682 3.43848
97.4912 86.9423
18.2357 81.6385
40.152 97.1323
60.7675 85.1223
25.6099 96.3
49.5707 8.53521
71.3995 12.0116
71.4386 78.3569
61.2674 97.9893
76.7827 26.6789
69.5611 77.9038
46.7473 67.2637
54.8213 29.0538
55.2346 20.4898
50.2752 26.5666
36.4166 67.7858
32.0279 49.1476
19.9691 36.5382
4.32261 70.2131
52.2617 40.5724
15.8608 37.2757
61.1801 19.2903
77.1675 69.7333
6.99863 57.2345
5.8249 59.0433
87.7196 99.1927
54.15 29.7853
17.3727 12.4798
26.9498 49.1478
2.95273 76.1854
77.0026 59.2033
77.0564 31.7937
3.18248 98.5094
1.90009 73.2508
52.0484 47.3345
90.5383 90.7101
79.3427 40.533
