27.2642 2.65911
45.1025 -14.693
-39.6506 13.49
25.3581 -9.88466
4.50085 -11.518
-2.41951 -37.9226
7.27847 -8.14194
28.1257 36.4216
37.5093 29.9614
-1.74338 21.1771
9.03668 -32.3078
-3.1133 -8.47597
33.486 -7.67839
-31.1183 34.0165
-29.1517 -0.169507
44.3215 -14.0185
25.763 16.4044
44.8173 -0.25992
30.2321 32.7849
-6.986 -9.52368
7.40904 -31.7375
43.1838 -11.081
5.05835 -31.812
9.42573 47.665
-21.724 20.8401
1.3148 -42.9447
46.3873 -14.7676
10.0109 6.8611
-16.4157 2.00679
-4.25875 12.6871
-43.8822 -11.2951
-8.97619 8.74759
31.39 33.4276
-16.2807 -14.764
-25.6361 30.5202
-40.6284 -7.95477
-40.9007 -2.20935
40.0138 21.2614
15.3178 -19.7747
-25.4222 24.0044
8.1882 22.7194
-26.8963 -4.57514
9.5008 -31.1802
-9.26086 47.3842
-7.56941 32.1827
24.918 30.5692
43.995 -2.24437
5.82918 -9.87192
-46.537 -14.8234
24.6303 -4.24678
18.2505 29.1274
-34.4926 25.2393
30.9271 -14.5733
5.1285 -20.6541
-21.0122 -34.3527
25.5385 18.0973
30.5433 -37.9482
-39.1659 19.6624
-12.2237 -36.1498
7.60274 13.8351
-22.2528 37.3395
1.54517 -25.551
-23.7709 32.627
-26.3395 21.4502
-13.5113 17.6143
-0.999129 19.137
-7.93707 26.2281
-33.6982 -11.3466
-1.38157 20.6744
14.3789 37.4832
33.2567 -35.4059
-19.537 -34.7777
10.7666 43.4729
-29.5859 -40.1478
-37.9436 -1.04813
-41.7369 3.35595
29.4588 35.1849
-31.6338 -23.5327
1.48678 7.22926
14.0348 29.0114
27.3152 -7.11244
-14.4434 44.5823
-8.97506 -30.1972
-35.6799 32.77
-3.8752 -40.9839
-19.3141 -35.9839
-20.3408 36.8089
41.7196 -26.5449
-35.36 3.71988
2.57576 26.8693
-33.666 2.30042
-7.80648 40.1773
31.7343 -23.0378
-19.3028 -7.31962
35.967 10.7361
-2.34646 48.9729
-19.6702 -2.14829
6.35754 -20.0729
-9.93853 0.40309
-19.7285 38.8056
-10.7772 18.8794
44.5521 14.7203
15.5861 15.0324
34.7147 33.3558
-40.5305 18.5182
7.47384 44.2913
-44.3599 -4.85648
-35.1436 -33.4297
24.6252 -29.2941
-46.6788 14.411
-46.4469 8.12985
-0.558828 -21.0094
-11.5218 -29.4747
-17.1849 -34.374
8.4649 45.2069
1.02504 -40.5808
25.4472 5.35741
15.0458 -0.710554
38.7511 -3.85695
-44.7294 -7.14221
23.4786 -15.8324
-26.3148 -2.71777
19.5962 1.24527
11.714 -28.8227
-39.7235 -26.7112
-15.9307 -44.8917
-21.1606 29.7557
-39.1529 7.57809
20.2906 -22.8616
-30.3049 10.9627
26.0799 16.5655
-10.578 -38.6652
28.2137 -35.9681
37.5226 -16.8361
-18.3896 42.37
28.4978 38.9124
5.35327 -47.8023
17.6882 32.8034
-36.1082 -33.8559
30.3077 7.55198
42.7213 -10.5972
32.7605 -33.2369
-39.711 -16.5662
-10.4843 46.0793
21.889 40.1433
44.6482 14.0518
17.1699 -41.4574
-47.721 6.92944
8.83968 -14.8394
-3.02398 45.7128
