65.5156 29.9082
40.2963 91.1433
76.687 9.25495
77.5144 16.0004
97.7912 79.1052
92.9007 43.5891
65.5011 74.8573
72.3171 15.2638
17.4095 28.7521
22.327 88.2354
29.824 75.2987
81.0056 99.5084
50.8409 61.1711
28.3172 29.8935
31.944 79.4048
7.34711 34.7877
97.6149 61.7632
37.7111 33.1797
21.3426 88.6213
5.8516 95.2147
41.6669 8.46678
57.3362 53.06
95.3926 32.3092
35.9919 16.9802
44.7426 27.1943
71.7838 41.932
60.9833 29.6103
16.5533 40.6265
57.7865 91.7012
69.2979 10.0842
37.9221 79.9322
64.2663 38.8855
36.4085 81.5132
69.8947 2.05335
56.2441 31.7763
36.913 98.864
84.7809 89.0968
24.5215 18.177
18.8539 39.9879
43.0675 24.7686
84.8706 63.1016
91.9756 57.4532
68.4607 81.5932
77.2695 73.3432
18.8044 29.6334
58.5085 80.2331
41.1146 52.3292
53.0874 76.3733
88.0328 78.3036
65.7959 13.5024
77.361 3.15141
10.3271 77.5363
88.516 1.97313
31.3815 59.6078
0.200313 73.6961
3.85767 71.8452
94.5795 25.9441
3.15129 66.4243
4.25893 65.4449
91.8053 30.8222
86.3302 86.3446
33.0942 2.01944
11.2525 34.5095
86.7334 9.80501
78.9834 92.6343
69.7873 84.1955
8.5559 58.6181
86.2151 42.2494
3.12187 71.9391
54.3819 16.891
35.7005 76.9807
75.59 59.8834
0.584154 54.4703
16.9788 3.20409
19.6462 56.5644
19.5885 40.5773
59.574 57.8003
31.2876 59.2896
77.7399 8.67802
87.6035 4.89418
12.2739 80.4091
71.5529 32.4174
15.7582 21.2915
80.6557 43.0813
90.6603 58.0435
5.29486 4.1145
94.5879 71.9081
38.0072 97.6819
78.9676 63.5236
75.9322 53.5582
87.4974 69.9284
42.4697 20.0559
73.1143 33.4681
90.5387 9.96137
91.9823 34.7953
23.9918 97.8441
24.5542 68.6578
43.8023 68.3219
63.3178 47.9607
55.4377 7.71574
16.4933 30.7122
64.0441 52.4711
24.3024 27.4916
23.2061 19.031
1.05212 31.5766
1.14249 59.978
69.7451 47.6836
21.2995 30.5682
44.5897 40.8345
2.10224 5.94543
71.7902 43.043
10.2582 37.6628
46.0984 45.7595
1.39781 87.5528
2.60105 36.3669
15.1545 27.106
11.9016 99.3267
1.76392 85.649
0.846063 52.469
24.939 60.1291
24.0557 75.6293
7.87172 24.3139
88.4072 47.3957
50.5973 62.5905
55.2119 90.4454
47.4621 96.3878
3.79539 18.4817
36.4263 99.3056
69.1201 56.5537
74.3515 97.2834
37.8971 85.3882
34.4197 42.8163
33.151 53.1554
65.8897 43.8701
93.3698 77.8622
12.3731 57.6357
2.50429 74.2062
36.9804 13.895
53.9234 49.2456
6.46986 33.676
3.46473 41.0694
50.6511 63.4843
20.224 82.5208
84.928 31.1661
97.4173 54.4423
15.9797 71.0196
30.849 16.7777
20.1319 68.6579
19.516 3.395
35.7872 95.6953
89.6659 39.5035
86.8129 36.9091
75.1459 50.823
20.2252 26.6812
21.9043 28.1425
2.22999 28.8717
92.4302 50.8205
20.5446 3.21004
48.1483 40.6854
28.9172 41.1619
37.1719 85.7419
73.8487 94.355
28.311 51.5687
96.5912 75.7616
17.5347 80.1121
27.4219 98.7731
11.6542 23.2959
17.6863 44.9783
51.3906 71.6995
52.7636 23.6357
38.0254 69.2259
51.7442 56.2552
8.96871 56.2318
76.5381 69.452
8.38213 31.1118
69.0563 14.9135
74.3701 62.4696
78.2104 92.6404
53.9352 78.3492
32.7619 5.2971
28.4157 48.859
30.0266 16.1774
68.5999 63.5892
67.4675 99.8064
61.0781 48.5913
54.2582 38.5094
92.2172 41.4944
41.0943 97.147
28.9225 6.12712
7.15083 2.41681
59.9964 58.4571
36.6576 55.5632
30.3683 31.0402
6.57908 13.9231
95.0536 36.3538
13.9564 6.58507
14.557 28.9039
25.5698 63.5281
83.1109 48.2867
37.7087 31.7571
74.787 21.3099
1.53859 12.7926
24.6783 69.604
3.61299 47.3872
18.0142 30.9157
27.0918 70.9098
8.52439 24.8478
28.1636 5.0252
18.5752 72.5072
15.7889 46.4894
27.2427 20.7982
50.3899 71.6938
53.7729 18.1381
96.7303 5.97668
38.4092 45.2353
93.7171 38.7615
0.129483 59.395
2.36807 78.7386
1.65255 27.2993
2.43859 87.1613
