-3.73142 -36.8822
21.5166 44.5525
4.4943 3.30116
4.84506 43.9545
-28.787 33.4119
-19.4022 44.0041
-6.2478 23.7453
-17.26 24.9449
26.352 -11.4023
8.50979 -0.344704
36.1152 26.323
-9.14504 -0.0832776
-1.16715 -28.3293
22.5697 25.9316
-0.19841 1.82458
36.2374 10.9144
2.28455 -46.8324
-13.3855 -40.2395
-7.02883 36.0637
29.3578 -3.92545
-4.06432 -6.17344
-9.84567 32.8197
7.11647 19.0317
34.7203 -20.2499
-1.80809 -16.5119
-17.1514 -25.632
-13.1331 -1.44174
8.31678 46.6209
2.5294 16.5917
-42.9059 -6.37534
39.9393 7.07088
-9.02517 16.2387
10.8007 -48.6738
-0.349884 11.667
22.6117 21.3584
-24.0586 8.40266
-16.9409 44.3053
20.7082 42.9532
6.74538 6.24453
-35.0073 18.6636
-26.7406 -4.87934
-17.1418 36.7398
30.0589 1.39896
2.96219 25.4038
-4.1722 20.3274
34.7784 2.13792
-18.7037 39.3649
-32.5052 35.7699
30.0337 38.191
-13.9047 27.7669
16.7918 -24.8589
-0.400345 -18.0657
-19.9205 24.0511
10.8954 38.8943
-25.8133 -0.345137
1.45059 6.87834
-40.2282 3.67881
38.4957 19.6893
22.02 -39.3142
-6.39723 13.4263
24.6548 -2.44819
-43.7167 -23.7014
-15.1953 -8.33319
2.01609 -29.3702
14.3596 14.985
-8.89447 -48.728
24.1142 9.26394
0.283996 21.0067
-3.64798 -39.9751
11.8564 -23.061
6.80085 43.9212
-9.04891 -19.048
-4.45769 36.725
3.22486 -7.75641
45.2115 2.79543
-13.2108 2.67299
-31.6615 24.9333
35.1479 18.7949
-44.2685 -16.0132
7.50358 8.96572
-34.8729 -18.5942
25.0102 7.23837
6.26765 16.4652
4.55632 -19.1467
-11.2131 35.3154
3.48752 2.04523
21.5204 -12.0885
-19.8396 -8.97261
-17.4497 28.4073
41.0073 -1.11082
-39.655 26.1031
-19.901 -11.9702
6.58117 -17.769
-46.5496 17.1923
-7.34655 6.78817
36.442 7.24566
-7.98133 -18.5529
-11.0424 -24.3024
-11.148 30.7733
14.4018 -4.79523
-9.97643 44.5132
-20.4044 -41.6022
-6.6079 8.95046
21.0536 28.8353
-25.8284 -26.4758
-37.2171 15.6204
-29.8604 -26.771
28.8757 -4.97262
42.253 18.9896
11.3734 34.727
27.9753 -23.1445
19.2609 -25.6535
32.2964 -31.2435
-10.7247 -7.20362
-23.03 26.9119
30.9849 -4.98661
-18.4142 1.07994
43.1771 24.1122
22.7166 5.37577
-3.46249 28.2813
18.4294 -15.2929
37.7788 -6.08651
-16.2207 -46.2556
-37.0527 7.44216
19.3835 -7.36685
-9.27028 45.7398
-15.9906 32.4641
31.8056 26.3224
12.6473 -40.1597
17.212 44.063
38.7682 12.8235
22.8707 -11.4565
19.8411 -41.4569
6.16236 -8.02567
27.9036 9.40354
13.2603 -37.4416
-36.2864 24.7581
-9.01496 -45.4404
41.094 28.3587
-15.7409 9.94923
-36.8195 -33.5428
-41.1935 -10.7726
26.8426 -1.76279
19.4877 7.50036
47.2876 1.71151
-33.4676 -25.1793
41.9958 22.8454
-2.36883 -10.5998
-42.6168 1.68472
-24.3887 11.1262
-13.2046 -15.7791
-12.1467 -39.9278
7.11791 -31.5434
-15.9428 30.8182
-5.19881 35.5325
10.7744 -6.44612
12.6271 -29.0197
-7.11153 -5.10513
2.64599 34.0483
-39.5752 26.4332
13.0146 -16.4744
-18.0228 -35.5093
8.69283 25.3395
-15.8962 23.3584
13.887 -11.2887
-15.4348 -29.5479
-10.6553 6.93739
-15.5072 27.2813
-3.5107 3.70571
-23.8992 30.8496
-47.0131 2.65734
-4.22221 23.6751
12.6576 -38.7213
13.1044 -9.06556
17.0045 -1.83659
-17.6357 -9.95237
-26.0858 -23.0719
-8.6798 -34.6195
23.5256 -41.947
16.7944 6.17733
-10.8381 17.8006
-27.0465 29.9042
-0.79031 4.96103
33.537 -31.0117
-13.9704 29.8074
-43.9976 -22.688
-17.9659 -2.00953
2.14491 41.657
39.9499 -28.8284
18.8014 13.126
12.4854 9.32998
-24.9101 -37.7226
3.72774 27.3007
41.3436 0.962586
22.0047 -32.8891
7.70831 28.0711
0.78602 -34.147
-15.0414 44.6929
32.1072 -34.9017
-49.8931 -0.0931947
