-2.16958 -1.24034
1.24181 12.8827
1.13265 23.6169
-2.88047 29.8223
-0.523078 43.6118
-3.27308 47.9386
-2.07789 60.2694
-2.69053 67.6011
-2.91127 78.9299
-1.03895 87.542
1.88974 103.686
-3.85372 112.949
-0.292351 116.922
-0.658157 129.141
3.69159 139.337
-1.33704 151.241
2.95766 159.406
2.99581 167.558
-3.23774 181.676
1.48144 186.406
-0.093277 201.434
-0.361847 206.576
1.92048 223.952
1.15128 230.822
9.44686 -2.57429
9.91811 6.30221
13.5451 22.3328
11.0997 27.4589
9.97684 38.0843
11.3357 48.5351
11.33 59.254
10.13 70.997
13.6141 80.4173
6.31688 88.5668
12.3067 101.038
9.64725 113.669
13.4259 120.122
13.1421 129.992
12.2066 141.325
6.70665 150.787
6.61216 161.944
10.7184 171.729
13.5927 180.57
12.6671 186.13
13.3223 202.575
9.47629 212.354
9.34691 223.552
7.41926 226.022
19.3795 0.328755
22.354 13.1557
16.4116 22.9204
22.7932 28.6128
22.8588 41.0297
19.5327 51.5014
23.6797 63.5003
23.2859 69.5947
16.1223 78.4296
19.6513 89.7017
22.3524 99.612
16.8684 110.723
17.7901 121.568
22.4325 128.111
23.6923 142.544
16.6974 153.906
23.4378 158.205
17.6574 173.011
19.905 181.605
19.8168 186.136
23.3335 198.688
16.4582 210.465
21.1266 223.841
22.3205 233.418
27.8558 -3.84834
26.4246 10.7831
27.0219 17.721
32.6411 30.1183
27.0541 37.4495
33.4992 46.2318
33.0873 58.1024
29.8789 67.9096
27.301 81.562
32.1184 90.2906
33.8685 96.2289
27.4721 108.897
29.1771 116.4
26.721 129.424
32.1656 140.84
32.4338 149.076
30.6364 163.7
30.2973 166.491
33.9277 176.843
30.507 190.429
28.5666 201.458
27.4273 211.21
26.4828 222.02
33.3371 232.417
41.2486 -0.728557
42.8028 6.71753
39.5534 23.0332
38.5522 26.8061
39.331 39.6187
39.5574 49.3129
37.7851 62.7106
42.4377 66.1255
36.416 80.9063
41.001 88.7209
37.036 97.7107
36.684 111.475
36.221 121.07
40.3141 127.075
36.2973 137.483
37.0284 150.338
38.4916 161.658
43.1485 170.595
36.8349 182.83
36.6117 192.766
40.1172 199.249
42.2021 207.714
43.858 223.675
37.1456 232.283
46.6784 1.45023
48.3672 11.9701
51.1108 22.1981
52.666 31.0995
46.3358 43.4989
48.384 51.0833
52.1956 63.8592
50.1794 72.8444
49.1804 78.0845
50.1664 88.61
51.5252 101.027
50.7844 110.746
46.7022 122.108
46.296 126.109
51.5609 140.229
46.7295 148.819
50.0933 161.344
52.3506 166.682
52.1773 180.614
47.0694 193.054
51.6793 201.619
46.7594 208.956
50.2176 218.964
51.1869 231.525
56.8455 -2.43089
58.2057 12.1086
57.8197 23.0521
63.0755 29.2088
58.53 37.1459
58.8414 49.548
61.1226 62.9819
63.8191 67.762
63.2913 83.0417
63.4018 91.1979
63.7248 101.852
60.4986 113.666
60.7213 117.544
60.0365 133.875
58.4295 139.992
62.5591 150
61.8604 161.865
63.9292 168.59
62.0001 179.881
62.6833 187.175
62.0831 202.107
62.3076 210.568
63.2058 223.143
56.0834 230.078
66.5132 2.38328
67.9952 10.2957
70.7661 18.4717
69.6725 28.4855
69.4567 38.0504
72.9564 50.523
72.013 63.1394
72.1468 67.7117
70.5426 77.0736
72.4831 92.9296
72.933 96.3724
69.706 113.069
66.5674 116.904
67.3758 128.804
68.4397 139.326
69.4061 147.296
69.3182 158.721
73.4185 171.226
69.782 180.897
70.2771 188.021
70.7068 196.848
69.2264 207.645
71.4372 221.541
66.0156 232.856
80.8955 -1.75195
82.3094 12.5876
77.3266 23.9
77.8496 33.723
80.2751 38.5672
83.3514 48.2824
81.0457 63.5217
82.9018 69.3707
77.1418 77.7028
80.4977 92.7133
77.7699 100.036
77.3454 111.197
79.3663 118.287
76.2625 127.863
80.7359 136.393
81.3668 146.49
79.5746 157.954
81.5537 167.035
79.6009 181.023
76.7242 189.28
80.5902 203.385
80.6517 208.076
79.3728 216.044
76.3218 226.617
91.9855 -1.7899
89.4381 8.25336
86.2388 17.7953
86.7257 33.6768
88.0902 36.0943
92.9366 50.736
86.7408 63.5552
88.0611 69.7378
88.4092 83.4084
86.7898 87.3659
89.2244 97.1239
89.9046 113.622
93.1865 120.898
87.4848 129.337
87.7175 138.66
90.8833 150.087
87.6287 156.245
86.8717 173.964
90.0844 182.863
89.5887 192.092
91.8638 198.076
91.5139 211.632
89.572 217.507
93.7802 233.224
97.0999 -2.11081
102.803 13.4655
98.3786 18.0972
98.5211 31.3366
100.91 41.7433
102.157 52.0247
103.822 57.8219
101.351 66.1715
96.5614 81.6086
100.799 91.7716
103.218 102.115
98.6545 107.487
99.5039 120.537
98.7525 126.531
103.157 139.82
98.5295 152.72
100.04 156.844
103.885 169.546
98.8476 182.256
99.8496 192.605
103.221 203.331
102.319 206.838
96.7707 216.573
103.661 232.195
111.88 1.6432
110.539 6.56499
112.538 23.3976
108.566 26.6848
110.707 39.2993
109.49 50.2294
109.736 59.1858
107.089 71.8293
107.043 81.4946
108.503 92.1823
111.942 101.745
111.694 107.522
106.731 117.838
109.703 127.642
109.733 139.989
109.332 147.176
112.43 156.005
106.964 168.288
106.212 181.663
106.802 187.333
111.578 203.452
113.831 207.531
113.074 218.888
111.127 233.701
120.932 1.47913
119.37 13.8698
119.601 23.0749
120.218 29.9774
121.956 36.6344
120.162 49.8548
119.873 58.7651
116.862 73.4639
120.958 82.9191
120.001 93.9006
117.061 96.1061
121.124 112.862
118.619 121.47
120.821 130.877
117.034 138.524
116.388 150.442
116.572 159.371
118.079 169.803
118.216 177.427
122.644 192.963
118.119 201.176
120.632 208.771
116.622 219.778
118.959 230.654
127.59 1.93731
130.934 10.9289
132.424 21.7027
131.644 27.6562
128.492 43.2995
126.803 52.6767
127.095 56.7225
128.596 70.1487
131.174 76.4149
131.201 92.1268
132.303 98.9914
127.066 110.767
131.491 117.549
132.627 131.68
131.153 137.146
131.692 149.082
132.094 159.649
126.662 168.567
133.191 182.314
128.482 186.456
126.878 201.596
127.093 207.739
133.464 216.933
126.035 229.325
137.079 -0.978423
136.787 13.8623
142.207 18.2454
141.681 27.2912
137.145 39.2042
142.463 48.5724
137.219 57.1888
139.625 71.8951
143.992 81.8658
142.53 92.6367
138.466 97.6873
137.816 110.202
142.662 123.222
143.161 129.552
143.002 140.211
137.114 147.534
142.022 159.357
142.429 168.9
137.699 180.179
140.863 191.867
139.885 201.922
142.118 207.252
136.995 223.137
143.923 233.616
147.645 -0.498018
153.485 7.15417
147.527 22.6374
152.267 30.2562
146.984 40.2931
149.281 53.2693
148.433 60.5709
152.012 69.7217
150.87 83.7219
149.933 88.2588
150.914 97.9839
147.06 111.334
153.628 123.073
150.192 131.115
153.841 139.046
153.903 151.852
153.275 163.339
153.274 168.899
152.454 179.41
153.076 186.194
153.348 198.979
148.202 208.109
147.404 217.866
149.598 232.456
162.209 1.18134
163.587 9.80538
161.204 21.4914
160.414 33.0843
160.58 42.9703
156.89 52.7884
162.965 59.0893
161.451 69.0538
156.604 83.721
157.273 92.5967
159.577 103.654
156.015 112.85
156.118 120.508
162.608 130.28
161.17 137.361
162.955 147.44
160.786 159.11
158.221 170.141
157.938 183.895
160.164 188.258
162.52 200.71
163.766 207.041
158.143 219.002
160.554 233.592
172.535 3.53066
173.762 8.3986
169.514 22.6938
166.098 30.6202
170.743 41.9467
170.374 48.9032
170.012 60.7571
170.011 71.9407
169.569 81.9455
171.921 86.3621
171.428 97.4657
169.001 110.003
173.251 118.177
171.798 129.241
172.64 142.6
172.58 151.306
169.884 160.699
170.358 168.011
169.789 183.752
171.034 186.076
167.391 198.873
172.742 208.394
173.428 221.083
170.089 231.596
178.125 -1.97873
182.924 8.0581
182.792 21.2321
180.8 26.1919
179.799 36.3701
179.729 49.8293
182.227 57.2939
177.322 68.3894
182.782 78.592
182.993 88.3464
181.346 97.4011
177.651 107.732
179.537 120.209
176.97 128.483
183.176 142.437
179.758 150.691
182.46 161.076
183.475 171.014
178.878 180.842
182.152 186.058
176.039 203.629
180.412 208.186
180.985 222.658
177.539 233.907
189.243 -2.80191
190.383 8.34318
186.484 23.3023
188.209 33.4058
186.73 36.1975
189.259 53.1184
187.799 57.633
190.641 67.7843
188.162 82.1692
187.019 87.5691
191.581 97.9119
193.474 110.149
189.053 116.849
192.142 130.104
192.378 140.489
190.322 148.277
187.649 157.62
192.154 170.333
191.325 178.831
191.209 193.337
186.368 199.535
190.174 212.024
190.054 219.061
189.485 233.998
200.554 3.70244
202.095 8.01057
203.043 23.8462
197.327 30.7368
202.147 38.369
197.225 50.0401
200.007 63.8209
198.613 73.516
200.62 79.3305
202.583 88.0427
196.357 103.136
201.522 111.788
197.815 118.121
202.437 132.692
203.234 136.05
202.206 151.308
201.966 156.198
197.024 170.697
200.639 178.919
202.595 188.178
203.974 198.732
198.163 209.367
199.93 222.574
203.329 229.968
212.036 -0.38729
213.831 6.97341
213.75 18.5479
213.215 29.9677
208.721 39.6988
207.191 49.0407
211.13 59.5362
209.247 71.6247
211.086 77.79
210.117 86.6629
207.502 99.7299
210.5 111.982
212.436 120.578
207.248 126.656
211.551 143.25
208.468 151.833
212.749 161.647
207.016 173.548
206.357 182.204
210.868 190.087
213.186 199.902
213.94 212.697
207.291 219.832
206.371 231.127
222.201 -1.26698
217.085 13.4998
221.301 19.0234
216.964 26.7057
219.937 39.0155
217.995 51.5866
217.424 59.2384
218.989 68.1095
218.241 80.1477
222.805 88.7546
218.225 96.4646
216.057 109.806
219.822 123.15
221.312 130.592
223.089 143.594
216.682 153.331
221.574 158.681
218.36 171.583
218.171 178.78
221.842 191.528
217.604 199.739
220.883 206.216
217.846 223.899
217.616 226.602
230.585 -2.39327
230.441 12.6958
232.568 20.3692
230.087 31.0112
231.998 41.6369
227.589 47.1494
226.142 60.6909
227.191 69.5033
231.548 79.165
233.647 86.5092
231.593 97.3611
227.986 106.796
230.829 117.493
227.135 129.274
231.679 140.355
231.987 152.464
230.328 159.026
229.154 171.507
227.937 179.994
232.629 191.327
229.565 200.786
230.656 208.586
229.545 217.313
229.596 229.98
