93.8243 61.7533
29.9501 38.4513
26.1453 93.8797
7.14856 37.6381
81.9241 45.977
68.8587 59.2655
32.258 75.2126
99.08 30.114
35.2858 71.0458
76.1898 0.306945
37.5231 61.7008
37.1544 78.5866
32.9511 16.9475
99.876 23.6169
72.3704 69.3273
61.2117 24.4168
22.8909 60.5685
14.845 21.2127
65.2307 32.6094
36.3418 87.8092
63.1523 66.5498
87.6884 36.1379
88.0285 7.62019
42.2343 75.2922
39.8853 12.7816
72.5816 70.8377
82.7625 25.5787
30.4388 44.9146
65.0067 50.7093
41.9473 10.0123
58.4213 35.4993
89.4709 5.17924
22.5946 92.3556
77.2746 89.6653
1.97808 84.8508
74.604 39.8494
38.9734 27.4541
35.4312 81.0216
13.1094 11.012
88.1315 78.8277
91.0331 23.5288
81.7901 18.4141
23.1153 93.4565
62.8565 73.435
84.4273 51.6797
82.9647 3.98339
40.9211 97.316
50.0204 89.0612
1.00273 42.8965
84.2614 94.631
79.5061 7.97509
30.3767 6.64493
47.8043 75.6875
32.1205 61.5437
42.9103 50.7954
37.5995 50.1238
88.8331 81.5216
97.9262 22.8102
97.2427 58.1344
24.7224 0.478824
46.6107 96.8373
11.3683 0.431349
54.2241 32.3559
82.5865 77.4788
49.4695 80.6925
11.2778 64.4253
80.0861 93.0418
19.5458 48.1628
16.2464 62.0893
15.6587 10.0757
64.5628 6.3662
44.1455 43.7065
80.3571 87.2639
54.3381 58.3095
57.421 28.1334
20.3513 19.7976
57.8572 1.77326
17.2147 88.4446
54.5058 8.53503
62.2616 19.178
66.5151 48.772
69.5061 36.7489
96.8177 32.6896
78.0217 95.8149
67.9982 51.7293
78.741 33.1193
15.2362 76.7851
48.1506 10.4522
42.7749 19.4601
19.5901 83.9729
67.5495 65.6377
23.7946 70.5982
39.8561 2.33407
20.0538 92.3313
63.4419 21.6788
14.5711 61.8452
47.6533 21.6085
44.3551 79.4973
61.4143 34.859
19.6225 25.0092
26.9251 25.1871
69.1385 39.1596
54.0961 53.4298
51.6922 45.8486
37.462 95.3483
90.1405 11.6402
55.3432 59.249
63.4182 62.8996
39.6007 1.07768
18.6746 18.3443
10.7252 55.4514
15.2832 10.0944
71.3043 19.2785
2.39227 15.0102
14.7123 30.3415
47.1762 17.4358
27.2818 87.938
19.4467 34.9746
22.7143 22.4161
67.5094 53.2395
31.3937 61.6188
3.34893 52.379
6.46764 40.0859
90.4766 77.399
67.1705 85.0257
57.1704 17.4885
62.4114 20.5873
68.8864 12.7885
69.7011 89.2577
83.0275 56.1198
57.5324 74.9143
32.0106 71.5656
51.1748 51.2773
7.15246 95.6493
6.88784 56.1557
55.4001 87.189
6.36344 80.4574
74.6646 16.5496
36.2324 35.4697
67.6424 51.0807
97.4756 58.8988
60.3453 96.9093
30.9668 5.03346
39.6883 52.0962
34.5887 46.3073
92.1975 75.0555
68.5015 5.51845
92.9693 97.7498
70.5654 58.5983
3.22926 51.2855
54.4942 97.0927
73.0659 66.3389
75.1484 97.612
47.0388 7.22324
43.5356 90.4481
27.8731 65.5072
7.1273 79.1684
11.2704 9.31545
20.2719 36.7582
0.430247 9.3703
31.0344 58.8462
73.2896 39.2365
67.1238 55.8688
2.70416 23.6039
15.3884 30.405
72.3092 88.6958
11.8963 7.2465
84.2861 49.1209
81.2542 79.7628
29.7063 13.2933
11.5388 35.9072
48.0075 55.3995
62.1281 7.97001
57.011 71.7367
26.4943 80.5521
27.6551 27.8766
88.1275 41.4417
56.3396 64.0289
41.0285 86.3802
29.4651 84.8762
65.8189 35.7257
68.9234 65.2543
20.3494 2.37071
26.18 98.5077
92.6734 80.7236
17.7954 27.8256
26.3103 22.9113
65.0185 24.4037
77.3107 46.9134
24.7644 32.0848
94.2734 96.3079
49.8526 71.046
90.7286 16.1424
56.326 90.303
3.74573 96.0929
22.8686 22.5819
73.5772 88.5612
81.0389 88.2771
22.5125 48.643
58.3174 30.1494
44.241 67.3411
52.1795 45.3785
62.5563 88.2891
85.3307 38.9176
18.6326 11.9782
84.0423 92.9479
30.5771 36.9397
96.9503 39.029
96.9233 39.2754
16.8919 67.4635
88.3186 18.3709
12.6314 54.3169
91.3343 63.067
1.74999 54.5081
63.3427 84.8833
69.8275 42.134
38.3348 61.3739
9.29205 56.1766
15.3908 54.6802
8.80088 77.6459
61.2182 82.7712
82.454 25.6176
13.5433 93.7835
94.7727 13.1552
27.7584 64.9079
33.7705 89.6292
58.8856 25.8757
74.0508 56.843
91.9377 28.8676
78.4085 52.2417
86.2205 34.7111
77.7286 54.0216
24.8421 91.4525
9.13229 69.74
88.2396 20.421
24.9725 15.2156
17.3572 19.8862
91.7056 66.6325
76.7677 27.9822
83.938 10.5778
3.57884 79.694
49.5924 65.6762
26.9264 8.27594
61.5862 64.1202
55.8602 10.1881
90.5526 72.8545
79.284 74.5053
65.0199 76.7454
51.5135 25.8561
16.3413 69.6204
72.4216 84.8705
90.921 76.1503
59.931 65.4397
33.2881 52.7308
18.253 97.8588
78.41 57.397
46.1184 96.0709
22.059 31.9709
69.3295 79.9098
64.7787 98.9257
53.3086 41.0869
76.4511 66.2124
73.0062 14.3917
5.21024 53.5876
76.6856 99.0264
68.1206 13.9224
48.6817 2.45486
87.8511 80.2813
31.7031 16.5764
80.2516 72.2708
3.42349 60.6344
73.7059 84.1415
74.8663 1.16683
35.296 10.4538
68.7909 52.6172
9.19965 87.7939
50.0642 67.5631
2.70751 90.0745
78.7154 0.763846
19.6285 92.087
8.1117 6.26463
23.9148 65.7663
1.42065 55.6656
51.3808 72.3716
76.5133 53.3794
56.8786 50.3931
99.6857 36.9127
10.2427 73.2204
84.2289 53.3018
81.4158 39.186
75.337 19.4045
41.0604 47.7317
45.3224 69.459
62.7565 29.5924
88.5618 63.1265
47.0247 93.0927
59.2173 99.6338
54.1824 60.2441
49.0558 82.2645
14.4407 55.5935
71.6943 41.8705
56.2036 23.6284
58.4386 81.1666
17.1509 99.034
96.4149 50.4371
62.5721 11.8031
39.3041 92.0883
77.4225 95.8985
45.2019 23.1972
82.3503 84.8988
73.1198 31.1455
52.7126 40.906
3.85753 16.7275
48.1326 84.9592
18.1466 47.0891
85.373 64.3211
24.8552 4.60585
16.2577 6.22589
94.6701 67.2492
35.4412 79.7485
79.1066 98.4862
17.6119 99.6115
37.5721 17.5135
10.9812 37.1215
62.6188 27.1108
52.7944 22.464
40.7985 76.0221
31.5023 14.8822
12.0849 64.9398
71.4182 89.88
54.9629 86.8912
35.1474 27.9272
35.1297 46.0833
94.6514 93.0861
94.3498 1.18573
49.4839 28.8806
6.93455 87.8071
18.7201 43.5973
99.1613 56.3334
36.5061 18.7467
30.2426 3.38855
58.8487 78.5056
53.821 96.8585
53.0656 63.1738
67.3354 4.17011
7.72156 59.5966
57.083 28.5766
85.1589 69.9124
40.4528 66.4277
65.2231 53.0461
19.983 68.8127
70.1758 3.81142
24.2769 26.7251
50.1939 66.4516
22.2473 83.9355
49.5597 77.1223
36.4041 27.6779
88.4982 82.2861
97.9045 91.9461
42.3109 58.0571
30.0821 39.4026
2.55679 68.6143
78.4901 63.8331
68.0878 49.4623
49.4769 59.3044
94.2181 22.5916
46.6974 16.9871
8.72512 34.0113
57.9566 31.4335
82.266 88.5395
90.0863 25.8599
67.4434 9.51502
34.3125 39.7437
56.3043 46.7382
65.6378 26.7988
86.5238 6.83691
0.0948913 52.9352
73.4716 87.6292
29.4211 48.6165
32.6619 29.6868
68.2981 80.0988
44.0233 76.4597
72.1732 94.6543
80.7098 30.1898
14.7103 61.7828
94.7284 78.4298
70.3895 76.9809
32.7705 92.1589
35.4192 84.9802
62.3638 67.6212
35.3331 54.9124
99.751 79.7306
8.99139 73.7785
41.6446 16.6066
15.0887 68.4497
98.2595 56.3742
45.8003 35.5898
19.0407 65.9136
22.1407 56.9387
27.9538 69.7735
33.495 16.3206
45.3294 97.3721
81.9647 99.1873
25.8384 93.0096
62.2893 97.5631
12.5762 17.7737
91.1941 69.856
66.4557 67.8481
6.85563 81.8021
93.6774 47.7143
62.2002 25.8249
29.9765 59.5671
84.4278 14.7971
48.2481 75.2031
23.1815 63.8174
11.049 46.8692
3.04358 36.5166
73.25 90.9696
0.289157 20.7882
82.4097 18.9986
8.98653 24.6545
72.3252 71.3353
59.3018 28.8949
1.14169 55.2181
47.4332 96.1815
70.937 44.1145
40.3063 25.2906
97.6688 39.0802
32.0387 82.6198
7.08054 92.8027
37.0579 52.7249
21.105 62.7903
75.7723 83.3675
75.2855 33.136
95.7009 37.9352
68.0843 44.3846
82.8768 10.6409
59.4617 95.663
66.2647 47.1382
56.2316 10.4095
99.2149 54.5256
30.681 69.6191
24.0169 83.7718
92.4642 52.2547
85.8245 26.33
94.5027 99.4819
96.3792 71.2902
48.9297 88.8322
27.5909 96.3393
20.5773 44.8485
69.7963 34.4997
57.0885 63.9438
15.7355 98.1725
11.4844 5.14732
31.5292 90.6275
71.6043 61.4303
78.7923 83.1546
63.5717 84.6186
3.928 99.6232
77.0343 65.0784
84.8853 10.2765
2.47686 53.3583
94.1504 40.1081
24.9631 8.08081
53.5667 90.7393
56.736 73.8152
70.9319 41.0393
6.33621 0.149518
66.8192 99.6033
99.6532 0.0904786
