-18.2298 36.9652
-44.1104 -4.2878
-42.1782 18.4315
26.5683 6.04802
-11.609 0.970546
15.9866 -6.01948
46.3913 -16.288
-36.6146 17.9866
7.35982 5.24739
-30.5374 3.61845
-1.34468 27.5714
-40.1987 15.5917
-9.65264 1.77744
13.3993 -17.079
-30.1128 -23.6381
-33.9939 25.593
20.335 27.4675
-23.4728 -19.34
11.1777 -17.5551
-5.70678 -13.4545
24.301 -16.7263
36.0027 -6.09738
-2.95075 -31.9496
-39.7569 -28.3255
30.4923 -1.87369
-31.6781 34.3918
19.7616 23.627
42.023 -9.88488
4.23528 11.6054
23.303 26.9809
-13.9029 -28.2632
-41.1622 13.5057
22.5096 -8.55239
8.03469 -20.2795
-21.2418 12.0886
0.0492471 -7.62854
-31.2219 11.3226
4.87317 -33.9251
-40.512 -7.64502
18.1552 -1.90002
15.6737 -36.4149
38.085 20.3485
-26.8214 40.6177
-9.79211 -30.0585
-16.7661 5.67622
13.6613 38.9573
24.1685 30.8351
5.05171 -9.21421
7.13637 7.94302
22.3487 -38.6041
-1.28297 -10.2056
18.1126 34.8565
8.06309 -2.80302
-2.83867 27.3327
9.26679 38.8364
7.38273 1.70454
26.3077 -31.0112
22.2468 19.728
-7.51399 -38.0863
20.5123 30.4242
-5.98561 14.2506
-12.6262 46.5862
-33.5383 -26.24
25.2757 -16.9029
43.6084 0.226052
-23.0099 31.8125
28.5403 -12.7505
-20.7186 -19.3465
31.6735 -17.2492
-23.0816 36.6723
-18.1729 18.939
-17.1676 22.5906
-30.8269 30.5383
-37.3609 6.90326
11.888 -48.3523
17.7261 -41.3238
-14.9229 -7.92989
15.5336 -40.8817
-16.2596 -9.40977
-17.1234 37.5916
-41.4921 -19.1906
22.5174 30.0357
-38.1761 -1.34279
13.1435 -28.551
9.85895 -40.7373
-34.4554 -5.9117
18.5999 -26.9655
-16.3732 32.1354
-16.1521 25.842
-6.94349 -34.4271
-26.9206 38.0204
-10.6668 -15.7918
-7.23476 10.4773
-10.3914 18.6761
-10.8551 -21.9762
48.0051 -9.34861
-25.7985 -36.5605
38.2109 -15.9339
15.0556 -2.37047
40.405 -15.8041
-40.1283 21.8818
-15.3875 44.6869
-45.7897 18.7531
-2.16201 -13.0313
-1.63521 32.0796
-25.2607 38.6454
-35.0079 -35.3514
-32.6817 -3.58993
25.9167 -30.9063
-29.5057 -13.9286
-5.68515 28.0848
38.4355 -27.6578
-10.0955 38.9445
-24.6846 -24.2577
-47.7575 2.79834
44.6249 19.4186
32.323 13.3552
-24.121 -8.06365
-17.4352 8.0331
27.4127 -26.2517
24.609 19.1242
30.0257 -25.2739
-34.4125 20.5071
-20.371 5.55151
-37.4084 13.0215
34.5349 19.9861
-34.7403 16.3571
-17.3574 -17.943
39.3291 -29.9856
39.3128 -2.84468
-35.5317 0.573689
-9.34144 25.6556
-24.6923 -5.29229
12.2912 5.19866
20.5177 -14.0891
-34.3184 23.6427
25.4729 -0.630914
-6.38958 12.1947
32.5643 8.38778
-45.0655 -21.6053
-24.0198 5.43329
12.1226 -39.9126
-3.79186 -30.022
-20.0541 27.0807
-24.3386 19.4555
35.3183 34.0413
35.434 -1.35281
-41.4937 -17.2079
11.6915 33.4008
-0.516215 34.7156
-5.82901 41.411
-26.4103 12.0417
10.743 -25.9464
17.8666 22.7479
-2.82076 34.6536
-39.6592 -22.3538
22.2678 34.3759
16.8359 42.9471
33.3748 14.586
-2.61835 -28.4964
-13.4168 2.26948
30.9573 -27.2393
35.6305 -24.1506
27.0444 32.81
18.1678 0.812185
-19.7514 24.1314
16.173 -19.9457
38.2272 -29.4529
37.7643 23.3203
5.01369 -47.591
25.4806 -13.6375
14.596 21.0912
-16.1905 -37.433
-6.82935 -40.2537
22.4179 34.6098
9.88734 39.2307
-34.9942 -26.1779
-16.307 -5.83213
-3.46673 33.9401
-35.754 2.85654
3.52561 35.8064
-2.68483 13.9689
43.5463 -16.2735
26.2605 36.4076
-28.2849 -7.04175
-10.2178 -41.5874
6.89173 -39.2915
-34.7122 10.6371
-47.4591 -14.3161
-14.745 -1.51714
7.57389 -35.1975
-21.0433 28.4812
-41.3493 16.6155
-23.6092 9.30779
7.08455 -14.7677
-4.96389 8.78276
-38.5791 -23.4857
1.60419 35.6004
-46.846 -1.91919
-26.9144 -31.6242
-8.65628 -34.0862
-11.0394 8.17925
-40.1813 -24.4975
3.05914 -16.6146
6.89406 -36.3462
37.828 -8.59985
-11.1752 -38.0528
-17.9568 16.4745
5.41258 14.3809
27.7725 -10.4843
28.5391 25.8474
-6.78423 -33.1359
-20.6367 6.24403
-2.72755 16.4281
-38.2856 2.01027
-40.5974 -28.6493
22.0024 -6.2967
4.30231 49.0482
-27.9745 26.0438
39.5489 -23.9481
-34.1627 30.609
23.8344 29.4712
30.357 38.2584
-31.0467 5.9354
-4.72199 -15.8191
-9.86367 -32.5148
-49.5881 -3.98156
19.9285 -11.1345
9.93636 -22.4497
31.2139 -7.55805
20.3482 -28.3284
-20.0183 26.4706
16.9469 34.1735
-40.1537 -10.593
-5.00584 3.95944
-10.2208 46.4475
-3.37226 -0.744579
17.3442 -38.8183
24.9272 -13.1171
-23.9269 23.0006
22.276 -4.5998
-13.787 15.6922
20.4866 -17.2113
-14.6025 20.7942
27.8333 -16.0271
9.98346e-05 -49.6738
-19.1856 7.60565
17.987 -20.4494
-0.114582 -28.4052
2.19111 13.3291
