2.75583 -2.84537
2.49777 8.55856
-2.71707 16.9451
-3.56293 30.8833
3.7528 39.2746
1.21373 52.8037
-2.61268 59.9202
0.728121 73.8427
-1.63412 78.0361
2.21077 92.9659
-0.830829 99.4539
1.52178 107.501
-3.9908 122.672
-3.39133 133.631
2.8222 139.448
-2.23257 150.778
3.19786 162.2
-2.94609 169.859
-1.23885 178.484
0.0840762 189.835
0.0469495 199.397
2.5977 207.92
-2.5954 219.409
0.981403 232.961
-1.66955 238.559
-0.711576 249.736
0.641188 257.452
12.7987 -0.938937
8.14066 8.18976
10.9232 22.2934
9.57905 27.5814
13.9906 41.8166
13.409 49.757
10.2528 63.8389
11.068 71.1793
8.59699 82.8278
6.32645 89.5234
10.1564 99.5735
9.90183 108.014
8.00042 121.766
13.8312 131.203
7.41689 141.558
6.88118 149.895
8.35353 158.577
11.4564 166.149
10.044 177.383
7.18813 191.548
13.2834 198.643
6.78519 208.224
7.68747 223.98
9.74969 230.311
12.881 241.133
12.6922 246.928
13.9915 262.028
17.1897 -2.49016
19.8514 9.50438
20.8347 17.0291
22.45 30.4594
20.9247 43.7938
20.4029 48.8011
22.4238 57.0566
22.8482 70.6382
23.2455 76.3808
16.2315 90.061
20.2917 102.995
17.4732 106.561
20.7531 116.694
23.7695 130.477
17.4224 142.757
18.6004 146.198
19.2377 160.748
20.6388 167.695
18.3087 181.11
22.6962 186.151
21.2565 197.688
17.454 212.824
20.4351 220.071
21.4834 226.406
17.6681 243.934
16.2682 251.923
22.9813 258.292
26.9286 -2.66775
27.5044 9.25502
28.2704 22.9023
27.2398 30.7008
31.3936 37.0185
32.1575 49.9317
33.1331 59.4499
32.3264 70.6119
26.1396 76.1646
32.075 89.4178
31.3035 97.3466
33.3921 112.898
28.779 121.402
30.3605 127.96
28.3237 136.945
26.4371 148.945
30.7165 156.071
32.5004 170.872
30.3375 182.105
29.3728 189.683
26.1092 203.075
26.4734 211.51
28.2408 223.649
28.6615 230.597
30.5545 239.827
33.613 250.017
26.1563 260.777
42.0347 -3.23958
43.3815 13.9005
42.0616 21.0661
42.0203 32.6117
37.4373 39.1924
36.7315 50.5881
42.8922 56.9009
39.9541 70.8066
37.4646 76.1754
41.1072 89.3327
36.8645 102.652
37.1666 109.979
37.6084 116.061
43.6877 127.37
40.332 141.142
38.0082 150.108
43.1664 161.059
42.1445 170.374
43.3691 176.891
40.7107 193.681
42.4411 197.577
42.001 212.525
39.1699 223.15
39.1868 227.937
43.6223 240.72
36.9254 250.431
40.7501 258.368
48.5699 2.28855
53.1383 12.0151
47.3398 19.4707
53.6764 30.9558
50.8734 37.7383
53.9297 53.234
47.5571 62.4145
49.0589 72.7835
50.2234 78.8784
48.4148 87.2159
47.2721 100.112
48.4272 111.335
46.3878 122.35
47.4332 127.776
47.1489 139.905
48.1642 149.252
48.2233 159.711
52.8588 171.308
49.2057 181.605
50.8202 187.672
46.4697 199.979
50.6798 208.283
50.0419 219.643
49.3443 226.5
46.8278 239.177
50.6991 252.671
52.0259 261.157
60.8836 -0.9631
63.6405 7.12712
57.9871 18.3494
61.8822 31.6875
63.4056 43.3715
56.002 46.8033
58.06 62.288
62.3151 71.6434
59.5599 79.1917
60.4574 90.5486
58.9104 102.277
62.6355 113.838
56.6785 123.013
63.7452 133.21
62.7307 139.494
61.3059 150.947
56.6985 160.175
58.286 173.486
56.8236 176.316
57.6964 186.234
56.8391 202.356
62.0521 208.676
62.6383 220.817
57.0616 233.111
63.8101 238.117
61.2797 252.802
57.9651 263.584
70.8129 -2.40299
73.6034 9.49532
66.4246 17.0485
67.4802 31.1255
70.1828 36.1045
73.0326 46.4036
67.6381 63.1895
67.0895 71.1752
73.7242 79.8242
73.2245 88.5147
69.5567 98.639
67.0002 112.828
68.8706 116.387
66.0027 132.289
71.1993 138.189
72.5361 148.724
68.4008 157.4
69.7126 167.433
72.6274 177.58
67.4606 193.539
68.0793 198.907
66.0938 208.248
67.2529 220.673
72.6209 230.221
72.5406 242.953
67.4606 251.564
73.6671 263.215
82.1645 -1.83198
83.7716 9.94242
82.4769 16.3386
77.3486 27.2628
80.9549 42.9675
83.3316 51.8396
77.4574 62.0805
79.4741 71.7767
81.8807 78.3726
80.8295 87.834
82.8675 101.905
80.6234 110.242
81.0606 118.374
83.46 129.927
81.9928 140.685
80.2891 148.3
82.4914 160.075
76.0993 169.071
77.1251 178.849
81.1203 192.356
76.0635 202.114
82.6222 207.812
78.7258 221.62
81.7656 232.133
83.5205 239.173
78.9236 246.944
77.9674 256.705
93.6213 -0.838692
88.3598 6.76324
86.6077 16.6708
88.5127 30.6318
88.992 37.7951
87.9676 48.605
88.8649 58.9123
90.9855 69.3716
89.9622 79.1476
87.0654 92.4126
93.1482 97.3022
90.3523 113.226
88.3285 117.677
93.1126 130.452
88.1482 138.648
92.2591 147.073
91.1662 156.233
93.161 173.865
93.0953 180.853
88.2385 190.743
90.7078 196.567
87.5669 206.021
93.7391 219.816
89.9424 231.862
86.534 238.088
87.607 247.324
89.1242 261.199
96.7929 0.414339
99.7107 13.5891
99.5024 23.0022
100.954 32.2411
100.897 36.9829
102.818 47.472
96.3348 62.7877
99.2217 73.3218
100.617 81.0205
102.834 88.0736
96.1008 103.195
100.534 107.5
97.1753 122.316
103.021 127.288
99.2237 141.22
102.718 147.025
103.517 161.821
99.0544 172.935
98.856 178.603
97.0827 188.591
101.97 198.272
102.559 213.863
97.3947 217.853
97.5448 232.638
96.0402 242.115
97.7613 251.787
97.1475 256.254
112.407 -1.91023
113.016 12.1155
109.168 20.201
112.497 27.038
113.247 42.722
110.472 51.1775
111.269 59.9855
111.847 69.1206
112.537 82.5737
107.405 93.9692
112.846 101.338
108.862 108.178
109.544 121.154
108.899 129.157
109.217 142.388
106.294 150.471
106.968 158.248
111.149 170.9
110.011 179.069
106.508 186.539
107.88 199.973
109.622 212.123
113.496 217.172
111.039 227.161
108.472 240.405
106.721 252.476
111.12 260.853
118.042 3.53362
117.123 10.9132
123.932 21.8124
120.909 27.9958
116.287 39.2667
123.638 52.1205
120.668 60.5191
120.389 73.1524
123.7 82.4999
122.431 87.0607
118.603 96.1271
119.609 108.73
118.044 121.694
123.457 132.051
116.447 142.72
120.784 148.06
117.537 163.071
120.273 169.631
123.944 177.619
119.233 191.096
123.715 203.518
122.773 212.959
119.447 222.69
118.493 229.202
122.527 236.332
123.884 248.418
118.778 259.434
133.54 0.911189
127.811 6.35525
131 21.3634
129.426 33.3229
132.027 42.1773
128.283 52.0333
128.406 58.6942
126.53 72.738
128.728 77.535
130.102 91.1217
128.409 100.54
131.358 113.657
133.029 119.369
133.484 127.907
130.731 136.131
133.452 149.762
133.973 158.293
133.963 170.747
127.628 183.844
126.13 189.505
129.756 203.561
126.97 211.154
126.192 220.859
132.672 226.225
133.697 240.755
133.962 251.736
129.038 256.734
138.481 1.35156
139.41 9.13879
136.344 16.5627
138.683 32.6955
143.998 40.8629
140.579 52.3058
140.174 63.6496
138.728 67.407
139.334 79.0373
139.986 90.628
140.698 101.725
138.325 110.819
140.277 116.732
142.225 129.38
142.954 138.122
137.213 149.872
143.852 161.602
140.729 166.364
139.912 183.46
140.654 190.782
136.689 198.301
142.017 211.694
136.685 221.39
143.607 232.072
139.673 241.223
138.397 251.342
139.412 260.786
147.219 0.644803
153.837 8.68636
150.565 21.9261
151.07 33.3364
150.226 40.7914
149.887 53.4983
146.626 62.3988
148.778 71.4014
149.307 77.4515
149.604 93.981
153.939 96.0925
153.511 110.123
148.457 120.622
146.516 133.713
146.59 138.434
149.049 148.347
149.306 160.891
153.843 173.503
148.947 176.675
153.304 190.235
151.37 196.799
148.163 211.476
153.396 222.004
148.789 227.841
146.226 240.131
146.187 249.506
152.508 258.728
161.882 -0.271301
163.935 7.80371
162.189 20.7668
160.985 28.8103
161.009 43.456
163.381 47.7411
158.328 58.2592
156.921 70.4582
161.418 83.6862
161.632 88.0536
163.458 102.098
156.821 108.542
163.366 123.265
162.978 133.411
160.128 139.166
157.956 147.626
159.394 162.482
156.739 172.944
162.224 179.321
158.224 186.771
161.543 203.258
162.183 206.891
156.755 217.927
157.273 233.629
159.96 242.218
161.834 252.179
161.722 260.038
169.262 -1.54431
168.762 11.077
173.71 18.8826
172.199 31.4173
168.568 38.2231
168.229 47.5957
173.825 60.126
168.613 71.297
173.86 77.1087
171.841 87.7918
171.552 102.1
169.851 106.732
166.782 122.113
166.516 133.27
170.726 139.549
172.623 149.291
171.099 163.476
171.139 172.537
173.587 177.956
169.538 188.86
169.61 197.439
169.929 208.324
166.277 219.194
169.514 233.13
173.33 242.057
168.802 251.821
167.455 256.727
178.354 3.62956
178.747 12.2136
179.159 23.2882
178.373 27.2436
183.203 37.5629
176.535 48.8811
177.726 56.7715
178.185 70.7598
183.364 77.7039
181.451 90.2413
179.896 98.4448
179.082 112.569
183.989 122.165
179.041 130.469
180.088 143.691
177.116 152.33
181.722 158.704
179.296 170.207
180.264 177.816
181.188 186.313
178.439 196.612
181.233 212.388
182.448 221.334
179.939 233.507
176.411 238.664
176.473 246.82
178.048 260.209
191.289 -2.34564
188.771 6.05955
186.496 20.0919
190.262 29.4107
191.151 39.2214
187.589 52.9031
192.488 59.5425
191.709 73.5243
189.076 83.154
189.525 90.7449
192.982 99.6185
193.093 109.481
187.805 120.206
188.486 133.673
186.658 137.169
188.272 152.179
190.018 160.346
193.626 169.613
186.479 182.073
190.218 187.28
193.473 200.086
192.951 210.266
186.702 222.406
187.723 230.239
191.438 237.113
186.373 252.766
192.542 263.565
203.486 -0.6326
198.471 7.63772
203.316 18.5875
197.719 28.3658
196.102 43.434
199.416 47.1407
203.049 58.3604
199.396 73.5422
202.047 79.7308
198.977 93.2706
203.76 96.9758
197.037 113.629
202.046 116.031
199.393 133.951
203.692 141.997
196.164 147.606
202.718 156.512
196.103 172.365
199.481 182.894
202.755 189.955
199.786 197.698
202.254 210.907
197.982 216.472
200.8 231.028
201.646 241.416
196.891 250.918
203.933 256.777
211.404 0.309371
206.65 10.8804
208.048 21.8635
213.131 32.7684
213.731 42.5931
212.435 49.2108
210.113 56.8632
208.13 69.0793
207.23 79.0479
207.278 91.3111
208.355 101.074
208.252 112.211
211.454 121.32
207.128 130.186
206.668 141.177
212.745 149.681
208.678 163.162
206.026 172.252
210.451 178.31
209.893 187.071
208.155 196.262
212.651 211.761
212.708 219.499
206.886 233.43
207.533 238.619
213.179 252.923
208.262 258.44
219.802 -1.15322
223.096 10.5329
222.541 22.7803
220.175 27.6622
218.266 38.1033
216.705 49.0931
218.252 61.4452
218.948 73.3998
218.248 76.7825
216.373 88.1991
219.781 100.485
222.164 106.394
219.323 121.319
221.133 128.997
220.309 136.173
220.501 149.997
217.617 161.62
217.693 167.398
219.89 178.948
220.984 193.874
223.955 196.777
220.694 213.566
221.02 219.518
221.592 231.788
220.224 238.373
217.321 246.579
216.017 256.566
229.113 -1.13925
229.942 12.5338
231.761 22.8927
228.446 28.1278
229.145 42.0672
230.265 49.9144
228.011 63.6269
228.71 71.8679
227.003 82.6074
228.032 90.5144
227.148 99.329
231.872 110.92
231.584 121.212
232.679 131.087
233.356 141.596
232.338 148.593
226.75 158.066
228.993 167.786
229.205 181.249
233.72 191.979
226.81 197.581
226.969 206.051
232.334 219.52
232.448 228.057
227.683 236.205
231.659 248.582
230.218 262.811
241.683 -3.34386
238.836 8.96594
241.791 23.1972
237.924 29.2804
237.714 38.9904
242.589 53.5804
242.469 61.4592
238.398 70.1289
241.91 80.2376
238.84 89.8547
239.277 103.186
243.646 111.853
239.386 117.985
243.35 126.399
243.017 137.95
237.591 147.032
242.817 161.805
241.016 168.073
240.306 180.318
243.748 188.482
237.618 203.701
238.282 207.851
237.245 218.709
243.846 227.625
240.715 243.303
240.606 246.503
243.627 256.546
251.132 2.04946
249.339 10.5697
248.105 19.7574
252.654 33.3608
247.792 43.4871
251.993 47.7898
248.883 62.431
251.9 67.5548
251.332 76.6457
251.253 90.8294
251.075 102.465
250.548 109.368
250.431 116.595
246.752 129.67
250.43 139.7
251.005 147.063
250.526 162.365
249.49 168.611
246.749 178.23
251.464 186.842
252.47 198.516
246.351 209.536
246.638 216.546
252.228 226.27
246.099 240.233
246.956 251.211
247.448 258.404
256.643 3.54966
257.401 13.1119
257.265 19.5062
262.091 29.8728
262.088 43.1572
258.493 51.7517
263.93 57.8238
260.946 70.6248
257.263 79.7763
258.283 92.4239
258.973 99.7547
260.492 110.58
263.987 123.116
261.419 133.994
261.669 141.109
257.083 147.886
261.243 157.304
261.768 166.021
261.196 178.853
259.873 193.534
258.666 200.912
257.292 212.94
256.175 218.866
260.976 233.752
257.666 236.247
261.561 246.058
262.889 259.02
