72.1212 39.3741
64.1624 72.1838
26.2565 2.48353
92.0506 66.7777
85.9395 5.45009
22.7324 80.7098
90.3495 40.3469
2.18449 10.8084
93.991 78.1225
4.54258 45.7124
13.777 25.9076
11.8097 68.5089
20.9283 28.5461
2.75258 62.315
5.28924 9.48057
73.4935 60.1592
9.21306 73.8159
71.5848 46.1945
66.5308 56.0612
19.0824 66.2522
7.37471 95.7617
24.3745 39.6265
49.8883 75.169
11.8822 37.8321
17.4473 23.3068
74.8358 87.6705
77.4695 12.4161
88.4761 48.0918
65.4941 86.241
19.5351 36.2398
65.2045 20.8905
4.60875 16.4338
91.6754 22.7873
22.3682 92.2942
45.0544 84.4717
0.906304 37.85
12.9769 46.4297
73.0418 61.1451
85.548 29.8891
8.86082 82.727
18.8855 26.853
33.8449 48.919
33.1966 31.8097
75.8866 33.9995
37.8136 61.9083
30.0615 10.0961
49.6731 36.8531
10.5991 19.2423
40.6195 80.1098
15.7024 8.63911
8.86132 37.7488
88.7177 85.4661
43.0742 91.5247
12.9651 70.5947
65.9569 32.5405
76.781 27.1074
77.1123 94.9309
65.0791 71.9922
75.6724 11.196
73.3124 96.0917
31.7571 65.0294
34.8319 86.6257
69.8579 80.98
72.2927 8.14405
33.4318 51.7786
27.849 63.8923
48.5394 43.4027
55.6745 39.2864
9.47764 83.312
94.0542 88.8554
59.5317 69.6229
88.196 46.1087
64.9464 21.0474
31.8493 99.9539
95.4305 55.8478
33.8515 86.5152
46.7755 24.6051
84.0402 88.5832
88.1385 76.4774
96.5352 79.6362
69.9418 25.5478
20.3805 25.1397
97.8071 1.73858
32.6295 39.3288
68.0455 6.83494
7.77604 68.2959
59.1286 25.5365
38.5551 77.9428
11.0964 10.4122
36.5837 84.0778
51.1444 72.1958
70.5865 26.8405
84.745 8.09232
3.89835 47.9767
15.5739 63.5776
99.4806 14.0285
55.051 25.2851
53.9223 38.2864
31.9415 47.7085
55.5262 83.8255
70.3652 42.8188
37.5922 83.1931
17.3756 28.7327
82.5411 15.2058
98.0813 60.1153
96.2112 38.1541
6.9318 42.7123
21.1235 14.7072
22.6649 94.3601
8.02187 98.5005
16.5347 50.1762
50.1232 35.7053
23.4633 4.46162
29.5595 62.4395
43.0107 29.5399
71.2862 52.0148
99.0347 48.12
87.7324 21.7739
26.5122 4.27576
16.5094 10.2504
28.6613 32.201
24.3099 35.2746
87.8213 84.5106
18.0267 39.2782
6.97754 8.90486
30.4949 77.7336
39.6238 37.1037
9.21812 58.5999
35.2778 30.9661
16.0594 17.6869
1.03195 18.0516
86.7223 48.0303
73.1276 35.8762
39.0033 38.7021
81.1183 79.1422
95.6843 29.4169
5.97895 19.0999
40.4949 5.09399
32.6306 45.2374
65.7047 71.6353
53.1319 43.3959
23.5631 22.1423
72.0959 94.2472
7.03751 83.5616
39.1053 38.0385
17.8733 43.6168
1.19373 29.0431
66.7999 57.484
2.43841 21.4147
94.1682 32.3378
24.255 49.9411
2.28791 29.4684
1.79896 5.90655
83.7825 97.8123
68.3356 54.2064
42.3702 95.857
87.274 12.0909
81.2155 64.6484
61.5065 77.2251
66.5386 13.8259
63.6581 47.97
25.8031 20.1927
78.7624 19.8673
10.6722 59.0674
56.1692 43.9709
59.2708 24.5562
26.936 48.7004
60.2946 92.3845
91.4534 46.6958
78.8767 27.6967
18.9338 46.3558
7.91636 40.084
39.3544 2.43889
44.6661 6.44828
56.5585 87.5216
43.1478 13.5275
53.1182 63.0349
91.376 44.1869
23.4507 76.0187
35.1421 5.20218
82.0509 90.6047
93.5394 97.8234
91.7924 56.7062
34.8831 64.9879
78.2655 45.9099
22.2706 73.552
78.0316 35.4743
54.543 99.0645
21.7776 73.474
13.6654 57.1318
65.1261 95.0014
23.7761 81.7244
48.636 62.5306
7.32581 57.7882
45.5684 92.2717
65.3932 17.662
70.2884 23.4598
1.43574 25.8446
1.5062 58.245
45.3675 98.8188
15.5367 76.9092
64.1782 4.63964
8.00874 39.1362
30.9408 12.5169
67.7335 81.4206
78.5469 63.5148
8.88295 45.7797
61.9782 93.1077
82.5002 90.6945
67.0753 78.9775
25.5639 45.5835
91.0198 39.9366
58.6313 81.1791
89.3887 90.7178
65.1791 1.99282
12.0487 87.1746
62.7883 22.6952
70.3713 60.0443
23.2585 82.3016
74.4202 95.067
82.8919 92.3065
92.2749 4.92594
11.2103 76.7908
24.8639 96.3841
66.8942 42.8933
24.334 58.0058
58.9297 90.4482
3.55204 83.7279
18.1609 95.6468
26.8869 32.2663
86.1426 69.7181
79.4309 63.551
47.3044 23.8078
98.383 53.0296
88.3587 95.5449
89.8661 31.7609
18.021 25.9284
56.4001 48.2201
43.7716 79.1039
45.5638 11.7218
2.24779 86.9349
4.06041 71.629
47.9825 80.9578
96.0133 2.46403
70.5912 98.5978
71.5665 57.6753
26.9851 75.6084
22.7818 56.0837
3.43848 53.3085
69.4957 30.8254
85.7194 24.078
20.1728 32.7189
87.8582 38.3467
5.88908 60.5093
91.5276 3.07112
32.2734 24.0464
95.2608 34.1435
26.6083 41.3246
74.9797 0.537487
0.14688 94.6458
41.5051 97.24
11.0946 99.4289
35.728 2.26428
97.8123 78.7079
99.8388 20.4096
31.9356 12.6587
13.6532 10.2524
28.6417 10.6172
35.9544 21.2778
45.1962 82.7603
69.7371 0.627659
25.012 60.9336
6.96485 81.9228
4.05801 25.4162
25.5671 26.9254
6.43909 82.6821
57.7775 75.0334
26.5196 49.8606
47.3841 85.3723
41.6562 89.1163
91.1414 35.8736
17.882 32.4668
80.2006 44.5161
2.56673 93.9025
30.0751 64.4897
75.6308 97.0322
28.3866 43.7477
2.82095 88.5101
39.7432 35.7651
42.2473 81.489
58.5066 98.9564
73.4654 2.44726
12.1591 66.1048
80.4202 8.34532
71.1992 16.6884
63.2664 1.61729
64.1455 23.7068
39.0479 17.5155
31.0484 4.77278
85.7944 53.7073
81.667 4.01442
46.8604 5.06887
78.317 47.4177
26.1736 41.2375
70.6653 77.1827
56.7162 21.1821
25.3588 82.7638
39.4189 54.3067
33.3922 46.5537
61.9106 10.0998
8.6565 84.7403
38.5453 75.5885
97.6484 84.0755
70.3001 74.8006
75.4003 0.483943
29.8236 56.5929
5.33736 90.476
41.9727 60.7186
60.126 6.9899
46.8535 2.05447
11.1896 74.9719
52.8188 21.74
29.3622 70.5652
79.6361 93.1927
36.9746 82.1114
39.4824 10.4232
48.2771 35.9353
79.7611 48.1504
9.96024 59.0277
63.1847 9.89406
22.1547 16.8073
29.1995 85.7602
24.9791 40.8189
93.8611 7.9194
25.9249 49.0008
80.718 87.2745
10.4453 89.2188
85.9313 59.422
96.6129 43.2048
24.8322 43.1516
5.90465 87.4245
67.009 32.6168
28.4177 46.2331
20.9603 30.7999
55.6122 79.9959
3.34717 4.25585
93.5427 62.8497
82.9482 22.5043
56.193 24.676
30.3159 19.1193
83.84 44.2476
59.7992 97.2294
95.4067 33.3512
38.5447 85.5909
55.5856 54.365
41.6624 34.7373
55.8129 62.2404
68.4864 92.7232
57.4558 34.0133
47.333 61.4644
32.9767 37.686
0.512344 66.8476
3.61939 60.9485
1.64975 45.9865
41.092 19.3273
66.7686 8.29475
42.0217 65.2395
32.9019 43.5561
47.3946 71.3029
29.5249 95.2037
4.08402 28.6605
73.8272 87.2008
57.563 19.1476
17.8473 23.7786
28.8228 74.74
98.7856 90.3895
37.0993 58.5362
30.0043 46.04
65.1918 12.3381
42.6906 2.87526
59.1434 40.3785
21.6531 31.5398
25.1125 35.9646
54.6263 44.6537
67.0762 33.0279
21.0403 99.4
19.1258 60.956
22.226 94.0669
96.8188 0.417714
55.1875 9.63542
63.7615 61.2031
42.8344 54.7616
9.63703 42.461
26.9741 13.7202
54.4396 78.8633
43.3511 51.2514
23.2485 73.1675
99.6135 40.9628
77.6123 40.4363
52.8705 53.3242
92.0773 67.5317
38.7094 88.2293
9.14489 77.605
94.6658 79.7352
24.316 83.2164
41.2762 25.5568
83.4262 40.2011
57.4458 8.37147
45.2344 68.7858
90.6899 51.1964
78.4282 28.4807
24.1025 12.3598
1.36314 24.0124
43.1979 4.61797
86.6262 99.7735
30.488 26.4421
2.27804 73.743
46.4216 23.3284
36.9987 78.4003
41.1898 30.9139
70.0957 7.14155
8.75401 31.9488
40.8187 6.42052
58.2709 33.7371
61.6883 8.11776
31.3978 48.0079
13.3764 27.0612
51.4874 68.9218
39.6112 41.5718
6.27812 82.8443
77.8803 10.7625
44.1434 78.9199
85.1421 73.1807
46.0081 77.0091
81.9754 72.4982
40.3303 85.3666
12.3419 75.688
48.1313 36.6475
55.2319 77.5212
43.5621 94.553
7.49271 63.9054
26.6831 86.0759
27.3124 79.328
17.8886 9.36109
22.2681 66.438
2.25002 58.8495
56.8536 55.7224
6.04386 47.856
30.1315 62.5007
82.9879 97.0607
82.6611 30.3914
62.081 58.9124
58.9122 27.2305
15.3147 65.3614
33.4489 80.6369
63.5207 73.0136
9.51003 40.8227
32.0735 90.2063
40.5202 6.97364
91.6016 96.9662
43.9234 12.9136
71.8433 34.1673
60.7404 86.7438
74.6169 13.4492
51.2325 49.752
12.3303 32.8689
64.2762 16.8697
61.8301 90.3186
48.8819 32.604
13.8298 44.6691
92.9127 12.7229
30.1889 84.1964
1.53171 67.589
14.0074 85.4906
27.2139 49.2615
81.0629 90.4067
57.9178 19.0854
94.24 69.8896
47.844 86.7822
41.4419 76.8029
88.9032 82.2693
52.279 38.8639
51.5517 83.5953
39.6646 54.4498
30.1543 44.4185
98.6577 12.0352
56.1615 81.9127
98.3088 1.01995
18.5165 14.4075
69.1271 46.8857
82.1243 12.2295
48.4063 59.9936
3.32812 7.14252
29.0846 12.6873
32.9931 57.3861
89.4251 38.3025
98.1646 88.8652
70.6259 29.2847
85.1377 61.884
26.2002 18.0912
85.5321 3.22195
72.2481 11.7113
25.8828 51.3741
2.14548 94.0058
33.2731 6.57875
26.1352 43.4376
35.0707 73.063
40.0468 60.6946
73.2405 70.319
55.4419 55.2928
30.4426 74.2965
33.9837 32.8647
38.0494 11.9928
82.7514 45.5205
14.3577 63.306
18.5476 29.6129
50.4007 79.557
95.16 81.3986
59.6778 52.8289
89.6446 34.3735
18.0672 87.2798
70.8172 23.0418
31.6604 89.0838
51.6724 82.021
3.71917 13.5554
61.4688 90.752
81.6596 86.2629
8.83907 6.36223
99.4895 58.3705
20.2082 83.1679
9.07102 7.04455
40.9717 5.64751
21.1341 40.0203
5.77 1.00613
36.8 17.2987
73.74 15.2326
5.39335 29.4093
86.2048 27.098
99.9117 89.3723
68.5751 98.1358
94.765 63.8206
68.7052 88.0007
11.2136 62.0249
72.4407 18.5488
32.1788 99.4167
9.16069 32.3633
47.72 40.6485
26.7769 65.2461
57.3845 61.8765
67.5114 4.05816
16.1976 85.7563
52.2506 16.946
33.872 92.6464
8.19015 24.8662
24.5674 47.7723
53.4509 56.2187
98.1016 45.4304
44.9966 15.8227
89.9581 90.607
68.6513 98.8111
34.7878 35.8999
7.27396 31.333
42.3473 53.5492
98.1309 74.7837
62.281 50.8246
71.3362 89.7621
93.9408 30.2329
50.2448 46.8095
97.4773 58.9244
89.1815 19.2776
54.6118 89.3872
75.4295 56.4957
50.255 93.1327
28.8769 23.4873
97.194 59.321
52.0836 13.7157
67.8888 1.63996
17.3924 85.4593
7.27674 52.7547
0.447064 13.6878
79.6366 30.7455
91.6035 82.489
97.1259 5.55937
87.3116 4.85907
12.4655 7.50015
87.285 49.409
98.9881 70.3513
58.0194 92.5611
99.4959 28.8693
61.6608 94.226
20.9453 28.811
31.2892 48.3082
48.543 20.3881
13.0756 14.5458
68.9153 87.539
9.69607 6.07302
55.5365 28.167
74.0505 1.52966
67.946 49.6427
68.1409 73.6182
41.51 91.975
17.2502 71.6285
34.1234 54.4813
79.8088 67.4378
33.1679 2.5732
78.612 10.967
80.1463 58.2002
11.2883 11.2744
44.5118 27.8739
81.776 16.8974
98.943 91.3562
60.4375 94.5413
30.225 18.3492
47.7446 37.5703
28.7745 77.4641
99.6776 40.0276
92.5184 74.228
56.1741 92.6125
87.6351 44.2628
0.308736 87.0231
16.922 46.5906
40.4737 33.2223
72.4939 95.0317
19.414 1.96627
39.1643 1.48755
14.4922 34.0345
51.125 78.0559
52.025 2.64515
75.365 87.1799
75.6727 57.6268
24.1301 60.3935
1.1822 55.4744
64.954 75.8172
68.6421 50.1238
97.1489 11.6564
59.5866 1.08189
6.45065 79.0562
92.6277 8.6045
64.2342 45.3637
79.0676 52.2058
21.9111 32.8993
23.9579 50.5206
5.08602 74.4236
97.062 75.0637
23.3015 94.4373
84.105 32.5964
28.8527 56.775
5.62122 72.3626
1.71963 81.4437
46.5277 54.393
70.906 18.7692
12.1972 74.0746
98.4221 2.49627
70.6215 74.6328
95.9243 22.9414
82.7255 81.934
7.21132 99.5912
41.7339 53.5782
1.6686 40.8806
93.149 28.3428
95.0202 57.339
77.82 87.7493
40.144 79.9288
54.3914 55.2954
73.5082 79.1132
55.9791 78.5661
86.6839 21.9151
57.7506 3.29243
63.667 78.0698
76.6337 21.8801
32.7758 80.8385
83.3419 59.5461
90.8101 97.0637
37.4607 44.8681
84.3928 73.1985
85.3473 26.469
24.9216 67.4428
90.8183 78.7706
21.4098 85.1093
97.1271 76.5338
71.6935 50.4546
61.7611 30.4388
29.4559 99.621
4.59403 73.4093
32.0985 59.7619
54.3952 14.2688
87.2876 6.98909
29.4388 74.8337
12.1141 24.1338
33.0785 27.8877
23.9817 64.6501
71.3688 97.5972
35.16 66.8604
40.4859 63.0119
14.3182 32.6036
17.0075 75.8442
9.05679 21.5522
47.1727 36.0755
11.5834 24.6645
13.1616 50.5445
94.0865 57.4359
29.1311 98.3077
2.86833 65.6977
95.9379 10.3245
80.2134 79.8487
96.9555 91.2143
49.1935 74.6875
21.135 99.5786
69.3964 78.3294
98.242 79.0241
39.2822 66.244
57.2941 6.29741
61.1432 85.2115
4.26177 48.9981
43.9046 5.22327
77.8567 68.5891
39.6022 71.6321
40.3726 75.052
81.4018 67.8113
63.0012 3.16801
49.7916 22.6399
91.383 3.11455
92.482 8.359
57.5031 57.7042
64.98 37.0772
59.8943 80.8645
33.3842 79.6339
42.2167 39.4333
35.6451 14.3107
18.8005 89.4056
94.6122 59.8612
55.7871 33.2643
27.537 76.5701
55.9671 47.7624
32.4326 10.1593
70.4205 2.39329
15.0956 91.0189
51.1629 13.6062
37.657 52.175
85.9568 54.3204
8.16467 32.2771
69.3528 29.6732
85.7021 10.7393
96.4858 43.8348
32.7994 72.3229
39.482 18.7399
86.6594 68.0831
79.5528 92.3196
8.1247 20.1734
0.690247 14.7963
37.457 53.3605
28.827 70.0583
34.2683 42.2116
10.6355 50.4446
20.9842 62.591
75.1729 70.1811
16.2546 44.5405
64.668 42.9265
62.7475 34.416
20.4336 52.6859
61.3539 55.5419
87.5869 10.7362
96.6174 61.2035
12.0559 3.1711
86.9043 20.1916
58.3237 68.5462
99.4957 86.7807
71.0629 47.4248
26.6367 84.9485
17.1048 58.1141
77.9446 93.7944
88.9788 46.2737
11.7174 96.6125
73.1582 14.128
53.5609 93.2039
85.0227 4.5699
44.2224 79.2295
21.3784 5.99846
69.2065 75.0424
4.38636 98.7254
4.33435 30.55
15.9179 9.9497
19.6463 92.3177
0.864257 83.893
35.8925 92.5229
53.8067 69.0162
34.4243 2.57563
35.3946 19.277
74.1948 74.8537
56.2755 85.0509
88.9025 98.1558
51.0184 96.8801
75.1873 15.9725
39.5964 93.259
19.9326 47.3756
96.7091 98.7028
67.5551 65.0609
3.13091 52.5053
45.2655 50.8947
3.75808 21.3338
20.3396 19.0893
96.8238 5.03522
34.5896 48.8883
87.7114 45.5962
80.2563 73.5552
95.7786 48.6499
51.4414 10.657
7.66204 98.4568
48.7605 12.8052
81.9042 40.2947
32.4768 8.09133
82.5105 83.3969
18.0365 38.4369
51.9727 91.3219
52.9007 12.5654
70.4816 91.995
28.2727 93.9758
99.5013 44.2562
61.9116 79.8528
50.8695 0.892775
