-28.7928 1.52733
34.7642 25.1205
-36.7812 -17.6298
-4.87744 18.6496
39.259 20.6524
38.7489 20.7573
43.9957 -2.97422
-41.6992 -1.27708
-15.1489 7.77306
23.4993 34.0217
7.87022 48.9563
-25.3382 -37.205
-3.36914 19.1642
-32.8356 -13.1701
-36.0039 22.7746
-11.7134 -24.1369
38.4661 6.06138
30.0496 7.93832
-47.4689 -12.8582
44.3799 -20.7784
44.5629 14.0765
-30.266 -30.2634
-30.1391 12.8149
21.5332 -39.1117
3.98798 -33.4403
40.3484 -11.2386
12.9644 -25.0004
18.1328 -9.39101
3.20416 -15.3998
34.2844 8.50064
13.0983 -17.6558
21.961 33.5613
32.9246 -4.95317
7.13431 -49.0449
13.3895 -35.7983
-3.77961 13.9285
3.07497 5.02467
6.39325 -25.8509
17.4991 24.1851
-24.8116 10.9092
19.4658 -16.7067
10.6234 25.7314
27.4187 -8.34914
-38.5274 -13.5065
-7.7891 -13.135
33.7157 -24.3079
-24.8049 16.3398
22.7599 -25.7377
20.0774 3.01861
13.989 -20.8368
7.22806 -20.0742
-23.9448 -1.05823
7.08459 48.478
43.7212 0.103168
45.7528 2.03299
-23.7045 35.8076
-15.4911 -19.5007
-9.20118 -26.0906
20.246 -30.1395
18.1138 41.4853
16.7925 18.7189
12.8028 -31.99
-0.932881 -2.61489
-11.0398 -12.6121
5.49815 -22.4045
-8.43227 25.5328
10.1534 -36.0452
-45.0038 -2.55187
22.9317 -12.4598
-21.2167 -6.97637
14.815 -0.912919
-40.939 5.87205
30.8813 -24.6898
7.60545 -46.1311
18.779 26.6157
-35.3307 5.17924
41.856 17.3005
-13.6853 15.7899
22.2144 -15.8971
19.1999 13.3521
7.50692 -19.3806
2.41948 -25.5682
-15.7987 -32.957
-16.5035 45.8236
-19.5461 32.1487
28.3032 -20.731
-16.1907 25.4578
10.5316 -25.0548
25.8668 33.4369
-33.5686 31.0954
36.5311 -31.0717
31.7964 35.8943
-44.3666 -6.7995
-11.8397 -41.2437
16.3382 21.0883
23.448 -25.3499
-43.5347 10.4641
-6.89009 43.8926
-3.19238 -36.5442
-1.4957 -49.6568
18.1612 24.3781
-31.0699 1.19899
-28.8847 -33.088
-46.7142 17.6151
-11.6104 -33.0135
-44.332 4.40221
-18.2817 -18.1725
18.2094 11.6414
-34.279 29.0912
-12.938 45.1136
42.5546 22.2508
-41.1676 26.0135
-23.4984 20.1972
-1.79404 -23.2146
-15.0904 22.5316
-23.4618 41.4834
-20.3495 -43.5944
2.68209 -25.1247
39.0289 -21.3005
-25.3886 35.5448
-46.7811 -9.92741
9.7871 -39.1023
-5.42237 -30.8102
-46.3741 16.9364
21.006 -15.9347
-10.3704 11.981
-44.7517 -14.3628
-15.9396 -1.53183
-39.2328 2.0413
-28.1269 3.76193
-33.0948 29.0648
11.2222 47.9168
-12.3826 40.32
12.8895 -29.8325
13.438 23.0981
28.4623 23.341
34.3705 -9.02112
41.1852 -20.2877
-19.951 -30.7155
-14.0635 27.5916
2.97192 2.38398
-10.3844 -0.312493
-29.187 2.45245
17.7373 10.6219
2.94464 -12.2338
-12.0576 12.9761
-2.05503 -30.5208
-18.2822 44.7453
4.52693 -15.9751
19.3873 -7.41102
-26.382 26.3043
20.3983 8.86769
33.8962 -33.0548
-23.6068 -36.0521
25.2715 -11.4931
-32.6587 27.5484
2.8145 37.6515
45.5696 19.1495
13.3794 -21.4015
-6.40175 -44.6953
-20.6015 -5.85492
-25.5545 8.85583
21.5097 -11.8758
-4.38775 -37.7742
20.768 1.54058
-11.8693 -2.64464
24.1023 9.43654
7.99074 -34.2343
-1.53602 1.06543
31.5941 9.96504
-46.1282 3.11763
-9.40609 8.68082
-9.0567 -38.8709
-30.8785 38.5354
20.1668 9.75544
0.766303 20.3782
1.94248 -45.9205
36.3389 23.7072
17.0037 -6.34978
-42.6455 18.3949
10.8052 39.4895
-36.5943 11.602
-8.3379 6.01967
11.7008 -38.07
4.12244 2.57643
-23.2956 36.8382
-21.9034 -42.4755
33.7718 -35.3373
-7.28819 1.74064
-39.0982 -15.7784
4.6358 -3.73898
-33.5108 -8.44952
5.19913 -27.3266
24.667 -35.0077
-9.83818 -7.75812
-32.5881 -15.9297
-34.8893 5.95103
31.6633 -14.6129
30.224 34.1648
-27.2972 -34.3446
6.46814 -21.9322
17.5807 27.2561
22.1506 31.9212
-38.0528 28.5665
-6.11609 -3.65088
27.5819 20.6797
-34.9525 -20.8983
21.611 21.4091
26.5735 0.586943
-35.9885 12.3974
-46.718 17.5504
-26.9023 40.8882
-16.4724 -36.0092
9.40108 24.0198
-23.5401 -27.0769
31.0297 37.0365
40.4501 -24.6695
19.8814 31.8939
36.4269 25.5746
10.0799 -15.4279
21.0966 41.4617
-31.4823 18.436
-15.9194 39.2445
-26.5018 16.0372
-11.265 -2.75337
-30.2788 0.353116
29.4133 3.08921
-40.6555 18.9793
10.5399 42.4937
9.55166 10.0165
-40.3842 27.6703
-17.2485 -10.3801
2.54755 -5.45206
-7.95245 -31.7839
21.7625 -5.66913
17.796 13.08
6.12788 39.9096
-7.48108 28.8234
-0.436625 -26.6222
-38.9528 -12.7637
-23.4289 1.17993
-17.7408 35.5655
-20.2401 35.078
-18.7288 -3.34472
-12.8793 -38.0715
-7.8969 18.0084
-26.3661 -12.3612
-17.502 0.919045
-25.579 -25.3226
-6.89359 11.4767
-6.69075 -30.3307
-15.7084 -18.0117
-39.9596 3.43996
-3.01024 7.07521
28.3902 -31.304
4.20194 32.8241
19.6361 -23.9018
-16.3389 -6.1966
-25.6503 -34.2258
-23.4804 37.4567
-38.6291 27.4617
-24.0227 -37.846
12.3748 9.41482
-33.0168 19.2196
25.5501 32.7739
29.6769 4.09666
4.2922 -21.1037
39.2761 7.25834
-43.9414 -8.55139
-35.8837 -18.2333
27.5276 5.47721
-15.5692 -35.1303
20.7624 5.97521
-9.36329 30.8652
16.6944 22.8607
-30.7731 -29.5258
-0.634709 -31.2994
-16.3375 -10.6427
30.8794 -9.83741
35.7367 33.2288
9.46049 -10.9852
-10.7001 -45.5815
11.3123 16.4543
-14.0599 20.0502
11.2553 25.5438
25.0655 -34.7212
10.1065 26.5338
3.79751 43.2583
37.5825 -22.7693
16.9596 -15.2188
-34.1497 27.1601
-33.3721 -32.7812
-41.5711 4.78232
-34.7918 1.70534
26.2875 -34.4698
42.2896 13.1939
-32.0895 18.3473
-6.50751 -23.5988
-4.74098 5.23979
2.14041 -47.5783
