64.6012 7.13842
40.4196 25.4536
2.31202 29.7142
61.1932 12.1476
22.7965 11.0832
70.2106 28.1479
78.2774 10.2492
97.713 14.8681
91.0112 13.6562
17.5282 9.58429
61.5453 22.7455
53.3818 6.21245
10.2852 3.3932
16.5281 6.30886
5.13095 5.15142
14.1155 6.72733
98.3646 25.4695
59.1335 6.92252
21.5493 19.4895
69.4479 16.2551
71.3186 3.11137
41.6211 3.92363
0.914629 3.06375
63.5886 21.4901
84.0044 28.1765
67.8418 21.0169
88.1966 14.9256
21.2853 25.5849
1.13313 10.4316
35.0188 1.84003
93.0809 28.797
24.928 7.06169
1.14396 18.904
72.1394 16.9689
93.2611 21.7069
73.6581 11.453
13.2492 5.97387
97.4496 11.8336
41.3291 8.8532
66.075 0.209302
97.573 5.61936
30.5952 23.7711
90.0906 9.05694
70.0659 1.93419
12.503 19.2948
93.3141 7.4851
24.2657 4.19661
5.98971 6.96039
94.7401 19.5228
12.7941 24.6786
