-17.5609 22.8619
27.8398 -22.8617
-11.706 21.6555
36.5739 24.5209
0.0164683 -18.5183
-12.2897 30.5965
13.8517 36.4828
-39.4801 -1.90053
-48.9067 -8.99807
-40.5361 -2.31346
-0.55702 22.9056
-19.7636 41.0165
22.7699 34.2153
11.7287 3.62859
-18.8502 -22.9483
-33.9788 31.0693
1.0915 36.8823
2.72261 6.34151
-44.5025 -8.18877
-4.99929 -47.7826
-46.4357 -11.1573
-26.4452 14.2058
-31.2612 -30.399
33.1323 35.9677
-36.2124 16.7548
11.2674 -14.318
37.6753 23.7567
-18.9688 -40.5371
-36.2574 -26.3196
18.9689 23.4381
0.78135 -22.3869
-8.95201 24.8806
34.1748 4.85842
39.7734 26.5822
45.4977 8.10895
-15.1994 23.1863
-22.5987 43.6716
-17.0342 -15.7701
-20.1846 -35.657
23.9104 -20.5451
-29.8834 27.5588
-25.3358 12.1628
-33.4029 24.6033
4.59679 -19.4266
20.181 28.3205
-27.7887 33.7357
-30.5855 6.19913
-8.19326 36.5343
31.5024 23.4109
4.86048 28.2686
4.43097 11.2331
-10.8728 14.6968
47.802 -14.2326
-9.77098 28.9691
44.7041 9.44444
-7.59318 42.4006
-2.46623 21.579
-20.3744 -18.7485
10.5656 -12.1544
40.7103 5.16739
-32.2295 13.3888
-6.49722 -8.24287
-38.975 12.8808
-43.7471 -0.373502
-8.38506 -25.9972
-20.0736 -5.41067
16.3716 28.217
-41.5999 25.3848
46.2368 18.4706
-5.39718 -5.78069
-31.0094 -13.3646
28.2945 25.1397
-39.6973 -6.5364
-29.9487 -20.5571
-18.314 46.011
-10.5521 -28.925
-45.1449 6.23429
26.1703 19.3358
-4.4373 47.0846
-7.70605 -24.8264
17.7898 25.0863
-39.7528 -17.9097
17.3218 22.1961
-42.5682 -1.79436
30.2109 -9.4936
-21.8111 31.9582
36.8097 9.31102
-12.4107 47.6964
12.1306 -44.9492
15.2287 -12.3609
12.7307 41.4111
33.1855 32.7975
-44.7886 -20.4849
8.38118 18.6371
-9.77919 -39.5867
9.97694 38.6864
32.1436 -36.8223
-10.4056 -39.7149
-39.4039 22.8887
-3.32456 -19.0814
-34.5224 -2.14727
-45.8438 -8.13645
-2.40804 -35.4238
19.4996 23.0915
-4.84713 -49.583
26.5711 -35.4637
16.9721 16.3794
-1.46498 28.9714
-15.4948 -40.891
38.9049 12.2104
-6.80553 32.035
-0.324164 -21.9419
-12.3101 -24.194
30.888 17.5375
-31.8622 16.7512
-24.7149 -18.465
-16.7493 -21.0748
23.3016 -34.1896
-5.15843 -26.8888
-27.3102 0.730068
-17.7549 2.78155
-17.4491 -31.3058
-5.09775 -2.54157
-6.77886 -48.7986
-12.2144 -14.353
-38.9273 -9.05579
-1.40899 32.2069
36.5043 28.1492
40.7425 -16.9813
-13.0178 25.9733
17.7965 8.88676
-34.9047 2.32572
2.87987 40.3221
23.3142 -43.16
16.2819 -25.9018
-4.53142 10.9738
36.5994 -17.4913
4.80938 -20.0523
-21.5136 -19.3501
12.1964 41.8474
41.316 -23.3934
29.3267 -29.2619
-37.6388 24.4492
47.7879 -10.845
-16.1147 -26.6099
3.76596 -14.3238
-5.62233 11.9528
43.8416 2.43979
-24.1043 -19.5211
-33.1535 20.7835
25.6275 33.8124
-22.8661 0.685762
-25.8864 12.5199
23.3409 -24.3275
-18.5291 44.0274
27.9395 12.901
-24.9903 8.21186
6.2863 -16.4771
10.252 -25.1923
-36.36 23.8948
-45.558 -1.8042
46.635 5.69268
35.5403 -34.7985
-24.0492 -14.4196
-9.53106 15.2751
36.0591 -0.382425
0.863503 25.0331
14.5227 -5.30012
34.3033 -29.5426
-44.881 11.5852
-5.13054 -24.6441
35.7068 -0.873111
-18.1149 6.61455
-36.7622 29.2971
12.9608 -6.64398
8.13616 12.8096
-34.3718 2.69015
6.46533 -18.4569
-28.2849 15.8865
-2.94951 23.7431
-29.2962 19.512
-16.7518 33.2022
-17.7891 -8.47289
-15.2012 -27.1331
-0.00755034 6.59702
30.4373 -8.37364
-36.8061 -16.3404
34.1231 -32.868
-40.2241 25.6532
-27.5199 31.9349
-11.7286 34.7479
36.0828 15.2156
21.3157 25.8233
5.77698 -1.00411
-24.1117 27.9613
-38.4941 31.2644
37.1113 19.1912
4.3496 39.1764
-39.7652 -26.9153
16.1794 19.6632
-20.981 -20.8929
-7.79859 -10.558
-2.21302 -23.7604
-29.483 1.99816
-31.6783 -35.0186
-27.2911 31.615
-25.7134 -22.7406
-9.10829 4.77857
-31.002 3.93902
23.7381 27.971
23.1684 37.6203
-40.6623 -27.5841
33.2046 32.4908
29.5267 0.0911906
-35.8854 -19.6465
45.2346 -17.1536
-8.36042 -22.805
-20.2441 -29.7923
-38.3447 -12.412
-30.4495 31.498
5.15009 -36.334
21.2391 -40.5532
45.1286 -7.41406
-23.872 -34.9577
-33.4423 -26.9211
-39.8608 -7.32607
26.2424 42.2533
-43.4247 1.65071
24.9217 37.2448
-32.5025 27.061
-28.4975 39.9498
0.742835 15.3895
-36.7479 15.5524
34.4352 13.4712
40.7569 21.2465
-40.021 -0.136025
-23.7961 20.4956
-21.8774 3.90752
-0.312573 -29.1641
7.43411 34.0384
-10.547 44.6111
49.0114 3.16023
15.9552 6.77778
5.57777 -10.1954
1.58837 49.8531
-18.4666 27.0169
45.6969 -1.61979
18.0486 0.184337
-6.51842 -26.8304
27.2033 -0.299709
6.43397 14.6484
42.0047 9.20906
28.4476 -9.95682
-34.4064 24.0319
-15.4794 32.7608
25.8656 34.3472
-2.30264 -27.1497
-4.13321 -17.0922
45.613 -4.55063
-30.0744 -14.997
-41.1851 15.2607
15.4497 -18.1337
24.1581 34.5942
24.6543 39.7052
-21.7742 -19.6896
4.41775 -23.2934
-15.2806 32.976
-4.32137 -49.54
-5.64832 10.2322
-42.7238 -19.3448
30.4795 -21.7553
-28.8276 23.939
-40.1587 29.5835
-10.3078 -16.4195
1.48761 4.30985
24.9766 30.3719
-30.2575 -6.56479
-14.8336 42.4452
11.4396 -25.3548
10.7058 -10.0886
-10.6083 5.94927
0.0867735 3.67988
-42.3386 -12.4583
26.0212 22.8629
23.8542 33.2696
-24.1805 9.14998
-4.81782 24.4602
-36.1847 15.9448
34.5344 28.3686
-2.47252 -42.9653
24.5221 21.5491
33.5716 -7.29821
-41.952 -20.9625
31.5561 -14.2912
-22.306 35.1152
33.6773 27.0744
-10.1322 -22.3593
-24.4256 17.5142
32.6567 28.4203
-15.2983 -46.2258
-11.8524 -21.4444
14.6563 13.9355
-17.005 -38.0907
17.2435 -42.3209
15.2952 -22.088
6.32325 -24.9301
0.361737 48.2998
43.6492 -23.7125
18.4915 35.1079
-21.655 0.805093
26.8519 -21.8312
36.066 -18.5274
1.28816 43.8334
-40.4682 -21.2284
-40.4719 20.6646
29.8959 -8.06558
-18.121 -16.8465
-6.87361 3.94853
-31.67 -29.797
-14.7899 -30.0812
-2.12494 -30.7084
13.2465 -43.3487
8.86821 34.5137
-24.4482 -1.75443
-46.912 -2.35056
35.1301 29.706
-23.684 -36.7173
-24.6706 -38.9346
-47.898 8.28162
2.30657 -24.4332
-2.94505 -4.40616
14.0159 -6.75985
-32.7094 16.7668
21.8557 -20.8211
8.25339 39.6832
31.2186 -18.3253
-34.5164 24.729
5.94279 -0.0415249
-2.43235 11.2209
18.6298 15.6682
47.0395 -8.97993
-44.1436 -8.77923
17.3906 -32.0384
-19.2853 -32.2237
30.0449 -10.5666
-5.9887 36.5428
10.8669 -46.4603
-13.2243 -34.4648
-34.0271 -10.4657
38.0938 -23.9148
