1.98842 -1.02974
-1.16253 9.86812
1.15092 17.5361
0.719836 32.8139
0.140738 38.208
0.444628 50.4726
-2.78184 60.2177
-1.31226 67.1489
-0.518279 81.2682
-0.578148 93.5757
11.9202 1.96593
12.3306 6.10708
13.7892 17.0809
13.8008 28.5776
7.18952 39.7443
9.18113 50.5075
7.45853 62.0664
11.6936 68.4896
10.1972 78.4939
8.6379 93.7879
20.3628 -0.695587
18.459 9.7259
21.6569 19.2474
18.7977 31.5062
21.5271 36.1216
21.1027 48.2344
23.6997 61.5999
20.0475 70.3159
17.3121 78.3637
21.6285 87.5751
30.2748 -0.595929
30.4433 11.4747
29.636 23.1402
28.1215 31.0979
29.9203 38.137
31.1061 50.114
33.3459 60.8345
26.9619 70.1884
29.6007 76.2877
28.5191 87.6344
40.0752 -2.59551
38.9757 11.6368
43.3529 20.3692
39.4308 29.5766
37.6888 43.4579
41.9817 49.4343
39.3776 63.2559
37.7062 72.0656
39.9014 83.6668
39.6734 87.4644
49.0346 1.11984
53.165 8.06528
48.6053 22.8186
47.3649 28.2971
46.7296 38.8604
51.5849 46.9845
47.817 60.2438
51.9942 72.8833
48.7553 79.911
50.5086 89.1716
58.4821 3.89464
59.1042 13.2405
58.6147 16.2793
62.5825 29.3812
57.6923 39.492
60.8698 48.5575
59.5988 56.6833
60.611 66.0862
61.1538 77.8982
61.2752 89.941
68.5283 2.45683
70.7374 10.9709
72.9776 19.7074
73.0507 31.406
71.2802 43.6933
67.5863 50.1261
72.8415 59.9832
73.2763 72.0822
69.6642 79.8062
71.3729 89.2812
82.4439 -0.631295
82.7172 12.105
78.6629 18.4233
77.5659 29.0069
82.6911 41.5684
82.471 46.2708
82.5666 56.4175
81.013 66.1864
83.7537 83.9082
82.9801 92.4169
92.9306 3.74296
86.0331 7.89426
88.9185 23.5746
92.2745 33.159
89.4142 37.3187
88.2547 53.2702
92.0702 61.0536
91.8306 72.5705
90.6468 82.2547
87.3847 86.6081
101.053 -1.55408
98.7952 13.687
100.042 22.1409
101.11 32.1756
102.726 42.3246
103.167 53.0704
96.2503 58.2628
96.3505 68.2867
97.0787 79.8109
99.8557 89.3199
108.268 -2.07534
113.132 10.7359
108.643 20.0356
112.113 32.3711
107.038 38.0456
110.217 53.4077
113.709 60.2891
112.633 71.5318
110.347 77.307
111.784 91.1752
120.529 -3.03643
121.079 8.75235
123.272 17.0229
117.33 29.8594
120.105 39.9116
117.96 53.3112
118.544 63.5191
123.992 68.9119
122.139 76.8878
117.11 90.3605
133.519 3.74734
129.971 10.6806
129.351 16.7669
130.158 32.2693
128.107 38.4032
133.055 46.3294
133.587 61.4084
133.19 72.2857
130.137 76.7209
128.628 92.4161
140.714 -3.90618
142.924 7.89508
140.521 18.528
142.094 26.9236
142.759 40.3497
138.492 53.0443
137.629 61.1689
137.467 73.3699
137.865 78.6062
139.873 91.8605
148.759 3.46737
146.447 13.1507
151.997 19.2874
151.875 29.9829
149.82 36.2431
149.103 50.9686
149.619 56.3241
153.917 70.8159
147.745 77.6726
150.307 92.1024
162.845 1.71942
160.891 10.977
158.951 16.725
161.413 30.3615
159.669 36.1015
156.046 53.4284
158.904 60.2608
163.033 71.8531
162.445 82.7607
162.477 89.4045
170.705 -1.44401
170.548 13.4085
168.478 18.6995
172.753 30.0779
168.932 36.1526
171.668 46.5218
172.472 56.7501
168.309 71.9326
168.72 82.933
170.41 91.6053
177.981 -2.79209
182.148 13.082
178.744 16.2596
182.18 32.4447
181.346 37.3272
182.455 46.8163
178.001 56.6902
179.42 72.5419
180.313 83.1721
182.219 88.8065
189.62 2.74777
190.598 12.3537
187.699 23.2567
191.328 30.6455
191.771 38.145
193.097 47.0585
190.066 57.436
186.343 71.3304
192.962 83.8332
188.492 93.9133
198.7 3.83566
200.711 10.7985
198.701 23.4748
201.263 32.7684
201.214 37.865
196.769 53.8549
196.008 57.2925
198.369 67.2156
198.199 77.3904
202.657 89.6362
210.473 3.99145
212.174 8.43424
210.733 22.7329
213.291 29.699
212.522 42.0159
207.418 50.7156
209.903 57.9353
207.48 68.5502
213.185 80.7093
209.244 92.5503
220.814 -2.65498
216.857 8.22211
221.019 20.2069
218.771 33.4338
222.936 39.0923
216.755 50.7842
217.923 56.2987
220.74 70.4715
221.366 76.4361
220.873 88.4868
230.495 -1.98486
226.834 12.0818
233.913 19.7257
229.72 30.5945
227.992 41.9255
232.639 47.9569
231.161 61.3848
226.601 67.3926
233.61 78.3242
231.67 90.6729
241.602 2.62775
240.369 7.4586
243.868 21.0693
241.403 31.9353
239.617 40.4424
240.129 53.486
241.49 61.8555
239.902 69.5256
242.562 76.7437
242.53 92.0637
248.363 -1.51931
246.692 6.49257
252.147 18.7412
249.056 27.9309
247.768 41.8116
251.92 53.7944
253.687 59.7043
250.204 72.8857
252.482 81.6945
251.863 89.5984
259.727 -3.27193
263.441 10.08
260.066 22.2493
258.593 30.8418
262.591 41.2967
263.103 49.8276
262.389 56.9955
262.485 70.5675
257.94 79.6011
256.811 90.9121
271.483 2.51033
272.55 12.7063
272.34 17.9701
268.695 29.4267
270.761 42.6618
273.19 50.5027
273.705 63.5099
271.707 73.0632
273.73 79.6329
267.835 88.5363
281.218 -1.02919
281.148 7.58771
277.213 20.8597
279.9 33.3456
278.284 36.1869
283.078 52.5167
276.704 60.2183
282.341 70.0947
276.654 76.393
283.763 91.3173
289.996 1.55352
288.389 8.26403
289.095 22.6328
292.034 26.3416
288.37 42.2835
287.192 46.1539
291.172 62.9509
287.742 73.7127
288.737 76.9681
293.349 86.0316
303.636 -0.863034
303.372 10.2901
298.584 16.3568
299.949 32.7908
296.647 36.566
300.017 48.0151
300.055 63.1057
296.286 70.5426
302.882 83.8346
303.459 93.8066
313.226 0.0377769
309.477 12.8492
310.883 18.0347
310.545 32.6261
313.048 36.5963
308.905 53.5988
306.494 61.3702
310.156 67.2247
309.001 81.5804
307.509 92.6861
318.995 -2.36972
317.072 6.99683
316.736 16.7341
323.452 28.5879
322.598 42.7303
321.983 46.1558
322.318 57.0595
323.244 70.1638
320.99 76.6704
316.45 86.3816
