40.9919 22.0103
91.0691 11.2822
58.3363 17.4172
21.592 22.8564
3.83307 26.9168
67.4019 27.1583
13.8171 15.086
64.1705 20.5743
8.25089 15.1599
86.0632 1.5836
17.5032 20.6671
15.5414 21.4022
88.2271 7.7439
85.5564 6.56123
86.9454 19.1895
61.0246 13.7508
92.1411 5.69361
25.2558 20.0124
88.1544 12.9261
93.874 6.74226
85.657 1.78989
93.3112 22.1845
9.76887 1.0753
96.0163 5.96135
96.7783 11.9204
63.3965 22.4348
63.6178 3.76042
74.5168 19.4629
13.2621 4.67964
83.0574 14.9541
28.2368 22.5222
60.5374 22.8748
21.9225 9.37314
90.5115 1.10199
3.56727 19.6109
35.1089 12.28
77.2591 6.20958
97.4368 15.5068
48.0266 3.89371
72.9682 9.3715
26.1627 22.9344
9.51394 9.77954
86.9911 2.81172
57.3468 14.9805
32.3857 3.2721
2.04822 15.2187
77.004 28.7243
65.8841 5.55571
85.9872 5.64173
86.1743 10.7133
89.149 26.4451
85.2053 1.75942
75.8898 14.9028
43.628 29.1533
92.4214 12.9614
33.4284 3.31012
22.8923 29.5725
52.1277 2.22153
0.657183 29.3772
84.2809 0.787135
98.6958 18.1015
57.0991 17.4878
7.04992 13.4814
68.3802 28.8489
99.2633 19.5612
34.2283 12.4533
0.439585 7.33057
55.1025 8.01255
33.7199 1.79947
69.0236 23.3822
70.9616 29.19
70.2025 24.2572
71.2068 18.3788
99.5864 7.68977
55.9546 28.1778
26.8483 18.658
9.7723 12.353
47.4022 25.8592
12.1317 0.951099
47.4066 25.7476
72.4929 1.34173
70.1067 6.29619
67.4343 3.56251
9.30417 20.1647
98.1622 21.8497
53.0624 26.0881
96.332 25.6201
3.88441 5.13591
30.6107 16.9261
67.4237 17.7491
63.1917 21.9125
56.6929 11.9631
92.1875 21.0511
9.71193 3.32494
40.615 1.89033
9.30351 15.1941
44.5725 21.1002
91.46 15.1271
64.8501 24.8798
25.4677 13.1121
30.6325 23.4206
94.756 14.0922
71.27 7.03285
53.3363 9.32299
12.7787 28.1152
92.712 9.03124
79.7474 18.1315
53.9585 3.72552
69.9833 0.53072
23.4706 7.82214
65.9547 21.8827
67.5363 7.1599
11.4274 9.55357
93.5337 1.45717
15.0021 29.528
81.5433 6.96887
70.2927 4.80421
49.2417 21.9386
30.0054 0.496296
2.58144 27.8668
20.3769 15.5827
18.1758 19.3973
2.7073 2.07835
72.968 7.31212
90.4433 11.1289
7.50375 16.814
37.3686 3.14285
81.1427 9.39236
28.4196 17.4552
63.9518 20.5697
98.0819 10.276
69.7569 0.741997
6.62695 15.2108
72.41 9.93227
30.5269 9.31209
13.0564 27.6294
60.4683 17.0355
25.7979 17.7732
72.8467 7.02195
29.354 9.60067
