5.35457 41.0995
-30.9387 21.2909
-28.1666 11.8452
-3.55776 27.1783
-36.5411 23.7692
-0.579483 37.7363
2.17682 -47.9975
-3.36684 42.5891
47.7502 9.87335
40.2489 -21.9442
42.6099 -20.3123
-17.511 27.6379
-43.0476 18.6787
14.9565 31.0239
-30.4389 18.3812
14.9645 -46.9768
36.3573 20.5621
33.9112 -35.3012
-34.4798 3.37029
-4.97404 12.869
21.6159 0.119355
-7.44824 -18.7635
-40.7822 -5.43699
-7.72343 9.41367
10.3852 -14.2133
16.1496 -36.855
17.7522 -36.964
-20.4981 -35.2221
34.2859 17.1635
-34.7294 31.293
15.8755 -32.2576
-2.97329 -32.0589
-24.1963 -31.2908
17.6618 -11.838
37.249 31.418
-40.5891 -26.4996
-12.9654 -42.6083
-4.98642 17.8357
-0.698461 49.5424
16.5608 -46.3661
-26.7981 -17.3941
-29.2226 -18.2792
21.8484 -12.1361
-10.7578 31.8849
-10.0621 44.6512
34.0294 1.35208
4.49567 -38.3912
-39.1889 17.0579
-17.0845 4.78993
16.1091 -19.5698
-2.54609 -31.4686
-42.2331 22.4973
-37.8148 7.42196
-17.243 3.12815
10.794 29.8196
-36.7366 2.03299
-37.9912 10.4514
13.2152 -45.3571
32.427 35.277
-31.8287 2.47616
-40.4822 27.419
-10.1605 -12.2376
21.4092 6.1561
-18.3282 -40.3187
-0.611989 -5.43224
21.0424 -16.8081
-28.975 -34.5114
32.1918 -2.40576
-8.86742 -47.197
28.0225 31.3275
-14.4529 0.749277
-20.3242 45.2079
-34.1987 -22.7775
13.8227 46.0084
15.8553 18.0657
32.3794 -8.57907
40.6826 -11.4752
-2.45264 -49.8472
-6.77933 30.4971
-48.1519 -1.86203
12.674 34.809
-16.912 -40.2183
43.773 -11.779
20.0627 -2.16508
-31.7354 6.96709
36.4482 -13.4686
-24.5326 2.02117
9.12723 0.547126
-15.2329 40.1994
-14.3153 -46.7045
-25.1964 30.6867
-30.0616 -9.79694
-0.936463 -12.0281
2.357 -47.445
-15.8283 -14.3062
34.1955 -15.3686
-24.0094 -42.1
-27.6273 9.94301
-40.3786 -24.8998
-21.3741 -4.11842
46.4342 -3.70755
-15.8174 -25.149
-6.39744 -32.6144
40.1612 25.2124
-14.9218 33.0438
38.3015 -10.4179
5.39995 -7.32726
23.7183 -5.40557
-22.4711 5.92428
13.671 19.6743
-12.5599 -40.4654
-14.5154 31.5417
1.23322 -4.08992
39.3644 0.641158
39.0539 28.828
-15.678 -6.64437
-3.48698 25.5756
23.595 -18.8778
18.5355 -36.9382
-29.2827 -20.193
-18.0987 8.65956
-37.0193 -10.1032
-36.5607 -3.779
37.3669 7.17274
-28.2864 -16.8727
14.6624 -21.5751
28.2973 12.5852
-1.97526 14.1162
-17.0468 -40.083
2.52192 -45.0903
28.182 -1.3334
18.9713 -45.0591
13.2617 -36.0079
46.7688 -7.38601
19.3075 30.0974
37.3923 -3.09842
14.3555 -19.8955
4.42334 -1.75952
30.8644 38.8379
15.0091 12.6628
19.9853 10.35
1.04994 -12.0106
-2.31174 39.561
-11.1148 -32.1894
40.0489 18.4254
23.873 -10.8298
21.0895 -43.1473
34.409 -24.61
-31.3754 -27.8515
-37.0767 18.1338
11.7903 38.9679
42.4678 25.1112
3.20658 17.1182
10.2269 13.3053
19.9229 -25.1667
-12.5881 -33.0918
-43.3365 1.70531
-3.14944 -31.665
13.2792 4.72031
45.4405 -16.799
-43.9189 18.7952
35.3908 16.3462
5.78493 -31.2077
-46.0674 -16.6431
-4.08335 35.6277
-9.64476 41.5902
-19.0745 -23.7608
24.6018 8.25911
23.0671 -28.7966
-11.6132 20.2614
-2.48939 -10.8781
14.7284 38.7728
20.4752 -4.33248
22.2233 41.2234
11.1382 6.19552
45.4843 -1.53988
-24.2594 25.8746
26.7485 5.27772
3.66431 23.6363
-13.4133 -29.7975
-2.75651 -26.5083
36.778 1.26016
-35.7274 -2.82302
-18.6305 30.4607
9.15542 25.0968
-16.5373 -1.02836
-31.4383 31.9757
11.6617 -37.0194
-28.3153 -12.2694
20.9273 -39.3697
41.1862 -5.52258
45.6983 -1.66626
-22.3701 40.7364
-6.04491 11.2479
-18.0558 -6.94675
21.5042 -24.6302
-46.652 9.732
40.708 10.9132
-24.5537 -10.6005
-30.5245 0.182128
-42.1513 -6.3287
24.7336 -11.3449
-14.3837 -9.68747
-16.0996 -18.4987
-12.0379 33.4831
4.81066 -41.4547
17.5516 -31.459
-8.11699 -37.911
0.525821 27.1987
-36.4282 23.4582
7.20194 10.6517
17.0656 -2.13011
34.0189 -35.0621
-31.5622 19.8836
24.216 35.4973
-0.450117 5.07072
-3.09546 26.555
40.5357 12.2462
17.251 -5.19147
-12.4449 21.3168
-10.0524 -12.3727
-32.5367 -5.41792
19.9693 -6.82782
22.2351 -25.4979
-31.4497 -0.041787
36.3173 -19.514
23.522 34.2233
-9.19453 -3.28104
-17.8827 -33.7559
-6.83108 11.2681
-6.10638 11.9943
-3.15488 -18.7419
-28.6913 37.2094
45.0093 -17.0022
-18.5882 33.6879
9.52412 41.6696
4.53592 -38.3201
11.7609 -11.1229
-11.9553 41.4184
28.0512 -36.7089
-22.9487 37.5015
-36.8499 13.8797
-39.1521 24.792
-18.4804 -35.7998
-28.9316 26.2938
-35.625 -7.72406
-17.6193 -42.8876
5.90601 12.1658
-12.1434 -38.4013
-28.8887 -38.9543
-44.425 -7.80154
-15.672 -46.4094
9.41224 -41.3054
33.0668 30.0331
-18.9278 0.502059
-15.1061 41.9767
-5.61038 -5.90003
-42.4789 -6.34884
-15.0629 44.8719
-5.73613 -41.5053
25.9349 16.4771
-47.7873 -11.828
4.87249 47.4046
-14.4923 -26.4926
36.7124 -19.1577
-39.2955 -17.8912
-25.1159 -39.6143
-22.3446 -22.7607
16.9642 -46.6793
7.83922 -21.9252
-12.4518 17.202
-3.68855 -39.7699
-38.679 -9.20891
-7.65807 44.4795
-27.9744 28.3992
-6.26343 10.0965
-39.5056 16.9188
18.2793 20.5428
-9.89661 -28.5476
-20.222 -15.4387
-27.2543 -35.3108
28.4938 18.4627
46.4201 8.14781
39.9077 12.5035
39.9047 -17.8153
28.3775 6.63449
10.9062 26.668
1.89215 17.6509
43.3086 10.9863
-21.8113 25.1679
-13.756 26.9394
-5.98588 46.161
17.1936 -36.632
-7.25704 -44.3556
37.4046 -15.7977
49.8338 2.33916
40.7592 -19.3002
13.3761 13.5663
-3.50717 -33.3727
23.0998 44.1923
-0.773976 6.68376
-7.16346 -36.8363
44.5986 -0.0208724
-27.7608 -40.8465
-24.6172 13.1411
-45.9748 13.1177
-10.3421 -20.5095
39.5206 -21.9066
-43.1159 16.1046
-22.1775 -24.6574
-14.6034 38.5153
21.888 -36.1477
11.789 28.7351
-1.88149 -17.7204
10.9065 35.5874
-10.6222 36.1395
-22.6105 -28.2627
5.40494 49.5339
20.6736 33.3475
-24.2337 -37.9502
4.89333 -43.3222
32.3435 -32.0675
10.0879 -11.5579
-33.2618 21.4465
22.7831 6.07775
4.99869 49.2002
34.8821 14.8712
-6.3043 8.84868
-4.82675 -36.1977
-35.5596 -29.2276
24.8338 32.487
18.7408 -16.7864
-18.9273 -28.6124
-36.9967 11.9223
4.72511 -27.7358
-7.2979 -38.1985
-0.345683 -15.4008
14.1938 -24.1901
-22.5684 -1.91956
2.19856 -25.65
32.2536 -2.94201
16.8841 -5.57136
-17.7708 29.8619
7.86401 -30.7665
-24.9898 -8.47255
42.1656 -5.94689
29.5677 24.6007
7.34972 6.39605
-16.5686 -20.3206
-41.5589 22.9671
38.9479 27.8604
17.5375 23.5216
4.35812 46.5327
-4.75515 41.2777
38.2452 26.241
-15.961 -42.0083
8.67941 -14.086
5.51604 -22.7067
-21.2831 23.2309
28.0814 -31.5436
13.7641 27.6523
40.2091 -27.1249
-23.2438 11.6084
16.9361 -34.3482
-39.5302 -5.9239
34.7057 -6.52443
12.4853 35.1015
-36.9942 29.7151
-47.4693 10.3872
-9.91667 20.0597
44.6722 -7.61439
32.3443 -8.44953
-4.05635 48.5444
17.0758 -40.8261
26.3296 -20.8935
4.89627 -23.7856
12.2037 16.854
15.3874 32.0595
21.0416 41.0081
36.9078 -25.0673
-23.531 23.6064
30.5391 -38.3964
-19.4131 -38.1664
-25.1862 41.2843
-28.4945 -40.3847
3.96103 -1.49655
-13.296 10.362
3.79507 -13.3701
4.63758 -9.4036
1.48394 -45.8609
16.8489 -42.811
-39.4929 -19.7222
-16.6022 -47.0497
-1.653 -8.83864
11.9298 -18.1026
-35.3203 -14.6126
2.75898 -8.95094
19.0102 34.2106
1.94092 47.8035
-17.2261 22.5325
