3.30704 -2.877
2.44813 8.67415
3.38497 20.7817
-2.57193 32.4613
-2.41939 39.0375
0.232866 49.0695
1.41931 56.7462
1.87147 69.7169
-2.03856 77.1247
-2.88921 90.5264
8.0341 -0.148629
13.5105 13.1335
12.6383 22.0314
7.68432 33.1047
13.4699 36.5263
9.1231 49.8148
13.0526 57.0768
13.6889 70.1862
13.4984 81.1404
8.03303 93.1042
22.3507 1.44628
18.5276 8.20273
19.1764 23.186
22.3607 33.4729
18.5766 40.7377
23.3674 47.1161
23.4193 57.0353
23.1403 68.9085
16.7793 82.8842
16.8238 86.005
30.5016 -2.29559
33.1486 7.30876
32.1177 22.8372
27.3768 33.9194
26.4438 37.7262
32.5904 46.598
26.5651 60.7182
30.4776 68.4045
31.9483 77.2508
28.5073 91.5026
43.7369 -3.22465
38.2923 6.32668
37.901 22.1727
42.8902 30.5467
37.5946 41.7887
41.3904 49.5405
41.3251 63.3543
36.4861 69.9235
38.1121 79.2969
37.4671 86.8298
51.6183 2.5105
52.6793 13.9127
46.9959 17.1187
52.5678 28.1133
51.971 40.1273
50.0598 50.4909
46.6972 61.6447
47.8997 67.534
51.6371 82.8411
47.4636 90.2222
62.3306 -1.05817
63.3762 11.9703
57.1598 17.7126
56.7305 27.1272
56.1688 36.6524
56.4617 47.3429
58.356 59.0964
58.7424 67.1046
62.3737 81.4762
61.7174 87.8396
72.7145 0.45136
71.2301 6.77941
66.7747 21.9023
73.6737 32.9174
73.8934 36.4207
73.7398 50.9608
67.93 58.6989
73.4093 69.3278
73.8371 80.6834
73.1703 91.357
78.3728 2.09172
77.1468 6.04748
77.6132 20.924
82.8531 30.3062
83.5348 43.9596
77.7698 47.6674
81.4207 56.923
79.284 69.8585
79.6408 81.6054
83.8752 89.3387
90.3641 -0.9311
89.6273 7.22648
88.3541 17.2139
90.7806 32.6947
86.5896 38.4185
93.941 52.0151
86.8936 63.9878
90.8339 73.7565
87.2774 76.7173
91.5782 88.0145
97.7684 -0.195317
100.304 9.53444
99.6414 17.5921
97.5362 29.3144
98.9734 39.338
103.057 47.7343
103.983 61.9617
103.923 69.8925
97.2426 79.0342
101.314 87.4463
109.825 -2.62561
110.186 8.76354
110.469 19.6408
109.268 28.1646
106.385 40.6489
107.673 47.4796
113.614 57.9168
106.302 67.6849
106.592 81.9849
112.309 92.8132
122.606 -1.73516
123.207 9.91837
120.46 22.0002
121.485 33.6426
116.907 41.8998
123.512 47.066
120.749 59.5999
117.357 67.6884
120.717 82.5545
120.873 93.3148
130.78 -0.850524
132.509 8.62031
130.632 22.351
126.916 32.7379
133.124 36.0079
129.73 49.3927
132.307 59.4479
129.215 68.2007
128.176 79.6471
128.577 88.7001
139.137 0.331381
140.112 10.6973
136.586 17.9223
139.317 31.5108
143.011 42.3475
138.356 48.1611
139.907 56.0027
143.036 72.2551
139.77 83.515
137.036 90.0595
150.716 1.63392
150.729 12.6457
153.861 23.4412
148.447 31.9221
149.411 42.4294
152.747 53.818
149.446 63.6822
148.208 69.3264
146.252 81.0724
149.988 89.9691
162.877 0.361739
157.36 11.4935
157.846 17.8379
156.426 26.73
156.358 37.4445
156.621 52.5982
157.358 60.2679
159.233 67.9932
161.089 78.9884
156.93 93.699
171.036 0.179145
166.262 12.923
173.091 22.8151
169.854 31.7083
172.633 36.5687
171.841 53.8804
169.57 58.2557
173.971 72.4926
173.706 80.2037
171.958 90.7556
181.89 -3.12107
180.358 10.6195
181.206 18.5579
180.974 29.1221
178.336 37.3749
177.312 49.365
182.012 56.4903
182.271 69.1327
179.226 80.3684
183.167 87.4244
187.488 0.0997701
192.442 7.37063
193.237 16.9157
186.484 26.9926
192.321 41.7834
193.603 52.5767
188.616 62.0288
189.386 66.6922
187.769 82.8484
186.292 93.8848
197.844 0.0873038
200.285 11.9457
199.835 21.472
201.734 26.5966
201.271 36.7538
201.373 53.5797
198.374 63.3283
202.17 70.5204
198.781 83.8305
198.09 91.9143
208.334 -0.804373
213.779 9.26103
210.144 19.1452
211.153 32.1411
209.805 42.3145
213.83 48.849
211.229 62.2084
209.296 67.313
211.356 80.9234
206.638 87.7605
218.694 -2.61951
216.033 12.5672
222.833 21.3636
218.063 30.7275
218.315 38.4983
217.181 50.8888
217.454 58.8925
223.283 73.5988
217.018 76.8769
223.442 92.5224
229.974 -0.372236
232.911 9.62457
228.86 21.1775
227.46 28.579
233.619 38.9506
233.755 50.6739
226.091 63.2972
228.668 72.1889
227.209 81.7391
231.172 91.4875
242.32 2.10051
241.117 13.0027
241.133 23.9812
237.946 26.3085
242.314 40.893
243.966 52.2605
237.229 62.3596
236.512 70.0921
242.292 83.8275
243.737 86.7948
251.409 -3.43501
252.353 8.69214
252.092 21.4042
247.002 28.9543
247.154 36.0879
247.576 47.5898
247.717 58.4378
246.821 72.714
249.142 78.7887
250.732 93.8388
259.581 2.82896
263.346 13.2
260.799 21.6378
258.678 31.4186
260.413 36.4588
263.338 46.3129
261.525 60.5366
260.719 68.7675
262.763 83.7763
259.72 89.4555
268.388 -2.58834
273.092 6.05143
267.673 23.5525
272.258 31.6728
269.046 38.7312
273.039 53.143
272.092 58.9386
267.146 67.5975
269.09 76.696
270.122 86.6097
282.303 -3.13293
283.577 13.3387
280.493 19.0281
281.773 29.7274
282.265 42.1723
280.451 50.5986
280.856 63.2667
281.25 68.5931
279.753 82.4956
280.572 92.7402
287.275 -0.0953643
293.775 7.05404
290.318 18.9648
292.842 31.1937
286.632 37.9609
287.131 47.052
291.665 60.267
288.891 72.1013
288.585 79.9459
288.956 93.607
297.946 -0.685884
296.816 9.93195
302.661 16.1909
299.506 32.0585
301.453 37.4009
302.017 52.5865
298.621 63.9419
302.779 67.424
303.815 80.1825
298.601 88.1837
307.607 0.618703
313.851 6.96748
310.656 19.2062
311.537 27.7714
308.341 42.056
312.125 51.9636
313.835 59.1099
311.274 69.1637
309.295 80.1872
313.595 87.3984
316.864 -0.145058
322.981 6.99583
318.13 21.9129
316.278 26.7921
318.67 40.8572
318.74 52.3248
316.962 59.8939
320.828 66.5922
322.614 82.2953
321.09 87.0701
328.068 -0.317541
327.007 10.8319
327.876 20.8833
332.159 31.2369
329.205 43.8293
328.476 47.1852
331.578 58.9716
328.712 72.7306
333.227 79.2922
333.353 92.3849
341.773 3.17477
339.683 6.86998
340.463 21.5583
340.432 28.7391
339.359 39.5255
342.368 49.9989
338.254 61.5935
341.352 70.7336
337.823 79.3318
338.547 89.2725
350.214 -1.16237
350.433 9.15558
346.128 16.1989
347.762 31.579
349.494 36.5281
348.626 50.7355
347.982 59.5919
349.004 69.4969
348.342 78.5393
346.587 88.9491
