4.91057 28.4635
66.9781 25.9205
79.4421 1.93129
85.8043 17.4097
66.6663 5.05616
91.3753 15.4501
83.0871 0.442044
90.0803 17.238
91.703 1.09971
0.471099 29.3737
64.7308 20.1468
27.5426 21.202
62.3734 11.4506
19.2853 10.6647
67.022 24.6676
92.8582 1.48996
37.9363 9.76118
14.2752 4.31228
46.7021 21.5698
3.12929 24.2293
26.4992 23.6538
59.5487 26.1166
58.4969 8.27739
89.2671 27.8451
22.0381 12.2121
51.5107 11.2708
29.3361 10.5681
72.846 4.3855
44.6311 21.3418
76.3835 5.25389
50.6055 24.3063
90.0949 4.3836
28.2178 20.0825
73.4345 28.0597
3.41174 25.5011
83.936 23.8875
62.4985 0.287729
57.8816 11.7875
0.045415 8.46405
25.7461 25.1211
56.9394 25.4556
48.4309 23.2078
20.2661 17.5457
10.9737 3.75518
38.8068 28.5053
9.89765 12.3571
35.9541 14.5951
44.6812 4.63223
98.817 14.1556
71.7998 16.2351
80.5957 5.0382
5.0565 15.3695
48.3352 0.905532
11.9665 27.6076
31.7257 4.54951
29.1863 0.830719
95.1617 8.97354
62.5772 24.6028
82.9944 11.726
36.9125 24.7512
50.2528 27.4809
16.9596 1.72632
67.0168 3.54988
42.6338 27.9794
54.9542 7.56417
54.2839 16.6179
27.6131 20.9511
73.5325 22.8656
3.87478 22.6411
82.8229 23.1707
95.2807 5.42568
3.36706 3.24725
3.24101 11.2473
36.949 21.9734
79.9353 21.9932
55.8547 21.8866
86.3166 1.19302
49.7419 25.1481
30.006 28.8453
27.7299 7.56822
45.2436 18.7742
63.0048 3.49845
18.5426 11.669
1.17075 14.2007
67.7485 9.18551
54.9794 4.23743
88.4919 6.69539
0.816454 25.732
20.3771 17.4141
99.4199 26.3381
2.3808 15.403
36.758 10.6626
72.435 16.7487
82.404 10.4042
20.1632 10.8521
88.8997 0.773743
41.5855 0.207141
82.5792 26.0342
59.8651 12.254
85.2173 17.4507
38.4461 5.25893
23.4109 28.6063
17.2505 2.47198
23.9302 14.9232
19.0446 10.2838
37.4444 23.1733
35.0426 3.43231
59.3613 7.1921
8.3189 28.6016
88.9626 22.1141
5.10325 3.96454
66.9123 4.44823
5.49241 4.91534
99.7831 2.13509
74.8745 27.8746
42.543 15.8659
94.6028 12.2161
32.0859 26.1482
17.8073 22.0553
14.8063 23.4821
59.604 1.38232
50.2221 3.87321
27.6941 22.3903
16.1188 20.8952
54.1325 1.52988
89.6229 21.4047
12.4726 9.18646
17.5797 0.154057
69.3232 4.54486
0.225152 5.16356
37.5746 17.0539
6.04064 20.0213
63.5637 0.951702
51.4196 29.3179
60.5763 4.26621
11.1441 27.9419
71.0667 16.5996
77.8017 4.82145
56.1581 0.697089
83.0809 7.42431
45.3381 14.9569
98.9415 21.8487
35.171 16.1489
16.9647 0.959454
98.0765 20.2102
20.8633 8.22132
65.1673 21.4857
40.466 0.694301
37.4602 28.4444
90.4569 13.9584
25.2203 17.6883
58.9356 26.4008
53.3034 15.4049
36.4839 24.7196
6.12328 7.83452
43.3097 3.87556
92.9692 3.81458
40.7954 7.22677
6.00609 22.0961
21.4392 1.94405
30.9513 29.3675
74.0551 26.339
93.7354 17.6748
78.9219 14.2285
25.1469 18.0183
60.4361 24.8616
42.8045 14.8052
8.63369 11.3416
99.1043 23.1265
63.9165 7.80722
75.2411 21.2949
16.0278 12.4619
21.6211 14.6295
99.0181 13.1664
64.7376 1.02412
98.5752 0.707173
15.5182 24.6888
12.0098 12.9876
58.2968 21.3001
4.89307 9.13431
51.6905 22.6681
11.1098 17.5594
20.7624 27.2765
25.5076 5.15551
26.0027 14.7985
10.4559 23.0228
6.512 28.2534
67.7395 26.8484
39.8827 5.90927
19.4173 3.66575
60.6286 28.117
79.8604 12.4728
25.0576 28.6722
35.6935 17.2852
59.3469 17.6613
0.830269 0.659548
72.8603 16.1782
27.5422 27.0529
23.1403 24.9207
98.3178 10.2806
6.68129 15.645
94.9685 28.0618
46.1462 1.78027
92.5031 8.74614
68.8036 24.4814
2.70751 9.11792
81.9845 12.4378
79.1301 15.5225
12.8431 25.1865
83.5333 4.9317
84.2209 12.0198
49.5137 19.862
83.0919 8.08177
9.80533 25.3084
50.3939 4.45197
6.88776 2.04504
31.6514 21.5087
46.1333 13.5716
61.7753 20.6303
18.9922 19.4919
30.4351 20.8126
65.3966 4.74207
70.1531 19.9666
41.2412 13.2873
53.9839 16.0785
57.0781 18.7518
67.2835 15.236
84.2475 1.85892
96.3441 12.5748
76.5839 4.3018
86.7157 17.1901
28.5267 15.3179
65.2524 6.87255
81.3769 19.1482
85.0593 26.2135
56.4191 25.6433
14.5624 11.033
28.4831 4.05317
17.7214 16.1936
90.5763 26.9814
33.6057 29.577
51.4671 15.9872
62.1667 18.5112
50.8586 26.2643
28.7273 0.0710684
44.4576 14.4857
93.5507 8.87176
26.6662 23.7159
42.7731 25.0193
40.455 0.88955
82.8412 5.64323
5.72117 11.0936
82.503 5.00943
68.185 27.4872
78.858 28.4834
6.10724 17.4977
54.4953 25.1307
19.3142 29.2369
81.0127 20.9263
35.9743 25.0971
15.1021 9.87433
94.2851 5.60117
78.308 12.7999
57.3729 15.7247
84.8387 15.672
72.9359 19.1342
52.8147 8.59104
38.7437 9.6809
43.0753 21.2102
33.6861 23.4313
83.3557 19.8778
14.5033 27.6373
47.8559 27.1823
71.7118 27.7682
89.4816 9.60287
92.9852 4.10165
83.1961 18.9894
17.3278 12.6314
28.6243 15.4545
82.0227 7.56976
67.5775 15.2767
49.1057 22.4552
53.5983 13.2054
38.8232 8.34225
18.9292 8.14463
73.0262 21.9297
2.07713 28.688
81.1528 10.9684
89.183 8.33131
30.9353 27.0878
