5.39578 -22.1445
-23.2444 -19.4285
40.8529 -8.92585
-11.1158 13.2373
21.0425 -37.9437
-2.66215 16.5065
-22.0786 7.58172
12.6077 37.3309
28.4129 6.44696
29.6901 -2.75316
8.82624 47.3133
-28.3331 0.686239
-17.2164 23.457
3.23548 -37.4704
14.946 -42.3289
-19.5079 41.1721
-12.2329 -6.89334
-15.0534 -8.15918
22.1636 -33.5118
-21.2206 14.5687
4.09073 12.6317
-13.8159 2.26671
13.6624 -11.3963
-1.32528 -34.7421
-3.20224 10.3579
-11.2015 -6.52548
-6.11229 20.0796
-7.93084 10.7478
-31.4838 -9.59877
-37.7008 -7.18626
37.1238 -32.1933
-10.5054 -38.0944
18.5412 2.92812
-7.37146 5.64271
33.0094 0.395513
42.4096 21.3181
-7.30205 42.2594
-1.45212 -1.26693
-12.0515 -17.2294
5.69706 -24.1585
15.1183 -35.0129
-30.6559 39.4401
15.8248 -26.343
-28.1613 -23.5638
-40.6813 13.5914
-14.6134 -3.9107
14.5193 -37.035
23.2868 32.9376
-36.3671 -14.161
23.7302 -30.7059
-28.6485 -1.25879
-8.59225 -18.9283
-4.18236 -45.539
44.9942 8.49844
-4.23602 -39.7397
-40.5038 -17.1098
-32.0301 -15.9915
8.92608 35.0273
-34.8422 8.06553
7.90835 -41.7088
15.2293 38.8933
-32.1578 25.5064
16.7459 -37.1709
38.1064 -4.59863
6.907 -15.9833
-21.1029 -17.7208
-25.8112 -15.1332
-15.4546 36.6222
-3.27223 15.313
34.5106 -28.8691
-36.8139 18.7673
-16.6615 24.4513
-4.16743 46.4006
-26.9874 -28.6088
2.4726 12.1799
22.5363 -9.03663
-1.07528 -27.6257
-10.1088 4.23372
-21.0694 2.73071
26.2925 -5.17227
21.6265 17.4763
-21.5901 13.8511
8.29069 39.166
-22.8012 9.92269
2.68531 28.7158
0.299131 22.1323
25.0225 6.72511
3.10488 -41.9832
9.82857 38.5901
37.9563 30.5758
21.3716 4.46164
38.8201 12.8586
-47.1177 -11.4725
17.6678 16.3053
-11.4099 22.7259
24.2344 6.50631
41.9195 11.3139
-15.9747 -43.5946
-33.9484 -3.60667
-39.0648 4.24491
9.92484 -0.0662871
-27.0202 -20.7975
-19.8307 32.9565
-27.7947 -32.2953
-30.8896 9.19778
-13.6453 3.48218
-13.8869 -12.8984
-48.0518 2.30743
-22.3767 -43.5755
12.0772 -2.01693
30.6218 24.2236
2.22585 -16.0027
6.36011 13.8812
2.67018 -2.59348
-22.7479 19.5844
-7.56577 34.2824
-23.4226 -7.54286
14.6034 -19.6092
15.8885 -45.6906
-14.8804 32.3633
8.3014 36.8745
9.73768 -42.8784
24.0441 -25.9915
26.7582 13.4963
-27.4051 -29.4635
-4.60937 -40.3162
14.985 3.54223
16.6403 -29.9539
29.8789 28.3744
-12.851 -31.9177
-40.5919 -4.32277
7.72775 14.6964
-15.8122 -33.1556
21.4792 3.61009
-16.403 46.0078
-20.2274 -36.5721
-5.40203 -8.82217
-23.0016 4.23606
-17.113 10.3684
-23.8456 38.6989
-28.5392 28.3987
11.1157 -15.8307
-29.7991 21.8796
-14.6147 -4.29336
-14.6264 32.5416
34.2054 -24.7268
-7.31928 -30.9929
42.7711 15.1401
7.66118 -8.60234
-10.6209 44.5015
31.5852 34.9894
-21.9126 -16.8982
37.4031 -17.834
34.8709 -28.8902
-8.62131 49.2196
8.91401 43.1216
18.5245 25.1038
-4.49666 6.15512
31.2089 2.3643
-29.6785 19.3579
10.5292 28.7333
-37.9062 22.9916
-20.8659 -24.8231
17.7539 5.46196
-29.7775 39.9843
10.183 -35.3608
-4.87068 8.65686
18.9651 -32.3318
-35.2496 -6.72071
44.0947 -14.2132
6.23406 -8.03333
34.5241 12.3199
-41.9086 -9.52249
-5.50571 -41.9153
13.5719 20.515
1.49364 8.54563
-33.1032 29.1037
5.01863 -14.74
32.5914 25.1892
38.5563 -21.7402
45.138 -3.71568
37.1288 -29.3719
10.375 27.3966
2.91091 45.0181
-29.4075 -30.0082
5.97773 34.3467
-19.2968 -16.3785
21.2277 36.9997
-1.83226 -26.4702
2.68551 -48.3766
-12.7962 30.1423
9.00144 29.6563
-15.6595 -41.8685
33.9004 -8.72216
25.7738 2.37954
-7.44955 -7.28742
-7.56349 48.5383
29.4292 -32.5318
-9.3148 3.73383
48.0259 -12.8121
-27.3736 15.1045
-42.7176 -3.28441
-16.6826 43.6681
16.3013 31.4353
-31.5677 -17.0162
-19.0284 -44.1451
22.426 -7.04185
3.43675 -33.0887
-20.574 -21.7248
5.11818 10.4635
-17.0831 2.59306
-21.3184 34.7086
18.7819 12.9532
-36.5957 15.7504
21.1164 -28.0362
3.10243 -7.46101
27.1891 30.6974
16.4426 -41.6569
-32.7775 -5.836
5.45269 -36.1723
-17.461 -27.8868
-7.53505 45.926
28.1488 7.7624
1.20421 -43.4739
44.7214 -10.915
0.585442 -16.3471
-26.0993 -24.7384
6.98482 -47.026
22.108 27.6511
-29.5255 -5.66512
41.775 10.3285
10.2376 -0.465561
39.9645 -13.96
10.956 21.7958
-27.76 -26.4256
37.1418 -3.46924
-22.4883 -38.1203
43.8079 -8.32115
8.45594 -47.7395
-46.7868 11.7784
16.6569 -30.7516
-10.3132 -15.829
-44.5656 20.0835
3.64225 -21.0736
7.37366 19.466
-26.3581 18.2529
44.2735 -17.3932
-11.1856 45.5856
9.64284 -35.2552
-24.7825 -14.8438
-11.3328 -19.9604
22.9326 -36.3191
-18.4612 11.9115
14.3 -5.52436
-34.3981 34.6616
6.13622 -14.6223
17.7638 31.0144
14.7782 -21.3011
23.9907 10.3312
13.3598 1.88713
9.97481 -0.484596
14.4325 30.5211
-20.5407 -17.6101
27.9534 17.1632
23.6403 28.9147
2.5015 -12.8924
-4.29675 -49.0549
-25.3995 -17.4678
8.76387 15.4523
4.24272 41.5284
-8.97453 37.0998
7.07204 -43.9095
14.9341 21.7309
-9.60604 -21.9381
-24.8315 28.8195
-4.9359 -8.43865
9.5563 40.8361
-3.73342 28.4674
15.125 -13.6203
-12.5379 1.28611
21.0245 9.01442
-9.62208 5.70178
42.3411 -4.30501
26.046 -16.684
6.57755 -36.4043
8.24708 21.9829
-6.97186 -46.4405
-1.81569 15.8762
15.6667 13.5347
-0.507926 45.8794
11.9058 6.38894
35.995 5.6952
34.7355 32.4263
-42.9986 18.9547
7.9417 -28.8797
-4.2324 33.1169
-45.569 7.45665
-23.0476 -3.69826
-35.4594 34.1384
14.4438 -39.198
27.1787 27.1961
25.9879 -22.036
36.4981 -16.3359
28.8861 24.7332
20.1183 -32.8441
-28.1849 10.554
20.3467 1.47939
-11.1429 46.9631
18.0442 12.4597
35.3096 15.0358
35.6994 -34.9739
-4.56416 -18.9331
28.2165 23.6728
31.5925 2.25962
0.700083 25.8595
13.7627 12.4244
17.7151 -26.1934
0.0983997 26.6137
-17.6735 -17.0006
-17.4795 -8.76882
5.66847 -5.19933
-24.4388 -31.1496
-22.3362 9.64849
-39.0246 -31.0486
47.6118 -2.88135
-7.67151 27.8843
-20.862 17.1734
-29.2317 31.7625
-2.49802 11.6291
21.715 -32.2881
4.8681 -22.045
-1.15292 29.7571
36.5934 26.4045
-49.4767 1.79861
-48.3991 -4.63228
21.7998 -10.453
-43.5734 20.7687
-14.3821 32.5105
-20.279 -32.783
-49.3331 5.94838
19.7619 -6.24074
10.6733 44.9837
-38.7952 29.5226
48.207 2.36385
47.5335 7.81135
15.3905 8.89117
49.3936 4.3916
-12.1143 -44.286
-29.0322 16.9031
-19.1714 -7.25475
30.0419 -11.2912
-17.415 8.98913
-37.7683 14.7271
10.5152 14.3402
43.0678 23.0057
10.6452 -7.32784
18.1667 3.59851
20.2015 33.7213
12.6591 31.5907
-33.2663 17.077
34.1665 18.2886
25.4602 -4.0981
-21.5297 -7.5333
-24.6757 -20.6287
5.23764 -27.34
19.6376 18.2755
-3.80876 30.1996
-0.0588509 -4.64941
-5.65625 30.409
-28.8082 -14.9181
24.1893 -41.9487
-33.8468 28.8791
-37.3147 9.57461
-4.23511 -1.23209
36.7427 -6.17735
-16.3989 -18.2269
-11.2279 -31.7813
-4.13029 -26.279
23.5821 -29.0504
31.7249 28.4942
18.7355 -42.2466
-21.4238 -24.7629
31.384 33.6292
-22.4474 -31.7839
-39.1312 26.3954
-28.1756 -40.0865
-12.7847 42.1424
1.28988 -8.11808
-11.6486 -34.5981
30.7996 20.6093
33.2805 30.3315
-20.309 -14.1514
-10.6018 -1.4283
32.49 18.8934
-21.7647 -35.3495
11.9307 -24.8624
7.87264 -45.0387
35.7449 -6.65987
-31.0506 27.2568
0.548144 -6.03232
37.2657 6.64159
-30.1627 31.6385
5.73817 -20.6473
-2.9193 -44.0212
-3.06911 -11.9154
15.9341 3.87178
25.3665 -34.5959
41.7436 20.9287
47.1368 -4.85585
-33.8449 15.2892
23.073 5.19823
46.1852 10.9941
15.4074 26.1536
-29.9001 -26.6652
4.40466 -9.65897
-40.5079 4.55256
20.684 33.4744
-8.96244 -46.7462
29.9365 -39.6541
34.894 20.0629
10.9407 -15.7855
16.1501 -39.1699
-7.96396 26.5733
-29.2287 -18.9332
34.485 -32.5926
7.49582 -29.411
-8.30638 25.3687
-12.2821 -12.3064
35.3387 -16.4493
-38.2508 28.5064
-8.54998 -0.909809
-7.63462 22.6978
23.4669 -1.60808
35.3835 9.73751
18.2291 14.2013
-3.58333 32.0714
2.57551 40.9093
25.5513 -31.6857
-14.5078 9.81623
-3.46323 38.7999
11.0278 34.5152
11.613 27.3392
-44.5895 -14.8508
-0.84879 6.7629
42.1124 -23.3659
27.1014 -22.5717
9.28393 -38.6692
-35.6667 14.5992
18.8973 24.911
49.6561 1.24833
