0.969925 2.65551
-3.42109 9.89377
2.64675 22.4803
-1.95895 29.4429
-3.3411 38.8265
0.325048 53.1989
-1.05528 58.2321
-1.13347 69.121
3.80641 76.1205
2.95483 92.3754
9.81883 -0.158557
12.5984 12.8959
10.5494 22.7645
10.9487 30.2782
9.02295 36.3516
9.26041 47.4956
6.76684 62.4202
10.8955 73.2216
6.95012 79.9578
6.56525 89.6437
22.1378 -1.89773
19.6002 8.79605
17.88 23.5045
18.9856 28.9482
23.0585 41.7543
17.5074 46.2922
20.0267 62.0105
17.5692 73.6517
19.0808 78.6494
17.6164 93.4979
28.8862 -2.86541
30.9504 7.77467
32.8207 23.7529
31.7817 30.7079
29.3488 40.9946
26.9274 53.0543
33.7085 60.4471
32.4986 66.5795
29.683 81.8207
33.8466 93.3441
39.4932 -1.01538
41.4964 13.7062
42.4599 21.8425
37.9448 32.9875
39.4564 40.6378
43.1339 51.0827
36.4662 57.512
38.0865 69.5043
38.299 76.8837
36.4566 87.9292
52.2086 -2.98938
52.6021 9.65498
47.4148 22.4538
46.0793 30.0311
49.845 36.5565
47.6228 51.0611
51.5655 59.2919
48.8921 71.9591
50.9949 83.0917
51.2311 88.627
57.4261 -0.0764616
61.7166 12.8704
57.8683 21.2642
57.922 27.7977
63.441 39.0131
62.3522 52.5366
63.6254 63.3432
60.5467 70.3377
63.6464 79.4511
56.154 93.8759
69.7435 1.50471
67.0326 7.13306
68.7651 19.3342
72.6973 28.389
67.8996 42.5464
72.8813 48.4691
73.8315 59.7735
70.2646 72.381
72.778 79.0012
73.5421 88.7152
79.2326 -2.19017
81.4589 12.2069
79.1579 18.3683
79.091 28.9618
77.6294 40.9369
80.965 51.8837
83.7929 56.5772
83.3335 66.8429
81.1439 79.5525
78.5185 86.3289
91.6056 1.35176
87.9618 6.6339
88.5109 23.1768
88.0724 28.782
91.4076 37.7417
88.0635 50.2791
90.146 59.2526
91.0534 66.1999
90.54 81.4973
87.3377 89.6684
102.837 3.13218
102.417 6.63571
103.099 20.8801
101.364 31.395
98.234 39.0856
96.2825 48.691
97.824 58.0163
102.529 67.9915
102.004 81.565
96.8891 91.3313
109.755 -3.97955
108.733 8.29075
113.026 16.7311
111.799 30.8908
112.074 38.589
107.522 48.2772
110.449 60.65
107.188 73.7511
106.145 79.6275
111.871 92.8074
121.469 2.94562
120.144 10.6004
117.657 18.5794
122.681 29.3631
117.705 43.2921
116.786 49.5789
123.283 62.1383
118.279 72.8527
121.835 76.7957
116.79 86.5975
127.549 2.26682
126.316 11.2894
127.406 23.9718
128.85 28.4995
131.741 37.3073
130.818 47.2609
132.571 59.582
126.89 67.9327
132.033 81.371
126.393 86.9274
141.37 1.44226
139.132 6.25583
140.959 16.1106
140.969 27.4162
141.416 38.8117
141.56 50.6808
143.158 56.0349
143.21 70.3668
139.84 83.3647
143.138 92.0285
151.16 0.662904
148.906 13.213
152.553 19.8609
146.057 26.3603
150.969 43.4893
151.807 49.8498
150.852 58.606
146.61 69.9347
152.476 81.4237
148.632 87.8984
159.363 -3.46607
156.716 8.35235
156.1 16.205
163.479 28.1161
163.838 40.3692
160.215 51.5191
160.227 62.9163
159.994 69.3012
159.058 78.6151
163.675 91.0414
168.915 1.67293
167.207 7.88429
172.153 18.3652
173.094 31.5049
169.391 36.7094
173.034 48.1295
169.245 60.2411
172.752 69.6027
167.297 77.5339
171.51 88.7536
176.887 -0.116667
182.994 13.8778
180.578 19.5879
179.414 26.395
178.688 43.0435
179.158 48.5324
183.682 61.2151
182.581 66.8942
179.376 81.3024
176.869 88.0132
192.95 3.02141
188.078 12.1253
190.951 22.2053
190.393 26.8327
192.81 40.718
190.145 46.0646
190.288 59.9553
188.967 72.3589
186.477 83.009
191.811 86.3885
199.915 1.35289
199.703 12.5896
203.958 21.0555
203.61 33.3869
199.911 36.9275
196.03 50.6783
196.478 59.9459
201.117 68.9191
196.795 77.2542
201.216 93.1177
210.478 3.70099
209.012 12.9595
207.772 17.3796
213.369 29.9334
208.922 39.694
212.298 47.7141
206.501 56.1387
212.797 72.7091
206.464 81.8317
213.646 92.4702
217.78 0.515702
220.433 10.023
216.527 19.1535
221.211 32.233
221.972 43.076
217.814 46.8759
220.974 59.0198
223.759 66.808
220.944 82.9589
221.475 89.2575
229.973 -3.53409
228.227 9.85061
232.72 21.8842
227.288 28.402
228.293 40.2976
228.923 53.4927
229.612 60.8633
227.096 72.6718
228.697 76.2226
227.717 87.9546
243.686 0.0947188
237.025 7.73518
238.828 20.7904
239.474 28.1377
237.424 40.1324
242.962 51.4263
236.025 56.385
238.379 66.8103
239.214 76.1906
241.813 87.8532
249.632 2.99353
247.351 6.04797
250.185 23.5342
252.651 28.8722
247.957 36.2673
246.913 47.3527
248.13 58.6495
252.775 70.0445
251.334 80.7132
252.118 89.2801
260.827 2.04863
261.119 12.5114
261.792 16.8618
261.047 28.2982
256.644 40.8553
263.356 52.2406
260.724 61.723
256.348 70.0536
259.887 78.0398
258.141 91.8762
267.05 2.55252
268.526 7.23246
271.493 22.102
273.534 26.6428
267.668 43.3337
272.688 49.0171
272.104 57.7451
270.413 66.4751
266.351 79.0492
273.905 91.4267
278.967 0.862523
283.652 7.84694
277.405 19.3283
281.653 27.1941
281.47 37.7738
276.184 48.2362
278.353 63.4571
278.614 73.1977
283.784 79.8228
283.64 87.5066
286.91 0.106934
288.561 13.0375
293.55 18.8586
286.79 32.8306
291.477 39.407
288.333 47.539
288.806 62.0665
289.463 66.0817
286.736 77.6116
289.187 86.3212
296.367 3.36286
303.92 13.248
298.212 23.1428
301.033 29.8777
302.723 37.8967
300.413 46.5812
300.692 59.4579
299.532 70.5269
302.321 82.4447
297.754 91.9304
309.047 -3.20666
313.899 7.61793
307.51 20.4695
308.089 27.4021
309.898 38.146
312.16 48.1347
307.137 57.518
308.263 68.8974
306.432 77.3619
312.526 93.766
322.22 0.207519
323.633 9.03243
320.458 21.078
317.277 29.8866
319.683 41.4267
316.011 47.6611
318.769 58.7769
316.288 71.2155
316.491 78.5715
323.368 89.4064
327.837 -0.627473
330.193 12.0773
332.27 16.2757
329.013 29.8469
327.971 42.7512
330.319 49.2584
330.929 62.8325
326.149 68.6309
331.799 77.3017
328.876 92.0025
336.833 1.36509
341.232 12.8451
337.039 17.9118
340.137 26.5276
341.809 36.0083
340.127 50.5245
342.736 61.7931
343.791 68.4311
342.516 78.6773
340.614 88.1392
350.553 0.992994
346.438 8.1222
353.273 21.2737
351.751 33.2838
353.517 39.9091
347.043 51.6694
350.623 59.5489
346.753 66.1239
348.842 80.7158
353.062 87.4817
357.356 1.79727
359.789 7.475
357.342 16.5157
357.942 28.0841
356.35 41.588
362.086 50.2314
358.54 62.3027
361.132 69.913
363.186 77.2177
361.049 89.1232
367.421 -1.05743
371.545 8.8742
369.287 16.6298
371.133 26.3192
370.052 42.9781
370.434 46.5868
369.122 56.3155
372.334 72.8953
372.739 76.0839
369.032 86.3889
378.514 -0.524492
376.771 7.51915
380.114 23.7641
380.857 33.5448
382.316 40.9605
381.037 51.69
379.003 56.5326
379.512 67.3491
379.709 81.469
379.018 89.3863
