17.0531 1.21755
64.207 17.4562
98.6676 4.75878
92.3383 26.4346
83.6614 15.2806
82.1865 20.9806
53.0499 0.0526102
63.3274 9.3898
60.8131 18.4014
29.5136 21.0089
67.983 5.09631
30.4902 25.835
0.208685 1.72372
98.6382 5.79663
21.5339 25.7684
88.0759 13.2276
58.5886 23.8121
11.1235 7.95296
40.0705 11.9069
47.5792 0.566259
33.9673 24.2073
94.4087 1.40013
75.8723 7.09158
36.7858 21.016
96.4523 1.25989
99.9983 13.0842
68.072 11.7966
5.3916 7.39721
40.4832 8.05551
3.38851 22.1956
1.93558 17.5789
42.1174 22.7131
78.5686 1.38224
58.7245 15.2859
18.197 12.271
1.04554 8.37999
23.3111 8.66382
4.64928 18.5053
32.895 20.668
92.7662 5.26393
7.50637 20.8263
9.89313 19.6727
12.0866 17.2537
61.9314 6.87563
44.9952 12.8832
60.6966 17.8501
7.96418 27.1014
8.7284 24.581
28.6431 27.0308
62.1246 9.44162
70.0557 22.2924
73.932 24.8164
97.5792 26.8332
66.5013 26.3136
61.7152 4.11633
24.6022 19.8304
92.2521 8.34698
42.1206 25.4186
81.9422 5.78704
19.898 14.0993
74.2228 22.1361
50.084 23.0187
11.6372 24.4749
58.4846 19.866
73.1649 3.2165
13.7792 3.42416
92.1615 6.31184
66.6981 19.1008
76.1424 7.15136
49.2259 16.173
72.3294 19.7934
93.5608 15.7196
88.2865 6.32384
64.9863 6.0843
88.0118 3.17959
46.2947 19.6938
79.5995 11.1196
23.6956 27.358
43.2577 17.0245
64.9713 27.6913
11.9467 23.2467
21.2409 9.74916
25.0611 12.0252
19.6851 0.581156
13.283 10.5565
74.0123 20.837
9.24436 21.2208
5.15267 6.23529
82.4909 26.6439
20.674 3.06695
79.7051 16.2742
41.766 9.93658
94.4512 12.0077
81.5843 12.8757
84.6482 4.74568
72.5586 1.64538
58.258 22.5146
82.2633 24.0543
50.577 12.859
77.1644 27.2043
98.638 17.7405
70.1947 3.61108
66.2141 18.1178
51.6911 26.8732
56.5444 2.17146
30.3882 19.2302
70.3218 8.64129
58.3431 1.31213
95.3573 20.4142
28.6172 0.530011
28.8364 18.8563
94.9218 11.2539
69.0879 3.13291
61.7998 10.0496
13.5172 10.4755
5.18954 20.5812
22.3909 11.6051
65.3249 0.893315
84.1971 26.3257
52.7959 22.0853
86.8458 26.7184
29.7808 5.82219
19.5034 6.27135
35.4541 14.8229
1.18386 20.7488
88.7679 17.7642
16.1575 8.26929
91.0346 26.8866
24.8141 23.8486
76.9485 20.2474
50.1244 13.1812
88.5424 24.535
84.1846 17.9231
33.9579 27.7453
25.1742 7.0905
50.8806 6.81092
85.9223 29.4422
74.5697 25.7691
19.014 18.6909
35.421 12.6503
29.5056 15.9244
71.354 1.86974
82.1771 24.7946
78.8444 3.72079
85.6591 5.04039
81.4687 4.58097
11.0433 3.94137
46.3868 23.4151
79.0398 19.5247
93.301 3.01703
88.7376 12.2613
37.5604 18.7324
4.98783 3.1727
30.5438 6.27656
44.0678 13.3172
85.5337 14.3697
96.9555 29.7842
71.3462 4.87155
4.80194 0.892788
17.3541 12.3016
21.0182 9.44792
4.21649 8.86654
97.9677 17.1721
40.719 13.9971
12.1503 22.5912
18.8544 1.6375
57.2412 8.44267
55.5039 23.5551
17.7883 26.062
49.4556 10.3876
25.1974 2.43922
6.60834 2.96739
96.0089 19.7785
60.6075 11.9949
58.6887 6.37167
89.7596 7.83153
95.7495 17.3011
33.3595 0.910432
96.0745 8.64588
5.32415 8.21412
11.0665 25.5359
16.0746 19.1203
64.5127 7.98423
13.9252 6.02655
27.3691 2.54756
31.4285 29.0867
50.8067 1.64558
33.0768 29.2431
87.2913 27.4205
97.8963 15.6173
4.55301 23.6387
46.5919 29.6287
38.4161 24.3159
24.3548 13.1927
22.7833 7.98245
70.4598 22.7183
23.8343 24.3524
21.0708 24.19
80.8413 23.2818
33.9272 10.6167
40.3385 8.65524
80.3774 29.5841
23.6376 29.5409
90.2331 1.85535
11.0589 20.0407
45.0139 18.0137
0.168288 1.03027
83.4006 4.51702
26.1687 8.74014
26.9046 27.9956
13.7843 11.1895
55.5749 21.7407
15.425 15.6492
96.3979 26.0046
44.0303 9.58921
57.3921 7.34451
88.4828 17.6633
3.97124 11.36
63.3799 2.16602
32.0314 29.2854
96.3616 0.167729
32.2848 1.83784
48.5711 10.5155
55.6834 14.3997
88.0413 15.9771
42.4733 20.107
45.7036 0.865146
3.4651 0.304873
10.4477 28.2935
91.7527 0.0403507
9.15385 10.8712
47.8449 21.2994
9.73996 29.83
48.4896 1.49081
30.9748 10.02
34.1891 3.51034
81.4816 2.84276
49.3097 17.8001
26.2524 29.319
41.9909 14.9997
22.4917 10.9416
46.8684 7.70272
57.5787 27.5649
46.9125 14.5533
10.8172 16.3663
41.9207 21.9371
68.3528 20.8767
5.21646 8.6705
38.6677 23.8554
38.2039 14.7679
24.3889 6.82781
43.801 18.2785
19.7763 1.36534
95.5139 10.0083
95.6303 22.8249
66.5135 19.763
21.4654 15.6904
39.634 11.1132
38.6 18.339
26.4276 16.9932
92.5067 15.4801
68.43 10.1228
89.0281 9.55092
41.9223 20.8663
59.7869 23.8621
81.1048 25.149
58.8989 5.84007
50.6117 8.31257
70.7188 10.3198
41.9282 19.6262
69.5691 4.69298
73.7125 7.71795
47.2598 10.4953
37.7018 1.74027
10.8801 11.3721
44.5854 4.25582
83.96 7.87001
61.5846 25.2283
28.6089 1.58502
26.1144 16.2414
2.54215 14.8178
11.2981 25.229
42.8305 29.172
20.766 16.1553
81.6072 2.73148
84.8586 20.0779
42.5998 24.5961
93.3995 23.7033
16.6519 22.5409
22.1866 13.5964
20.791 0.560991
19.2949 13.3685
54.8625 6.02304
9.19331 17.5013
10.7824 2.1559
82.3236 21.0616
70.1833 19.1536
32.3092 19.1395
11.2249 15.1652
63.8131 28.604
38.2178 4.47131
24.9214 21.0497
79.4405 11.2127
99.8062 5.67731
21.718 13.549
87.4906 21.8831
63.3972 12.6135
44.7347 2.6079
83.3103 27.0304
88.6136 14.6447
60.6086 27.9935
31.137 4.19791
26.132 12.7578
29.9104 8.20077
45.0188 18.3805
9.49512 23.3144
56.5669 18.8197
29.4505 18.4882
92.498 22.6819
37.5014 11.014
76.1157 21.5208
15.8416 2.2176
51.9499 16.6483
74.5656 25.2428
17.9994 18.1868
47.8982 20.6565
38.1003 19.6895
77.0088 14.2101
37.3632 18.4662
35.4654 22.5248
63.8198 4.55586
49.2325 17.568
18.369 15.6698
83.4417 3.00148
86.3318 27.8137
74.7867 19.0086
28.7456 14.4726
1.68204 28.9709
2.82692 6.82377
26.0033 19.2328
72.2967 6.88161
45.2728 16.0217
19.2224 24.7885
46.9399 13.3753
58.5823 15.5339
24.4036 8.94533
93.7731 8.43632
45.5295 19.561
5.98853 4.60687
30.6604 25.9723
40.3535 24.9123
80.4209 24.5157
11.5933 20.269
38.6707 16.2283
29.3724 26.8931
12.9018 5.96084
7.55457 6.66047
46.9484 26.519
17.6159 25.7206
32.0414 6.2847
95.113 10.2454
96.0051 29.2917
72.6157 25.2933
93.8904 22.4063
71.745 7.0665
64.1599 6.63249
55.3598 9.23425
26.6009 23.4914
44.5883 25.5128
90.7333 13.6754
7.2164 26.6934
67.6456 0.782734
12.3696 2.053
50.0173 16.6049
65.6791 23.6159
69.676 3.44677
39.3741 10.8267
86.1113 18.4234
74.1709 20.3587
79.4275 24.8597
46.504 19.5456
61.461 2.19384
20.794 15.9211
32.2227 22.72
5.11102 5.8999
82.5197 27.9259
65.8374 25.7432
97.333 25.6905
10.9683 25.0715
36.0167 19.475
58.2123 2.56867
57.4529 29.5834
96.3313 20.9802
24.1601 0.0915911
12.89 22.6206
31.9068 8.30706
80.6764 20.582
14.5771 3.36879
82.4005 15.5198
77.8203 15.2013
85.1098 25.7871
0.716884 10.7246
52.1925 19.8633
25.5947 26.2017
64.0925 6.52579
87.6652 10.0798
36.493 5.43739
25.4692 20.9966
67.1802 22.2248
0.386969 12.1165
23.5835 10.48
81.5942 6.61242
44.2953 6.82309
23.217 23.9202
6.65488 1.08836
85.9788 23.9607
85.8891 26.4798
55.796 12.0043
38.5237 3.54369
72.0964 7.34457
7.39653 15.924
25.7349 27.4487
25.9163 27.1644
2.77803 23.9634
89.9851 14.6142
19.2379 20.0608
36.0701 21.6147
43.4987 3.80093
11.4798 28.3008
53.2251 27.0588
9.13457 16.5708
74.0133 14.0418
22.9094 22.1315
59.4812 15.6613
23.9902 14.8259
84.369 9.23066
43.2237 8.6997
49.548 26.9088
46.3476 13.7783
2.48354 28.593
0.781131 20.3848
2.29739 1.10116
35.7079 29.9807
52.4199 22.1766
85.7226 10.4486
69.7155 21.4445
23.8739 9.17691
62.2311 22.9226
82.9898 27.8174
19.8593 29.5223
61.6606 13.4349
53.6877 11.964
83.2747 4.45526
81.8308 12.5203
61.9012 5.2987
70.3151 23.9525
83.5289 24.6767
77.0437 16.7018
10.2132 29.7582
27.9462 0.0151443
65.5953 8.8645
54.1774 5.7647
18.4708 6.10552
54.6996 5.34607
4.51288 20.9434
91.8308 8.20387
36.7396 19.7082
13.3143 14.0785
66.9856 24.1705
80.3197 7.71818
36.601 25.5387
90.1307 2.44569
70.9691 27.1732
60.9838 8.65586
25.7902 9.95857
2.41961 8.93816
8.8655 29.3938
84.6028 6.50923
50.039 12.0979
38.1375 17.0799
87.221 0.0752528
74.1052 0.747845
22.6987 12.485
36.3933 14.5693
88.2261 28.2706
7.50306 4.566
18.9897 14.5371
49.8946 16.7867
18.4105 7.65883
26.7066 21.4739
21.5812 25.7509
66.1984 6.39487
61.5152 24.1007
77.0996 13.5872
85.9854 12.3531
83.9598 9.01229
52.1762 29.7814
83.0057 21.8387
19.3324 24.5837
22.0137 16.9606
