-2.49944 -49.2993
-33.6059 -19.8797
9.56778 -36.9543
-10.7411 -39.6481
18.7421 26.1045
29.3371 -1.99538
-39.7308 18.9847
-41.847 -0.151671
-30.0701 -16.7151
-11.0607 17.3757
23.5529 -22.4094
16.8758 24.6938
-11.2323 -5.84283
19.9728 2.37309
29.289 -13.9439
5.03706 -0.914728
5.58431 46.3382
-13.6426 44.7805
-44.282 5.17399
-45.9664 -2.16571
-24.7435 -0.849272
-0.907129 8.34089
1.18696 16.9634
-19.3994 21.2888
2.03343 5.02052
-7.52119 -30.4979
-43.5935 16.0972
-5.13282 -37.3451
36.4895 24.5035
-10.4316 -18.387
46.0463 -15.2023
1.45536 -46.5868
-5.07813 -8.91447
-5.6485 -13.5348
-35.9099 -8.25827
10.105 -41.0428
-18.7568 40.0078
19.0994 24.254
-15.3848 -33.3469
-5.51934 -26.5005
13.0742 -25.9112
-21.6545 3.54181
32.9607 -27.0849
-24.1359 -40.8807
24.9338 32.4579
38.75 4.0545
2.65428 -35.3887
4.6448 29.1515
-10.5183 22.6044
-19.0657 -23.8254
17.1968 -22.1176
-29.7638 39.1409
35.322 13.3388
-30.1788 -33.5609
-36.4532 -10.7936
-5.03444 12.966
-6.88668 -18.1051
29.4287 33.1106
18.5144 44.8709
-13.9791 6.59531
-7.52031 21.0436
-38.6097 17.5593
-13.1326 33.3821
49.4815 -2.28978
10.7668 5.72285
8.08377 -28.7262
-19.9161 2.94268
-5.57101 -36.2066
-34.3682 -31.2669
-5.11567 -0.473498
30.4455 -9.7324
9.82813 2.95861
13.1034 22.7953
-12.5271 41.7939
16.7378 31.9282
1.50647 6.01262
-27.3683 -26.7626
-14.0483 -27.1585
16.1773 46.8989
-7.23164 33.7071
25.8679 -30.2921
-15.7669 -11.5125
-47.9028 -2.18152
-34.0786 -33.4187
10.8344 -6.86761
-7.81853 -25.7037
29.2008 -40.0153
18.6862 31.4172
30.3911 23.2
-7.3957 -34.0516
-23.2825 -26.8584
-34.3235 22.0776
-11.7347 28.7137
1.21398 23.0948
28.2785 -36.2091
16.2777 39.819
-18.5753 -0.0136258
0.108778 26.5934
41.8132 2.86777
30.5199 -19.1818
13.9563 22.5273
31.4526 18.6721
13.3839 -7.15186
-23.2148 -31.8553
38.4554 5.13797
-7.87868 -2.00376
10.555 32.2508
-28.021 -12.0859
-7.68327 -15.7136
-0.753052 -12.2578
-0.210454 45.1712
34.0091 17.9726
32.6252 -1.12516
-8.81692 41.911
-14.7844 -39.0431
-2.37487 -24.9328
3.21658 10.1065
-37.9703 -13.219
-18.5688 45.7538
-34.1928 6.69205
-20.3119 43.6733
32.1574 -16.4542
-0.211817 9.81093
8.89216 37.7692
31.595 -9.42098
29.2005 2.3362
-25.7612 -6.46216
30.6179 -15.2555
27.4677 -10.521
-16.8593 3.91545
2.02231 35.3085
-37.1685 -22.4905
21.8928 43.1622
8.55498 -16.363
-7.67055 -1.04117
-12.9064 -33.8432
-0.919119 -3.3111
-26.4915 -11.5272
15.6331 47.0957
22.1163 1.30689
-39.5443 -8.06665
22.2583 -13.1834
-46.7941 -2.7354
-22.7963 -9.43816
-12.8021 -45.906
12.9049 -3.53908
16.7629 -2.92386
37.2325 -32.7618
31.4465 6.84394
-30.4785 -2.53927
-35.8987 -5.82797
5.06052 8.91227
2.33351 -28.685
32.8452 -26.48
-26.8275 -16.0271
-22.383 31.6385
-13.2627 19.7328
-1.04238 45.9445
33.3876 -3.47278
0.123724 -39.1733
19.2432 21.1654
6.96259 13.6001
13.1346 -5.10819
29.0372 -13.3115
-0.457122 44.0307
-21.1426 -32.3559
-30.8648 -26.0316
-10.6886 -33.6913
1.96255 -33.8894
-44.0908 19.6277
-0.934368 6.95826
4.04825 -2.043
-13.327 4.79026
-13.6111 -29.8091
-19.0651 -0.959465
-15.5014 32.5196
47.6344 -8.32328
-7.79529 -18.2026
-31.458 3.52776
31.9493 -34.1874
-25.7517 -38.3483
14.8837 18.871
-23.6624 -10.9095
15.3423 -45.6881
-18.4507 17.7432
37.5346 -20.8684
33.9867 -17.2399
-46.2384 -11.4104
3.37421 14.7323
39.3701 20.1308
23.6524 -34.394
28.3189 -24.3447
-6.06446 14.025
44.5449 1.61938
22.679 23.0391
-44.6357 -4.6708
-12.2702 -22.846
-21.0697 38.8475
6.01274 -32.4395
4.93101 48.6318
-2.2164 22.5478
-26.8163 -12.0573
10.9037 46.0171
-41.716 -24.6403
-8.96497 4.43426
-11.994 12.1178
19.89 41.5136
27.7678 -8.12763
42.9688 -4.43712
-21.5702 0.652126
21.9537 -29.5297
8.04264 34.9763
5.84086 -49.6131
45.5972 13.6547
-10.9576 -8.13468
-7.77217 9.8833
12.9291 11.3617
-5.59453 14.4469
30.0176 -13.4625
-15.4633 -16.0178
-5.8965 44.4636
8.92566 20.9513
-28.251 -11.3422
17.9552 24.4061
-11.2648 -5.77075
-5.67673 26.9714
10.693 -47.4323
6.44794 -14.8824
20.1868 -7.37672
21.7788 -39.9502
-7.76091 36.8228
-14.818 -11.1455
-1.63139 5.05234
-38.5633 -10.434
12.1621 -35.5731
-16.2407 34.6164
12.6477 8.91251
-3.68194 18.2098
-24.8888 -33.1318
7.86192 -14.9845
30.3283 -1.74955
-8.92926 -5.62872
31.3977 -34.6392
-35.4324 27.1583
-24.2893 43.0975
-43.6331 -8.56379
31.6183 22.6765
-20.3107 -44.3369
-12.6037 -30.4448
-13.0934 -30.5279
34.3958 -26.5401
32.5425 -30.9981
-38.5092 30.9372
12.6863 22.0425
22.988 -18.8095
-12.3948 19.5967
-40.361 24.2682
11.4924 -40.7844
-26.3726 -36.4133
46.6287 -11.3177
11.9063 -36.5553
10.5648 -5.90169
-9.45397 9.73659
9.36499 -18.6291
-12.5671 20.3875
8.51659 31.6071
-17.0414 -4.26157
29.2493 9.52015
-16.5568 -15.8375
43.5002 -3.02425
18.624 -33.9985
37.7092 5.20492
20.2879 -17.0984
-4.86424 -25.1796
10.1655 -13.2683
-9.03278 29.1119
21.7766 -20.9769
15.4841 -7.19774
-21.9806 -29.2827
-7.67325 25.2511
36.8333 24.8355
-25.4543 13.3586
-1.30041 39.8718
-5.41247 -38.9851
-28.2916 4.37628
6.63587 -25.0697
-40.3873 20.2094
33.3471 28.8341
-10.7153 -30.255
-31.619 -18.4415
-36.2151 11.2982
-12.9742 19.3492
2.17776 14.3657
-24.7766 0.702233
-34.2582 11.014
-32.4868 24.7262
-8.28234 -0.28603
-42.0957 13.4698
8.27442 -19.6712
-31.6813 -10.5326
18.1044 -4.51798
13.3894 -18.0982
6.62155 17.7525
-2.62297 -30.1755
11.0647 9.76336
26.9371 -31.4446
-1.74209 40.0143
-37.5878 -0.0202787
-0.778694 29.434
-3.62404 -7.09861
-18.6612 18.8698
-21.6099 37.4105
-27.929 -17.692
17.5877 -7.51869
35.2412 -5.86738
-13.1389 -18.369
-20.0517 -24.7856
0.929726 -19.1223
19.9656 26.6813
18.5815 -7.47219
21.4727 34.8206
-28.3246 -40.9863
-7.88315 14.4016
-6.64952 -37.4956
-8.44054 -43.9085
38.7105 -10.8663
-6.49087 45.0925
-2.43941 9.88159
0.907512 38.6115
39.3209 -13.5106
-29.0517 20.5251
43.289 -4.55861
19.4969 39.8497
-5.43259 23.9048
32.3708 -8.43922
26.733 -15.2614
-44.5369 -14.221
-30.2551 -32.78
17.9168 2.07323
-43.3656 1.54489
-13.7971 12.4388
-6.79594 -41.2173
-35.2165 27.11
0.836312 -24.8271
-33.1897 15.735
10.458 -37.637
13.5718 32.1926
30.0711 -12.8786
-1.40809 -21.6303
41.4654 2.89451
37.5443 -29.6998
27.5745 -41.4424
-34.3854 7.92387
4.51177 -30.8046
-6.92726 -14.5434
7.42769 29.5627
42.9296 -8.24704
-41.2319 -27.3706
-8.66837 -8.65732
6.87667 40.6962
-25.978 41.2956
-19.7333 27.3013
11.8973 -22.2561
22.9688 -37.8678
44.7677 -11.4416
-20.0095 -25.942
12.2175 18.1534
-9.72137 24.8542
2.92937 12.2941
-3.33005 -0.163983
-1.49019 -10.3418
-30.1043 1.48237
36.3922 4.88703
11.5135 23.922
31.5392 -10.7831
-9.35144 -4.08671
31.4412 33.0204
41.493 -25.5712
25.2046 34.9363
1.15234 -9.72648
1.86696 14.4419
-17.4237 45.5909
19.844 -36.3048
40.6438 8.24848
37.8433 26.9482
22.9806 -42.0006
-21.667 -38.6886
-5.83718 45.9982
28.3531 36.5927
-12.2602 12.6451
-10.0521 -28.9019
33.1969 -14.1417
-35.5766 32.9805
40.317 -4.69499
8.14203 -20.5884
-43.9513 4.21504
-28.1591 -5.12804
35.7238 -28.9306
-26.4669 -12.9954
17.3034 18.38
-35.5424 14.107
-18.3559 -2.88012
-34.1203 -33.9498
10.6321 17.4514
26.1687 -8.30971
-29.7619 29.4319
5.39153 -30.5798
-34.5986 -3.74292
45.5113 -16.5588
-7.44265 10.2743
-27.5323 -31.0183
-36.5665 -6.6316
-40.0491 15.5249
3.11848 9.34679
18.545 -6.03997
-23.2041 -11.4488
-36.4932 -4.80486
-8.05399 32.9713
31.5144 32.5455
18.8404 16.9772
20.5622 -32.6205
-0.816079 48.1799
-12.9465 8.12413
20.4356 -14.2146
9.24604 15.5233
-33.4461 13.0714
-0.526727 48.7582
-16.3598 34.2006
14.8636 3.03336
4.09218 31.1205
-3.64407 24.5099
8.55726 -13.0703
27.5057 -14.4934
-26.2756 -22.3286
30.8829 24.6005
-3.86357 -18.6187
24.2942 38.0715
10.5878 -29.0121
-11.1903 -22.6015
-6.80895 -16.0448
19.2046 16.4122
21.7786 30.3631
-16.2911 5.24019
22.4147 -18.6318
-30.8733 20.9855
15.5205 23.2679
34.0454 -9.82582
-10.5375 46.5296
-9.85697 -34.1522
-41.6517 1.45123
10.22 -14.3823
12.7727 34.1902
-20.8302 10.9601
23.3939 37.4406
-41.667 -5.69363
-4.83341 -6.59341
-23.3452 -8.07205
-36.2731 -3.61624
30.8629 -1.26708
-7.98217 34.2507
-44.4074 -3.72865
11.9274 1.95086
11.151 -20.666
-26.7816 -36.3773
-15.5959 30.4883
16.4015 22.1228
-39.0095 22.8813
29.772 36.8976
-38.6197 -21.1118
28.4536 36.5617
8.88794 2.51437
15.6138 -44.4119
-3.5316 -30.7918
-31.1468 -21.2421
-1.67713 -2.87343
16.7588 -27.0839
7.9295 29.5662
-43.3155 -6.86627
-20.3845 -26.1112
-43.0738 -24.5781
18.2807 -29.5854
3.03507 18.8008
-21.2746 -2.36818
12.409 17.6995
47.4878 9.915
35.5915 13.8348
-35.5169 4.60719
-2.17851 -18.9988
25.5191 -38.0111
7.34658 44.8875
42.022 -13.4826
4.27399 48.7823
43.7316 -0.0391048
42.3393 -26.3027
-23.1089 12.1407
7.04425 -27.079
-44.5352 -14.1722
-40.008 5.75223
13.3274 -40.0748
-22.1875 2.13
