-0.825365 2.44825
2.46285 10.3619
3.27786 23.5204
-1.90434 26.3762
-0.178264 36.4063
-1.15473 53.7319
-3.60714 63.9041
1.76964 72.9745
-0.257521 79.9118
2.17083 90.605
8.58018 -1.8485
11.4788 8.66827
9.23594 22.7897
11.6994 29.784
6.34992 37.8275
11.3749 52.6207
8.75643 62.8513
11.4351 72.9411
13.124 76.1038
7.42792 87.6136
18.2117 -2.35243
17.8399 10.8283
16.4729 22.9954
17.6734 27.6997
20.019 41.0016
17.1177 48.9967
16.0541 58.9897
22.8021 69.8447
21.5068 80.6623
19.8683 93.6436
28.3909 0.740721
27.9426 7.40756
26.1194 22.8156
26.7073 31.627
29.0046 36.3256
28.8338 49.8659
33.5671 58.793
30.3605 69.7147
26.7325 81.7174
29.5085 93.7243
37.7301 0.00222489
38.0737 8.09871
39.0772 20.1879
36.2266 26.8311
43.8057 38.0062
42.2525 48.1281
42.8129 63.0754
41.9442 66.2669
40.4492 83.9907
39.0195 92.6697
48.5336 1.97018
47.7217 11.9638
53.5661 21.5394
47.1393 31.8139
50.2248 38.8467
52.5787 46.6007
50.6659 59.53
50.2006 68.1516
48.0657 76.7421
50.7892 86.2631
63.3099 0.737386
60.7809 7.23808
63.3171 18.9195
61.1838 26.2686
59.7806 43.5216
56.3182 52.8915
63.4412 61.223
61.0579 69.0693
60.9304 76.4068
58.2031 93.8351
68.298 -3.37748
67.5445 9.33578
69.1523 22.1987
70.6323 26.9053
67.8647 38.0317
69.0934 48.958
68.9305 56.2061
66.3462 67.2218
72.9462 79.7811
73.7996 92.4698
82.3406 0.11151
76.057 10.9467
81.16 22.2168
81.2324 26.2006
77.9062 42.6015
79.9144 46.9071
76.826 56.5318
83.2413 68.283
81.7077 81.6784
81.4288 93.1536
88.4835 2.16231
90.9404 13.2916
88.7784 22.3908
87.566 31.1638
88.5875 41.4223
86.9595 49.419
90.6557 63.5429
90.3138 72.9367
88.4719 79.9405
92.0599 92.8274
102.5 -1.89037
100.079 7.1787
99.5676 19.1662
102.165 26.2179
99.7275 38.0377
96.9139 52.6674
96.3776 60.8685
96.6164 66.0238
98.0513 77.2544
101.158 86.1751
109.087 -0.325471
106.197 10.9876
113.462 16.033
111.337 30.8046
113.155 38.2569
106.008 46.2536
112.4 58.0226
110.952 72.4708
108.741 76.288
107.691 87.6716
116.384 -1.83621
117.257 8.00069
118.078 16.7905
116.342 30.7172
118.746 39.0245
122.371 52.1302
118.941 62.1114
120.263 66.6668
116.016 78.555
122.208 86.6861
129.095 -1.27431
133.932 13.0474
129.939 16.2803
129.813 28.7475
132.726 39.6169
132.857 53.6063
133.846 63.0819
127.669 70.7278
131.348 76.5309
128.599 86.6844
143.349 -1.39868
139.452 8.4103
140.231 21.6096
138.548 28.389
138.69 43.4236
137.16 47.3215
139.207 63.956
138.172 66.8212
141.683 82.8532
143.003 90.2669
151.862 -2.43844
153.244 10.3215
153.728 19.8454
147.13 28.2197
149.628 41.1875
148.391 49.7155
149.062 60.7543
152.701 73.9219
147.937 78.9453
146.753 86.8583
162.078 0.897738
158.348 13.9799
161.664 16.2442
163.083 31.0703
157.447 43.0814
160.344 50.1467
160.478 61.7466
159.791 68.3543
162.356 79.7899
162.765 92.118
173.13 -0.727159
168.477 8.55354
170.351 18.7289
171.76 31.1333
173.718 41.5301
170.44 53.4414
171.272 59.1781
166.692 68.0143
173.653 81.5983
170.785 93.331
183.24 1.39818
177.151 13.4206
183.725 16.8246
182.526 32.9962
180.607 36.2003
182.415 53.6067
183.816 58.6796
181.356 71.009
181.984 77.7127
177.033 93.0772
192.261 3.88832
192.245 11.6986
188.211 21.8335
191.821 27.7741
189.157 42.7379
192.429 52.3399
192.587 59.6949
186.491 70.038
190.042 83.2478
193.307 90.5208
198.846 -1.51138
198.431 11.554
197.078 19.1135
199.208 26.0756
201.14 36.6056
196.551 50.6989
200.217 57.9127
198.005 70.4194
200.062 80.581
198.039 87.8412
206.221 -2.38326
209.685 6.50682
206.403 16.2544
209.422 30.9634
208.03 36.5105
206.967 51.3747
209.931 60.7411
212.887 73.9901
213.114 77.0198
211.456 87.2496
220.054 -3.86086
221.195 6.6547
220.234 18.3268
220.225 26.1786
220.767 37.4239
216.117 48.3546
216.068 60.2196
219.958 69.3661
218.936 80.856
222.222 92.7797
226.35 2.65301
230.118 13.3011
230.523 23.7857
226.635 33.7623
228.78 40.0067
231.212 52.3494
231.43 57.9656
229.208 72.5373
228.583 81.717
227.023 93.0849
239.95 1.17759
237.647 11.3479
240.249 16.1685
238.561 27.1987
240.109 37.2309
241.846 47.2185
243.103 62.724
238.703 66.8589
242.293 76.4723
240.689 89.0298
250.235 -0.759877
252.654 12.4113
251.221 21.2618
252.617 28.9058
252.681 43.9643
250.759 49.9054
247.002 59.7449
253.029 71.4452
252.521 78.8284
253.556 86.4412
260.627 -1.50281
256.98 9.75778
258.443 21.9667
262.823 27.5016
256.663 38.5587
262.631 52.8468
256.753 62.6353
259.954 67.1217
259.903 82.3872
261.112 87.3707
269.724 -1.18698
267.228 8.99007
269.334 21.1979
272.774 32.4425
272.346 42.8066
266.114 47.6596
273.112 58.4326
268.41 71.0857
268.266 79.2921
269.293 92.6564
280.644 -0.903961
281.72 6.97688
276.518 20.7315
282.721 27.0085
276.748 40.0654
276.971 49.7186
282.73 63.825
276.373 72.3076
281.803 83.5636
282.274 90.5214
290.01 -1.94346
291.274 12.4879
290.924 22.4318
289.194 28.4807
290.698 36.418
289.662 47.8166
291.854 62.7926
290.544 68.6595
288.158 83.8068
287.301 91.9571
301.642 1.6402
302.91 13.0544
302.256 17.3959
299.131 26.2932
297.077 37.5291
299.47 52.1057
303.948 59.2179
296.849 70.764
301.583 78.7807
299.751 88.1302
309.542 -3.1302
310.007 9.32463
309.985 20.6154
308.758 33.1916
310.373 43.3309
306.227 47.8316
306.365 56.6587
307.257 68.2644
310.227 82.4554
311.992 90.2775
322.138 0.886977
318.149 9.86944
320.068 22.8558
318.56 28.6284
318.98 38.052
322.849 51.0437
316.16 58.2311
320.671 68.8227
318.743 79.5749
320.988 86.7179
330.587 3.19347
330.997 11.7592
330.727 16.9567
333.769 28.5127
333.818 40.4236
332.644 52.4593
328.016 63.0544
330.94 72.9331
327.741 76.3689
328.871 90.2965
336.211 2.39605
341.969 9.41539
343.227 16.4655
338.043 27.2209
342.838 36.1601
342.473 52.8872
337.929 58.4369
342.175 69.8162
338.052 80.8326
341.785 90.2907
346.829 1.12586
351.454 11.247
349.765 17.6378
352.871 26.9304
346.337 41.3433
353.87 53.6469
348.742 59.6417
349.204 71.9366
352.479 82.2847
346.276 93.1549
357.68 -1.77305
362.754 12.9352
363.169 17.0249
361.534 27.5403
357.261 36.8502
363.478 52.7758
363.883 60.5083
358.364 72.6663
356.777 78.3773
360.352 88.9513
372.223 1.85691
366.636 9.0674
366.024 21.4706
366.987 26.668
373.705 36.0485
367.872 52.4344
372.321 62.8296
370.76 70.4824
373.776 77.1604
371.181 92.9392
378.243 3.13766
381.48 8.74652
381.196 16.4727
379.192 26.7686
376.039 38.7292
376.808 46.4107
383.303 57.459
383.308 68.1943
380.221 79.1903
377.453 86.1174
386.059 2.50405
391.995 7.2914
393.95 18.9612
389.478 30.6825
388.933 39.6647
387.61 48.3795
390.775 63.6566
393.754 69.3549
390.433 79.0789
386.393 92.9546
399.714 -3.75932
403.273 12.6984
399.139 18.311
403.465 26.9909
396.439 43.5036
402.4 49.6603
399.552 62.377
402.655 69.7392
397.457 76.2237
399.58 93.939
410.149 0.423334
408.491 12.0515
411.605 19.107
406.439 32.429
410.515 37.4246
406.951 48.528
407.209 60.076
407.18 72.6573
406.286 76.3269
412.306 92.8955
