69.0806 21.3311
49.7446 4.92019
77.9857 27.006
56.3133 25.7867
53.693 13.2991
0.302374 4.69804
7.49095 10.1508
91.1314 0.287882
21.0508 16.4775
32.3189 13.0562
87.0109 1.47399
39.4249 17.3191
69.9782 5.24742
40.5708 12.1239
21.7471 15.62
51.3283 3.60468
70.9884 21.4792
78.9687 12.6546
27.3811 12.7012
13.4518 18.3554
99.313 18.7747
21.9625 25.919
87.3634 26.1602
88.4839 21.0613
93.71 26.126
9.08049 2.50156
35.9966 20.859
68.5682 25.4018
45.2266 13.3734
96.5823 12.7304
2.35767 17.7419
0.841907 17.1259
82.7373 0.827689
53.686 18.1344
82.0427 9.43329
2.16769 5.3752
32.4057 16.6557
55.9171 21.6917
96.24 22.9669
54.0421 1.69611
77.1941 20.7915
26.3224 12.8807
3.34961 24.5967
16.0432 11.4646
2.96567 24.4982
75.7862 19.8506
69.2471 27.139
86.4667 8.31695
79.4007 8.08673
33.0736 25.2823
50.0179 1.99648
32.3555 20.6231
85.2659 23.373
34.7679 12.0036
1.95498 12.1509
72.0581 24.8543
65.4821 19.4691
22.9894 12.676
55.953 20.1284
91.9995 1.158
45.5942 19.1455
2.1213 6.12002
24.8694 5.26853
65.5265 20.764
34.1293 22.0949
91.0566 23.6271
7.97076 14.9188
22.2573 23.857
40.2929 2.12212
46.1465 21.097
39.2502 9.95486
19.0564 20.3863
29.407 12.4121
62.7804 25.111
55.6014 2.47026
85.0967 15.3556
44.1601 0.58648
36.1361 13.0684
14.9396 22.967
90.5002 3.41068
27.455 17.4606
34.1301 17.1755
5.59198 4.36297
21.952 12.7425
10.564 21.5127
85.0709 10.5747
79.5857 2.95334
62.4967 29.2562
80.0019 14.0322
14.0311 11.9439
91.5943 12.8925
93.7082 8.13927
38.4771 8.31708
26.2928 7.24162
98.7841 25.0968
0.785944 29.872
49.8668 26.7607
56.7818 2.87003
43.3128 8.06929
54.5578 15.0706
91.0228 23.7577
82.9396 19.8785
82.7052 27.2849
62.4298 15.3876
81.5775 0.1587
17.3137 5.97238
17.4837 21.3432
6.02614 10.2785
95.2199 27.8013
36.1607 9.25887
55.0957 7.13129
29.9575 21.753
49.1764 12.8542
43.7897 0.682942
74.3312 13.2532
15.1644 8.67677
80.1169 15.7663
36.3392 21.2374
21.7961 19.5555
22.4091 25.1948
60.8628 26.0358
85.2126 26.5389
6.88509 23.3604
93.6827 21.3067
21.2092 28.1223
64.6959 19.1369
66.1354 24.1923
64.5533 11.2165
34.1502 1.96106
74.5024 20.9066
14.5547 1.60026
93.1104 3.82421
23.3955 24.3847
12.0745 0.88924
0.509528 23.7279
71.7002 4.92609
57.5292 21.099
45.8738 8.60281
1.96138 9.61175
53.1765 3.4196
98.033 4.43003
25.3171 12.5806
61.7869 9.69751
62.5082 23.7268
85.5511 28.0279
66.0811 29.6953
65.8397 7.31064
20.1669 27.3194
61.4277 28.7963
18.0821 22.1872
45.5798 8.37039
4.28693 10.0333
22.431 8.653
37.471 3.79307
78.0488 13.2191
63.6869 25.4159
44.1129 8.08913
14.4886 27.3444
48.642 27.9572
25.0497 6.93017
89.0911 18.608
76.8528 7.89598
4.46168 4.55002
26.271 20.4701
70.4409 10.0028
51.265 14.221
12.0411 12.9814
48.7606 22.0435
87.5723 6.78185
89.149 19.0405
90.2053 11.2279
85.1695 16.7037
78.8603 3.67987
62.3988 2.32132
25.4512 27.1665
8.13514 14.6618
56.1817 5.05448
25.4566 17.4957
26.4109 22.2412
48.863 10.1534
80.24 27.497
74.2878 9.34823
87.368 3.12877
56.1899 29.6333
64.3623 18.6516
64.9801 16.8703
74.4007 22.0409
11.1402 29.3006
47.9402 25.6268
8.44291 2.92788
43.8416 2.8576
35.9347 14.9057
86.9813 0.506534
91.1375 29.7841
48.1174 17.6585
32.6514 6.95465
59.6476 4.61966
90.8431 5.77085
40.2452 28.0881
23.5519 25.1701
37.2573 1.67834
73.092 14.3432
8.40617 10.8278
6.77808 14.4065
61.4526 8.32415
53.4557 6.14199
33.5197 10.1194
27.9205 7.73506
88.5271 26.0501
46.1458 22.2766
23.9433 21.5191
12.5853 14.556
53.1741 0.99624
61.8158 7.17384
95.534 22.8071
14.3652 9.54661
75.5166 22.2464
90.7075 4.51537
55.4655 2.30532
52.9152 29.5438
41.5564 11.638
18.1518 19.1739
79.9375 24.453
94.2231 1.22319
78.9675 9.2293
70.18 25.842
15.1567 25.1188
79.773 7.25854
15.7315 10.7672
52.951 0.330983
73.7343 24.9976
72.5587 12.3507
39.9329 12.7227
56.1123 14.6268
99.984 26.2579
38.4978 11.559
89.3896 6.35777
49.3388 17.6104
66.6196 27.0034
1.36591 7.93754
86.9774 28.8955
35.3889 23.7112
14.3611 19.8721
68.8728 19.2609
64.4839 22.4186
0.292755 11.8143
3.34896 15.9136
47.6999 24.5819
76.6585 9.46231
26.9539 22.5669
3.60259 21.2892
83.8283 27.7191
73.6284 14.8077
1.80967 2.91699
67.7351 12.3067
98.9941 10.8429
18.3837 26.3086
95.7621 23.1685
72.938 0.749313
49.9886 22.4987
6.32421 5.45536
51.5587 22.4907
16.4158 10.417
67.4951 5.26058
86.2877 22.296
22.1562 14.645
46.562 27.3518
14.1686 1.0308
53.0773 25.4383
22.6923 27.6355
61.3455 14.9484
10.3566 12.4586
40.0841 3.79819
80.9354 9.14701
70.2346 24.7695
28.8799 14.7969
70.0478 27.998
85.2637 25.2973
49.7876 29.0711
31.9049 9.69038
5.86291 11.2793
92.8062 0.882874
29.4996 5.92538
30.2989 22.3814
80.5676 1.24452
4.49136 27.7785
0.344048 26.164
56.6397 12.1968
13.9181 18.3256
27.5092 13.1022
60.5695 14.6199
20.4554 16.4097
69.9342 24.29
76.3695 19.1731
67.0067 9.64279
45.0233 1.12877
73.0047 26.7036
60.6263 12.2364
96.048 8.91959
17.3325 6.548
29.3254 14.5432
90.7036 27.4124
2.43374 3.30653
92.8443 1.82155
27.5669 26.095
18.328 25.4171
74.4095 4.33007
73.909 27.7091
98.0143 21.3249
93.3718 0.805519
96.8401 25.549
58.9308 15.6588
87.3951 29.4861
56.3282 20.0568
8.83182 23.2352
7.35164 26.3535
93.1404 9.91404
1.67335 26.219
79.7259 8.88125
7.13664 19.5212
2.39217 26.0765
27.336 23.7826
19.7685 4.42327
69.5456 29.8936
72.5134 8.71579
14.2932 23.7549
92.1503 28.7418
50.6078 21.4748
66.9274 17.3021
54.4294 10.4452
18.6066 24.9983
66.7966 25.7959
27.8783 24.9192
96.0676 15.4241
65.1464 4.78057
1.82141 8.71574
18.0465 22.4136
67.9182 5.85465
26.977 26.8874
69.8209 10.5484
99.4596 9.49007
55.3373 17.8445
42.7431 0.548957
18.3279 5.75008
26.6006 8.38821
53.7799 19.6137
6.35264 18.7577
76.8338 6.66033
79.2556 10.05
1.8866 23.292
96.5075 11.018
0.351844 15.1601
7.02785 8.63015
44.153 27.5576
23.8285 23.4034
46.5274 10.4535
65.1504 19.3141
55.0102 19.4243
99.0497 23.0789
37.1614 2.24778
13.9352 7.57752
46.2465 12.1374
58.7784 20.6592
15.5925 17.3594
23.8271 6.45474
91.2465 17.8388
19.1187 6.75687
85.7466 10.6899
24.4515 26.2188
43.2122 24.5191
37.4853 1.11907
88.86 26.0513
97.563 12.7078
17.4812 6.61582
53.496 13.9633
14.8558 7.28225
47.1042 23.1627
1.98049 10.3073
63.8866 13.8837
37.8444 19.4113
88.7107 1.32174
75.0632 29.4036
57.8788 27.6906
35.9 2.34194
9.00169 7.98488
8.7052 15.6988
60.9737 29.954
41.3579 11.6271
88.272 24.1577
30.4148 1.84239
36.1357 0.221216
78.291 16.3583
37.9508 27.8449
28.128 27.6161
88.119 14.6082
63.4649 19.1276
43.4039 23.1927
92.6758 4.2037
25.7813 3.73423
57.3431 8.49012
4.18991 4.27892
1.30877 8.30271
75.8942 12.9214
24.5745 10.7635
65.2184 10.9598
60.9239 26.1081
87.0749 10.1283
75.4972 24.9961
80.4896 2.63791
38.6595 11.5323
52.7707 13.3613
10.0123 28.1631
69.399 8.08697
87.7753 18.8392
3.02688 6.57085
97.6191 10.234
4.71199 7.27839
77.3543 25.2579
95.6625 22.0021
67.9224 23.8633
21.4569 6.58501
68.727 10.1205
60.2827 17.34
77.7928 4.84979
66.047 3.64601
80.3844 6.35403
36.874 1.08161
81.1673 7.25135
38.2992 1.50109
5.47819 27.9405
21.492 4.31599
70.9171 29.1913
58.3379 13.0152
66.4385 0.701354
79.7596 12.6391
92.9374 0.192801
25.884 21.9912
83.2838 27.1771
77.953 5.19485
90.2059 16.0431
80.8852 11.1818
65.5071 19.672
49.5994 2.8275
60.7266 14.4546
32.8928 14.4424
17.2552 15.9824
24.7435 24.1293
2.79448 22.0301
82.0817 10.9594
12.3311 1.91091
11.6417 3.85669
96.5615 18.3608
22.3099 16.1309
41.5789 9.38993
80.1912 1.55042
87.8204 23.923
61.9796 19.1471
10.3411 25.7758
4.47277 21.5897
82.3943 3.75623
53.4145 27.0152
46.2868 13.0303
62.3939 15.6548
84.4047 5.26579
49.1358 6.45246
35.2528 1.76015
10.7734 29.1215
97.8738 26.7362
60.2145 28.5972
32.2204 10.5491
53.0925 5.61991
84.7878 7.03216
66.3183 29.4145
33.9539 11.0122
65.2294 15.6627
99.5489 2.34591
46.3497 14.1001
61.6324 17.2567
61.7606 14.6056
73.7348 21.2276
93.8118 16.9817
79.7457 10.0194
16.1108 25.3408
31.5884 2.28973
13.1707 18.7738
34.6228 5.88503
91.0301 15.1251
75.9741 19.7539
43.8878 9.26929
32.1738 6.89679
62.4735 26.871
53.1751 4.5604
3.1504 26.8163
25.9032 6.87709
34.1615 16.1061
27.5071 4.36171
81.7341 24.4967
13.0145 7.41706
96.4222 20.7927
53.7065 13.3987
84.4592 15.9734
22.283 28.4364
68.2261 10.0832
64.8426 21.64
94.0126 22.1752
72.2871 24.2142
79.3348 10.9138
32.5842 25.8004
40.3941 5.16442
57.2766 14.5755
61.6853 26.3662
8.32604 13.1737
30.8357 23.286
91.4556 5.43167
8.12077 21.7677
82.0843 5.34354
47.8628 5.77119
12.5476 23.6294
16.9456 5.59104
36.6818 1.9065
49.741 17.703
75.9114 14.5751
83.3941 24.8921
86.5826 15.83
48.5731 3.74211
44.493 5.68057
17.0371 12.649
63.9341 6.01415
19.2737 4.40141
17.3605 5.86539
37.7192 5.5047
33.5841 29.1677
71.4031 6.0966
66.4033 15.2211
30.1623 7.09481
63.0617 19.745
49.0758 8.58622
44.1818 7.53728
95.271 0.702577
1.95568 6.27053
46.208 18.3718
39.4952 5.87097
34.3715 11.9721
66.8798 25.2814
71.9205 22.1562
7.84371 25.5021
51.6011 10.0618
2.21383 29.308
13.2724 18.5282
41.2544 5.68185
63.8364 9.78508
68.744 14.0355
44.2666 15.9954
63.4738 16.4662
92.4128 8.83013
72.7528 16.0553
29.9284 0.842183
55.5288 1.11781
82.0426 15.3094
84.1281 29.2758
50.7262 27.6554
19.8845 9.18195
47.6462 2.50932
61.8363 0.71998
83.6296 17.3562
22.1345 14.2093
46.4857 4.73863
4.18849 3.58163
10.0598 21.4309
89.982 14.0727
50.981 12.262
34.4262 9.4551
99.3883 25.848
99.7251 10.9899
78.1716 22.4254
37.2229 27.5964
83.9387 11.9221
57.0884 19.222
8.44029 16.4862
48.2997 2.508
12.7782 19.0194
0.186529 18.5044
69.1194 2.16587
95.5691 12.5286
2.12431 10.3314
0.856914 23.5218
56.6372 13.1402
41.2824 19.9635
72.9183 26.7796
79.5749 1.11494
18.702 17.8439
96.256 6.14414
20.4175 6.1536
74.8887 14.2922
84.3846 7.83368
54.0285 13.3608
23.5769 8.92218
92.7888 3.15424
76.6552 1.91225
4.38242 28.7181
46.8988 27.1816
17.0966 1.58614
25.8575 13.5236
70.7133 8.81367
30.8458 23.6776
42.7422 9.08641
80.1795 3.70684
9.52913 2.03618
7.0572 10.7665
45.5688 24.5816
79.6872 11.5472
33.4 2.70954
96.9792 5.42489
65.8477 24.285
49.3253 28.246
77.2586 13.9742
36.6623 4.35203
94.5223 1.70011
69.0399 9.02125
94.0666 9.02384
17.219 25.2375
63.8584 27.3113
53.2983 9.68461
29.5025 0.331161
30.8921 27.381
55.9298 4.60296
34.3988 18.5325
45.7489 25.221
33.4859 0.356589
40.0592 1.65952
38.4069 16.2209
64.3107 16.4975
63.4938 3.25675
19.4514 12.7339
29.2899 24.2382
75.6234 17.1545
16.6804 14.0397
83.7338 9.54608
52.1128 9.54128
91.5375 22.1355
60.006 1.44564
61.477 6.9093
88.6895 3.3576
85.6907 5.10875
88.587 25.427
19.9689 21.2222
78.1305 22.665
69.4389 1.39175
42.0888 28.6828
45.7277 1.51405
24.4129 15.8986
94.8598 15.521
42.1609 21.8523
25.7054 12.2818
31.5308 14.6623
60.4838 2.00426
30.2661 11.5
91.4955 14.0335
9.91223 25.7143
72.2333 10.9329
24.6302 2.23321
64.7164 0.385976
66.1379 29.0699
35.9993 13.005
64.1081 0.64245
56.7188 9.57063
23.9155 9.96374
28.7261 10.637
64.6295 8.16632
1.03322 20.1012
65.661 17.9055
82.3594 28.0251
68.9958 24.831
83.2939 5.7248
62.4548 10.7236
97.0687 12.7594
89.695 24.1513
59.6042 8.11702
8.20534 21.4431
46.027 0.77449
1.95176 24.914
13.9287 24.2889
25.5437 25.6311
44.1025 25.8169
0.93338 22.9607
19.0691 14.4463
68.5559 24.6855
46.7396 13.3277
97.4894 20.3496
75.2035 21.0486
70.8197 17.5892
56.7257 22.7812
49.1824 23.3008
94.5289 16.4257
84.7878 15.9342
80.6644 23.066
94.9144 4.78662
12.7904 14.813
14.0282 5.40505
55.8685 6.19849
65.6685 13.8102
68.5048 6.54495
78.952 13.7167
62.9325 8.10712
47.6838 4.81912
15.8883 21.9644
44.2653 8.64977
54.7598 8.25195
75.7195 19.1886
2.77469 24.5975
79.7563 19.5497
91.7188 4.20167
68.359 4.32596
30.7108 28.9429
15.2499 20.3402
45.3525 26.8546
93.0947 24.6434
22.5852 17.0117
55.5667 15.6419
57.0595 10.8146
98.8834 3.00073
78.6684 0.817087
81.9332 18.8577
94.7644 24.5788
42.4243 27.3397
82.6222 12.0833
82.3847 9.53395
6.50902 9.95971
25.4278 8.42545
49.5795 13.3289
35.9564 20.3567
4.89409 24.5576
80.5799 22.5827
40.6238 28.3467
63.5064 4.53375
28.6614 4.83903
76.9234 10.0863
94.1031 11.4324
31.5913 15.056
94.8578 20.5776
74.3235 1.92717
49.5082 24.3556
6.42571 21.9199
80.5946 18.7074
60.3283 27.2516
77.1926 27.2
10.2417 15.5807
84.5253 11.7985
91.6025 17.8583
39.734 19.6337
3.48043 9.86203
43.7143 25.9567
74.542 4.7467
35.0405 25.1025
73.6715 7.2818
95.2978 27.904
96.5387 27.9666
87.2484 28.9969
56.2372 23.3443
76.9536 11.4545
48.9113 7.15822
75.8127 6.89801
40.4089 6.6621
79.4993 7.19852
56.5113 27.071
66.3731 17.6643
68.3939 19.4904
57.6142 29.3462
99.6603 12.1604
82.7895 29.5125
