-5.93196 0.492838 0.530444 30.3844 -3.13344 37.1755
-5.62902 -7.23051 -5.93196 0.492838 0.530444 30.3844
3.46516 -26.5108 -5.62902 -7.23051 0.530444 30.3844
4.82391 -33.5801 3.46516 -26.5108 -5.62902 -7.23051
-5.62902 -7.23051 4.82391 -33.5801 -0.415154 -40.7375
7.23302 46.2339 8.20988 48.2262 6.90212 48.2524
7.09124 37.0018 7.23302 46.2339 6.90212 48.2524
5.09434 17.7679 7.09124 37.0018 6.90212 48.2524
4.23069 10.2007 5.09434 17.7679 6.90212 48.2524
3.46516 -26.5108 4.23069 10.2007 5.09434 17.7679
5.09434 17.7679 3.46516 -26.5108 4.82391 -33.5801
-5.62902 -7.23051 -5.93196 0.492838 -7.25686 5.43856
-9.38467 -23.5043 -5.62902 -7.23051 -7.25686 5.43856
-5.62902 -7.23051 -9.38467 -23.5043 -6.94534 -37.1474
-19.2434 18.8847 -18.0313 28.2024 -10.873 43.0406
-9.38467 -23.5043 -19.2434 18.8847 -10.873 43.0406
-19.2434 18.8847 -9.38467 -23.5043 -6.94534 -37.1474
7.23302 46.2339 7.09124 37.0018 8.19774 -37.2169
11.0037 32.2596 7.23302 46.2339 8.20988 48.2262
7.23302 46.2339 11.0037 32.2596 11.8845 21.993
11.8845 21.993 11.0037 32.2596 13.7627 37.7381
15.8679 15.0058 11.8845 21.993 13.7627 37.7381
18.9623 -14.711 15.8679 15.0058 11.8845 21.993
11.8845 21.993 18.9623 -14.711 13.0086 -43.8696
18.9623 -14.711 22.6173 -18.2123 13.0086 -43.8696
31.9536 0.278878 34.1823 9.82872 32.4962 20.7962
44.3278 -3.1616 31.9536 0.278878 34.1823 9.82872
44.3556 -5.57642 44.3278 -3.1616 31.9536 0.278878
34.7645 -6.23625 44.3556 -5.57642 31.9536 0.278878
29.0317 -6.91921 34.7645 -6.23625 31.9536 0.278878
18.9623 -14.711 29.0317 -6.91921 31.9536 0.278878
29.0317 -6.91921 18.9623 -14.711 22.6173 -18.2123
30.0605 -17.1386 29.0317 -6.91921 34.7645 -6.23625
34.7645 -6.23625 30.0605 -17.1386 31.1558 -22.0413
44.3556 -5.57642 34.7645 -6.23625 39.627 -8.05345
-19.2434 18.8847 -18.0313 28.2024 -22.8202 33.4766
-19.4058 10.1632 -19.2434 18.8847 -22.8202 33.4766
-24.3709 7.49282 -19.4058 10.1632 -22.8202 33.4766
-25.9778 -14.8572 -24.3709 7.49282 -22.8202 33.4766
-24.3709 7.49282 -25.9778 -14.8572 -26.0132 -15.6073
-26.0132 -15.6073 -25.9778 -14.8572 -29.3325 23.7581
-33.7775 -17.7488 -26.0132 -15.6073 -29.3325 23.7581
-26.0132 -15.6073 -33.7775 -17.7488 -26.2216 -30.2923
-39.8706 -6.35255 -34.0854 10.1548 -44.7144 17.2221
-36.8859 -13.9001 -39.8706 -6.35255 -34.0854 10.1548
-33.7775 -17.7488 -36.8859 -13.9001 -34.0854 10.1548
-36.8859 -13.9001 -33.7775 -17.7488 -26.2216 -30.2923
-19.4058 10.1632 -24.3709 7.49282 -22.7089 -9.94058
