72.5831 86.2516 70.9723 103.758 70.4513 108.171
71.9177 80.194 72.5831 86.2516 70.4513 108.171
69.8183 50.0281 71.9177 80.194 70.4513 108.171
70.8153 26.635 66.4134 41.4054 69.8183 50.0281
70.8153 26.635 69.8183 50.0281 71.9177 80.194
66.4134 41.4054 70.8153 26.635 69.5932 -3.10065
72.758 67.521 71.9177 80.194 72.5831 86.2516
73.2257 21.2467 73.8289 62.0452 72.758 67.521
73.2257 21.2467 72.758 67.521 71.9177 80.194
71.9177 80.194 73.2257 21.2467 72.7428 7.35129
72.758 67.521 73.5605 126.831 72.8096 141.391
73.5605 126.831 72.758 67.521 73.8289 62.0452
76.4256 76.6142 73.5605 126.831 72.8096 141.391
76.7101 59.4087 76.4256 76.6142 73.5605 126.831
73.5605 126.831 76.7101 59.4087 76.2478 47.8924
77.5962 87.1088 79.274 98.3425 77.7017 106.601
76.7101 59.4087 77.5962 87.1088 77.7017 106.601
77.5962 87.1088 76.7101 59.4087 76.7125 6.14617
76.7101 59.4087 76.2478 47.8924 76.7125 6.14617
76.1485 133.771 76.4256 76.6142 76.7101 59.4087
79.274 98.3425 77.7017 106.601 79.583 140.359
81.2564 73.7667 79.274 98.3425 79.583 140.359
81.6922 39.9229 81.2564 73.7667 79.274 98.3425
79.274 98.3425 81.6922 39.9229 80.2246 29.8646
81.6922 39.9229 86.5649 80.4336 86.3913 87.1022
82.7561 20.8739 80.2246 29.8646 81.6922 39.9229
82.7561 20.8739 81.6922 39.9229 86.5649 80.4336
86.5649 80.4336 82.7561 20.8739 86.8064 -2.92232
81.3343 119.798 81.2564 73.7667 81.6922 39.9229
80.2246 29.8646 82.7561 20.8739 80.8835 -3.33719
87.3766 56.7725 86.5649 80.4336 86.3913 87.1022
87.6731 41.8962 87.3766 56.7725 86.5649 80.4336
86.5649 80.4336 87.6731 41.8962 87.453 27.592
89.1675 108.623 90.3279 116.311 89.564 132.694
87.6731 41.8962 89.1675 108.623 89.564 132.694
89.1675 108.623 87.6731 41.8962 87.453 27.592
87.4196 96.841 87.3766 56.7725 87.6731 41.8962
90.3279 116.311 89.1675 108.623 90.0541 17.7908
90.3279 116.311 89.564 132.694 90.9329 141.879
93.7816 73.6152 90.3279 116.311 90.9329 141.879
93.9984 49.491 93.7816 73.6152 90.3279 116.311
90.3279 116.311 93.9984 49.491 92.4557 12.4507
93.7816 73.6152 97.9485 107.055 97.9649 123.715
97.9485 107.055 93.7816 73.6152 93.9984 49.491
98.2091 33.591 97.9485 107.055 97.9649 123.715
97.9485 107.055 98.2091 33.591 98.2169 6.69888
100.122 78.2976 100.965 97.7663 100.288 136.341
98.7991 72.6424 100.122 78.2976 100.288 136.341
98.2091 33.591 98.7991 72.6424 100.122 78.2976
98.2169 6.69888 98.2091 33.591 100.122 78.2976
100.122 78.2976 98.2169 6.69888 99.8518 -0.187218
100.122 78.2976 100.965 97.7663 103.048 129.99
102.545 41.2434 100.122 78.2976 103.048 129.99
100.122 78.2976 102.545 41.2434 101.943 20.9149
103.099 59.101 106.274 73.8399 103.908 91.3985
102.545 41.2434 103.099 59.101 103.908 91.3985
103.099 59.101 102.545 41.2434 101.943 20.9149
106.274 73.8399 103.099 59.101 103.626 50.8048
106.274 73.8399 103.908 91.3985 106.172 102.855
107.133 10.6952 106.274 73.8399 106.172 102.855
106.274 73.8399 107.133 10.6952 107.197 -1.15525
107.133 10.6952 107.258 78.7091 107.313 122.345
107.258 78.7091 107.133 10.6952 107.197 -1.15525
108.703 56.0731 107.258 78.7091 107.313 122.345
111.049 38.4691 110.306 50.7031 108.703 56.0731
107.258 78.7091 108.703 56.0731 107.918 27.5522
108.703 56.0731 111.049 38.4691 107.918 27.5522
111.049 38.4691 113.059 92.1639 111.016 107.399
113.059 92.1639 111.049 38.4691 110.822 20.8128
111.049 38.4691 107.918 27.5522 110.822 20.8128
110.309 133.432 110.306 50.7031 111.049 38.4691
113.059 92.1639 111.016 107.399 113.468 141.598
118.356 28.0196 113.059 92.1639 113.468 141.598
113.059 92.1639 118.356 28.0196 118.594 12.139
118.356 28.0196 119.704 23.5319 118.594 12.139
117.642 103.084 119.547 42.0752 118.356 28.0196
119.425 60.9134 119.861 83.0057 120.206 117.237
119.547 42.0752 119.425 60.9134 119.861 83.0057
119.861 83.0057 119.547 42.0752 119.704 23.5319
119.547 42.0752 118.356 28.0196 119.704 23.5319
119.861 83.0057 120.206 117.237 121.254 129.839
121.577 72.9189 119.861 83.0057 121.254 129.839
122.227 52.5897 121.577 72.9189 119.861 83.0057
119.861 83.0057 122.227 52.5897 121.357 3.88376
123.118 91.5517 123.654 108.838 122.892 142.275
121.577 72.9189 123.118 91.5517 122.892 142.275
123.118 91.5517 121.577 72.9189 122.227 52.5897
123.654 108.838 126.226 82.9332 126.935 -2.30255
126.226 82.9332 123.654 108.838 122.892 142.275
128.165 71.2747 126.226 82.9332 122.892 142.275
129.734 43.7346 128.165 71.2747 126.226 82.9332
130.053 29.9467 129.734 43.7346 126.226 82.9332
126.226 82.9332 130.053 29.9467 130.067 18.2584
127.883 142.889 129.734 43.7346 130.053 29.9467
132.551 109.639 131.868 122.902 131.384 130.585
130.874 62.4586 132.551 109.639 131.384 130.585
131.094 51.0684 130.874 62.4586 132.551 109.639
130.053 29.9467 131.094 51.0684 130.874 62.4586
130.067 18.2584 130.053 29.9467 131.094 51.0684
131.094 51.0684 130.067 18.2584 130.972 7.65448
133.397 102.211 132.551 109.639 131.868 122.902
132.905 89.2314 133.397 102.211 132.551 109.639
136.066 48.6113 132.905 89.2314 133.397 102.211
132.905 89.2314 136.066 48.6113 136.821 11.5392
137.634 60.3228 137.29 70.4032 136.862 142.935
137.29 70.4032 137.634 60.3228 136.066 48.6113
137.634 60.3228 138.353 98.438 139.123 117.428
139.123 117.428 137.634 60.3228 136.821 11.5392
137.634 60.3228 136.066 48.6113 136.821 11.5392
140.225 42.9269 139.174 78.3033 139.123 117.428
140.225 42.9269 139.123 117.428 139.056 130.971
142.308 27.1169 140.225 42.9269 139.056 130.971
140.225 42.9269 142.308 27.1169 141.49 18.2552
141.606 108.888 142.308 27.1169 143.268 -3.24611
142.308 27.1169 141.49 18.2552 143.268 -3.24611
138.353 98.438 139.123 117.428 139.056 130.971
139.056 130.971 138.353 98.438 137.878 90.4868
69.8183 50.0281 63.5267 62.5169 67.5629 117
66.4134 41.4054 69.8183 50.0281 63.5267 62.5169
62.1496 22.1805 66.4134 41.4054 63.5267 62.5169
66.4134 41.4054 62.1496 22.1805 62.3219 0.0422552
62.1496 22.1805 60.2755 91.6654 62.0093 101.242
60.2755 91.6654 62.1496 22.1805 62.3219 0.0422552
60.9203 108.665 57.4984 127.864 58.4886 142.146
62.0093 101.242 60.9203 108.665 57.4984 127.864
60.2755 91.6654 62.0093 101.242 57.4984 127.864
57.3575 83.5395 60.2755 91.6654 57.4984 127.864
56.8824 72.8036 57.3575 83.5395 57.4984 127.864
56.3227 41.4354 53.1567 47.708 56.8824 72.8036
56.3227 41.4354 56.8824 72.8036 57.3575 83.5395
57.3575 83.5395 56.3227 41.4354 56.8118 27.8336
56.274 123.796 56.8824 72.8036 53.1567 47.708
50.7973 88.4923 50.5186 123.187 52.2617 133.208
52.5241 82.3168 50.7973 88.4923 52.2617 133.208
53.1567 47.708 52.5241 82.3168 52.2617 133.208
52.5241 82.3168 53.1567 47.708 53.4614 -3.87737
53.1567 47.708 56.3227 41.4354 53.4614 -3.87737
48.7822 72.7234 50.7973 88.4923 50.5186 123.187
50.7973 88.4923 48.7822 72.7234 48.2975 13.7274
48.7822 72.7234 47.2388 102.31 48.5341 112.928
47.2388 102.31 48.7822 72.7234 48.2975 13.7274
47.2388 102.31 48.5341 112.928 47.0151 140.651
46.2943 59.6926 47.2388 102.31 47.0151 140.651
43.532 53.0682 46.2943 59.6926 47.0151 140.651
46.2943 59.6926 43.532 53.0682 42.8709 39.1987
42.4855 78.2132 41.3937 107.371 40.0377 143.842
41.3937 107.371 42.4855 78.2132 42.8709 39.1987
42.4855 78.2132 43.532 53.0682 42.8709 39.1987
43.5527 126.359 42.4855 78.2132 43.532 53.0682
40.3995 88.0485 41.3937 107.371 40.0377 143.842
38.5568 72.083 40.3995 88.0485 40.0377 143.842
40.3995 88.0485 38.5568 72.083 39.8638 56.8922
41.4029 13.5417 40.3995 88.0485 41.3937 107.371
41.3937 107.371 41.4029 13.5417 42.1572 -0.50061
37.7021 98.5767 37.5362 117.157 33.7733 139.505
32.9761 90.3265 37.7021 98.5767 33.7733 139.505
32.9324 39.4366 32.9761 90.3265 37.7021 98.5767
33.6611 26.2514 32.9324 39.4366 37.7021 98.5767
37.925 26.0324 33.6611 26.2514 37.7021 98.5767
36.1963 20.5465 37.925 26.0324 33.6611 26.2514
33.6611 26.2514 36.1963 20.5465 42.1572 -0.50061
36.1963 20.5465 41.4029 13.5417 42.1572 -0.50061
31.858 52.2638 30.257 109.531 32.6919 123.655
32.9324 39.4366 31.858 52.2638 32.6919 123.655
31.858 52.2638 32.9324 39.4366 33.6611 26.2514
30.257 109.531 32.6919 123.655 30.1829 127.661
30.1339 56.0189 30.257 109.531 30.1829 127.661
30.257 109.531 30.1339 56.0189 30.6455 2.95088
30.1339 56.0189 28.9539 81.118 29.0315 102.464
28.9539 81.118 30.1339 56.0189 30.6455 2.95088
28.8707 68.5998 28.9539 81.118 29.0315 102.464
26.101 17.2993 23.2755 57.9132 28.8707 68.5998
28.9539 81.118 28.8707 68.5998 28.8072 9.08048
28.8707 68.5998 26.101 17.2993 28.8072 9.08048
22.3977 83.5553 28.8707 68.5998 23.2755 57.9132
20.3171 97.0134 19.7236 128.015 19.819 136.45
20.8034 91.3867 20.3171 97.0134 19.819 136.45
23.2755 57.9132 20.8034 91.3867 19.819 136.45
20.8034 91.3867 23.2755 57.9132 26.101 17.2993
19.6274 47.9764 20.3171 97.0134 19.7236 128.015
20.3171 97.0134 19.6274 47.9764 19.778 27.3405
19.6274 47.9764 17.9986 42.7541 19.778 27.3405
19.6274 47.9764 12.7428 57.045 17.7989 67.3279
19.6274 47.9764 17.7989 67.3279 17.8698 108.997
17.9986 42.7541 19.6274 47.9764 12.7428 57.045
12.7428 57.045 17.9986 42.7541 17.7712 2.09755
12.3159 98.3019 10.6084 121.431 12.9659 133.429
13.9535 69.3459 12.3159 98.3019 12.9659 133.429
12.3159 98.3019 13.9535 69.3459 12.7428 57.045
13.9535 69.3459 17.7989 67.3279 12.7428 57.045
17.4088 116.302 13.9535 69.3459 17.7989 67.3279
10.4075 82.062 12.3159 98.3019 10.6084 121.431
9.59139 51.0844 10.4075 82.062 10.6084 121.431
9.35685 23.1054 9.59139 51.0844 10.4075 82.062
10.4075 82.062 9.35685 23.1054 9.28812 2.65851
9.35685 23.1054 8.8987 11.2682 9.28812 2.65851
-0.243948 79.1208 2.67787 120.237 3.36021 126.67
-0.0830424 66.5004 -0.243948 79.1208 3.36021 126.67
3.61442 30.3123 -0.0830424 66.5004 3.36021 126.67
9.28812 2.65851 8.8987 11.2682 3.61442 30.3123
-0.0830424 66.5004 3.61442 30.3123 2.26092 -0.367063
3.61442 30.3123 9.28812 2.65851 2.26092 -0.367063
7.78046 33.4283 6.99735 108.32 8.62613 141.475
8.62613 141.475 7.78046 33.4283 8.8987 11.2682
7.78046 33.4283 3.61442 30.3123 8.8987 11.2682
9.35685 23.1054 9.0775 41.0475 8.94909 90.0908
9.0775 41.0475 9.35685 23.1054 8.8987 11.2682
-0.243948 79.1208 -0.86771 96.0665 -1.13439 111.578
-0.0830424 66.5004 -0.243948 79.1208 -0.86771 96.0665
-0.86771 96.0665 -0.0830424 66.5004 0.0238074 51.4182
-1.21185 93.3654 -0.86771 96.0665 -1.13439 111.578
-1.38118 57.1183 -1.21185 93.3654 -0.86771 96.0665
-1.75793 21.4301 -2.72791 40.5521 -1.38118 57.1183
-1.75793 21.4301 -1.38118 57.1183 -0.86771 96.0665
-0.86771 96.0665 -1.75793 21.4301 -0.632553 12.4656
-2.46686 143.964 -1.38118 57.1183 -2.72791 40.5521
20.9335 17.5018 20.8034 91.3867 20.3171 97.0134
20.8034 91.3867 20.9335 17.5018 21.1816 13.6958
50.7462 37.8552 52.5241 82.3168 50.7973 88.4923
52.7994 27.1805 50.7462 37.8552 52.5241 82.3168
50.7462 37.8552 52.7994 27.1805 51.4468 18.404
59.5429 49.7919 57.3575 83.5395 60.2755 91.6654
57.3575 83.5395 59.5429 49.7919 58.2051 7.53694
