45.2302 54.068 63.7621 65.618 51.6019 77.5892
35.4521 33.9417 45.2302 54.068 51.6019 77.5892
24.4539 31.4261 35.4521 33.9417 51.6019 77.5892
35.4521 33.9417 24.4539 31.4261 22.9651 29.5599
24.4539 31.4261 0.28783 42.5372 19.883 42.5514
24.4539 31.4261 19.883 42.5514 35.189 83.234
22.9651 29.5599 24.4539 31.4261 0.28783 42.5372
6.47925 16.0433 22.9651 29.5599 0.28783 42.5372
22.9651 29.5599 6.47925 16.0433 11.3263 15.3271
19.883 42.5514 6.88322 48.062 16.5725 53.0022
6.88322 48.062 19.883 42.5514 0.28783 42.5372
60.0549 20.2317 45.2302 54.068 63.7621 65.618
45.2302 54.068 60.0549 20.2317 52.4944 17.6138
76.9763 63.1307 63.7621 65.618 51.6019 77.5892
70.547 44.0058 96.5327 61.8331 76.9763 63.1307
70.547 44.0058 76.9763 63.1307 63.7621 65.618
96.5327 61.8331 70.547 44.0058 88.111 25.5515
95.9738 66.7487 76.9763 63.1307 96.5327 61.8331
