6.68164 8.29053 7.92262 12.2552 7.02151 23.1009
5.70648 -19.2185 6.68164 8.29053 7.02151 23.1009
6.68164 8.29053 5.70648 -19.2185 5.00799 -44.8438
5.70648 -19.2185 0.678729 -23.4212 5.00799 -44.8438
5.70648 -19.2185 5.22112 1.70353 3.82208 7.94796
3.13546 30.7341 3.82208 7.94796 0.678729 -23.4212
3.82208 7.94796 5.70648 -19.2185 0.678729 -23.4212
-0.345434 -15.7228 -0.650108 -12.2912 0.0271134 25.9979
0.678729 -23.4212 -0.345434 -15.7228 0.0271134 25.9979
-0.345434 -15.7228 0.678729 -23.4212 1.00963 -49.4775
0.678729 -23.4212 5.00799 -44.8438 1.00963 -49.4775
-2.85848 38.1482 -3.08469 41.4111 -2.10418 43.0428
-1.72394 2.81626 -2.85848 38.1482 -2.10418 43.0428
-1.99823 -10.5187 -1.72394 2.81626 -2.85848 38.1482
-0.650108 -12.2912 -1.99823 -10.5187 -1.72394 2.81626
-1.99823 -10.5187 -0.650108 -12.2912 -0.345434 -15.7228
3.82208 7.94796 4.62654 19.0969 4.15035 23.9497
4.62654 19.0969 3.82208 7.94796 5.22112 1.70353
9.01 11.9609 7.92262 12.2552 7.02151 23.1009
8.51495 -15.4224 9.01 11.9609 7.92262 12.2552
10.7471 -16.6842 8.51495 -15.4224 9.01 11.9609
8.51495 -15.4224 10.7471 -16.6842 7.92704 -17.0039
13.7256 -0.137123 11.9556 22.5981 11.2346 29.2857
10.7471 -16.6842 13.7256 -0.137123 11.2346 29.2857
10.2175 -20.5513 7.92704 -17.0039 10.7471 -16.6842
10.2175 -20.5513 10.7471 -16.6842 13.7256 -0.137123
13.7256 -0.137123 10.2175 -20.5513 13.5576 -24.9782
-15.7559 21.4023 -14.1753 22.6762 -3.08469 41.4111
-15.7559 21.4023 -3.08469 41.4111 -2.10418 43.0428
-15.1833 13.4775 -15.7559 21.4023 -14.1753 22.6762
-13.6155 -19.4542 -15.1833 13.4775 -14.1753 22.6762
-12.4071 -24.9904 -13.6155 -19.4542 -14.1753 22.6762
-13.6155 -19.4542 -12.4071 -24.9904 -10.3728 -37.7456
-8.09578 26.7616 -12.4071 -24.9904 -10.3728 -37.7456
-15.7559 21.4023 -20.6929 38.617 -17.8512 41.7859
-15.1833 13.4775 -15.7559 21.4023 -20.6929 38.617
-18.6419 -2.79086 -15.1833 13.4775 -20.6929 38.617
-15.1833 13.4775 -18.6419 -2.79086 -15.4767 -19.8922
-28.1985 6.03774 -34.365 6.78533 -30.9411 9.51192
-28.1985 6.03774 -30.9411 9.51192 -30.3115 36.2359
-24.0167 2.67908 -28.1985 6.03774 -30.3115 36.2359
-18.6419 -2.79086 -24.0167 2.67908 -30.3115 36.2359
-15.4767 -19.8922 -18.6419 -2.79086 -24.0167 2.67908
-24.0167 2.67908 -15.4767 -19.8922 -16.0866 -20.6852
-34.365 6.78533 -30.9411 9.51192 -37.462 23.5594
-41.7741 -9.50414 -34.365 6.78533 -37.462 23.5594
-42.7538 -11.9781 -41.7741 -9.50414 -34.365 6.78533
-41.6644 -22.5077 -42.7538 -11.9781 -34.365 6.78533
-34.365 6.78533 -41.6644 -22.5077 -35.1141 -22.8806
-47.8964 1.38531 -41.7741 -9.50414 -42.7538 -11.9781
-34.365 6.78533 -28.1985 6.03774 -30.546 -21.8231
-28.1985 6.03774 -24.0167 2.67908 -21.1709 -37.137
-2.65041 -0.135425 -2.85848 38.1482 -3.08469 41.4111
-3.96166 -16.2249 -2.65041 -0.135425 -3.08469 41.4111
-3.10956 -36.775 -5.10634 -23.4873 -3.96166 -16.2249
-3.10956 -36.775 -3.96166 -16.2249 -2.65041 -0.135425
-5.10634 -23.4873 -3.10956 -36.775 -5.32575 -38.2507
7.92262 12.2552 6.68164 8.29053 6.59048 -42.6628
7.92704 -17.0039 10.2175 -20.5513 8.8354 -28.6791
13.9248 -1.88982 13.7256 -0.137123 11.9556 22.5981
14.8795 -18.9954 13.9248 -1.88982 13.7256 -0.137123
13.7256 -0.137123 14.8795 -18.9954 13.9283 -21.7245
15.8519 1.22427 14.6201 22.0033 15.4221 31.6678
16.215 -8.36956 15.8519 1.22427 14.6201 22.0033
14.8795 -18.9954 16.215 -8.36956 14.6201 22.0033
22.1794 -24.4519 13.9283 -21.7245 14.8795 -18.9954
22.1794 -24.4519 14.8795 -18.9954 16.215 -8.36956
13.9283 -21.7245 22.1794 -24.4519 22.5229 -29.8495
16.2274 38.6372 15.8519 1.22427 16.215 -8.36956
22.2888 -17.8539 22.2792 -5.14508 17.2943 9.58963
17.2943 9.58963 22.2888 -17.8539 22.1794 -24.4519
24.4964 10.9408 25.0428 26.3921 24.5032 38.5311
22.2888 -17.8539 24.4964 10.9408 24.5032 38.5311
22.1794 -24.4519 22.2888 -17.8539 24.4964 10.9408
24.4964 10.9408 22.1794 -24.4519 22.5229 -29.8495
25.5594 -1.46898 24.4964 10.9408 25.0428 26.3921
26.4701 -19.3285 26.9394 -8.0343 25.5594 -1.46898
26.4701 -19.3285 25.5594 -1.46898 24.4964 10.9408
24.4964 10.9408 26.4701 -19.3285 25.0713 -32.7503
27.9889 -16.3911 28.6621 -13.6233 28.621 -12.0367
26.4701 -19.3285 27.9889 -16.3911 28.621 -12.0367
27.9889 -16.3911 26.4701 -19.3285 25.0713 -32.7503
26.581 31.021 25.5594 -1.46898 26.9394 -8.0343
28.6621 -13.6233 27.9889 -16.3911 28.5476 -24.8832
28.621 -12.0367 31.3856 15.0871 29.1354 18.469
28.6621 -13.6233 28.621 -12.0367 31.3856 15.0871
31.3856 15.0871 28.6621 -13.6233 30.8739 -25.5624
29.1354 18.469 34.6415 20.6408 32.8847 25.4231
31.3856 15.0871 29.1354 18.469 34.6415 20.6408
34.7065 -0.792099 31.3856 15.0871 34.6415 20.6408
34.7539 -3.17907 34.7065 -0.792099 31.3856 15.0871
34.5566 -17.3678 34.7539 -3.17907 31.3856 15.0871
31.3856 15.0871 34.5566 -17.3678 33.1665 -27.5373
34.7539 -3.17907 34.7065 -0.792099 35.8474 33.076
36.7241 -9.95098 34.7539 -3.17907 35.8474 33.076
34.7539 -3.17907 36.7241 -9.95098 37.5422 -24.2293
36.7241 -9.95098 46.6736 -6.35848 46.0602 16.8855
46.6736 -6.35848 36.7241 -9.95098 37.5422 -24.2293
