83.6072 117.449 81.7743 76.1301 82.0612 39.216
81.2638 101.744 80.8477 126.123 81.9774 169.905
81.7743 76.1301 81.2638 101.744 81.9774 169.905
82.0612 39.216 81.7743 76.1301 81.2638 101.744
81.5375 30.7505 82.0612 39.216 81.2638 101.744
86.4257 29.9549 81.5375 30.7505 82.0612 39.216
81.5375 30.7505 86.4257 29.9549 87.3914 10.4792
87.5768 66.7146 88.0761 93.3634 87.6617 117.507
87.3634 53.6823 87.5768 66.7146 88.0761 93.3634
86.4257 29.9549 87.3634 53.6823 87.5768 66.7146
87.3634 53.6823 86.4257 29.9549 87.3914 10.4792
81.2638 101.744 80.8477 126.123 79.3845 141.48
79.6367 67.245 81.2638 101.744 79.3845 141.48
80.73 57.3267 79.6367 67.245 81.2638 101.744
78.0939 46.7824 80.73 57.3267 79.6367 67.245
80.73 57.3267 78.0939 46.7824 77.5224 19.8594
78.0939 46.7824 76.6138 91.1275 78.2923 110.366
77.5224 19.8594 78.0939 46.7824 76.6138 91.1275
76.6138 91.1275 77.5224 19.8594 77.3367 1.08377
77.5224 19.8594 79.0261 11.4414 77.3367 1.08377
72.7706 150.088 77.2111 158.949 73.3081 161.013
76.0331 149.739 72.7706 150.088 77.2111 158.949
78.2923 110.366 76.0331 149.739 77.2111 158.949
76.6138 91.1275 78.2923 110.366 76.0331 149.739
76.0331 149.739 76.6138 91.1275 73.0332 43.3527
72.6994 118.208 76.0331 149.739 72.7706 150.088
71.8664 101.715 72.6994 118.208 72.7706 150.088
71.4122 80.7572 71.8664 101.715 72.7706 150.088
71.1364 53.1473 71.4122 80.7572 71.8664 101.715
70.918 28.8892 71.1364 53.1473 71.8664 101.715
71.8664 101.715 70.918 28.8892 71.5125 6.18771
71.1364 53.1473 68.0544 57.4474 68.548 92.4763
68.0544 57.4474 71.1364 53.1473 70.918 28.8892
67.5337 112.368 66.8941 126.26 67.4551 141.184
67.5337 112.368 67.4551 141.184 68.3511 171.91
68.548 92.4763 67.5337 112.368 68.3511 171.91
68.0544 57.4474 68.548 92.4763 67.5337 112.368
67.5337 112.368 68.0544 57.4474 67.7851 21.6871
63.7327 109.238 66.8941 126.26 67.4551 141.184
63.0069 98.9249 63.7327 109.238 66.8941 126.26
63.4381 79.8334 63.0069 98.9249 66.8941 126.26
66.8941 126.26 63.4381 79.8334 66.0053 68.0473
63.2939 172.221 63.7327 109.238 63.0069 98.9249
63.0069 98.9249 61.442 131.718 62.4388 136.226
63.4381 79.8334 63.0069 98.9249 61.442 131.718
63.214 42.1898 63.4381 79.8334 61.442 131.718
63.0586 26.7148 63.214 42.1898 61.442 131.718
61.442 131.718 63.0586 26.7148 61.9271 12.578
61.442 131.718 62.4388 136.226 61.0565 162.977
60.8513 52.195 61.442 131.718 61.0565 162.977
61.442 131.718 60.8513 52.195 61.4053 2.10779
51.789 136.102 52.4437 148.129 56.9426 149.01
58.3187 91.6557 51.789 136.102 56.9426 149.01
50.9447 83.5778 58.3187 91.6557 51.789 136.102
58.4779 72.9426 50.9447 83.5778 58.3187 91.6557
59.2535 60.6178 58.4779 72.9426 58.3187 91.6557
58.4779 72.9426 59.2535 60.6178 61.4053 2.10779
59.2535 60.6178 60.8513 52.195 61.4053 2.10779
59.7186 117.638 59.2535 60.6178 60.8513 52.195
49.6708 130.809 48.9471 156.614 48.9601 169.264
50.372 103.015 49.6708 130.809 48.9601 169.264
50.4306 90.0582 50.372 103.015 49.6708 130.809
50.9447 83.5778 50.4306 90.0582 50.372 103.015
52.3912 38.4252 58.4779 72.9426 50.9447 83.5778
52.3912 38.4252 50.9447 83.5778 50.4306 90.0582
52.0634 7.42099 52.3912 38.4252 50.4306 90.0582
50.4306 90.0582 52.0634 7.42099 51.543 2.67648
48.0874 117.629 48.9471 156.614 48.9601 169.264
47.8098 108.165 48.0874 117.629 48.9601 169.264
47.7847 72.5216 47.8098 108.165 48.0874 117.629
48.0874 117.629 47.7847 72.5216 48.2165 26.4448
47.3437 57.1314 47.7847 72.5216 47.8098 108.165
47.7847 72.5216 47.3437 57.1314 47.1798 51.0087
42.5918 101.408 42.7015 113.986 43.2792 137.247
43.6025 87.0923 42.5918 101.408 43.2792 137.247
47.3437 57.1314 43.6025 87.0923 43.2792 137.247
43.6025 87.0923 47.3437 57.1314 47.1798 51.0087
42.7015 113.986 42.1196 119.665 41.6014 147.407
42.5918 101.408 42.7015 113.986 42.1196 119.665
42.1196 119.665 42.5918 101.408 42.5168 79.0827
40.1153 71.4333 42.1196 119.665 41.6014 147.407
40.207 57.8781 40.1153 71.4333 42.1196 119.665
42.1196 119.665 40.207 57.8781 41.7721 20.5705
37.9555 52.6369 40.207 57.8781 40.1153 71.4333
40.207 57.8781 37.9555 52.6369 39.4663 30.9699
37.3457 133.8 36.6944 156.954 37.6119 172.945
37.9555 52.6369 37.3457 133.8 37.6119 172.945
37.3457 133.8 37.9555 52.6369 37.8034 7.03237
37.9555 52.6369 39.4663 30.9699 37.8034 7.03237
33.8936 70.4131 37.3457 133.8 36.6944 156.954
33.9112 51.0081 33.8936 70.4131 37.3457 133.8
37.4096 43.4578 33.9112 51.0081 37.3457 133.8
33.9112 51.0081 37.4096 43.4578 36.3402 2.06229
32.6629 80.5867 32.9063 99.4465 33.7597 132.536
33.8936 70.4131 32.6629 80.5867 33.7597 132.536
33.9112 51.0081 33.8936 70.4131 32.6629 80.5867
32.6629 80.5867 33.9112 51.0081 32.1603 28.6823
32.9063 99.4465 30.7276 162.561 30.6126 168.273
30.7276 162.561 32.9063 99.4465 32.6629 80.5867
29.6423 150.067 30.7276 162.561 30.6126 168.273
28.8904 140.974 29.6423 150.067 30.6126 168.273
27.124 110.374 28.8904 140.974 29.6423 150.067
28.8479 7.35386 27.124 110.374 29.6423 150.067
29.6423 150.067 28.8479 7.35386 29.4915 -1.40154
22.7993 137.464 22.3273 152.859 22.1921 172.377
22.9165 110.671 22.7993 137.464 22.3273 152.859
26.097 56.5603 22.9165 110.671 22.7993 137.464
23.9435 43.3483 26.097 56.5603 22.9165 110.671
26.6719 42.2658 23.9435 43.3483 26.097 56.5603
28.8479 7.35386 26.6719 42.2658 23.9435 43.3483
23.9435 43.3483 28.8479 7.35386 29.4915 -1.40154
22.0827 101.939 22.3273 152.859 22.1921 172.377
21.7583 20.4766 22.0827 101.939 22.1921 172.377
22.0827 101.939 21.7583 20.4766 21.9337 11.1556
19.5682 119.403 18.7047 127.577 17.9906 158.217
20.4488 81.9309 19.5682 119.403 18.7047 127.577
18.2819 59.7596 20.4488 81.9309 18.7047 127.577
21.7583 20.4766 18.2819 59.7596 20.4488 81.9309
18.2819 59.7596 21.7583 20.4766 21.9337 11.1556
16.6769 89.012 18.7047 127.577 17.9906 158.217
16.2166 67.5394 16.6769 89.012 17.9906 158.217
16.6769 89.012 16.2166 67.5394 16.8116 31.0658
13.0729 86.0757 13.1399 111.539 13.9417 157.966
16.8116 31.0658 16.2166 67.5394 13.0729 86.0757
12.8526 17.0877 16.8116 31.0658 13.0729 86.0757
12.8526 17.0877 13.0729 86.0757 13.1399 111.539
16.8116 31.0658 12.8526 17.0877 16.1747 1.79937
12.8526 17.0877 11.7404 13.4133 16.1747 1.79937
11.3068 28.3491 10.0158 96.8089 10.2901 119.274
10.0158 96.8089 11.3068 28.3491 11.1539 1.63781
11.3068 28.3491 11.7404 13.4133 11.1539 1.63781
11.7404 13.4133 16.1747 1.79937 11.1539 1.63781
11.1977 129.686 11.3068 28.3491 11.7404 13.4133
13.9417 157.966 13.1399 111.539 12.081 66.81
10.0158 96.8089 10.2901 119.274 9.10936 169.597
10.0122 81.6814 10.0158 96.8089 9.10936 169.597
10.0158 96.8089 10.0122 81.6814 10.0586 41.6341
10.0122 81.6814 7.56726 139.143 7.37862 148.415
7.56726 139.143 10.0122 81.6814 10.0586 41.6341
6.2434 56.2225 7.56726 139.143 7.37862 148.415
7.56726 139.143 6.2434 56.2225 6.51578 48.2992
6.51578 48.2992 6.2434 56.2225 3.56264 121.891
3.17141 43.1241 6.51578 48.2992 3.56264 121.891
3.00029 22.1562 3.17141 43.1241 6.51578 48.2992
6.51578 48.2992 3.00029 22.1562 2.72167 12.2584
0.545693 77.0546 -0.0139956 129.232 1.5165 139.545
3.00029 22.1562 0.545693 77.0546 1.5165 139.545
0.545693 77.0546 3.00029 22.1562 2.72167 12.2584
-0.0139956 129.232 1.5165 139.545 -0.0295921 152.244
-0.132668 58.5963 -0.0139956 129.232 -0.0295921 152.244
-0.418126 29.1006 -0.132668 58.5963 -0.0295921 152.244
-0.132668 58.5963 -0.418126 29.1006 -0.276757 0.994772
-1.29356 49.7503 -1.45359 97.878 -1.42453 111.462
-0.418126 29.1006 -1.29356 49.7503 -1.42453 111.462
-1.29356 49.7503 -0.418126 29.1006 -0.276757 0.994772
-1.42453 111.462 -3.14638 162.774 -3.47021 170.858
-1.45359 97.878 -1.42453 111.462 -3.47021 170.858
-3.30166 93.9381 -1.45359 97.878 -3.47021 170.858
-3.47021 170.858 -3.30166 93.9381 -3.86551 71.9872
22.3273 152.859 22.0827 101.939 22.4872 51.6785
30.1974 86.8406 29.6423 150.067 30.7276 162.561
29.6423 150.067 30.1974 86.8406 29.8581 20.2949
31.3303 120.478 30.1974 86.8406 29.8581 20.2949
48.9471 156.614 49.6708 130.809 49.008 19.9455
58.4779 72.9426 52.3912 38.4252 58.7687 16.0329
66.8941 126.26 67.5337 112.368 66.8359 -2.23632
87.6617 117.507 88.914 153.161 88.4305 160.048
88.0761 93.3634 87.6617 117.507 88.914 153.161
89.6653 62.8346 88.0761 93.3634 88.914 153.161
89.5868 42.064 89.6653 62.8346 88.0761 93.3634
88.0761 93.3634 89.5868 42.064 88.849 21.5499
90.5671 126.911 90.2783 143.928 91.4076 173.751
93.253 102.969 92.2906 112.172 90.5671 126.911
91.2811 81.6636 93.253 102.969 90.5671 126.911
91.2811 81.6636 90.5671 126.911 90.2783 143.928
89.5868 42.064 91.2811 81.6636 93.253 102.969
93.253 102.969 89.5868 42.064 88.849 21.5499
93.253 102.969 92.2906 112.172 96.3393 161.418
96.6889 70.6406 93.253 102.969 96.3393 161.418
96.0993 10.7848 96.6889 70.6406 93.253 102.969
93.253 102.969 96.0993 10.7848 93.6617 -1.52966
97.5623 91.2034 98.3102 97.8754 97.1536 136.259
96.6889 70.6406 97.5623 91.2034 97.1536 136.259
97.5623 91.2034 96.6889 70.6406 96.0993 10.7848
98.9815 59.4344 97.5623 91.2034 98.3102 97.8754
98.9815 59.4344 98.3102 97.8754 98.5946 128.189
99.427 18.1566 98.9815 59.4344 98.5946 128.189
98.9815 59.4344 99.427 18.1566 99.3798 2.56007
99.427 18.1566 102.009 46.5157 100.274 112.333
102.009 46.5157 99.427 18.1566 99.3798 2.56007
100.274 112.333 101.178 151.76 100.08 168.951
102.009 46.5157 100.274 112.333 101.178 151.76
102.296 41.5693 102.009 46.5157 101.178 151.76
102.009 46.5157 102.296 41.5693 102.914 29.4939
102.659 83.7463 107.663 103.81 102.565 121.199
102.296 41.5693 102.659 83.7463 107.663 103.81
102.914 29.4939 102.296 41.5693 107.663 103.81
107.663 103.81 102.914 29.4939 106.486 27.468
107.663 103.81 102.565 121.199 107.992 162.781
107.988 42.7911 107.663 103.81 107.992 162.781
107.663 103.81 107.988 42.7911 107.748 -0.619194
107.988 42.7911 109.844 18.634 107.748 -0.619194
108.904 110.031 109.369 79.8144 107.988 42.7911
109.369 79.8144 109.572 91.3821 109.043 152.159
109.572 91.3821 109.369 79.8144 109.844 18.634
109.369 79.8144 107.988 42.7911 109.844 18.634
110.304 60.9368 109.572 91.3821 109.043 152.159
109.572 91.3821 110.304 60.9368 110.875 9.78257
110.304 60.9368 111.652 51.5783 110.875 9.78257
113.404 129.648 113.616 142.221 113.073 166.402
112.407 121.425 113.404 129.648 113.073 166.402
110.477 70.0345 112.407 121.425 113.073 166.402
110.304 60.9368 110.477 70.0345 112.407 121.425
112.407 121.425 110.304 60.9368 111.652 51.5783
113.616 142.221 113.404 129.648 116.007 59.8117
116.164 133.1 113.616 142.221 113.073 166.402
117.383 118.241 116.164 133.1 113.616 142.221
116.266 96.0838 117.383 118.241 113.616 142.221
117.878 43.0784 116.266 96.0838 117.383 118.241
116.266 96.0838 117.878 43.0784 116.354 8.35358
116.544 169.102 116.164 133.1 117.383 118.241
117.878 43.0784 119.168 70.2514 119.036 77.8708
119.168 70.2514 117.878 43.0784 116.354 8.35358
119.036 77.8708 119.871 138.018 120.205 148.407
119.168 70.2514 119.036 77.8708 120.205 148.407
119.736 51.726 119.168 70.2514 120.205 148.407
121.155 19.9561 119.736 51.726 120.205 148.407
119.736 51.726 121.155 19.9561 121.85 0.529913
121.446 157.225 121.931 109.141 121.155 19.9561
121.931 109.141 123.899 27.4278 121.155 19.9561
129.119 103.508 130.744 113.965 130.133 123.492
127.389 90.0142 129.119 103.508 130.133 123.492
127.157 83.5062 127.389 90.0142 129.119 103.508
127.035 53.1845 127.157 83.5062 129.119 103.508
123.899 27.4278 127.035 53.1845 127.157 83.5062
127.035 53.1845 123.899 27.4278 121.85 0.529913
123.899 27.4278 121.155 19.9561 121.85 0.529913
126.681 152.338 127.389 90.0142 127.157 83.5062
129.153 42.0578 129.119 103.508 130.744 113.965
129.698 29.0543 129.153 42.0578 130.744 113.965
130.826 17.2217 129.698 29.0543 130.744 113.965
129.698 29.0543 130.826 17.2217 131.446 -2.99254
130.826 17.2217 131.59 136.948 131.688 171.527
131.59 136.948 130.826 17.2217 131.446 -2.99254
132.834 133 131.59 136.948 131.688 171.527
131.881 70.3002 132.834 133 131.59 136.948
132.925 58.7979 131.881 70.3002 132.834 133
131.881 70.3002 132.925 58.7979 133.552 11.1693
132.925 58.7979 137.671 47.8228 133.552 11.1693
137.671 47.8228 139.427 39.2287 139.344 19.4589
137.671 47.8228 132.925 58.7979 137.799 63.2718
137.671 47.8228 137.799 63.2718 139.048 71.039
139.427 39.2287 137.671 47.8228 139.048 71.039
139.724 33.509 139.427 39.2287 139.048 71.039
139.427 39.2287 139.724 33.509 139.677 7.38812
137.799 63.2718 136.708 163.111 137.626 173.379
136.708 163.111 137.799 63.2718 132.925 58.7979
143.981 132.648 143.408 142.11 141.221 148.639
141.443 123.174 143.981 132.648 141.221 148.639
141.104 111.538 141.443 123.174 141.221 148.639
139.674 103.212 141.104 111.538 141.221 148.639
139.873 88.1446 139.674 103.212 141.104 111.538
139.724 33.509 139.873 88.1446 139.674 103.212
139.873 88.1446 139.724 33.509 139.677 7.38812
141.443 123.174 141.104 111.538 142.506 -0.664099
143.408 142.11 147.574 142.566 146.34 163.589
143.981 132.648 143.408 142.11 147.574 142.566
148.435 89.4606 143.981 132.648 147.574 142.566
143.981 132.648 148.435 89.4606 143.987 79.857
148.808 98.7575 149.263 153.185 148.428 167.538
148.435 89.4606 148.808 98.7575 148.428 167.538
148.568 79.6123 143.987 79.857 148.435 89.4606
148.568 79.6123 148.435 89.4606 148.808 98.7575
148.135 23.3151 148.568 79.6123 143.987 79.857
143.987 79.857 148.135 23.3151 146.156 1.96146
151.548 122.887 149.558 133.297 149.263 153.185
151.548 122.887 149.263 153.185 148.428 167.538
150.001 109.639 151.548 122.887 149.558 133.297
149.726 58.7586 150.001 109.639 149.558 133.297
149.558 133.297 149.726 58.7586 149.302 6.67237
151.548 122.887 157.655 146.907 159.556 161.123
157.655 146.907 151.548 122.887 150.001 109.639
157.473 102.082 159.999 131.402 157.655 146.907
157.126 90.6547 157.473 102.082 159.999 131.402
159.229 70.0897 156.27 79.8257 157.126 90.6547
159.229 70.0897 157.126 90.6547 159.999 131.402
156.27 79.8257 159.229 70.0897 157.844 58.8163
156.462 123.542 157.473 102.082 157.126 90.6547
159.999 131.402 157.655 146.907 159.556 161.123
161.885 29.2442 159.999 131.402 159.556 161.123
159.999 131.402 161.885 29.2442 160.928 3.1551
161.885 29.2442 162.659 20.1003 160.928 3.1551
162.659 20.1003 163.66 13.9714 160.928 3.1551
161.989 113.463 162.368 139.109 162.78 171.42
162.278 51.8281 161.989 113.463 162.368 139.109
162.368 139.109 162.278 51.8281 162.659 20.1003
162.278 51.8281 161.885 29.2442 162.659 20.1003
166.443 138.819 166.725 147.347 166.289 167.573
163.054 40.2441 166.443 138.819 166.289 167.573
166.254 18.4645 163.054 40.2441 166.443 138.819
163.66 13.9714 166.254 18.4645 163.054 40.2441
166.254 18.4645 163.66 13.9714 160.928 3.1551
153.441 46.6775 156.27 79.8257 157.126 90.6547
156.27 79.8257 153.441 46.6775 153.436 38.0343
153.436 38.0343 153.441 46.6775 152.056 69.1443
152.056 69.1443 153.436 38.0343 151.714 32.1838
167.383 96.1531 166.443 138.819 166.725 147.347
167.709 80.6217 167.383 96.1531 166.725 147.347
167.383 96.1531 167.709 80.6217 166.764 71.1367
168.146 106.371 169.802 131.811 170.586 161.075
167.709 80.6217 168.146 106.371 169.802 131.811
168.087 61.0891 166.764 71.1367 167.709 80.6217
168.087 61.0891 167.709 80.6217 169.802 131.811
166.764 71.1367 168.087 61.0891 166.836 10.2722
173.705 121.483 169.802 131.811 170.586 161.075
173.732 91.2135 173.705 121.483 169.802 131.811
172.418 47.4457 173.732 91.2135 169.802 131.811
169.802 131.811 172.418 47.4457 170.906 43.0723
173.792 29.4594 173.732 91.2135 173.705 121.483
173.732 91.2135 173.792 29.4594 173.279 3.92772
137.626 173.379 136.708 163.111 133.811 162.149
121.446 157.225 121.931 109.141 122.965 93.8613
