61.5233 38.8716 61.0269 67.5251 61.2961 75.107
61.0269 67.5251 61.5233 38.8716 60.8884 28.8566
61.5233 38.8716 65.1774 32.8638 60.8884 28.8566
55.8584 64.3136 61.0269 67.5251 61.2961 75.107
52.6741 52.296 55.8584 64.3136 61.0269 67.5251
61.0269 67.5251 52.6741 52.296 57.3183 51.4285
54 86.394 47.5456 88.6197 56.9956 94.4901
55.8584 64.3136 54 86.394 56.9956 94.4901
54 86.394 55.8584 64.3136 52.6741 52.296
64.3023 58.1992 64.4633 63.56 62.0408 86.2986
65.1774 32.8638 61.5233 38.8716 64.3023 58.1992
65.1774 32.8638 64.3023 58.1992 64.4633 63.56
66.9538 19.9066 65.1774 32.8638 64.4633 63.56
65.1774 32.8638 66.9538 19.9066 67.2004 13.3675
73.7696 58.3558 75.5841 62.5398 76.2 78.4962
71.2778 54.199 73.7696 58.3558 76.2 78.4962
67.8645 34.4424 71.2778 54.199 73.7696 58.3558
67.1748 21.5459 67.8645 34.4424 73.7696 58.3558
66.9538 19.9066 67.1748 21.5459 67.8645 34.4424
67.1748 21.5459 66.9538 19.9066 67.2004 13.3675
79.9359 31.4401 75.5841 62.5398 76.2 78.4962
80.7808 22.0026 79.9359 31.4401 75.5841 62.5398
74.5015 19.3601 80.7808 22.0026 75.5841 62.5398
80.7808 22.0026 74.5015 19.3601 76.4787 1.81038
80.7808 22.0026 79.9359 31.4401 78.7202 81.065
81.1074 20.474 80.7808 22.0026 78.7202 81.065
80.7808 22.0026 81.1074 20.474 80.786 4.23554
81.1074 20.474 87.9826 17.5979 80.786 4.23554
89.6321 44.4951 88.7903 51.1331 84.7965 60.0653
89.6248 32.7115 89.6321 44.4951 84.7965 60.0653
81.1074 20.474 89.6248 32.7115 84.7965 60.0653
89.6248 32.7115 81.1074 20.474 87.9826 17.5979
89.6321 44.4951 91.4301 81.5473 91.5967 96.9056
91.4301 81.5473 89.6321 44.4951 89.6248 32.7115
92.6678 72.9534 91.4301 81.5473 91.5967 96.9056
91.4301 81.5473 92.6678 72.9534 93.2483 62.9549
92.6678 72.9534 93.3565 77.1468 93.1537 92.5306
93.3565 77.1468 92.6678 72.9534 93.2483 62.9549
95.3823 69.1437 93.3565 77.1468 93.1537 92.5306
97.7431 49.5169 95.3823 69.1437 93.1537 92.5306
98.0742 48.0231 97.7431 49.5169 93.1537 92.5306
97.7431 49.5169 98.0742 48.0231 95.3413 6.3986
49.2328 85.2458 54 86.394 47.5456 88.6197
46.4794 25.4902 49.2328 85.2458 47.5456 88.6197
49.2328 85.2458 46.4794 25.4902 47.4623 6.76383
46.4794 25.4902 42.1757 20.6781 47.4623 6.76383
36.535 50.2277 37.4063 50.4736 43.4864 97.4078
31.1575 37.6251 36.535 50.2277 37.4063 50.4736
34.6772 24.4836 31.1575 37.6251 37.4063 50.4736
42.1757 20.6781 34.6772 24.4836 37.4063 50.4736
34.6772 24.4836 42.1757 20.6781 47.4623 6.76383
25.6873 85.2888 19.2261 92.882 18.2044 94.5135
31.9778 65.0702 25.6873 85.2888 19.2261 92.882
27.4293 62.4113 31.9778 65.0702 19.2261 92.882
36.535 50.2277 27.4293 62.4113 31.9778 65.0702
27.4293 62.4113 36.535 50.2277 31.1575 37.6251
19.4938 88.8918 19.2261 92.882 18.2044 94.5135
21.9737 57.628 19.4938 88.8918 18.2044 94.5135
14.2435 47.712 21.9737 57.628 18.2044 94.5135
8.40165 18.6092 14.2435 47.712 18.2044 94.5135
14.2435 47.712 8.40165 18.6092 7.74126 4.80091
3.21115 37.9177 6.70694 45.3436 4.59933 54.4514
2.76648 19.899 3.21115 37.9177 6.70694 45.3436
8.40165 18.6092 2.76648 19.899 6.70694 45.3436
2.76648 19.899 8.40165 18.6092 7.74126 4.80091
3.21115 37.9177 0.266364 39.6872 0.0370522 59.0284
0.266364 39.6872 3.21115 37.9177 2.76648 19.899
19.2261 92.882 19.4938 88.8918 23.7527 50.4363
