-5.63173 -23.8731 -0.979255 -4.52348 -2.95785 7.07379
-5.33882 -26.3548 -5.63173 -23.8731 -0.979255 -4.52348
-1.3291 -27.2671 -5.33882 -26.3548 -0.979255 -4.52348
-5.33882 -26.3548 -1.3291 -27.2671 -3.25633 -43.6522
-0.979255 -4.52348 -2.95785 7.07379 -0.255485 13.7393
0.748 -14.4911 -0.979255 -4.52348 -0.255485 13.7393
1.1161 -26.4944 0.748 -14.4911 -0.979255 -4.52348
-0.979255 -4.52348 1.1161 -26.4944 1.31942 -37.1468
0.748 -14.4911 0.305071 13.5333 -0.0407722 43.107
-0.0407722 43.107 0.748 -14.4911 1.1161 -26.4944
1.94993 31.4536 2.65401 41.7478 1.67332 46.6413
1.1161 -26.4944 1.94993 31.4536 1.67332 46.6413
1.94993 31.4536 1.1161 -26.4944 1.31942 -37.1468
-6.67713 -31.3675 -5.33882 -26.3548 -5.63173 -23.8731
-5.33882 -26.3548 -6.67713 -31.3675 -6.01423 -40.3999
-6.67713 -31.3675 -7.85464 13.9396 -7.40302 36.3031
-7.88199 -47.059 -6.01423 -40.3999 -6.67713 -31.3675
-7.88199 -47.059 -6.67713 -31.3675 -7.85464 13.9396
-6.01423 -40.3999 -7.88199 -47.059 -6.52451 -47.3709
-8.5551 -8.18902 -7.85464 13.9396 -7.40302 36.3031
-7.85464 13.9396 -8.5551 -8.18902 -8.87476 -48.1994
-8.5551 -8.18902 -9.52763 -18.8212 -8.87476 -48.1994
-9.77517 26.8938 -12.8568 34.2996 -9.48819 39.2973
-9.91441 -11.7828 -9.77517 26.8938 -9.48819 39.2973
-9.52763 -18.8212 -9.91441 -11.7828 -9.48819 39.2973
-9.91441 -11.7828 -9.52763 -18.8212 -8.87476 -48.1994
-10.9545 24.9147 -9.77517 26.8938 -12.8568 34.2996
-11.2041 15.2957 -10.9545 24.9147 -12.8568 34.2996
-13.5914 4.70273 -11.2041 15.2957 -12.8568 34.2996
-15.2501 -22.9969 -13.6771 -21.5146 -13.5914 4.70273
-15.2501 -22.9969 -13.5914 4.70273 -12.8568 34.2996
-18.0962 -27.8182 -15.2501 -22.9969 -13.6771 -21.5146
-14.7736 -38.8521 -18.0962 -27.8182 -13.6771 -21.5146
-18.0962 -27.8182 -14.7736 -38.8521 -16.0712 -43.2371
-17.647 40.4819 -18.5754 40.8183 -16.5062 45.372
-17.8084 25.4839 -17.647 40.4819 -16.5062 45.372
-18.0271 -6.3843 -17.8084 25.4839 -16.5062 45.372
-15.2501 -22.9969 -18.0271 -6.3843 -16.5062 45.372
-18.0271 -6.3843 -15.2501 -22.9969 -18.0962 -27.8182
-18.9903 39.3625 -17.647 40.4819 -18.5754 40.8183
-18.9903 39.3625 -18.5754 40.8183 -19.0802 43.0518
-19.0813 14.2336 -18.9903 39.3625 -19.0802 43.0518
-20.4079 9.66106 -19.0813 14.2336 -19.0802 43.0518
-20.7423 -14.9042 -20.4079 9.66106 -19.0813 14.2336
-19.0813 14.2336 -20.7423 -14.9042 -20.5001 -24.8722
-22.4607 29.6603 -25.1311 31.0171 -22.2687 33.7279
-22.055 13.814 -22.4607 29.6603 -22.2687 33.7279
-20.7423 -14.9042 -22.055 13.814 -22.2687 33.7279
-22.055 13.814 -20.7423 -14.9042 -20.5001 -24.8722
-26.7253 11.9767 -22.4607 29.6603 -25.1311 31.0171
-25.3869 9.5861 -26.7253 11.9767 -22.4607 29.6603
-24.6179 4.00503 -25.3869 9.5861 -22.4607 29.6603
-25.3869 9.5861 -24.6179 4.00503 -23.9933 -37.0773
-26.7253 11.9767 -27.8069 14.183 -26.9441 41.7706
-27.8069 14.183 -26.7253 11.9767 -28.0745 -20.52
-26.7253 11.9767 -25.3869 9.5861 -28.0745 -20.52
-30.1167 -16.6831 -27.8069 14.183 -26.9441 41.7706
-29.9372 -26.5903 -37.4138 -26.0964 -36.3317 -25.3494
-29.9372 -26.5903 -36.3317 -25.3494 -30.1167 -16.6831
-29.9372 -26.5903 -30.1167 -16.6831 -27.8069 14.183
-37.4138 -26.0964 -29.9372 -26.5903 -32.7515 -29.0609
-33.9614 3.68581 -34.0985 23.9383 -33.7869 34.7644
-30.1167 -16.6831 -33.9614 3.68581 -33.7869 34.7644
-33.9614 3.68581 -30.1167 -16.6831 -36.3317 -25.3494
-38.0191 -24.8506 -37.0569 10.7376 -36.2975 26.9422
-36.2975 26.9422 -38.0191 -24.8506 -36.3317 -25.3494
-41.1975 4.4223 -41.3428 10.0338 -40.2812 29.1294
-38.0191 -24.8506 -38.3153 -18.1558 -41.1975 4.4223
-37.4138 -26.0964 -36.3317 -25.3494 -38.0191 -24.8506
-41.3428 10.0338 -41.1975 4.4223 -40.552 -28.607
-41.1975 4.4223 -38.0191 -24.8506 -40.552 -28.607
-38.0191 -24.8506 -37.4138 -26.0964 -40.552 -28.607
-42.1451 5.24636 -41.3428 10.0338 -40.2812 29.1294
-41.3428 10.0338 -42.1451 5.24636 -43.4336 -8.76869
-42.1451 5.24636 -43.6632 2.03949 -43.4336 -8.76869
-43.6632 2.03949 -42.1451 5.24636 -42.1264 9.76537
-42.1264 9.76537 -43.6632 2.03949 -46.1987 -8.51979
-23.1228 5.2016 -22.055 13.814 -22.4607 29.6603
-22.055 13.814 -23.1228 5.2016 -23.4126 -39.7759
-18.9903 39.3625 -19.0813 14.2336 -18.1021 -45.8042
-17.647 40.4819 -18.9903 39.3625 -18.8308 34.1799
-10.9545 24.9147 -11.2041 15.2957 -11.1666 -27.8442
1.94993 31.4536 2.18511 27.2348 1.87141 -47.9747
2.18511 27.2348 1.94993 31.4536 2.65401 41.7478
4.32735 14.9829 2.18511 27.2348 2.65401 41.7478
2.18511 27.2348 4.32735 14.9829 4.31154 -10.0347
4.31154 -10.0347 4.32735 14.9829 5.06616 44.04
4.95531 -18.1504 4.31154 -10.0347 5.06616 44.04
4.31154 -10.0347 4.95531 -18.1504 6.29058 -37.2551
4.95531 -18.1504 7.3776 -23.0561 6.29058 -37.2551
7.3776 -23.0561 4.95531 -18.1504 7.84671 -16.6159
7.25658 -31.1274 7.3776 -23.0561 7.84671 -16.6159
7.25658 -31.1274 7.84671 -16.6159 9.55515 7.24428
10.4285 -37.1517 7.25658 -31.1274 9.55515 7.24428
7.25658 -31.1274 10.4285 -37.1517 10.1257 -48.7822
10.4285 -37.1517 15.511 -41.1031 10.1257 -48.7822
11.6026 -32.5404 12.1375 -12.5068 11.9746 16.3222
10.4285 -37.1517 11.6026 -32.5404 11.9746 16.3222
11.6026 -32.5404 10.4285 -37.1517 15.511 -41.1031
16.4148 -39.8299 17.3721 -22.1674 15.5262 -21.8358
15.511 -41.1031 16.4148 -39.8299 15.5262 -21.8358
15.511 -41.1031 15.5262 -21.8358 15.5125 26.3203
16.4148 -39.8299 15.511 -41.1031 10.1257 -48.7822
18.5991 13.5811 19.2135 28.3847 19.4869 35.071
17.8205 -9.06836 18.5991 13.5811 19.2135 28.3847
19.3992 -10.6776 17.8205 -9.06836 19.2135 28.3847
15.5262 -21.8358 19.3992 -10.6776 17.8205 -9.06836
19.3992 -10.6776 15.5262 -21.8358 17.3721 -22.1674
19.2135 28.3847 19.7751 14.3065 19.4552 8.14179
19.7751 14.3065 19.2135 28.3847 19.4869 35.071
20.1776 -1.46049 19.7751 14.3065 19.4869 35.071
19.7751 14.3065 20.1776 -1.46049 20.5717 -45.3211
20.1776 -1.46049 21.7955 -18.4785 20.5717 -45.3211
21.7955 -18.4785 22.5615 -8.50096 22.4232 4.17832
22.5615 -8.50096 21.7955 -18.4785 20.5717 -45.3211
23.4509 -17.6756 22.5615 -8.50096 22.4232 4.17832
22.5615 -8.50096 23.4509 -17.6756 23.6966 -35.6813
23.4509 -17.6756 24.5645 -8.32561 25.209 10.0781
24.5645 -8.32561 23.4509 -17.6756 23.6966 -35.6813
25.5975 -14.8119 24.5645 -8.32561 25.209 10.0781
24.5645 -8.32561 25.5975 -14.8119 26.0745 -21.4631
27.0299 -4.12613 28.049 -3.48304 26.9752 33.8339
25.5975 -14.8119 27.0299 -4.12613 26.9752 33.8339
27.0299 -4.12613 25.5975 -14.8119 26.0745 -21.4631
28.4012 -22.1921 27.0299 -4.12613 28.049 -3.48304
28.4012 -22.1921 28.049 -3.48304 27.8002 38.8058
27.0299 -4.12613 28.4012 -22.1921 28.1993 -24.6831
29.1129 -14.2049 29.3966 4.83736 29.3031 36.3374
28.8252 -19.9404 29.1129 -14.2049 29.3031 36.3374
28.4012 -22.1921 28.8252 -19.9404 29.3031 36.3374
28.8252 -19.9404 28.4012 -22.1921 28.1993 -24.6831
30.3231 5.23595 33.6367 8.7938 31.9304 18.1077
30.3231 5.23595 31.9304 18.1077 31.1401 31.6582
29.1129 -14.2049 30.3231 5.23595 31.1401 31.6582
30.3231 5.23595 29.1129 -14.2049 28.8252 -19.9404
33.6367 8.7938 37.789 13.3958 37.0618 27.1485
31.9413 3.65545 30.3231 5.23595 33.6367 8.7938
31.9413 3.65545 33.6367 8.7938 37.789 13.3958
37.789 13.3958 31.9413 3.65545 32.1182 -19.2277
40.8225 3.00758 37.789 13.3958 37.0618 27.1485
37.789 13.3958 40.8225 3.00758 45.7857 -20.07
40.8225 3.00758 46.8441 0.101097 45.7857 -20.07
49.4396 7.11469 46.8441 0.101097 45.7857 -20.07
44.8521 18.0896 40.8225 3.00758 46.8441 0.101097
12.3449 -12.8293 12.1375 -12.5068 11.9746 16.3222
13.5487 -22.1228 12.3449 -12.8293 12.1375 -12.5068
14.2471 -25.9018 13.5487 -22.1228 12.3449 -12.8293
13.5487 -22.1228 14.2471 -25.9018 12.2691 -28.0902
