99.4212 131.239 100.206 151.899 99.6547 166.968
98.5432 96.7182 99.4212 131.239 99.6547 166.968
99.4212 131.239 98.5432 96.7182 98.3603 71.2438
98.5432 96.7182 98.3374 138.204 98.0267 197.59
98.3603 71.2438 98.5432 96.7182 98.0267 197.59
97.4556 32.4547 98.3603 71.2438 98.0267 197.59
98.3603 71.2438 97.4556 32.4547 97.8431 19.2088
96.6557 187.942 92.4037 193.274 93.9897 198.852
90.7023 180.373 96.6557 187.942 92.4037 193.274
89.9523 166.936 90.7023 180.373 96.6557 187.942
92.3963 153.732 89.9523 166.936 96.6557 187.942
93.5295 68.8973 92.3963 153.732 96.6557 187.942
97.4556 32.4547 93.5295 68.8973 96.6557 187.942
97.8431 19.2088 97.4556 32.4547 93.5295 68.8973
93.5295 68.8973 97.8431 19.2088 97.4795 8.83998
100.206 151.899 99.6547 166.968 100.247 180.5
100.412 112.539 100.206 151.899 100.247 180.5
102.732 60.3024 100.412 112.539 100.247 180.5
100.412 112.539 102.732 60.3024 102.379 2.43826
103.137 79.6176 103.128 91.5035 102.688 158.645
102.732 60.3024 103.137 79.6176 102.688 158.645
103.137 79.6176 102.732 60.3024 102.379 2.43826
90.9323 102.647 92.3963 153.732 89.9523 166.936
89.4457 90.4095 90.9323 102.647 89.9523 166.936
88.5207 82.2903 89.4457 90.4095 90.9323 102.647
88.5985 63.7068 88.5207 82.2903 90.9323 102.647
90.9323 102.647 88.5985 63.7068 88.7444 46.432
88.8694 163.672 89.4457 90.4095 88.5207 82.2903
88.5207 82.2903 87.5791 110.487 88.0569 121.157
88.5985 63.7068 88.5207 82.2903 87.5791 110.487
87.5791 110.487 88.5985 63.7068 87.7068 8.41291
88.0569 121.157 87.3734 133.337 87.6857 136.923
87.5791 110.487 88.0569 121.157 87.3734 133.337
86.8065 32.3726 87.5791 110.487 87.3734 133.337
87.5791 110.487 86.8065 32.3726 87.5446 20.5695
86.169 40.3673 83.8126 162.692 83.5548 201.916
86.8065 32.3726 86.169 40.3673 83.5548 201.916
86.169 40.3673 86.8065 32.3726 87.5446 20.5695
79.5961 182.885 71.3264 190.106 79.6615 190.326
82.4244 168.933 79.5961 182.885 79.6615 190.326
83.8126 162.692 82.4244 168.933 79.6615 190.326
82.4244 168.933 83.8126 162.692 86.169 40.3673
71.3264 190.106 79.6615 190.326 70.7735 196.99
69.7598 120.476 71.3264 190.106 70.7735 196.99
71.3264 190.106 69.7598 120.476 71.0938 101.528
69.7598 120.476 68.1925 128.666 67.553 136.911
71.0938 101.528 69.7598 120.476 68.1925 128.666
68.8308 92.9158 71.0938 101.528 68.1925 128.666
68.1925 128.666 68.8308 92.9158 68.839 30.1374
67.4467 50.724 68.1925 128.666 67.553 136.911
68.1925 128.666 67.4467 50.724 67.5634 22.9349
67.4467 50.724 66.4792 39.7785 67.5634 22.9349
66.5202 146.997 62.9646 152.845 62.9428 159.135
66.4792 39.7785 66.5202 146.997 62.9646 152.845
66.1656 12.5589 67.5634 22.9349 66.4792 39.7785
66.1656 12.5589 66.4792 39.7785 62.9646 152.845
62.9646 152.845 66.1656 12.5589 63.4722 8.54358
62.6754 112.165 62.9646 152.845 62.9428 159.135
60.9258 93.2071 62.6754 112.165 62.9428 159.135
62.6754 112.165 60.9258 93.2071 61.5127 67.1165
59.0169 119.227 58.1545 141.426 57.5596 168.214
59.2439 98.0957 59.0169 119.227 58.1545 141.426
61.5127 67.1165 60.9258 93.2071 59.2439 98.0957
58.1545 141.426 59.2439 98.0957 59.8305 -0.279059
59.2439 98.0957 61.5127 67.1165 59.8305 -0.279059
59.2439 98.0957 60.6167 130.524 60.7647 191.722
60.6167 130.524 59.2439 98.0957 60.9258 93.2071
59.2503 177.762 59.0169 119.227 59.2439 98.0957
58.1074 60.6531 58.1545 141.426 57.5596 168.214
56.6316 41.6834 58.1074 60.6531 57.5596 168.214
58.1074 60.6531 56.6316 41.6834 57.8758 29.2988
56.6316 41.6834 53.6106 32.0804 57.8758 29.2988
56.6316 41.6834 56.1021 47.4737 57.113 202.897
56.1021 47.4737 56.6316 41.6834 53.6106 32.0804
52.5608 106.305 51.9581 117.427 52.9794 130.289
53.6106 32.0804 52.5608 106.305 52.9794 130.289
53.7397 23.7403 57.8758 29.2988 53.6106 32.0804
52.5608 106.305 53.6106 32.0804 53.5382 11.4439
53.6106 32.0804 53.7397 23.7403 53.5382 11.4439
52.1285 186.94 52.0049 171.654 52.9794 130.289
52.0049 171.654 50.3896 176.363 50.0061 197.246
52.9794 130.289 52.0049 171.654 50.3896 176.363
51.9581 117.427 52.9794 130.289 50.3896 176.363
50.3896 176.363 51.9581 117.427 50.2976 -1.33054
49.8822 137.188 50.3896 176.363 50.0061 197.246
49.0706 80.0489 49.8822 137.188 50.0061 197.246
49.8822 137.188 49.0706 80.0489 49.2717 40.5014
49.0706 80.0489 48.7309 60.4379 49.2717 40.5014
47.0433 100.006 46.7437 151.64 46.7665 161.505
47.7015 91.2183 47.0433 100.006 46.7665 161.505
48.7309 60.4379 47.7015 91.2183 47.0433 100.006
47.0433 100.006 48.7309 60.4379 49.2717 40.5014
46.7437 151.64 46.7665 161.505 43.1923 176.25
42.1325 127.326 46.7437 151.64 43.1923 176.25
41.3714 112.947 42.1325 127.326 46.7437 151.64
41.8266 86.3174 41.3714 112.947 46.7437 151.64
46.7437 151.64 41.8266 86.3174 46.384 66.9585
42.1325 127.326 40.2584 137.988 40.545 149.866
41.3714 112.947 42.1325 127.326 40.2584 137.988
40.9963 50.1227 41.3714 112.947 40.2584 137.988
41.3714 112.947 40.9963 50.1227 41.594 -0.754688
39.3699 122.943 40.2584 137.988 40.545 149.866
39.0536 70.3336 39.3699 122.943 40.2584 137.988
40.2584 137.988 39.0536 70.3336 39.2826 21.7944
39.0536 70.3336 39.3699 122.943 38.8303 160.345
38.2406 61.8666 39.0536 70.3336 38.8303 160.345
39.0536 70.3336 38.2406 61.8666 38.3234 39.566
38.2406 61.8666 37.0601 169.102 36.784 202.62
37.0601 169.102 38.2406 61.8666 38.3234 39.566
36.5799 100.069 37.0601 169.102 36.784 202.62
37.0601 169.102 36.5799 100.069 37.5722 76.0165
36.649 27.0901 37.5722 76.0165 36.5799 100.069
36.649 27.0901 36.5799 100.069 36.0745 193.59
37.5722 76.0165 36.649 27.0901 37.0436 8.51975
36.649 27.0901 32.8962 11.3001 37.0436 8.51975
32.2994 118.92 31.0447 136.556 31.4286 152.049
30.1613 71.258 32.2994 118.92 31.0447 136.556
31.2161 58.7949 30.1613 71.258 32.2994 118.92
32.5933 32.8926 31.2161 58.7949 32.2994 118.92
32.8962 11.3001 32.5933 32.8926 31.2161 58.7949
31.2161 58.7949 32.8962 11.3001 32.337 0.228078
32.8962 11.3001 37.0436 8.51975 32.337 0.228078
32.5933 32.8926 33.3091 101.552 33.6097 177.932
33.3091 101.552 32.5933 32.8926 32.8962 11.3001
28.1834 108.1 29.4786 133.82 28.4755 162.573
28.3871 76.9297 28.1834 108.1 29.4786 133.82
30.1613 71.258 28.3871 76.9297 29.4786 133.82
31.2161 58.7949 30.1613 71.258 28.3871 76.9297
28.3871 76.9297 31.2161 58.7949 30.2509 23.0946
26.1401 192.586 23.357 200.404 26.0068 201.694
26.5581 168.569 26.1401 192.586 26.0068 201.694
28.1834 108.1 26.5581 168.569 26.0068 201.694
28.3871 76.9297 28.1834 108.1 26.5581 168.569
28.2909 48.3991 28.3871 76.9297 26.5581 168.569
26.5581 168.569 28.2909 48.3991 27.1436 41.7668
23.8906 186.86 26.1401 192.586 23.357 200.404
23.6933 151.55 23.8906 186.86 23.357 200.404
22.6921 132.799 23.6933 151.55 23.357 200.404
23.6933 151.55 22.6921 132.799 23.2117 100.966
22.6921 132.799 20.4505 142.454 21.4034 162.419
23.2117 100.966 22.6921 132.799 20.4505 142.454
20.4505 142.454 23.2117 100.966 22.2889 39.5808
20.4505 142.454 21.4034 162.419 19.8543 181.861
19.4991 19.3522 20.4505 142.454 19.8543 181.861
20.4505 142.454 19.4991 19.3522 20.2248 -0.189794
19.4991 19.3522 19.1866 11.7592 20.2248 -0.189794
18.6294 66.5455 17.8216 87.8309 18.7191 108.762
18.8008 62.3346 18.6294 66.5455 18.7191 108.762
19.264 49.3735 18.8008 62.3346 18.6294 66.5455
19.4991 19.3522 19.264 49.3735 18.6294 66.5455
18.6294 66.5455 19.4991 19.3522 19.1866 11.7592
18.7191 108.762 17.0495 122.039 18.1647 171.46
17.8216 87.8309 18.7191 108.762 17.0495 122.039
16.2081 83.5737 17.8216 87.8309 17.0495 122.039
12.5262 26.8187 16.2081 83.5737 17.0495 122.039
10.2674 12.0196 10.8586 19.9645 12.5262 26.8187
16.2081 83.5737 12.5262 26.8187 12.0359 2.62071
12.5262 26.8187 10.2674 12.0196 12.0359 2.62071
9.39082 108.558 8.47623 131.416 8.13611 179.41
10.3051 90.7054 9.39082 108.558 8.13611 179.41
10.5289 41.0727 10.3051 90.7054 9.39082 108.558
10.8586 19.9645 10.5289 41.0727 9.39082 108.558
9.39082 108.558 10.8586 19.9645 10.2674 12.0196
10.5289 41.0727 10.8884 118.167 10.8172 147.841
10.8884 118.167 10.5289 41.0727 10.8586 19.9645
12.6407 81.0335 13.5209 163.916 13.5023 187.306
12.5262 26.8187 12.2702 59.9086 12.6407 81.0335
12.5262 26.8187 12.6407 81.0335 13.5209 163.916
12.2702 59.9086 12.5262 26.8187 10.8586 19.9645
11.7361 141.736 12.6407 81.0335 12.2702 59.9086
7.92448 98.8868 8.47623 131.416 8.13611 179.41
8.47623 131.416 7.92448 98.8868 7.66921 49.0162
7.92448 98.8868 6.72865 67.2586 7.66921 49.0162
7.92448 98.8868 6.01973 170.66 6.34522 203.14
6.01973 170.66 7.92448 98.8868 6.72865 67.2586
3.57845 143.881 6.01973 170.66 6.34522 203.14
3.50091 76.8484 3.57845 143.881 6.01973 170.66
2.79359 47.7118 3.50091 76.8484 6.01973 170.66
6.01973 170.66 2.79359 47.7118 3.9337 37.2605
0.50233 61.9297 -0.0256837 161.019 0.0562923 191.157
3.9337 37.2605 2.79359 47.7118 0.50233 61.9297
-0.0256837 161.019 0.50233 61.9297 0.807142 3.00275
0.50233 61.9297 3.9337 37.2605 0.807142 3.00275
0.583973 103.108 0.50233 61.9297 2.79359 47.7118
2.40208 110.699 2.49307 182.565 2.94158 200.918
3.50091 76.8484 2.40208 110.699 2.94158 200.918
2.40208 110.699 3.50091 76.8484 2.79359 47.7118
-0.0603694 148.98 -0.0256837 161.019 0.0562923 191.157
-0.815654 130.375 -0.0603694 148.98 0.0562923 191.157
-1.85366 26.5553 -0.815654 130.375 -0.0603694 148.98
-0.0603694 148.98 -1.85366 26.5553 -1.64952 22.5311
-3.07652 90.4736 -1.91857 122.295 -3.32742 172.288
-1.85366 26.5553 -3.07652 90.4736 -1.91857 122.295
-3.07652 90.4736 -1.85366 26.5553 -1.79484 11.9336
-1.85366 26.5553 -1.64952 22.5311 -1.79484 11.9336
-0.0256837 161.019 -0.0603694 148.98 0.137072 71.0058
17.8216 87.8309 16.2081 83.5737 16.1004 27.2851
26.1401 192.586 23.8906 186.86 26.0404 93.9626
51.9581 117.427 52.5608 106.305 52.1038 49.682
63.0067 81.0674 62.6754 112.165 62.9646 152.845
62.9646 152.845 63.0067 81.0674 63.1701 16.95
71.6444 76.9426 68.8308 92.9158 71.0938 101.528
72.3827 69.1165 71.6444 76.9426 68.8308 92.9158
68.8308 92.9158 72.3827 69.1165 73.0096 57.9234
72.3827 69.1165 73.2825 111.645 73.2008 160.006
73.2825 111.645 72.3827 69.1165 73.0096 57.9234
72.7668 167.952 71.6444 76.9426 72.3827 69.1165
82.4761 138.995 82.4244 168.933 79.5961 182.885
79.4815 50.2904 82.4761 138.995 79.5961 182.885
82.4761 138.995 79.4815 50.2904 80.5607 38.3833
77.8599 63.5108 77.6823 121.102 77.9824 151.523
79.4815 50.2904 77.8599 63.5108 77.9824 151.523
80.5607 38.3833 79.4815 50.2904 77.8599 63.5108
77.8599 63.5108 80.5607 38.3833 78.3242 20.2147
76.8629 102.335 77.6823 121.102 77.9824 151.523
77.496 90.0754 76.8629 102.335 77.6823 121.102
77.6823 121.102 77.496 90.0754 77.3819 12.9623
76.8629 102.335 76.6169 106.146 76.0791 130.906
76.6169 106.146 76.8629 102.335 77.496 90.0754
76.6169 106.146 76.0791 130.906 73.9672 181.446
76.114 73.846 76.6169 106.146 73.9672 181.446
73.9672 181.446 76.114 73.846 73.6044 0.517496
76.8172 29.5242 76.114 73.846 76.6169 106.146
76.114 73.846 76.8172 29.5242 76.501 2.71868
82.4244 168.933 82.4761 138.995 83.3377 78.0062
92.3963 153.732 93.5295 68.8973 93.0804 -2.96411
100.206 151.899 99.4212 131.239 98.9753 36.2809
103.137 79.6176 103.128 91.5035 103.907 121.537
106.51 69.5848 103.137 79.6176 103.907 121.537
103.137 79.6176 106.51 69.5848 103.287 47.9711
108.189 172.336 106.671 178.828 107.346 191.856
107.809 156.751 108.189 172.336 106.671 178.828
106.51 69.5848 107.809 156.751 106.671 178.828
107.809 156.751 106.51 69.5848 106.668 47.7595
106.51 69.5848 103.287 47.9711 106.668 47.7595
108.369 126.843 107.809 156.751 108.189 172.336
108.345 109.864 109.363 122.818 108.369 126.843
108.345 109.864 108.369 126.843 107.809 156.751
107.809 156.751 108.345 109.864 107.619 19.3369
108.345 109.864 109.901 101.053 109.628 7.87645
109.901 101.053 108.345 109.864 109.363 122.818
109.901 101.053 109.363 122.818 111.553 200.161
111.868 93.693 109.901 101.053 111.553 200.161
111.894 78.4268 111.868 93.693 109.901 101.053
112.993 62.985 111.894 78.4268 111.868 93.693
112.927 37.521 112.993 62.985 111.894 78.4268
111.894 78.4268 112.927 37.521 112.67 -0.180899
116.065 92.6028 113.593 143.573 113.119 152.476
112.993 62.985 116.065 92.6028 113.119 152.476
112.927 37.521 112.993 62.985 116.065 92.6028
116.065 92.6028 112.927 37.521 113.282 28.9833
116.614 82.0263 116.065 92.6028 113.593 143.573
117.539 40.9919 116.614 82.0263 116.065 92.6028
116.065 92.6028 117.539 40.9919 117.23 6.06906
117.539 40.9919 120.34 69.2719 117.804 111.901
120.34 69.2719 117.539 40.9919 117.23 6.06906
116.776 183.304 116.614 82.0263 117.539 40.9919
120.34 69.2719 117.804 111.901 120.496 123.821
120.34 69.2719 120.496 123.821 121.171 169.994
121.059 32.9257 120.34 69.2719 121.171 169.994
120.34 69.2719 121.059 32.9257 121.448 2.57704
121.726 100.232 121.663 130.761 121.507 203.149
121.242 57.4094 121.726 100.232 121.507 203.149
121.059 32.9257 121.242 57.4094 121.726 100.232
121.726 100.232 121.059 32.9257 121.448 2.57704
119.364 147.519 120.496 123.821 117.804 111.901
121.663 130.761 122.658 161.882 122.145 193.086
122.658 161.882 121.663 130.761 121.726 100.232
126.226 27.0516 122.977 52.3776 123.059 136.286
126.226 27.0516 123.059 136.286 122.658 161.882
126.226 27.0516 122.658 161.882 122.145 193.086
122.977 52.3776 126.226 27.0516 123.289 16.4089
126.226 27.0516 126.977 21.631 123.289 16.4089
126.226 27.0516 127.213 120.671 127.032 156.906
127.213 120.671 126.226 27.0516 126.977 21.631
127.213 120.671 127.573 108.534 127.462 37.8816
127.959 172.06 127.892 182.051 127.689 197.497
127.032 156.906 127.959 172.06 127.689 197.497
127.213 120.671 127.032 156.906 127.959 172.06
127.573 108.534 127.213 120.671 127.959 172.06
127.959 172.06 127.573 108.534 128.481 59.7115
128.78 131.451 127.892 182.051 127.689 197.497
127.892 182.051 128.78 131.451 129.181 100.481
128.78 131.451 131.553 139.076 129.043 193.536
129.181 100.481 128.78 131.451 131.553 139.076
132.576 71.0391 129.181 100.481 131.553 139.076
130.903 9.45541 132.576 71.0391 129.181 100.481
129.181 100.481 130.903 9.45541 130.51 3.49004
132.576 71.0391 133.315 87.9598 133.086 149.72
133.315 87.9598 132.576 71.0391 130.903 9.45541
133.543 76.3224 133.315 87.9598 133.086 149.72
137.071 48.6613 137.167 72.9253 133.543 76.3224
132.931 48.5134 137.071 48.6613 133.543 76.3224
132.931 48.5134 133.543 76.3224 133.315 87.9598
137.071 48.6613 132.931 48.5134 136.835 13.4807
140.244 146.095 141.5 157.42 140.542 167.185
138.097 96.0076 139.912 121.001 140.244 146.095
138.097 96.0076 140.244 146.095 140.542 167.185
137.167 72.9253 138.097 96.0076 140.542 167.185
138.097 96.0076 137.167 72.9253 137.071 48.6613
138.322 56.2028 138.097 96.0076 139.912 121.001
139.912 121.001 138.322 56.2028 138.81 23.0897
140.244 146.095 140.868 139.914 140.037 -1.47014
140.868 139.914 140.244 146.095 141.5 157.42
140.986 131.204 140.868 139.914 141.5 157.42
140.868 139.914 140.986 131.204 141.216 89.2505
140.542 167.185 142.292 176.321 142.092 198.22
141.5 157.42 140.542 167.185 142.292 176.321
143.091 77.4431 141.5 157.42 142.292 176.321
143.461 37.0027 147.647 52.5955 143.091 77.4431
143.461 37.0027 143.091 77.4431 141.5 157.42
141.5 157.42 143.461 37.0027 142.554 29.5401
143.923 193.233 143.323 106.609 143.091 77.4431
143.323 106.609 146.928 78.072 143.091 77.4431
148.347 181.51 146.928 78.072 147.647 52.5955
146.928 78.072 143.091 77.4431 147.647 52.5955
146.849 166.491 143.323 106.609 146.928 78.072
147.647 52.5955 148.616 66.1459 148.945 87.6147
146.366 32.8535 143.461 37.0027 147.647 52.5955
146.366 32.8535 147.647 52.5955 148.616 66.1459
148.616 66.1459 146.366 32.8535 147.341 8.66482
150.386 103.351 150.731 123.381 151.199 160.101
148.616 66.1459 148.945 87.6147 150.386 103.351
150.519 60.4675 148.616 66.1459 150.386 103.351
150.519 60.4675 150.386 103.351 150.731 123.381
148.616 66.1459 150.519 60.4675 149.368 -2.60236
149.28 149.126 150.386 103.351 148.945 87.6147
150.731 123.381 151.199 160.101 152.095 198.001
151.627 111.177 150.731 123.381 152.095 198.001
150.731 123.381 151.627 111.177 152.201 36.9476
153.108 136.663 158.139 162.738 153.555 192.983
151.627 111.177 153.108 136.663 153.555 192.983
153.108 136.663 151.627 111.177 152.201 36.9476
153.108 136.663 153.606 127.613 152.333 19.1175
153.606 127.613 153.108 136.663 158.139 162.738
158.073 91.8428 153.606 127.613 158.139 162.738
158.627 13.0959 158.073 91.8428 158.139 162.738
158.073 91.8428 158.627 13.0959 158.616 0.652148
158.995 47.1055 159.009 141.874 158.865 148.6
158.627 13.0959 158.995 47.1055 158.865 148.6
158.995 47.1055 158.627 13.0959 158.616 0.652148
159.009 141.874 158.865 148.6 159.273 169.649
160.334 108.595 159.009 141.874 159.273 169.649
162.842 83.8294 161.453 102.572 160.334 108.595
159.009 141.874 160.334 108.595 159.948 70.049
160.334 108.595 162.842 83.8294 159.948 70.049
163.461 132.068 163.834 177.738 163.033 187.077
163.491 117.368 163.461 132.068 163.033 187.077
162.842 83.8294 163.491 117.368 163.033 187.077
163.031 57.4147 159.948 70.049 162.842 83.8294
163.031 57.4147 162.842 83.8294 163.491 117.368
160.428 38.5782 163.031 57.4147 159.948 70.049
162.093 27.372 160.428 38.5782 163.031 57.4147
160.428 38.5782 162.093 27.372 161.236 18.3856
160.558 199.106 160.334 108.595 161.453 102.572
163.033 187.077 166.2 188.294 169.082 199.432
163.834 177.738 163.033 187.077 166.2 188.294
166.2 188.294 163.834 177.738 166.303 61.6561
168.416 158.905 166.2 188.294 169.082 199.432
168.398 140.408 168.416 158.905 169.082 199.432
169.949 118.018 168.398 140.408 169.082 199.432
168.398 140.408 169.949 118.018 169.308 73.8375
169.949 118.018 171.612 111.599 169.308 73.8375
171.044 151.877 169.949 118.018 171.612 111.599
172.077 128.103 173.324 169.582 172.597 183.319
171.612 111.599 172.077 128.103 172.597 183.319
172.077 128.103 171.612 111.599 171.545 33.5553
171.612 111.599 169.308 73.8375 171.545 33.5553
168.228 50.7856 168.398 140.408 168.416 158.905
168.398 140.408 168.228 50.7856 168.238 13.0971
168.228 50.7856 167.192 92.4591 168.209 97.9174
167.192 92.4591 168.228 50.7856 168.238 13.0971
173.221 39.9188 172.077 128.103 173.324 169.582
172.077 128.103 173.221 39.9188 173.151 -1.18485
173.221 39.9188 173.95 17.2405 173.151 -1.18485
176.241 69.9053 173.958 77.8509 176.979 169.826
177.048 56.2616 176.241 69.9053 173.958 77.8509
173.95 17.2405 177.048 56.2616 173.958 77.8509
177.048 56.2616 173.95 17.2405 173.151 -1.18485
179.268 96.6554 178.311 147.328 179.163 203.925
177.912 78.1362 179.99 90.7019 179.268 96.6554
177.912 78.1362 179.268 96.6554 178.311 147.328
176.241 69.9053 177.912 78.1362 178.311 147.328
177.912 78.1362 176.241 69.9053 177.048 56.2616
178.801 36.5708 177.912 78.1362 179.99 90.7019
179.99 90.7019 178.801 36.5708 179.416 27.3608
179.99 90.7019 179.268 96.6554 180.955 106.279
181.17 49.1942 179.99 90.7019 180.955 106.279
181.17 49.1942 180.955 106.279 180.661 191.722
181.539 17.0893 181.17 49.1942 179.99 90.7019
179.99 90.7019 181.539 17.0893 180.459 7.62776
180.16 159.492 180.955 106.279 179.268 96.6554
181.199 128.134 183.861 139.473 181.48 179.59
186.689 126.476 181.199 128.134 183.861 139.473
187.158 118.282 186.689 126.476 181.199 128.134
183.502 117.264 187.158 118.282 181.199 128.134
181.17 49.1942 183.502 117.264 181.199 128.134
181.539 17.0893 181.17 49.1942 183.502 117.264
183.502 117.264 181.539 17.0893 183.366 0.0546162
187.419 103.846 183.502 117.264 187.158 118.282
186.973 47.5617 187.419 103.846 183.502 117.264
187.57 37.7946 186.973 47.5617 187.419 103.846
186.973 47.5617 187.57 37.7946 187.929 28.5517
187.57 37.7946 188.739 92.2627 187.594 180.136
188.739 92.2627 187.57 37.7946 187.929 28.5517
189.142 76.5748 188.739 92.2627 187.594 180.136
190.51 57.6974 190.18 73.5839 189.142 76.5748
188.739 92.2627 189.142 76.5748 188.923 16.6566
189.142 76.5748 190.51 57.6974 188.923 16.6566
190.152 199.597 189.142 76.5748 190.18 73.5839
191.505 140.363 192.491 169.891 192.453 187.444
190.18 73.5839 191.505 140.363 192.491 169.891
190.51 57.6974 190.18 73.5839 192.491 169.891
192.491 169.891 190.51 57.6974 192.074 6.70713
192.491 169.891 193.574 157.246 193.446 1.63515
193.574 157.246 192.491 169.891 192.453 187.444
196.066 96.8258 193.904 109.897 193.94 146.169
196.066 96.8258 193.94 146.169 193.574 157.246
196.066 96.8258 193.574 157.246 192.453 187.444
193.904 109.897 196.066 96.8258 198.103 39.4415
196.066 96.8258 198.204 111.151 197.038 158.342
198.204 111.151 196.066 96.8258 198.103 39.4415
197.038 158.342 198.122 172.657 196.876 201.048
198.204 111.151 197.038 158.342 198.122 172.657
198.478 61.4105 198.204 111.151 198.122 172.657
198.204 111.151 198.478 61.4105 198.442 17.5353
198.478 61.4105 198.744 70.5796 199.68 176.28
198.744 70.5796 198.478 61.4105 198.442 17.5353
199.522 30.1352 198.744 70.5796 199.68 176.28
198.744 70.5796 199.522 30.1352 199.007 2.23307
199.522 30.1352 200.139 10.3158 199.007 2.23307
200.959 131.469 200.762 79.7661 199.522 30.1352
200.762 79.7661 202.142 142.719 202.242 148.277
202.142 142.719 200.762 79.7661 200.139 10.3158
200.762 79.7661 199.522 30.1352 200.139 10.3158
202.444 86.5745 202.142 142.719 202.242 148.277
202.142 142.719 202.444 86.5745 201.906 48.7478
202.444 86.5745 202.393 116.914 203.904 187.724
203.904 187.724 202.444 86.5745 201.906 48.7478
