52.5968 42.2515 50.9342 61.0215 50.9986 86.0849
52.7106 29.064 52.5968 42.2515 50.9342 61.0215
52.5033 24.3456 52.7106 29.064 50.9342 61.0215
52.2915 21.9523 52.5033 24.3456 50.9342 61.0215
50.9342 61.0215 52.2915 21.9523 51.2546 12.0854
52.7106 29.064 53.2757 40.4246 53.436 64.2644
52.5033 24.3456 52.7106 29.064 53.2757 40.4246
52.9554 3.24133 52.5033 24.3456 53.2757 40.4246
52.5033 24.3456 52.9554 3.24133 52.6112 1.26583
53.2757 40.4246 53.436 64.2644 54.0712 89.6912
55.5181 20.9018 53.2757 40.4246 54.0712 89.6912
53.2757 40.4246 55.5181 20.9018 55.4157 8.93444
58.1419 54.5183 58.2444 73.2438 58.1245 89.0974
57.6692 46.5 58.1419 54.5183 58.1245 89.0974
57.6488 25.7245 57.6692 46.5 58.1419 54.5183
55.4157 8.93444 55.5181 20.9018 57.6488 25.7245
57.628 5.0084 55.4157 8.93444 57.6488 25.7245
57.628 5.0084 57.6488 25.7245 58.1419 54.5183
57.2504 3.48622 57.628 5.0084 55.4157 8.93444
55.4157 8.93444 57.2504 3.48622 56.4153 2.7749
55.5777 50.2505 55.6395 65.0707 57.1258 84.4809
57.6488 25.7245 55.5777 50.2505 57.1258 84.4809
55.5777 50.2505 57.6488 25.7245 55.5181 20.9018
58.2444 73.2438 58.3967 69.7811 58.296 20.324
58.3967 69.7811 58.2444 73.2438 58.1245 89.0974
59.6546 57.2445 58.3967 69.7811 58.1245 89.0974
58.3967 69.7811 59.6546 57.2445 59.4984 53.023
60.1107 87.7933 60.7257 90.2351 59.6993 90.7078
59.8582 83.1487 60.1107 87.7933 59.6993 90.7078
59.6546 57.2445 59.8582 83.1487 60.1107 87.7933
59.4369 36.703 59.4984 53.023 59.6546 57.2445
59.4369 36.703 59.6546 57.2445 60.1107 87.7933
59.4984 53.023 59.4369 36.703 58.823 4.42539
60.7257 90.2351 59.6993 90.7078 61.2772 91.5779
63.8258 31.9538 60.7257 90.2351 61.2772 91.5779
64.2335 21.2509 63.8258 31.9538 60.7257 90.2351
60.7257 90.2351 64.2335 21.2509 60.1118 1.52306
65.2775 62.0695 63.8879 67.8256 64.0895 76.1552
63.8879 67.8256 65.2775 62.0695 63.8258 31.9538
65.2775 62.0695 66.4388 76.9976 66.4408 83.9425
63.8258 31.9538 65.2775 62.0695 66.4388 76.9976
66.4388 76.9976 63.8258 31.9538 64.2335 21.2509
66.4408 83.9425 66.7386 94.8579 66.6034 96.4396
66.4388 76.9976 66.4408 83.9425 66.7386 94.8579
66.8961 31.8864 66.4388 76.9976 66.7386 94.8579
66.7386 94.8579 66.8961 31.8864 67.5498 0.751691
68.085 87.2435 66.7386 94.8579 66.6034 96.4396
68.8835 55.9782 68.085 87.2435 66.7386 94.8579
69.1001 54.6622 68.8835 55.9782 68.085 87.2435
68.8835 55.9782 69.1001 54.6622 67.6801 39.0063
69.4641 77.5084 69.6806 81.0934 69.2235 99.7719
69.1001 54.6622 69.4641 77.5084 69.2235 99.7719
69.4641 77.5084 69.1001 54.6622 69.6151 29.9518
69.1001 54.6622 67.6801 39.0063 69.6151 29.9518
69.4641 77.5084 70.383 70.261 69.9656 55.9242
69.4641 77.5084 69.6806 81.0934 70.6422 95.255
70.383 70.261 69.4641 77.5084 70.6422 95.255
71.0581 47.9433 70.383 70.261 70.6422 95.255
71.8737 17.3676 71.0581 47.9433 70.383 70.261
70.383 70.261 71.8737 17.3676 70.7332 9.09524
72.7282 92.1348 71.0581 47.9433 71.8737 17.3676
77.7124 83.1724 78.4041 83.9088 76.7279 93.8398
77.5714 77.1968 77.7124 83.1724 76.7279 93.8398
73.5434 53.6822 77.5714 77.1968 76.7279 93.8398
76.9354 50.3034 73.5434 53.6822 77.5714 77.1968
73.2577 41.1971 76.9354 50.3034 73.5434 53.6822
71.8737 17.3676 73.2577 41.1971 73.5434 53.6822
73.2577 41.1971 71.8737 17.3676 71.6335 8.66784
71.8737 17.3676 70.7332 9.09524 71.6335 8.66784
74.1538 13.2447 73.2577 41.1971 76.9354 50.3034
73.3634 11.9553 74.1538 13.2447 73.2577 41.1971
74.1538 13.2447 73.3634 11.9553 73.5947 11.6234
78.3947 43.0524 77.7124 83.1724 78.4041 83.9088
78.8767 21.5036 78.3947 43.0524 78.4041 83.9088
78.3947 43.0524 78.8767 21.5036 78.9345 12.3033
78.8767 21.5036 79.2756 67.6913 78.8325 68.6914
79.2756 67.6913 78.8767 21.5036 78.9345 12.3033
79.2756 67.6913 78.8325 68.6914 80.7413 93.5308
81.4092 49.8045 79.2756 67.6913 80.7413 93.5308
81.2476 41.5188 82.8321 43.2598 81.4092 49.8045
81.2476 41.5188 81.4092 49.8045 79.2756 67.6913
79.2756 67.6913 81.2476 41.5188 80.8799 22.1191
83.7071 27.193 81.2476 41.5188 82.8321 43.2598
83.7071 27.193 82.8321 43.2598 82.3422 72.9854
81.2476 41.5188 83.7071 27.193 84.6523 8.33732
86.1522 34.8308 87.2626 35.1114 85.1572 35.4459
84.9074 31.9075 86.1522 34.8308 85.1572 35.4459
84.9074 31.9075 85.1572 35.4459 84.3795 91.6939
83.7071 27.193 84.9074 31.9075 84.3795 91.6939
84.9074 31.9075 83.7071 27.193 84.6523 8.33732
85.1572 35.4459 87.9675 73.8005 88.7731 85.5905
87.9675 73.8005 85.1572 35.4459 87.2626 35.1114
86.1522 34.8308 84.9074 31.9075 86.4512 6.67434
90.3003 39.4569 87.9675 73.8005 88.7731 85.5905
87.9675 73.8005 90.3003 39.4569 89.1787 16.7095
90.9847 46.7377 91.2175 78.2051 91.0134 99.0263
90.2881 44.2105 90.9847 46.7377 91.0134 99.0263
90.3003 39.4569 90.2881 44.2105 90.9847 46.7377
90.9847 46.7377 90.3003 39.4569 89.1787 16.7095
89.2164 84.9155 90.2881 44.2105 90.3003 39.4569
94.1231 69.8999 91.2175 78.2051 91.0134 99.0263
93.8248 45.5065 94.1231 69.8999 91.2175 78.2051
93.4545 29.1978 93.8248 45.5065 91.2175 78.2051
91.2175 78.2051 93.4545 29.1978 92.9914 23.3362
94.375 79.9144 98.4629 90.1798 99.1527 92.4453
95.8251 74.6481 94.375 79.9144 98.4629 90.1798
94.229 46.0502 95.8251 74.6481 94.375 79.9144
93.8248 45.5065 94.229 46.0502 94.375 79.9144
94.229 46.0502 93.8248 45.5065 93.4545 29.1978
95.8251 74.6481 94.229 46.0502 96.0448 0.239119
99.4392 81.6352 98.4629 90.1798 99.1527 92.4453
98.0665 66.4797 99.4392 81.6352 98.4629 90.1798
98.4629 90.1798 98.0665 66.4797 97.6615 42.4766
99.4392 81.6352 98.0665 66.4797 98.6276 39.6496
50.127 45.4002 50.9342 61.0215 50.9986 86.0849
50.9342 61.0215 50.127 45.4002 49.4033 20.7662
48.9743 60.8847 48.0741 73.4286 48.9397 83.2102
50.127 45.4002 48.9743 60.8847 48.9397 83.2102
48.9743 60.8847 50.127 45.4002 49.4033 20.7662
48.0741 73.4286 48.9397 83.2102 48.7707 99.1225
47.8148 69.3713 48.0741 73.4286 48.7707 99.1225
47.048 53.3499 47.8148 69.3713 48.0741 73.4286
48.0741 73.4286 47.048 53.3499 47.9619 31.2253
45.3449 47.1 47.048 53.3499 47.8148 69.3713
43.9624 25.1778 45.3449 47.1 47.048 53.3499
47.048 53.3499 43.9624 25.1778 43.9173 1.13216
43.9624 25.1778 42.2284 23.3279 43.9173 1.13216
45.3449 47.1 45.3193 54.067 46.5956 98.2401
45.3193 54.067 45.3449 47.1 43.9624 25.1778
43.9624 25.1778 41.0567 76.6027 41.1705 86.2396
41.0567 76.6027 43.9624 25.1778 42.2284 23.3279
40.3992 26.9801 40.8988 50.9185 41.0567 76.6027
40.3992 26.9801 41.0567 76.6027 41.1705 86.2396
40.8988 50.9185 40.3992 26.9801 40.2587 4.02379
39.027 46.8239 38.7668 63.5787 39.9542 66.6571
40.3992 26.9801 39.027 46.8239 39.9542 66.6571
39.027 46.8239 40.3992 26.9801 40.2587 4.02379
39.9542 66.6571 39.0828 78.4645 38.4455 78.8862
38.7668 63.5787 39.9542 66.6571 38.4455 78.8862
37.9647 53.3442 38.7668 63.5787 38.4455 78.8862
37.3756 31.4736 37.9647 53.3442 38.4455 78.8862
36.0854 18.8512 37.3756 31.4736 38.4455 78.8862
37.3756 31.4736 36.0854 18.8512 35.9118 9.50645
33.8321 29.2635 33.7315 79.3182 33.7486 84.0616
35.9118 9.50645 36.0854 18.8512 33.8321 29.2635
33.7315 79.3182 33.8321 29.2635 33.6039 2.45304
33.8321 29.2635 35.9118 9.50645 33.6039 2.45304
33.4545 64.1445 33.7315 79.3182 33.7486 84.0616
30.3328 56.4788 33.4545 64.1445 33.7486 84.0616
31.8045 51.3573 30.3328 56.4788 33.4545 64.1445
33.4545 64.1445 31.8045 51.3573 31.111 22.2949
30.0906 31.0341 31.8045 51.3573 30.3328 56.4788
31.8045 51.3573 30.0906 31.0341 29.2709 19.8112
29.2814 42.2066 29.0046 56.3896 28.8911 88.7726
29.0046 56.3896 29.2814 42.2066 29.2709 19.8112
29.2814 42.2066 30.0906 31.0341 29.2709 19.8112
27.8794 38.3138 29.0046 56.3896 28.8911 88.7726
29.0046 56.3896 27.8794 38.3138 28.7056 31.8513
24.7459 56.0788 27.4272 58.4017 26.4606 97.289
24.9486 54.9067 24.7459 56.0788 27.4272 58.4017
26.9518 40.1478 24.9486 54.9067 27.4272 58.4017
27.8794 38.3138 26.9518 40.1478 27.4272 58.4017
28.7056 31.8513 27.8794 38.3138 26.9518 40.1478
26.9518 40.1478 28.7056 31.8513 27.8783 8.32831
22.8405 42.9607 24.9486 54.9067 24.7459 56.0788
22.2276 37.3857 22.8405 42.9607 24.9486 54.9067
24.0263 33.4601 22.2276 37.3857 24.9486 54.9067
24.9486 54.9067 24.0263 33.4601 24.0267 1.26253
22.2276 37.3857 22.8405 42.9607 21.9569 84.7385
21.8796 20.9524 22.2276 37.3857 21.9569 84.7385
22.2276 37.3857 21.8796 20.9524 21.8163 4.25918
21.8796 20.9524 21.12 39.0437 20.5172 58.9258
21.12 39.0437 21.8796 20.9524 21.8163 4.25918
21.12 39.0437 20.5172 58.9258 20.184 62.7133
19.9838 35.0496 21.12 39.0437 20.184 62.7133
19.3141 13.5089 19.9838 35.0496 21.12 39.0437
20.7655 11.9366 19.3141 13.5089 21.12 39.0437
19.3141 13.5089 20.7655 11.9366 20.5109 10.176
15.5586 82.8768 14.5402 87.2356 17.2297 90.1803
17.787 70.7043 15.5586 82.8768 17.2297 90.1803
19.151 50.2814 17.787 70.7043 17.2297 90.1803
19.9838 35.0496 19.151 50.2814 17.2297 90.1803
19.151 50.2814 19.9838 35.0496 19.3141 13.5089
15.5586 82.8768 14.5402 87.2356 9.36005 91.5284
12.6389 81.7286 15.5586 82.8768 9.36005 91.5284
9.00475 77.1787 12.6389 81.7286 9.36005 91.5284
8.28988 56.2717 9.00475 77.1787 9.36005 91.5284
8.44215 29.4746 8.28988 56.2717 9.00475 77.1787
9.00475 77.1787 8.44215 29.4746 9.35128 8.23836
8.24537 10.4941 8.44215 29.4746 8.28988 56.2717
8.44215 29.4746 8.24537 10.4941 8.21914 5.11303
6.00299 18.6942 2.20426 29.6925 3.25506 36.1813
6.00299 18.6942 3.25506 36.1813 5.33502 55.2919
7.86262 13.62 6.00299 18.6942 5.33502 55.2919
8.24537 10.4941 7.86262 13.62 6.00299 18.6942
6.00299 18.6942 8.24537 10.4941 8.21914 5.11303
8.17998 65.5898 7.86262 13.62 8.24537 10.4941
2.30211 62.4355 1.59647 69.4487 1.38705 84.3515
3.25506 36.1813 2.30211 62.4355 1.59647 69.4487
1.59647 69.4487 3.25506 36.1813 2.20426 29.6925
0.39815 40.8212 1.59647 69.4487 1.38705 84.3515
0.30186 22.649 0.39815 40.8212 1.59647 69.4487
1.59647 69.4487 0.30186 22.649 0.721814 2.26925
11.909 59.9094 9.00475 77.1787 12.6389 81.7286
9.00475 77.1787 11.909 59.9094 9.86023 17.5683
12.6389 81.7286 14.6324 74.1002 14.8215 15.7985
14.6324 74.1002 12.6389 81.7286 15.5586 82.8768
15.1057 62.0775 14.6324 74.1002 15.5586 82.8768
15.5586 82.8768 15.1057 62.0775 16.4774 32.7007
18.2786 53.2051 17.787 70.7043 15.5586 82.8768
15.5586 82.8768 18.2786 53.2051 19.0543 9.02837
25.253 29.2034 26.9518 40.1478 24.9486 54.9067
26.9518 40.1478 25.253 29.2034 25.4081 4.63087
38.7668 63.5787 37.9647 53.3442 38.2262 9.37193
38.9744 46.6385 39.027 46.8239 38.7668 63.5787
39.027 46.8239 38.9744 46.6385 38.8097 17.5406
41.0567 76.6027 40.8988 50.9185 40.7677 0.0313054
48.0741 73.4286 48.9743 60.8847 48.9238 6.32588
