1.37501 22.1699 1.53137 34.8558 1.66459 46.1125
1.26309 9.60398 1.37501 22.1699 1.53137 34.8558
1.0945 -15.7497 1.26309 9.60398 1.53137 34.8558
1.53137 34.8558 1.0945 -15.7497 1.33461 -17.6643
1.80206 21.8019 1.53137 34.8558 1.66459 46.1125
1.96538 8.69301 2.60962 16.5818 1.80206 21.8019
1.96538 8.69301 1.80206 21.8019 1.53137 34.8558
1.53137 34.8558 1.96538 8.69301 2.41107 -27.8451
2.60962 16.5818 1.80206 21.8019 2.77626 45.3349
3.58716 -31.2678 2.60962 16.5818 2.77626 45.3349
2.74848 -36.8337 4.90709 -35.5523 3.58716 -31.2678
2.74848 -36.8337 3.58716 -31.2678 2.60962 16.5818
4.90709 -35.5523 2.74848 -36.8337 3.13959 -40.9724
4.84222 -29.3539 3.47031 -0.535012 4.74314 9.4884
3.47031 -0.535012 4.84222 -29.3539 3.58716 -31.2678
8.13809 19.2345 8.30941 22.2005 5.74801 46.7013
6.67634 16.4981 8.13809 19.2345 5.74801 46.7013
5.72974 8.71761 6.67634 16.4981 5.74801 46.7013
4.84222 -29.3539 5.72974 8.71761 5.74801 46.7013
5.72974 8.71761 4.84222 -29.3539 4.90709 -35.5523
4.84222 -29.3539 3.58716 -31.2678 4.90709 -35.5523
6.67634 16.4981 5.72974 8.71761 6.3897 -48.4384
7.35976 5.33566 6.67634 16.4981 8.13809 19.2345
6.99091 -6.40829 7.35976 5.33566 6.67634 16.4981
7.35976 5.33566 6.99091 -6.40829 7.20656 -39.7572
8.13809 19.2345 8.67571 6.96627 8.09335 -41.5413
9.56758 35.3911 10.5408 36.3559 14.3134 41.3216
8.30941 22.2005 9.56758 35.3911 10.5408 36.3559
8.13809 19.2345 8.30941 22.2005 10.5408 36.3559
8.67571 6.96627 8.13809 19.2345 10.5408 36.3559
10.5408 36.3559 8.67571 6.96627 9.84806 -2.54168
10.5408 36.3559 14.5574 5.03186 14.4699 -34.4374
14.5574 5.03186 10.5408 36.3559 14.3134 41.3216
15.1642 -11.5751 14.5574 5.03186 14.3134 41.3216
14.5574 5.03186 15.1642 -11.5751 15.3436 -38.8182
15.5539 -5.23721 16.7503 11.8327 16.5585 13.7803
15.5539 -5.23721 16.5585 13.7803 15.9672 23.3845
15.1642 -11.5751 15.5539 -5.23721 15.9672 23.3845
15.5539 -5.23721 15.1642 -11.5751 15.3436 -38.8182
17.8388 32.0522 20.8439 37.5942 17.5022 38.688
16.5585 13.7803 17.8388 32.0522 17.5022 38.688
17.8388 32.0522 16.5585 13.7803 16.7503 11.8327
16.7503 11.8327 15.5539 -5.23721 16.5238 -7.56208
20.0405 -10.0467 21.043 6.5801 20.8439 37.5942
19.6196 -16.4672 17.8555 -10.1409 20.0405 -10.0467
21.043 6.5801 20.0405 -10.0467 20.5749 -31.6774
20.0405 -10.0467 19.6196 -16.4672 20.5749 -31.6774
19.4203 33.2179 20.0405 -10.0467 17.8555 -10.1409
20.8439 37.5942 17.5022 38.688 21.3725 41.3019
21.043 6.5801 20.8439 37.5942 21.3725 41.3019
21.6541 2.13099 21.043 6.5801 21.3725 41.3019
21.043 6.5801 21.6541 2.13099 22.1257 -39.9364
23.6053 32.9582 23.7161 35.1594 23.5626 35.3681
22.3956 30.5754 23.6053 32.9582 23.5626 35.3681
21.6541 2.13099 22.3956 30.5754 23.6053 32.9582
23.6053 32.9582 21.6541 2.13099 22.1257 -39.9364
17.8555 -10.1409 19.6196 -16.4672 17.8703 -32.8956
24.3651 7.14156 24.0908 32.7993 23.6053 32.9582
22.8338 -12.8281 24.3651 7.14156 23.6053 32.9582
24.3651 7.14156 22.8338 -12.8281 24.3763 -23.77
24.0908 32.7993 23.6053 32.9582 23.7161 35.1594
24.6152 31.449 24.0908 32.7993 23.7161 35.1594
24.0908 32.7993 24.6152 31.449 25.7176 24.297
25.7176 24.297 24.6152 31.449 25.2409 33.8346
27.16 9.3084 25.7176 24.297 25.2409 33.8346
25.7176 24.297 27.16 9.3084 26.4369 -11.3075
27.3643 14.1886 29.4145 15.9325 27.5603 27.8753
27.16 9.3084 27.3643 14.1886 27.5603 27.8753
26.4369 -11.3075 27.16 9.3084 27.3643 14.1886
27.3643 14.1886 26.4369 -11.3075 26.6567 -11.5316
28.098 4.89871 27.3643 14.1886 29.4145 15.9325
27.3643 14.1886 28.098 4.89871 27.9533 -30.6279
29.4145 15.9325 27.5603 27.8753 28.5387 27.9327
29.4145 15.9325 28.5387 27.9327 28.9365 37.58
30.7574 2.6705 29.4145 15.9325 28.9365 37.58
30.5779 -15.6479 32.6798 -2.58932 30.7574 2.6705
30.5779 -15.6479 30.7574 2.6705 29.4145 15.9325
29.4145 15.9325 30.5779 -15.6479 29.0849 -33.4345
32.6798 -2.58932 30.5779 -15.6479 32.7035 -35.7368
30.7926 13.2163 31.262 30.2317 32.2339 36.5769
30.7574 2.6705 30.7926 13.2163 32.2339 36.5769
32.6798 -2.58932 30.7574 2.6705 32.2339 36.5769
33.3918 -30.2892 32.6798 -2.58932 32.2339 36.5769
32.6798 -2.58932 33.3918 -30.2892 33.5195 -36.3276
33.3918 -30.2892 33.7104 -32.6098 33.5195 -36.3276
36.5084 -12.1473 35.035 18.9608 35.1364 20.0255
36.4998 -18.1562 36.5084 -12.1473 35.035 18.9608
33.7104 -32.6098 36.4998 -18.1562 35.035 18.9608
36.4998 -18.1562 33.7104 -32.6098 33.5195 -36.3276
33.8531 -4.60805 33.3918 -30.2892 33.7104 -32.6098
37.4662 -10.5852 39.1089 16.1177 37.4048 16.9654
36.5084 -12.1473 37.4662 -10.5852 37.4048 16.9654
37.4662 -10.5852 36.5084 -12.1473 36.4998 -18.1562
39.1089 16.1177 37.4662 -10.5852 39.1922 -28.4436
39.1089 16.1177 37.4048 16.9654 38.4511 29.8268
39.5137 14.2758 39.1089 16.1177 38.4511 29.8268
40.5704 -11.952 39.5137 14.2758 39.1089 16.1177
39.1089 16.1177 40.5704 -11.952 40.3523 -26.6482
40.5704 -11.952 45.7966 -16.5699 40.3523 -26.6482
48.4038 2.25017 40.724 2.54311 45.6695 13.958
48.8572 -2.18401 48.4038 2.25017 40.724 2.54311
46.8846 -15.7272 48.8572 -2.18401 40.724 2.54311
45.7966 -16.5699 46.8846 -15.7272 40.724 2.54311
46.8846 -15.7272 45.7966 -16.5699 40.3523 -26.6482
1.26309 9.60398 1.37501 22.1699 -0.142902 47.7727
-1.60413 3.60359 1.26309 9.60398 -0.142902 47.7727
1.26309 9.60398 -1.60413 3.60359 -1.55696 -41.432
-6.11782 24.8927 -4.90277 30.6918 -2.3083 39.9768
-3.78708 24.1228 -6.11782 24.8927 -2.3083 39.9768
-2.24198 12.9515 -3.78708 24.1228 -2.3083 39.9768
-1.60413 3.60359 -2.24198 12.9515 -2.3083 39.9768
-2.24198 12.9515 -1.60413 3.60359 -1.55696 -41.432
-3.94205 15.6508 -3.78708 24.1228 -6.11782 24.8927
-6.26407 -0.80471 -3.94205 15.6508 -6.11782 24.8927
-6.50191 -14.4952 -6.26407 -0.80471 -6.11782 24.8927
-6.26407 -0.80471 -6.50191 -14.4952 -6.36943 -26.2326
-10.4596 32.3274 -11.2 46.772 -10.9949 47.8298
-9.91782 20.6769 -10.4596 32.3274 -10.9949 47.8298
-8.64349 -5.55344 -9.74117 -0.667259 -9.91782 20.6769
-8.64349 -5.55344 -9.91782 20.6769 -10.9949 47.8298
-9.74117 -0.667259 -8.64349 -5.55344 -6.36943 -26.2326
-8.64349 -5.55344 -6.50191 -14.4952 -6.36943 -26.2326
-12.3646 46.6041 -11.2 46.772 -10.9949 47.8298
-11.8055 4.35404 -12.3646 46.6041 -11.2 46.772
-13.2163 -3.56395 -11.8055 4.35404 -12.3646 46.6041
-13.743 -12.0835 -13.2163 -3.56395 -11.8055 4.35404
-11.8055 4.35404 -13.743 -12.0835 -13.023 -21.9093
-15.2596 30.573 -15.7237 37.8949 -13.9879 41.5469
-14.9214 4.80131 -15.2596 30.573 -13.9879 41.5469
-13.2163 -3.56395 -14.9214 4.80131 -13.9879 41.5469
-14.9214 4.80131 -13.2163 -3.56395 -13.743 -12.0835
-16.4192 20.5154 -15.2596 30.573 -15.7237 37.8949
-16.9825 6.8043 -16.4192 20.5154 -15.2596 30.573
-15.2596 30.573 -16.9825 6.8043 -16.4735 -38.3559
-18.8172 28.6326 -21.5629 30.7324 -18.765 31.2297
-18.8172 28.6326 -18.765 31.2297 -18.38 37.2271
-16.4192 20.5154 -18.8172 28.6326 -18.38 37.2271
-16.9825 6.8043 -16.4192 20.5154 -18.8172 28.6326
-18.3817 3.43181 -16.9825 6.8043 -18.8172 28.6326
-18.8854 -17.3083 -18.3817 3.43181 -18.8172 28.6326
-20.9431 -34.6195 -18.8854 -17.3083 -18.8172 28.6326
-18.8854 -17.3083 -20.9431 -34.6195 -21.0271 -36.4309
-21.0271 -36.4309 -20.9431 -34.6195 -20.7273 28.3182
-20.7273 28.3182 -21.0271 -36.4309 -21.4008 -38.5324
-21.5629 30.7324 -18.765 31.2297 -22.5377 39.0728
-22.1714 -15.6175 -21.5629 30.7324 -22.5377 39.0728
-22.8334 -22.0553 -22.1714 -15.6175 -22.5377 39.0728
-22.1714 -15.6175 -22.8334 -22.0553 -23.1608 -34.1877
-22.8334 -22.0553 -23.3041 -1.43914 -22.8385 4.97987
-23.3041 -1.43914 -22.8334 -22.0553 -23.1608 -34.1877
-24.3446 22.2848 -26.4861 24.6572 -26.4945 25.619
-24.3446 22.2848 -26.4945 25.619 -26.6156 37.571
-22.8385 4.97987 -24.3446 22.2848 -26.4861 24.6572
-23.3041 -1.43914 -22.8385 4.97987 -26.4861 24.6572
-26.4861 24.6572 -23.3041 -1.43914 -25.4455 -13.483
-27.7072 24.8107 -26.4945 25.619 -26.6156 37.571
-28.6075 5.67288 -27.7072 24.8107 -26.4945 25.619
-29.1108 -8.62854 -28.6075 5.67288 -26.4945 25.619
-26.4945 25.619 -29.1108 -8.62854 -28.1721 -26.6563
-31.1069 30.4894 -31.924 31.457 -30.0778 34.1755
-29.7714 26.7717 -31.1069 30.4894 -30.0778 34.1755
-28.6075 5.67288 -29.7714 26.7717 -30.0778 34.1755
-29.7714 26.7717 -28.6075 5.67288 -29.1108 -8.62854
-35.2482 29.3003 -31.1069 30.4894 -31.924 31.457
-32.4315 29.0749 -35.2482 29.3003 -31.1069 30.4894
-32.2619 24.4271 -32.4315 29.0749 -31.1069 30.4894
-31.1069 30.4894 -32.2619 24.4271 -31.8272 3.01299
-34.6434 24.8309 -32.4315 29.0749 -35.2482 29.3003
-36.0034 -1.97571 -34.6434 24.8309 -35.2482 29.3003
-37.589 -5.59634 -36.0034 -1.97571 -35.2482 29.3003
-36.0034 -1.97571 -37.589 -5.59634 -36.4382 -14.6113
-42.3291 7.531 -39.418 8.22714 -40.5105 14.5949
-39.8852 0.331233 -42.3291 7.531 -39.418 8.22714
-37.589 -5.59634 -39.8852 0.331233 -39.418 8.22714
-36.4382 -14.6113 -37.589 -5.59634 -39.8852 0.331233
-39.8852 0.331233 -36.4382 -14.6113 -37.8845 -14.6378
-42.0253 -5.64707 -39.8852 0.331233 -42.3291 7.531
-41.7607 -8.98172 -42.0253 -5.64707 -39.8852 0.331233
-39.8852 0.331233 -41.7607 -8.98172 -41.2147 -22.3551
-44.4673 10.917 -44.1612 14.5588 -42.6967 23.5749
-43.3307 8.39437 -44.4673 10.917 -42.6967 23.5749
-45.0401 1.99546 -43.3307 8.39437 -44.4673 10.917
-44.725 -1.56325 -45.0401 1.99546 -43.3307 8.39437
-42.0253 -5.64707 -44.725 -1.56325 -43.3307 8.39437
-44.725 -1.56325 -42.0253 -5.64707 -41.7607 -8.98172
-45.0401 1.99546 -47.251 5.6858 -45.7591 17.9463
-44.725 -1.56325 -45.0401 1.99546 -47.251 5.6858
-45.262 -3.0506 -44.725 -1.56325 -47.251 5.6858
-47.251 5.6858 -45.262 -3.0506 -45.736 -4.07668
-32.4315 29.0749 -34.6434 24.8309 -34.4531 -0.494904
-30.3446 -20.4779 -29.7714 26.7717 -31.1069 30.4894
-29.7714 26.7717 -30.3446 -20.4779 -30.2574 -23.2438
-26.4945 25.619 -26.4861 24.6572 -26.4114 -41.6146
-11.2 46.772 -10.4596 32.3274 -10.1277 -29.1686
-9.91782 20.6769 -9.74117 -0.667259 -9.63072 -42.9804
-3.94205 15.6508 -6.26407 -0.80471 -4.66179 -31.8158
-3.78708 24.1228 -3.94205 15.6508 -4.01303 -10.3574
-3.78708 24.1228 -2.24198 12.9515 -2.97158 -44.8127
