112.43 156.005 113.831 207.531 113.074 218.888
111.942 101.745 112.43 156.005 113.831 207.531
113.831 207.531 111.942 101.745 112.538 23.3976
111.942 101.745 110.707 39.2993 112.538 23.3976
109.736 59.1858 109.703 127.642 109.733 139.989
110.707 39.2993 109.736 59.1858 109.733 139.989
110.539 6.56499 112.538 23.3976 110.707 39.2993
110.539 6.56499 110.707 39.2993 109.736 59.1858
112.538 23.3976 110.539 6.56499 111.88 1.6432
111.127 233.701 111.694 107.522 110.707 39.2993
111.694 107.522 111.942 101.745 110.707 39.2993
111.578 203.452 111.694 107.522 111.942 101.745
113.831 207.531 113.074 218.888 116.622 219.778
116.572 159.371 113.831 207.531 116.622 219.778
116.622 219.778 116.572 159.371 117.034 138.524
109.703 127.642 109.733 139.989 109.332 147.176
108.503 92.1823 109.703 127.642 109.332 147.176
109.703 127.642 108.503 92.1823 109.49 50.2294
108.503 92.1823 106.964 168.288 106.802 187.333
106.964 168.288 108.503 92.1823 108.566 26.6848
108.503 92.1823 109.49 50.2294 108.566 26.6848
107.043 81.4946 106.964 168.288 106.802 187.333
106.964 168.288 107.043 81.4946 107.089 71.8293
106.731 117.838 103.885 169.546 106.212 181.663
107.043 81.4946 106.731 117.838 106.212 181.663
106.731 117.838 107.043 81.4946 107.089 71.8293
106.212 181.663 103.221 203.331 103.661 232.195
103.885 169.546 106.212 181.663 103.221 203.331
103.157 139.82 103.885 169.546 103.221 203.331
102.157 52.0247 103.157 139.82 103.221 203.331
103.157 139.82 102.157 52.0247 102.803 13.4655
102.157 52.0247 100.91 41.7433 102.803 13.4655
100.04 156.844 98.8476 182.256 99.8496 192.605
100.799 91.7716 100.04 156.844 99.8496 192.605
100.04 156.844 100.799 91.7716 100.91 41.7433
100.799 91.7716 101.351 66.1715 100.91 41.7433
101.351 66.1715 102.157 52.0247 100.91 41.7433
102.319 206.838 100.799 91.7716 101.351 66.1715
99.5039 120.537 100.04 156.844 98.8476 182.256
98.5211 31.3366 99.5039 120.537 100.04 156.844
100.04 156.844 98.5211 31.3366 98.3786 18.0972
98.5211 31.3366 98.6545 107.487 98.7525 126.531
98.6545 107.487 98.5211 31.3366 98.3786 18.0972
98.7525 126.531 98.5295 152.72 96.7707 216.573
98.6545 107.487 98.7525 126.531 96.7707 216.573
96.5614 81.6086 98.6545 107.487 96.7707 216.573
98.6545 107.487 96.5614 81.6086 97.0999 -2.11081
91.5139 211.632 89.572 217.507 93.7802 233.224
91.8638 198.076 91.5139 211.632 93.7802 233.224
96.5614 81.6086 91.8638 198.076 93.7802 233.224
91.8638 198.076 96.5614 81.6086 97.0999 -2.11081
89.5887 192.092 91.5139 211.632 89.572 217.507
89.2244 97.1239 89.5887 192.092 89.572 217.507
88.4092 83.4084 89.2244 97.1239 89.572 217.507
88.0611 69.7378 88.4092 83.4084 89.2244 97.1239
89.2244 97.1239 88.0611 69.7378 88.0902 36.0943
88.0611 69.7378 87.4848 129.337 87.7175 138.66
87.4848 129.337 88.0611 69.7378 88.0902 36.0943
87.4848 129.337 87.7175 138.66 87.6287 156.245
86.7898 87.3659 87.4848 129.337 87.6287 156.245
86.7408 63.5552 86.7898 87.3659 87.4848 129.337
87.4848 129.337 86.7408 63.5552 86.7257 33.6768
86.7408 63.5552 83.3514 48.2824 86.7257 33.6768
82.9018 69.3707 81.3668 146.49 81.5537 167.035
83.3514 48.2824 82.9018 69.3707 81.5537 167.035
86.2388 17.7953 86.7257 33.6768 83.3514 48.2824
82.9018 69.3707 83.3514 48.2824 82.3094 12.5876
83.3514 48.2824 86.2388 17.7953 82.3094 12.5876
86.8717 173.964 86.7898 87.3659 86.7408 63.5552
81.0457 63.5217 82.9018 69.3707 81.3668 146.49
82.9018 69.3707 81.0457 63.5217 80.8955 -1.75195
80.7359 136.393 80.5902 203.385 80.6517 208.076
80.5902 203.385 80.7359 136.393 80.8955 -1.75195
80.7359 136.393 81.0457 63.5217 80.8955 -1.75195
79.6009 181.023 80.5902 203.385 80.6517 208.076
79.5746 157.954 79.6009 181.023 80.5902 203.385
80.4977 92.7133 79.5746 157.954 80.5902 203.385
79.5746 157.954 80.4977 92.7133 80.2751 38.5672
79.5746 157.954 79.6009 181.023 79.3728 216.044
79.3663 118.287 79.5746 157.954 79.3728 216.044
77.7699 100.036 79.3663 118.287 79.3728 216.044
77.1418 77.7028 77.7699 100.036 79.3663 118.287
79.3663 118.287 77.1418 77.7028 77.8496 33.723
73.4185 171.226 76.7242 189.28 76.3218 226.617
76.2625 127.863 73.4185 171.226 76.7242 189.28
77.1418 77.7028 76.2625 127.863 76.7242 189.28
77.8496 33.723 77.1418 77.7028 76.2625 127.863
76.2625 127.863 77.8496 33.723 77.3266 23.9
77.3454 111.197 77.7699 100.036 77.1418 77.7028
72.933 96.3724 76.2625 127.863 73.4185 171.226
72.4831 92.9296 72.933 96.3724 73.4185 171.226
72.933 96.3724 72.4831 92.9296 72.1468 67.7117
72.4831 92.9296 70.7068 196.848 71.4372 221.541
72.1468 67.7117 72.4831 92.9296 70.7068 196.848
70.7068 196.848 72.1468 67.7117 72.013 63.1394
70.2771 188.021 70.7068 196.848 71.4372 221.541
69.782 180.897 70.2771 188.021 71.4372 221.541
70.5426 77.0736 69.782 180.897 70.2771 188.021
70.2771 188.021 70.5426 77.0736 70.7661 18.4717
70.5426 77.0736 69.706 113.069 69.4061 147.296
69.706 113.069 70.5426 77.0736 70.7661 18.4717
69.4061 147.296 69.3182 158.721 69.2264 207.645
69.4567 38.0504 69.706 113.069 69.4061 147.296
69.4567 38.0504 69.4061 147.296 69.3182 158.721
69.706 113.069 69.4567 38.0504 69.6725 28.4855
68.4397 139.326 69.3182 158.721 69.2264 207.645
67.3758 128.804 68.4397 139.326 69.2264 207.645
68.4397 139.326 67.3758 128.804 66.5674 116.904
67.3758 128.804 63.9292 168.59 66.0156 232.856
66.5674 116.904 67.3758 128.804 63.9292 168.59
63.7248 101.852 66.5674 116.904 63.9292 168.59
63.4018 91.1979 63.7248 101.852 63.9292 168.59
63.2913 83.0417 63.4018 91.1979 63.7248 101.852
63.7248 101.852 63.2913 83.0417 63.8191 67.762
62.5591 150 62.0001 179.881 62.6833 187.175
63.2913 83.0417 62.5591 150 62.6833 187.175
62.5591 150 63.2913 83.0417 63.0755 29.2088
63.2913 83.0417 63.8191 67.762 63.0755 29.2088
63.2058 223.143 63.4018 91.1979 63.2913 83.0417
62.6833 187.175 62.0831 202.107 62.3076 210.568
62.0001 179.881 62.6833 187.175 62.0831 202.107
61.8604 161.865 62.0001 179.881 62.0831 202.107
60.7213 117.544 61.8604 161.865 62.0831 202.107
58.8414 49.548 60.4986 113.666 60.7213 117.544
58.53 37.1459 58.8414 49.548 60.7213 117.544
61.8604 161.865 60.7213 117.544 58.2057 12.1086
60.7213 117.544 58.53 37.1459 58.2057 12.1086
58.53 37.1459 57.8197 23.0521 58.2057 12.1086
52.3506 166.682 52.1773 180.614 56.0834 230.078
57.8197 23.0521 52.3506 166.682 56.0834 230.078
58.2057 12.1086 57.8197 23.0521 52.3506 166.682
52.3506 166.682 58.2057 12.1086 56.8455 -2.43089
58.4295 139.992 58.53 37.1459 57.8197 23.0521
60.0365 133.875 58.8414 49.548 58.53 37.1459
52.1773 180.614 51.6793 201.619 51.1869 231.525
52.3506 166.682 52.1773 180.614 51.6793 201.619
52.1956 63.8592 52.3506 166.682 51.6793 201.619
52.3506 166.682 52.1956 63.8592 52.666 31.0995
51.5609 140.229 51.6793 201.619 51.1869 231.525
50.7844 110.746 51.5609 140.229 51.1869 231.525
51.5609 140.229 50.7844 110.746 50.1794 72.8444
50.7844 110.746 50.1664 88.61 50.1794 72.8444
50.7844 110.746 50.0933 161.344 50.2176 218.964
50.1664 88.61 50.7844 110.746 50.0933 161.344
49.1804 78.0845 50.1664 88.61 50.0933 161.344
48.384 51.0833 49.1804 78.0845 50.0933 161.344
49.1804 78.0845 48.384 51.0833 48.3672 11.9701
48.384 51.0833 46.7295 148.819 47.0694 193.054
48.3672 11.9701 48.384 51.0833 46.7295 148.819
46.7295 148.819 48.3672 11.9701 46.6784 1.45023
46.7295 148.819 47.0694 193.054 46.7594 208.956
46.296 126.109 46.7295 148.819 46.7594 208.956
46.7295 148.819 46.296 126.109 46.7022 122.108
46.296 126.109 43.1485 170.595 43.858 223.675
42.4377 66.1255 46.7022 122.108 46.296 126.109
42.4377 66.1255 46.296 126.109 43.1485 170.595
46.7022 122.108 42.4377 66.1255 46.3358 43.4989
41.001 88.7209 40.3141 127.075 42.2021 207.714
42.4377 66.1255 41.001 88.7209 42.2021 207.714
42.8028 6.71753 46.3358 43.4989 42.4377 66.1255
42.8028 6.71753 42.4377 66.1255 41.001 88.7209
41.001 88.7209 42.8028 6.71753 41.2486 -0.728557
39.5574 49.3129 41.001 88.7209 40.3141 127.075
39.331 39.6187 39.5574 49.3129 41.001 88.7209
41.001 88.7209 39.331 39.6187 39.5534 23.0332
39.331 39.6187 38.5522 26.8061 39.5534 23.0332
40.1172 199.249 39.5574 49.3129 39.331 39.6187
37.0284 150.338 36.8349 182.83 36.6117 192.766
36.2973 137.483 37.0284 150.338 36.6117 192.766
36.221 121.07 36.2973 137.483 37.0284 150.338
36.684 111.475 36.221 121.07 37.0284 150.338
37.036 97.7107 36.684 111.475 37.0284 150.338
37.7851 62.7106 37.036 97.7107 36.684 111.475
36.684 111.475 37.7851 62.7106 38.5522 26.8061
37.7851 62.7106 39.331 39.6187 38.5522 26.8061
33.9277 176.843 36.2973 137.483 36.221 121.07
37.7851 62.7106 38.4916 161.658 37.1456 232.283
38.4916 161.658 37.7851 62.7106 39.331 39.6187
36.416 80.9063 36.684 111.475 36.221 121.07
33.4992 46.2318 36.416 80.9063 36.221 121.07
36.416 80.9063 33.4992 46.2318 32.6411 30.1183
32.1184 90.2906 32.1656 140.84 32.4338 149.076
32.1184 90.2906 32.4338 149.076 33.3371 232.417
33.0873 58.1024 32.1184 90.2906 33.3371 232.417
32.1184 90.2906 33.0873 58.1024 32.6411 30.1183
33.0873 58.1024 33.4992 46.2318 32.6411 30.1183
33.8685 96.2289 33.0873 58.1024 33.4992 46.2318
30.507 190.429 28.5666 201.458 27.4273 211.21
30.2973 166.491 30.507 190.429 28.5666 201.458
30.6364 163.7 30.2973 166.491 30.507 190.429
32.4338 149.076 30.6364 163.7 30.507 190.429
30.6364 163.7 32.4338 149.076 32.1656 140.84
27.4721 108.897 28.5666 201.458 27.4273 211.21
27.301 81.562 27.4721 108.897 27.4273 211.21
27.0541 37.4495 27.301 81.562 27.4273 211.21
27.301 81.562 27.0541 37.4495 27.0219 17.721
27.0541 37.4495 26.721 129.424 26.4828 222.02
26.721 129.424 27.0541 37.4495 27.0219 17.721
23.6797 63.5003 26.721 129.424 26.4828 222.02
22.8588 41.0297 23.6797 63.5003 26.721 129.424
22.7932 28.6128 22.8588 41.0297 26.721 129.424
26.721 129.424 22.7932 28.6128 26.4246 10.7831
19.8168 186.136 21.1266 223.841 22.3205 233.418
19.905 181.605 19.8168 186.136 22.3205 233.418
22.4325 128.111 19.905 181.605 22.3205 233.418
22.3524 99.612 22.4325 128.111 19.905 181.605
23.2859 69.5947 22.3524 99.612 22.4325 128.111
22.3524 99.612 23.2859 69.5947 22.8588 41.0297
23.2859 69.5947 23.6797 63.5003 22.8588 41.0297
23.2859 69.5947 23.4378 158.205 23.3335 198.688
23.4378 158.205 23.2859 69.5947 23.6797 63.5003
23.3335 198.688 23.4378 158.205 23.6923 142.544
19.6513 89.7017 19.905 181.605 19.8168 186.136
19.5327 51.5014 19.6513 89.7017 19.8168 186.136
19.6513 89.7017 19.5327 51.5014 19.3795 0.328755
17.7901 121.568 16.6974 153.906 17.6574 173.011
19.5327 51.5014 17.7901 121.568 17.6574 173.011
17.7901 121.568 19.5327 51.5014 19.3795 0.328755
16.8684 110.723 17.7901 121.568 16.6974 153.906
16.8684 110.723 16.6974 153.906 16.4582 210.465
16.1223 78.4296 16.8684 110.723 17.7901 121.568
17.7901 121.568 16.1223 78.4296 16.4116 22.9204
13.1421 129.992 12.2066 141.325 13.5927 180.57
13.4259 120.122 13.1421 129.992 13.5927 180.57
13.6141 80.4173 13.4259 120.122 13.5927 180.57
16.4116 22.9204 16.1223 78.4296 13.6141 80.4173
13.4259 120.122 13.6141 80.4173 13.5451 22.3328
13.6141 80.4173 16.4116 22.9204 13.5451 22.3328
13.3223 202.575 9.47629 212.354 9.34691 223.552
12.6671 186.13 13.3223 202.575 9.47629 212.354
13.5927 180.57 12.6671 186.13 13.3223 202.575
12.2066 141.325 13.5927 180.57 12.6671 186.13
11.33 59.254 12.2066 141.325 12.6671 186.13
11.3357 48.5351 11.33 59.254 12.2066 141.325
11.33 59.254 11.3357 48.5351 11.0997 27.4589
12.3067 101.038 11.3357 48.5351 11.0997 27.4589
9.47629 212.354 9.34691 223.552 7.41926 226.022
6.61216 161.944 9.47629 212.354 7.41926 226.022
6.70665 150.787 2.95766 159.406 6.61216 161.944
6.70665 150.787 6.61216 161.944 9.47629 212.354
9.64725 113.669 6.70665 150.787 9.47629 212.354
9.97684 38.0843 9.64725 113.669 9.47629 212.354
9.64725 113.669 9.97684 38.0843 9.91811 6.30221
9.97684 38.0843 10.13 70.997 10.7184 171.729
10.7184 171.729 9.97684 38.0843 9.91811 6.30221
-0.361847 206.576 1.92048 223.952 1.15128 230.822
-0.093277 201.434 -0.361847 206.576 1.92048 223.952
1.48144 186.406 -0.093277 201.434 1.92048 223.952
2.99581 167.558 1.48144 186.406 1.92048 223.952
2.95766 159.406 6.61216 161.944 2.99581 167.558
2.95766 159.406 2.99581 167.558 1.48144 186.406
1.48144 186.406 2.95766 159.406 1.88974 103.686
-1.33704 151.241 -0.093277 201.434 -0.361847 206.576
-0.658157 129.141 -1.33704 151.241 -0.093277 201.434
-0.292351 116.922 -0.658157 129.141 -0.093277 201.434
-0.658157 129.141 -0.292351 116.922 -0.523078 43.6118
-1.03895 87.542 -0.658157 129.141 -1.33704 151.241
-2.07789 60.2694 -1.03895 87.542 -1.33704 151.241
-1.03895 87.542 -2.07789 60.2694 -2.16958 -1.24034
-2.07789 60.2694 -2.69053 67.6011 -2.91127 78.9299
-2.69053 67.6011 -2.07789 60.2694 -2.16958 -1.24034
-2.91127 78.9299 -3.85372 112.949 -3.23774 181.676
-2.69053 67.6011 -2.91127 78.9299 -3.85372 112.949
-3.27308 47.9386 -2.69053 67.6011 -3.85372 112.949
-2.69053 67.6011 -3.27308 47.9386 -2.88047 29.8223
1.13265 23.6169 1.48144 186.406 -0.093277 201.434
1.48144 186.406 1.13265 23.6169 1.24181 12.8827
3.69159 139.337 6.70665 150.787 2.95766 159.406
6.70665 150.787 3.69159 139.337 6.31688 88.5668
6.70665 150.787 9.64725 113.669 9.44686 -2.57429
22.8588 41.0297 22.7932 28.6128 22.354 13.1557
27.4721 108.897 27.301 81.562 27.8558 -3.84834
29.1771 116.4 30.6364 163.7 30.2973 166.491
30.6364 163.7 29.1771 116.4 29.8789 67.9096
51.5252 101.027 51.5609 140.229 51.6793 201.619
51.5609 140.229 51.5252 101.027 51.1108 22.1981
62.0001 179.881 61.8604 161.865 61.1226 62.9819
66.5674 116.904 63.7248 101.852 66.5132 2.38328
69.3182 158.721 68.4397 139.326 67.9952 10.2957
76.2625 127.863 72.933 96.3724 72.9564 50.523
89.5887 192.092 89.2244 97.1239 89.4381 8.25336
90.0844 182.863 89.5887 192.092 91.5139 211.632
90.8833 150.087 90.0844 182.863 89.5887 192.092
89.5887 192.092 90.8833 150.087 89.9046 113.622
93.1865 120.898 91.8638 198.076 91.5139 211.632
92.9366 50.736 93.1865 120.898 91.5139 211.632
91.5139 211.632 92.9366 50.736 91.9855 -1.7899
103.218 102.115 103.157 139.82 103.885 169.546
103.885 169.546 103.218 102.115 103.822 57.8219
116.388 150.442 116.572 159.371 113.831 207.531
117.061 96.1061 116.388 150.442 116.572 159.371
116.388 150.442 117.061 96.1061 116.862 73.4639
118.079 169.803 118.216 177.427 118.119 201.176
117.061 96.1061 118.079 169.803 118.216 177.427
118.216 177.427 117.061 96.1061 116.862 73.4639
118.619 121.47 118.216 177.427 118.119 201.176
120.218 29.9774 120.162 49.8548 119.873 58.7651
120.218 29.9774 119.873 58.7651 118.619 121.47
119.601 23.0749 120.218 29.9774 118.619 121.47
118.216 177.427 118.619 121.47 119.37 13.8698
118.619 121.47 119.601 23.0749 119.37 13.8698
118.959 230.654 118.619 121.47 119.873 58.7651
120.001 93.9006 119.873 58.7651 120.162 49.8548
120.632 208.771 120.162 49.8548 120.218 29.9774
120.958 82.9191 121.124 112.862 120.821 130.877
120.218 29.9774 120.958 82.9191 120.821 130.877
120.958 82.9191 120.218 29.9774 120.932 1.47913
120.218 29.9774 119.601 23.0749 120.932 1.47913
121.124 112.862 120.958 82.9191 121.956 36.6344
126.878 201.596 127.093 207.739 126.035 229.325
122.644 192.963 126.878 201.596 126.035 229.325
126.662 168.567 122.644 192.963 126.878 201.596
120.821 130.877 126.662 168.567 122.644 192.963
121.124 112.862 120.821 130.877 126.662 168.567
126.662 168.567 121.124 112.862 126.803 52.6767
127.066 110.767 126.878 201.596 127.093 207.739
127.095 56.7225 127.066 110.767 126.878 201.596
128.492 43.2995 127.095 56.7225 127.066 110.767
130.934 10.9289 131.644 27.6562 128.492 43.2995
130.934 10.9289 128.492 43.2995 127.095 56.7225
127.095 56.7225 130.934 10.9289 127.59 1.93731
128.482 186.456 128.596 70.1487 128.492 43.2995
131.153 137.146 131.692 149.082 132.094 159.649
131.491 117.549 131.153 137.146 131.692 149.082
131.201 92.1268 131.491 117.549 131.153 137.146
131.174 76.4149 131.201 92.1268 131.153 137.146
128.492 43.2995 128.596 70.1487 131.174 76.4149
131.201 92.1268 131.174 76.4149 131.644 27.6562
131.174 76.4149 128.492 43.2995 131.644 27.6562
132.303 98.9914 131.692 149.082 132.094 159.649
131.692 149.082 132.303 98.9914 132.424 21.7027
133.191 182.314 133.464 216.933 136.995 223.137
132.627 131.68 133.191 182.314 133.464 216.933
132.303 98.9914 132.627 131.68 133.464 216.933
132.627 131.68 132.303 98.9914 132.424 21.7027
136.787 13.8623 132.627 131.68 133.191 182.314
132.627 131.68 136.787 13.8623 137.079 -0.978423
137.219 57.1888 137.816 110.202 137.699 180.179
137.145 39.2042 137.219 57.1888 137.699 180.179
137.219 57.1888 137.145 39.2042 137.079 -0.978423
137.145 39.2042 136.787 13.8623 137.079 -0.978423
137.114 147.534 137.145 39.2042 136.787 13.8623
138.466 97.6873 137.816 110.202 137.699 180.179
137.816 110.202 138.466 97.6873 139.625 71.8951
138.466 97.6873 140.863 191.867 139.885 201.922
140.863 191.867 138.466 97.6873 139.625 71.8951
140.863 191.867 139.885 201.922 142.118 207.252
142.429 168.9 140.863 191.867 142.118 207.252
142.022 159.357 142.429 168.9 140.863 191.867
140.863 191.867 142.022 159.357 141.681 27.2912
142.662 123.222 142.022 159.357 142.429 168.9
142.53 92.6367 142.662 123.222 142.022 159.357
142.463 48.5724 142.53 92.6367 142.662 123.222
142.53 92.6367 142.463 48.5724 142.207 18.2454
142.463 48.5724 143.161 129.552 143.002 140.211
143.161 129.552 142.463 48.5724 142.207 18.2454
143.161 129.552 143.002 140.211 143.923 233.616
143.992 81.8658 143.161 129.552 143.923 233.616
146.984 40.2931 143.992 81.8658 143.923 233.616
147.527 22.6374 146.984 40.2931 143.992 81.8658
143.992 81.8658 147.527 22.6374 147.645 -0.498018
147.06 111.334 146.984 40.2931 147.527 22.6374
147.527 22.6374 148.202 208.109 147.404 217.866
148.202 208.109 147.527 22.6374 147.645 -0.498018
148.433 60.5709 150.192 131.115 148.202 208.109
150.192 131.115 148.433 60.5709 149.281 53.2693
148.202 208.109 147.404 217.866 149.598 232.456
150.192 131.115 148.202 208.109 149.598 232.456
150.914 97.9839 150.192 131.115 149.598 232.456
150.87 83.7219 150.914 97.9839 150.192 131.115
150.914 97.9839 150.87 83.7219 152.012 69.7217
153.274 168.899 152.454 179.41 153.076 186.194
153.275 163.339 153.274 168.899 152.454 179.41
152.012 69.7217 153.275 163.339 152.454 179.41
153.275 163.339 152.012 69.7217 152.267 30.2562
152.012 69.7217 150.87 83.7219 149.933 88.2588
149.933 88.2588 152.012 69.7217 152.267 30.2562
153.275 163.339 153.274 168.899 153.348 198.979
153.903 151.852 153.275 163.339 153.348 198.979
153.841 139.046 153.903 151.852 153.275 163.339
153.628 123.073 153.841 139.046 153.275 163.339
153.841 139.046 153.628 123.073 153.485 7.15417
156.118 120.508 153.841 139.046 153.903 151.852
156.015 112.85 156.118 120.508 153.841 139.046
156.604 83.721 156.015 112.85 156.118 120.508
156.015 112.85 156.604 83.721 156.89 52.7884
157.938 183.895 160.164 188.258 158.143 219.002
157.273 92.5967 157.938 183.895 158.143 219.002
158.143 219.002 157.273 92.5967 156.604 83.721
158.221 170.141 157.273 92.5967 156.89 52.7884
157.273 92.5967 156.604 83.721 156.89 52.7884
160.164 188.258 158.143 219.002 160.554 233.592
159.577 103.654 160.164 188.258 160.554 233.592
160.58 42.9703 159.577 103.654 160.554 233.592
159.577 103.654 160.58 42.9703 160.414 33.0843
161.451 69.0538 161.17 137.361 160.786 159.11
160.786 159.11 161.451 69.0538 160.58 42.9703
162.608 130.28 162.955 147.44 162.52 200.71
161.451 69.0538 162.608 130.28 162.52 200.71
160.414 33.0843 160.58 42.9703 161.451 69.0538
162.608 130.28 161.451 69.0538 161.204 21.4914
161.451 69.0538 160.414 33.0843 161.204 21.4914
162.608 130.28 162.965 59.0893 162.209 1.18134
162.955 147.44 167.391 198.873 163.766 207.041
162.608 130.28 162.955 147.44 167.391 198.873
162.965 59.0893 162.608 130.28 167.391 198.873
166.098 30.6202 162.965 59.0893 167.391 198.873
162.965 59.0893 166.098 30.6202 163.587 9.80538
166.098 30.6202 169.514 22.6938 163.587 9.80538
169.001 110.003 169.569 81.9455 166.098 30.6202
169.569 81.9455 169.884 160.699 169.789 183.752
169.884 160.699 169.569 81.9455 169.514 22.6938
169.569 81.9455 166.098 30.6202 169.514 22.6938
169.884 160.699 169.789 183.752 170.089 231.596
170.011 71.9407 169.884 160.699 170.089 231.596
169.884 160.699 170.011 71.9407 170.012 60.7571
171.428 97.4657 170.358 168.011 171.034 186.076
170.011 71.9407 171.921 86.3621 171.428 97.4657
170.011 71.9407 171.428 97.4657 170.358 168.011
170.012 60.7571 170.011 71.9407 171.921 86.3621
170.374 48.9032 170.012 60.7571 171.921 86.3621
171.921 86.3621 170.374 48.9032 170.743 41.9467
171.798 129.241 172.64 142.6 172.58 151.306
171.428 97.4657 171.798 129.241 172.64 142.6
171.921 86.3621 171.428 97.4657 172.64 142.6
172.64 142.6 171.921 86.3621 172.535 3.53066
172.64 142.6 173.251 118.177 173.762 8.3986
172.58 151.306 172.742 208.394 173.428 221.083
172.64 142.6 172.58 151.306 173.428 221.083
173.251 118.177 172.64 142.6 173.428 221.083
177.322 68.3894 173.251 118.177 173.428 221.083
179.729 49.8293 182.227 57.2939 177.322 68.3894
173.251 118.177 177.322 68.3894 178.125 -1.97873
177.322 68.3894 179.729 49.8293 178.125 -1.97873
176.039 203.629 176.97 128.483 177.322 68.3894
176.97 128.483 177.651 107.732 177.322 68.3894
177.651 107.732 181.346 97.4011 177.322 68.3894
182.46 161.076 183.475 171.014 182.152 186.058
181.346 97.4011 182.46 161.076 182.152 186.058
182.46 161.076 181.346 97.4011 182.227 57.2939
181.346 97.4011 177.322 68.3894 182.227 57.2939
177.539 233.907 176.97 128.483 177.651 107.732
178.878 180.842 179.537 120.209 177.651 107.732
179.758 150.691 180.412 208.186 180.985 222.658
179.537 120.209 179.758 150.691 180.985 222.658
180.985 222.658 179.537 120.209 181.346 97.4011
179.537 120.209 177.651 107.732 181.346 97.4011
179.799 36.3701 179.729 49.8293 182.227 57.2939
182.227 57.2939 179.799 36.3701 180.8 26.1919
183.176 142.437 182.46 161.076 183.475 171.014
183.176 142.437 183.475 171.014 186.368 199.535
182.993 88.3464 183.176 142.437 186.368 199.535
186.73 36.1975 182.993 88.3464 186.368 199.535
186.484 23.3023 188.209 33.4058 186.73 36.1975
186.484 23.3023 186.73 36.1975 182.993 88.3464
182.792 21.2321 186.484 23.3023 182.993 88.3464
186.484 23.3023 182.792 21.2321 182.924 8.0581
183.176 142.437 182.993 88.3464 182.782 78.592
189.259 53.1184 190.054 219.061 189.485 233.998
190.054 219.061 189.259 53.1184 189.243 -2.80191
189.259 53.1184 188.209 33.4058 189.243 -2.80191
188.209 33.4058 186.484 23.3023 189.243 -2.80191
187.019 87.5691 187.799 57.633 188.209 33.4058
187.799 57.633 189.259 53.1184 188.209 33.4058
187.649 157.62 188.162 82.1692 187.799 57.633
187.799 57.633 188.162 82.1692 189.053 116.849
189.053 116.849 187.799 57.633 189.259 53.1184
190.322 148.277 190.174 212.024 190.054 219.061
190.054 219.061 190.322 148.277 190.383 8.34318
191.209 193.337 190.174 212.024 190.054 219.061
191.209 193.337 190.054 219.061 189.485 233.998
191.325 178.831 191.209 193.337 190.174 212.024
190.174 212.024 191.325 178.831 191.581 97.9119
190.174 212.024 190.322 148.277 190.641 67.7843
192.378 140.489 191.325 178.831 191.209 193.337
191.325 178.831 192.378 140.489 192.142 130.104
192.378 140.489 192.154 170.333 197.024 170.697
192.142 130.104 192.378 140.489 197.024 170.697
193.474 110.149 192.142 130.104 197.024 170.697
196.357 103.136 193.474 110.149 197.024 170.697
197.225 50.0401 196.357 103.136 197.024 170.697
196.357 103.136 197.225 50.0401 197.327 30.7368
197.225 50.0401 198.613 73.516 197.815 118.121
197.225 50.0401 197.815 118.121 198.163 209.367
198.613 73.516 197.225 50.0401 197.327 30.7368
200.007 63.8209 198.613 73.516 197.815 118.121
198.613 73.516 200.007 63.8209 200.554 3.70244
200.62 79.3305 200.639 178.919 199.93 222.574
200.007 63.8209 200.62 79.3305 199.93 222.574
200.62 79.3305 200.007 63.8209 200.554 3.70244
201.522 111.788 201.966 156.198 200.639 178.919
200.639 178.919 201.522 111.788 202.095 8.01057
201.966 156.198 200.639 178.919 199.93 222.574
202.206 151.308 201.966 156.198 199.93 222.574
201.966 156.198 202.206 151.308 202.437 132.692
202.437 132.692 202.206 151.308 202.595 188.178
202.583 88.0427 202.437 132.692 202.595 188.178
202.437 132.692 202.583 88.0427 202.147 38.369
203.234 136.05 203.974 198.732 203.329 229.968
202.583 88.0427 203.234 136.05 203.329 229.968
202.147 38.369 202.583 88.0427 203.234 136.05
203.234 136.05 202.147 38.369 203.043 23.8462
203.974 198.732 203.329 229.968 206.371 231.127
206.357 182.204 203.974 198.732 206.371 231.127
207.016 173.548 206.357 182.204 206.371 231.127
207.248 126.656 207.016 173.548 206.357 182.204
207.502 99.7299 207.248 126.656 206.357 182.204
206.357 182.204 207.502 99.7299 207.191 49.0407
207.248 126.656 208.468 151.833 207.291 219.832
207.502 99.7299 207.248 126.656 208.468 151.833
208.468 151.833 207.502 99.7299 208.721 39.6988
210.117 86.6629 208.468 151.833 207.291 219.832
208.468 151.833 210.117 86.6629 209.247 71.6247
210.117 86.6629 211.086 77.79 209.247 71.6247
211.086 77.79 212.436 120.578 211.551 143.25
211.13 59.5362 209.247 71.6247 211.086 77.79
211.13 59.5362 211.086 77.79 212.436 120.578
212.436 120.578 211.13 59.5362 212.036 -0.38729
210.117 86.6629 210.5 111.982 210.868 190.087
210.5 111.982 210.117 86.6629 211.086 77.79
212.436 120.578 211.551 143.25 212.749 161.647
213.215 29.9677 212.436 120.578 212.749 161.647
213.75 18.5479 213.215 29.9677 212.749 161.647
213.215 29.9677 213.75 18.5479 213.831 6.97341
213.75 18.5479 217.085 13.4998 213.831 6.97341
216.057 109.806 213.186 199.902 213.94 212.697
216.964 26.7057 216.057 109.806 213.186 199.902
213.186 199.902 216.964 26.7057 213.75 18.5479
217.604 199.739 217.846 223.899 217.616 226.602
216.964 26.7057 217.604 199.739 217.616 226.602
217.604 199.739 216.964 26.7057 217.085 13.4998
216.964 26.7057 213.75 18.5479 217.085 13.4998
216.682 153.331 216.057 109.806 216.964 26.7057
218.171 178.78 217.604 199.739 217.846 223.899
218.36 171.583 218.171 178.78 217.604 199.739
218.225 96.4646 218.36 171.583 217.604 199.739
217.604 199.739 218.225 96.4646 217.424 59.2384
218.241 80.1477 218.225 96.4646 218.36 171.583
218.225 96.4646 218.241 80.1477 217.995 51.5866
219.822 123.15 218.36 171.583 218.171 178.78
218.36 171.583 219.822 123.15 218.989 68.1095
221.574 158.681 221.842 191.528 220.883 206.216
221.312 130.592 221.574 158.681 220.883 206.216
219.822 123.15 221.312 130.592 220.883 206.216
218.989 68.1095 219.822 123.15 221.312 130.592
221.312 130.592 218.989 68.1095 219.937 39.0155
221.842 191.528 221.574 158.681 221.301 19.0234
227.135 129.274 223.089 143.594 221.842 191.528
227.135 129.274 221.842 191.528 220.883 206.216
222.805 88.7546 227.135 129.274 223.089 143.594
223.089 143.594 222.805 88.7546 222.201 -1.26698
226.142 60.6909 222.805 88.7546 227.135 129.274
222.805 88.7546 226.142 60.6909 227.589 47.1494
229.154 171.507 229.565 200.786 229.545 217.313
229.154 171.507 229.545 217.313 229.596 229.98
229.565 200.786 229.154 171.507 227.589 47.1494
229.154 171.507 227.986 106.796 227.589 47.1494
227.986 106.796 227.191 69.5033 227.589 47.1494
227.191 69.5033 226.142 60.6909 227.589 47.1494
227.937 179.994 227.986 106.796 227.191 69.5033
230.087 31.0112 229.565 200.786 229.545 217.313
230.441 12.6958 230.087 31.0112 229.545 217.313
230.087 31.0112 230.441 12.6958 230.585 -2.39327
230.829 117.493 230.328 159.026 230.656 208.586
230.328 159.026 230.829 117.493 230.441 12.6958
231.679 140.355 231.987 152.464 232.629 191.327
230.829 117.493 231.679 140.355 232.629 191.327
230.441 12.6958 230.829 117.493 231.679 140.355
231.679 140.355 230.441 12.6958 230.585 -2.39327
231.593 97.3611 231.679 140.355 231.987 152.464
231.679 140.355 231.593 97.3611 231.548 79.165
233.647 86.5092 231.987 152.464 232.629 191.327
231.998 41.6369 233.647 86.5092 231.987 152.464
233.647 86.5092 231.998 41.6369 232.568 20.3692
