49.173 47.6139 48.8963 54.7893 49.0734 67.5113
48.8963 54.7893 49.173 47.6139 49.1535 32.4364
49.7093 58.6389 49.6305 71.5748 50.0341 74.8462
49.2663 49.18 49.7093 58.6389 49.6305 71.5748
49.173 47.6139 49.2663 49.18 49.6305 71.5748
49.2663 49.18 49.173 47.6139 49.1535 32.4364
50.7447 63.137 52.4938 75.7798 52.3636 88.6098
49.7093 58.6389 50.7447 63.137 52.3636 88.6098
50.7447 63.137 49.7093 58.6389 49.2663 49.18
49.0734 67.5113 48.323 68.7806 48.0619 97.1123
48.8963 54.7893 49.0734 67.5113 48.323 68.7806
48.7485 39.4097 48.8963 54.7893 48.323 68.7806
48.8963 54.7893 48.7485 39.4097 48.5188 6.14195
47.8074 59.939 48.323 68.7806 48.0619 97.1123
47.6142 47.266 47.8074 59.939 48.0619 97.1123
47.8074 59.939 47.6142 47.266 47.5075 7.36008
47.6142 47.266 47.1247 18.8996 47.5075 7.36008
47.6248 90.7033 47.6142 47.266 47.1247 18.8996
45.9845 69.5241 46.122 88.5843 46.2096 96.251
45.9696 35.8037 45.9845 69.5241 46.2096 96.251
46.5625 32.2739 45.9696 35.8037 46.2096 96.251
47.1247 18.8996 46.5625 32.2739 46.2096 96.251
47.5075 7.36008 47.1247 18.8996 46.5625 32.2739
46.5625 32.2739 47.5075 7.36008 46.7399 0.210341
45.3605 81.4033 46.122 88.5843 46.2096 96.251
43.6478 60.54 44.5417 65.9218 45.3605 81.4033
43.6478 60.54 45.3605 81.4033 46.2096 96.251
43.3723 53.2857 43.6478 60.54 44.5417 65.9218
44.0442 48.523 43.3723 53.2857 44.5417 65.9218
43.3723 53.2857 44.0442 48.523 44.4028 0.340401
43.3723 53.2857 43.6478 60.54 43.4926 94.076
43.266 45.6405 43.3723 53.2857 43.4926 94.076
42.9123 3.77509 42.4036 38.2066 43.266 45.6405
42.9123 3.77509 43.266 45.6405 43.3723 53.2857
43.3723 53.2857 42.9123 3.77509 42.9342 3.3071
42.4036 38.2066 41.7358 69.9535 42.084 98.2768
41.7358 69.9535 42.4036 38.2066 42.9123 3.77509
43.266 45.6405 42.6891 71.0485 42.7039 89.3326
42.6891 71.0485 43.266 45.6405 42.4036 38.2066
41.7358 69.9535 42.084 98.2768 41.1885 98.8407
41.1295 55.7282 41.7358 69.9535 41.1885 98.8407
41.2468 38.5902 41.1295 55.7282 41.7358 69.9535
41.7358 69.9535 41.2468 38.5902 41.2746 37.5805
41.2468 38.5902 39.3675 62.7559 40.6433 83.8155
41.2746 37.5805 41.2468 38.5902 39.3675 62.7559
40.2157 30.0387 41.2746 37.5805 39.3675 62.7559
41.0721 22.5709 40.2157 30.0387 41.2746 37.5805
40.2157 30.0387 41.0721 22.5709 40.6164 16.9827
40.6433 83.8155 38.7105 87.5446 38.8425 92.7046
39.3675 62.7559 40.6433 83.8155 38.7105 87.5446
38.7105 87.5446 39.3675 62.7559 40.0557 18.6311
37.7669 81.0809 38.7105 87.5446 38.8425 92.7046
38.0168 81.0636 37.7669 81.0809 38.7105 87.5446
38.8014 72.0902 38.0168 81.0636 38.7105 87.5446
38.8339 54.3872 38.8014 72.0902 38.0168 81.0636
38.0168 81.0636 38.8339 54.3872 38.5531 24.311
37.4949 52.5851 38.0168 81.0636 37.7669 81.0809
38.0168 81.0636 37.4949 52.5851 38.1367 23.9966
37.3454 66.4727 36.9253 75.5617 37.1099 77.3267
37.4949 52.5851 37.3454 66.4727 36.9253 75.5617
36.9253 75.5617 37.4949 52.5851 38.1367 23.9966
37.1099 77.3267 36.3716 77.538 36.8857 95.7046
36.9253 75.5617 37.1099 77.3267 36.3716 77.538
36.477 35.3043 36.9253 75.5617 36.3716 77.538
36.0689 33.6124 36.477 35.3043 36.3716 77.538
36.477 35.3043 36.0689 33.6124 36.1556 11.7834
35.9896 35.8294 35.9556 83.023 35.9609 87.9776
36.0689 33.6124 35.9896 35.8294 35.9609 87.9776
35.9896 35.8294 36.0689 33.6124 36.1556 11.7834
34.8719 62.2955 35.9556 83.023 35.9609 87.9776
35.1796 61.343 34.8719 62.2955 35.9556 83.023
35.7667 27.6033 35.1796 61.343 34.8719 62.2955
34.6807 14.3769 35.7667 27.6033 34.8719 62.2955
35.7667 27.6033 34.6807 14.3769 34.6216 4.5643
32.3983 62.7363 31.7921 62.8819 32.4251 68.1028
32.3983 62.7363 32.4251 68.1028 32.9008 79.86
33.2779 46.6993 32.3983 62.7363 32.9008 79.86
33.5455 42.126 33.2779 46.6993 32.9008 79.86
34.2137 28.4703 33.5455 42.126 33.2779 46.6993
34.6807 14.3769 34.2137 28.4703 33.2779 46.6993
33.2779 46.6993 34.6807 14.3769 34.6216 4.5643
32.4251 68.1028 31.8812 79.2623 32.0248 80.0262
31.8812 79.2623 32.4251 68.1028 31.7921 62.8819
33.5455 42.126 33.7057 42.4876 34.0474 83.6455
33.7057 42.4876 33.5455 42.126 34.2137 28.4703
34.3636 89.7237 34.2137 28.4703 34.6807 14.3769
32.2236 39.5678 32.3983 62.7363 31.7921 62.8819
31.6243 31.2505 32.2236 39.5678 31.7921 62.8819
31.0934 22.1977 31.6243 31.2505 32.2236 39.5678
32.2236 39.5678 31.0934 22.1977 31.8554 2.87818
31.0934 22.1977 30.0759 18.5599 31.8554 2.87818
31.0934 22.1977 29.7491 28.1517 29.2744 81.0181
30.0759 18.5599 31.0934 22.1977 29.7491 28.1517
29.1062 15.7468 30.0759 18.5599 29.7491 28.1517
30.0759 18.5599 29.1062 15.7468 29.093 11.7806
29.1062 15.7468 28.7573 22.2074 28.7128 47.6964
28.7573 22.2074 29.1062 15.7468 29.093 11.7806
28.6326 16.7737 28.7573 22.2074 28.7128 47.6964
28.7573 22.2074 28.6326 16.7737 28.5802 8.92652
27.8111 64.2808 27.798 76.8102 27.9767 78.8907
26.7176 43.4704 26.7585 45.3274 27.6106 50.7656
26.5636 32.8886 26.7176 43.4704 27.6106 50.7656
26.8061 32.7762 26.5636 32.8886 27.6106 50.7656
27.4254 30.2 26.8061 32.7762 27.6106 50.7656
27.4254 30.2 27.6106 50.7656 27.8111 64.2808
27.4254 30.2 27.8111 64.2808 27.9767 78.8907
28.6326 16.7737 27.4254 30.2 26.8061 32.7762
26.8061 32.7762 28.6326 16.7737 28.5802 8.92652
28.3065 51.4435 28.4847 31.1239 28.6326 16.7737
28.4847 31.1239 27.4254 30.2 28.6326 16.7737
27.6106 50.7656 27.385 58.2858 27.1634 59.2015
27.1634 59.2015 27.6106 50.7656 26.7585 45.3274
26.1104 29.2047 26.8061 32.7762 26.5636 32.8886
26.1104 29.2047 26.5636 32.8886 26.195 64.7915
26.8061 32.7762 26.1104 29.2047 26.1403 6.51668
25.4918 50.9254 25.3622 52.3165 25.9296 75.6908
26.1104 29.2047 25.4918 50.9254 25.9296 75.6908
25.4918 50.9254 26.1104 29.2047 26.1403 6.51668
25.0975 29.2744 25.4918 50.9254 25.3622 52.3165
23.3 20.0101 22.5066 23.9111 23.628 24.1994
23.3 20.0101 23.628 24.1994 24.5801 26.6025
24.8299 6.67657 23.3 20.0101 24.5801 26.6025
24.8299 6.67657 24.5801 26.6025 25.0975 29.2744
24.8299 6.67657 25.0975 29.2744 25.4918 50.9254
23.3 20.0101 24.8299 6.67657 24.3163 5.43536
23.4684 30.9437 22.5223 54.3776 23.4517 91.5363
23.628 24.1994 23.4684 30.9437 22.5223 54.3776
22.5223 54.3776 23.628 24.1994 22.5066 23.9111
23.9026 79.8052 23.4684 30.9437 23.628 24.1994
24.7063 89.3224 24.5801 26.6025 23.628 24.1994
21.7071 28.6575 22.5223 54.3776 23.4517 91.5363
21.4712 18.5371 21.7071 28.6575 22.5223 54.3776
22.5223 54.3776 21.4712 18.5371 21.2021 6.43309
21.723 52.8254 21.7071 28.6575 21.4712 18.5371
20.409 80.7971 20.319 85.8577 20.322 96.6156
20.6204 58.6277 20.409 80.7971 20.319 85.8577
20.908 54.8848 20.6204 58.6277 20.409 80.7971
21.4712 18.5371 20.908 54.8848 20.6204 58.6277
20.6204 58.6277 21.4712 18.5371 21.2021 6.43309
20.908 54.8848 21.3037 63.0089 21.0279 79.9045
21.3037 63.0089 20.908 54.8848 21.4712 18.5371
19.9386 83.5718 20.319 85.8577 20.322 96.6156
20.092 24.4596 19.9386 83.5718 20.319 85.8577
20.319 85.8577 20.092 24.4596 20.2158 2.67738
19.568 29.7024 19.8857 42.9015 19.6535 47.0496
19.9872 27.2885 19.568 29.7024 19.8857 42.9015
20.092 24.4596 19.9872 27.2885 19.8857 42.9015
19.9872 27.2885 20.092 24.4596 20.2158 2.67738
19.568 29.7024 18.921 49.1092 19.3703 76.5527
18.921 49.1092 19.568 29.7024 19.886 16.0663
19.568 29.7024 19.9872 27.2885 19.886 16.0663
18.921 49.1092 19.3703 76.5527 18.5438 89.832
18.5207 37.8141 18.921 49.1092 18.5438 89.832
17.5836 11.0194 18.5207 37.8141 18.921 49.1092
18.921 49.1092 17.5836 11.0194 17.3732 1.67163
16.96 84.7493 16.6097 86.4651 16.6065 89.8686
17.3002 68.2146 16.96 84.7493 16.6097 86.4651
17.449 50.3018 17.3002 68.2146 16.6097 86.4651
17.5836 11.0194 17.449 50.3018 16.6097 86.4651
16.6097 86.4651 17.5836 11.0194 17.3732 1.67163
18.5207 37.8141 18.1961 43.1347 18.1131 66.6459
18.1961 43.1347 18.5207 37.8141 17.5836 11.0194
16.6097 86.4651 16.6065 89.8686 15.728 90.0075
15.9465 85.5681 16.6097 86.4651 15.728 90.0075
15.271 83.8966 15.9465 85.5681 15.728 90.0075
14.7666 77.0494 15.271 83.8966 15.9465 85.5681
14.8775 64.9773 14.7666 77.0494 15.9465 85.5681
15.9465 85.5681 14.8775 64.9773 15.128 33.0863
13.4691 50.2726 14.8775 64.9773 14.7666 77.0494
14.8775 64.9773 13.4691 50.2726 13.5431 46.9319
13.5431 46.9319 13.4691 50.2726 13.2336 59.9401
13.2099 33.8898 13.5431 46.9319 13.2336 59.9401
13.2099 33.8898 13.2336 59.9401 13.2164 85.6863
12.7477 14.9821 13.2099 33.8898 13.5431 46.9319
12.5927 6.59965 12.7477 14.9821 13.5431 46.9319
13.5431 46.9319 12.5927 6.59965 12.6199 5.32313
13.3322 69.2229 13.2336 59.9401 13.4691 50.2726
10.7987 66.7009 9.87724 67.8266 10.4137 87.2762
11.7991 57.5806 10.7987 66.7009 10.4137 87.2762
12.1314 52.6084 11.7991 57.5806 10.4137 87.2762
11.6449 24.8018 12.1314 52.6084 11.7991 57.5806
12.5927 6.59965 11.6449 24.8018 12.1314 52.6084
11.6449 24.8018 12.5927 6.59965 12.6199 5.32313
13.0587 73.7848 12.7656 88.5075 12.8569 88.9408
12.8805 36.1896 13.0587 73.7848 12.7656 88.5075
12.7477 14.9821 12.8805 36.1896 12.7656 88.5075
12.7656 88.5075 12.7477 14.9821 12.5927 6.59965
8.9621 64.2776 10.7987 66.7009 9.87724 67.8266
9.78453 57.7206 8.9621 64.2776 10.7987 66.7009
9.52166 21.3467 9.78453 57.7206 8.9621 64.2776
9.08523 15.3994 9.52166 21.3467 8.9621 64.2776
8.46474 2.15516 9.08523 15.3994 9.52166 21.3467
9.52166 21.3467 8.46474 2.15516 8.77159 0.820135
8.35296 48.3126 8.32018 78.5775 8.32303 81.4576
8.45171 16.3677 8.35296 48.3126 8.32303 81.4576
8.35296 48.3126 8.45171 16.3677 8.46474 2.15516
8.45171 16.3677 9.08523 15.3994 8.46474 2.15516
8.87601 21.4261 8.45171 16.3677 9.08523 15.3994
7.78002 55.8018 8.32018 78.5775 8.32303 81.4576
7.75216 42.6609 7.78002 55.8018 8.32018 78.5775
8.32018 78.5775 7.75216 42.6609 8.2079 0.138022
7.26534 68.0111 7.26135 86.9014 7.63658 89.1994
7.78002 55.8018 7.26534 68.0111 7.63658 89.1994
7.26534 68.0111 7.78002 55.8018 7.75216 42.6609
6.27005 83.1149 7.26135 86.9014 7.63658 89.1994
6.25992 81.593 6.27005 83.1149 7.26135 86.9014
7.26135 86.9014 6.25992 81.593 7.07659 56.1977
6.25992 81.593 6.27005 83.1149 5.6238 89.6266
4.95003 51.978 6.25992 81.593 5.6238 89.6266
6.25992 81.593 4.95003 51.978 5.92306 29.1864
4.95003 51.978 4.376 41.2789 5.92306 29.1864
4.376 41.2789 3.8375 61.7732 3.45321 92.6204
4.58018 21.7011 5.92306 29.1864 4.376 41.2789
4.58018 21.7011 4.376 41.2789 3.8375 61.7732
5.92306 29.1864 4.58018 21.7011 5.26302 9.50582
3.94673 87.431 4.95003 51.978 4.376 41.2789
3.73709 44.4005 3.8375 61.7732 3.45321 92.6204
3.54434 41.8203 3.73709 44.4005 3.45321 92.6204
3.15985 30.5566 3.54434 41.8203 3.73709 44.4005
2.98786 24.0631 3.15985 30.5566 3.73709 44.4005
2.79565 18.3071 2.98786 24.0631 3.73709 44.4005
3.73709 44.4005 2.79565 18.3071 3.30552 1.71613
1.65726 56.3406 0.897011 64.0107 1.50042 66.2248
1.65726 56.3406 1.50042 66.2248 1.99604 83.5624
2.23803 55.3688 1.65726 56.3406 1.99604 83.5624
2.98786 24.0631 2.23803 55.3688 1.99604 83.5624
2.23803 55.3688 2.98786 24.0631 2.79565 18.3071
1.50042 66.2248 0.443866 69.8751 0.0765304 75.1523
0.443866 69.8751 1.50042 66.2248 0.897011 64.0107
0.0933272 52.849 0.443866 69.8751 0.0765304 75.1523
0.443866 69.8751 0.0933272 52.849 0.304639 29.1524
0.897011 64.0107 1.65726 56.3406 1.01506 22.3687
1.65726 56.3406 2.23803 55.3688 2.4082 14.6914
16.6097 86.4651 15.9465 85.5681 16.6168 54.363
32.3983 62.7363 33.2779 46.6993 32.5162 3.36869
45.0069 59.8571 44.5417 65.9218 45.3605 81.4033
45.6351 47.8182 45.0069 59.8571 45.3605 81.4033
45.0069 59.8571 45.6351 47.8182 45.6442 1.63963
46.122 88.5843 45.9845 69.5241 45.7916 47.9002
48.323 68.7806 47.8074 59.939 47.6875 20.4367
50.3053 25.2296 50.7447 63.137 52.4938 75.7798
52.4938 75.7798 50.3053 25.2296 50.3878 4.95616
53.2788 15.208 52.4834 63.1704 52.4938 75.7798
53.2788 15.208 52.4938 75.7798 52.3636 88.6098
53.2835 14.4155 53.2788 15.208 52.4834 63.1704
52.4834 63.1704 53.2835 14.4155 52.9682 8.51293
53.3825 22.3511 54.0503 76.304 54.0827 80.1244
53.2788 15.208 53.3825 22.3511 54.0827 80.1244
53.2835 14.4155 53.2788 15.208 53.3825 22.3511
53.3825 22.3511 53.2835 14.4155 53.7758 13.0819
55.1514 50.9971 54.0503 76.304 54.0827 80.1244
54.0503 76.304 55.1514 50.9971 53.9434 50.5744
55.8331 67.7758 56.0634 71.4536 55.9685 87.1006
55.1514 50.9971 55.8331 67.7758 55.9685 87.1006
54.8797 46.7589 53.9434 50.5744 55.1514 50.9971
54.8463 37.983 54.8797 46.7589 55.1514 50.9971
54.8463 37.983 55.1514 50.9971 55.8331 67.7758
55.8331 67.7758 54.8463 37.983 55.1972 12.33
53.9434 50.5744 54.8797 46.7589 53.9054 23.5331
54.8797 46.7589 54.8463 37.983 54.2287 17.7409
56.3674 28.1296 56.0842 33.2291 56.0634 71.4536
56.3674 28.1296 56.0634 71.4536 55.9685 87.1006
56.0842 33.2291 56.3674 28.1296 56.0691 15.4493
57.3265 47.5927 57.8505 69.8804 57.9853 84.9203
56.3674 28.1296 57.3265 47.5927 57.9853 84.9203
57.3265 47.5927 56.3674 28.1296 56.0691 15.4493
57.8505 69.8804 57.9853 84.9203 58.1744 89.0748
57.7952 56.1754 57.8505 69.8804 58.1744 89.0748
58.0261 43.8688 57.7952 56.1754 58.1744 89.0748
57.9972 36.2223 58.0261 43.8688 57.7952 56.1754
58.3134 29.1815 57.9972 36.2223 58.0261 43.8688
59.4381 14.0365 58.3134 29.1815 58.0261 43.8688
58.3134 29.1815 59.4381 14.0365 59.5648 11.6611
59.4381 14.0365 60.1638 39.0492 58.5857 49.9159
60.1638 39.0492 59.4381 14.0365 59.5648 11.6611
58.5857 49.9159 60.433 54.856 59.7399 89.3387
60.1638 39.0492 58.5857 49.9159 60.433 54.856
60.433 54.856 60.1638 39.0492 60.2772 5.69479
60.9449 30.4381 60.433 54.856 59.7399 89.3387
60.9617 16.8348 61.7982 28.2628 60.9449 30.4381
60.9617 16.8348 60.9449 30.4381 60.433 54.856
61.1158 9.19648 60.9617 16.8348 61.7982 28.2628
61.7982 28.2628 61.1158 9.19648 61.3543 2.43981
60.9449 30.4381 61.9949 32.1087 62.6187 36.5282
61.7982 28.2628 60.9449 30.4381 61.9949 32.1087
61.9949 32.1087 61.7982 28.2628 61.7912 8.75648
62.6187 36.5282 62.6855 51.4602 62.889 85.2249
62.975 26.4353 61.9949 32.1087 62.6187 36.5282
62.975 26.4353 62.6187 36.5282 62.889 85.2249
62.629 21.084 62.975 26.4353 61.9949 32.1087
63.6454 15.4642 62.629 21.084 62.975 26.4353
62.629 21.084 63.6454 15.4642 63.5051 13.4122
64.5914 26.9762 64.4193 56.9677 64.8146 60.928
64.5914 26.9762 64.8146 60.928 65.1474 98.1586
65.6135 26.1437 64.5914 26.9762 65.1474 98.1586
65.742 18.2373 65.6135 26.1437 64.5914 26.9762
63.6454 15.4642 65.742 18.2373 64.5914 26.9762
65.742 18.2373 63.6454 15.4642 63.5051 13.4122
65.8283 54.0482 66.2778 75.7511 66.1691 88.2059
65.6135 26.1437 65.8283 54.0482 66.2778 75.7511
66.2778 75.7511 65.6135 26.1437 65.742 18.2373
66.9955 54.8581 66.2778 75.7511 66.1691 88.2059
67.2002 35.2841 66.9955 54.8581 66.2778 75.7511
67.4633 10.7657 67.6707 16.6502 67.2002 35.2841
67.4633 10.7657 67.2002 35.2841 66.2778 75.7511
66.2778 75.7511 67.4633 10.7657 67.169 9.49451
67.2002 35.2841 68.0174 96.7897 67.9479 97.9036
68.0174 96.7897 67.2002 35.2841 67.6707 16.6502
68.7403 90.6907 68.0174 96.7897 67.9479 97.9036
68.6112 63.639 68.7403 90.6907 68.0174 96.7897
68.0174 96.7897 68.6112 63.639 68.5448 50.4693
69.1774 70.2098 69.2326 71.0702 69.6067 76.972
68.6112 63.639 69.1774 70.2098 69.6067 76.972
69.1774 70.2098 68.6112 63.639 68.5448 50.4693
68.8881 10.4575 69.1565 57.375 69.1774 70.2098
69.1565 57.375 68.8881 10.4575 69.0422 9.10976
69.1565 57.375 69.1774 70.2098 69.2326 71.0702
69.2158 21.765 69.1565 57.375 69.2326 71.0702
69.2326 71.0702 69.2158 21.765 69.345 0.0612702
70.1982 62.9644 69.2326 71.0702 69.6067 76.972
70.1657 49.0001 70.1982 62.9644 69.2326 71.0702
70.3772 41.794 70.1657 49.0001 70.1982 62.9644
70.1657 49.0001 70.3772 41.794 70.5871 25.9136
70.3772 41.794 72.0853 35.8097 70.5871 25.9136
70.6283 74.028 70.3772 41.794 72.0853 35.8097
72.0853 35.8097 72.5443 55.4021 72.1839 65.0324
72.5443 55.4021 72.0853 35.8097 72.0663 10.5949
72.0853 35.8097 70.5871 25.9136 72.0663 10.5949
72.7034 74.1547 72.8918 87.8817 72.6562 91.3371
72.1839 65.0324 72.7034 74.1547 72.6562 91.3371
72.5443 55.4021 72.1839 65.0324 72.7034 74.1547
72.7034 74.1547 72.5443 55.4021 72.4232 10.8407
72.8918 87.8817 72.7034 74.1547 72.8387 56.2562
73.7787 87.6421 72.8918 87.8817 72.6562 91.3371
73.4853 84.9132 73.7787 87.6421 72.8918 87.8817
73.6908 52.4992 73.4853 84.9132 73.7787 87.6421
73.9848 35.8542 73.6908 52.4992 73.7787 87.6421
73.6908 52.4992 73.9848 35.8542 74.0833 1.23725
74.6202 45.3432 74.8336 68.3284 74.2632 71.0137
73.9848 35.8542 74.6202 45.3432 74.2632 71.0137
74.6202 45.3432 73.9848 35.8542 74.0833 1.23725
73.4853 84.9132 73.6908 52.4992 72.9438 52.3878
74.8336 68.3284 74.6202 45.3432 74.5877 13.8068
74.8336 68.3284 74.2632 71.0137 74.7069 79.117
75.3366 27.1123 74.8669 45.6175 74.8336 68.3284
75.3366 27.1123 74.8336 68.3284 74.7069 79.117
74.8669 45.6175 75.3366 27.1123 74.8391 18.1467
75.4674 89.4589 75.6653 41.76 75.3366 27.1123
75.3366 27.1123 75.6653 41.76 76.2629 47.4418
76.2296 7.5091 74.8391 18.1467 75.3366 27.1123
76.2296 7.5091 75.3366 27.1123 76.2629 47.4418
76.2296 7.5091 76.2629 47.4418 76.337 56.8039
74.8391 18.1467 76.2296 7.5091 75.7172 4.70197
76.2629 47.4418 76.0163 78.9176 76.2753 91.65
76.0163 78.9176 76.2629 47.4418 75.6653 41.76
77.4447 8.36102 76.8776 57.3638 77.3386 59.2521
76.8776 57.3638 77.4447 8.36102 76.2296 7.5091
78.1438 58.7603 78.3702 76.2211 77.55 96.251
77.8613 10.5339 78.1438 58.7603 77.55 96.251
75.7172 4.70197 76.2296 7.5091 77.4447 8.36102
77.9386 1.64652 75.7172 4.70197 77.4447 8.36102
77.9386 1.64652 77.4447 8.36102 77.8613 10.5339
77.9386 1.64652 77.8613 10.5339 78.1438 58.7603
75.7172 4.70197 77.9386 1.64652 76.3681 1.49773
78.1438 58.7603 78.3702 76.2211 78.6601 81.9984
78.76 29.5169 78.1438 58.7603 78.6601 81.9984
78.1438 58.7603 78.76 29.5169 78.8336 18.0101
78.76 29.5169 79.1636 69.3558 79.0649 95.035
78.8336 18.0101 78.76 29.5169 79.1636 69.3558
79.1636 69.3558 78.8336 18.0101 78.9073 15.2914
79.2962 68.5816 79.1636 69.3558 79.0649 95.035
79.6629 34.6658 79.2962 68.5816 79.0649 95.035
79.2962 68.5816 79.6629 34.6658 79.6925 30.263
80.4211 54.9237 79.5571 64.3229 80.1453 86.8927
80.4173 52.5943 80.4211 54.9237 79.5571 64.3229
79.6954 51.8358 80.4173 52.5943 79.5571 64.3229
79.6629 34.6658 79.6954 51.8358 79.5571 64.3229
79.6954 51.8358 79.6629 34.6658 79.6925 30.263
81.4102 34.9134 80.4173 52.5943 80.4211 54.9237
80.8775 14.8972 81.4102 34.9134 80.4173 52.5943
81.6378 9.61141 80.8775 14.8972 81.4102 34.9134
80.8775 14.8972 81.6378 9.61141 82.4514 2.67809
81.6378 9.61141 82.5236 4.41161 82.4514 2.67809
83.6524 78.3394 84.6403 81.0273 82.8873 98.8812
83.0779 76.2353 83.6524 78.3394 82.8873 98.8812
82.8294 75.3305 83.0779 76.2353 82.8873 98.8812
82.5962 71.6941 82.8294 75.3305 82.8873 98.8812
82.8732 55.3501 82.5962 71.6941 82.8294 75.3305
82.6032 37.3081 82.8732 55.3501 82.5962 71.6941
81.6378 9.61141 82.1318 24.8979 82.6032 37.3081
82.8732 55.3501 82.6032 37.3081 82.5236 4.41161
82.6032 37.3081 81.6378 9.61141 82.5236 4.41161
81.9214 70.8075 82.6032 37.3081 82.1318 24.8979
83.0779 76.2353 82.8294 75.3305 83.2638 5.97826
84.5633 35.1598 83.6524 78.3394 84.6403 81.0273
83.6524 78.3394 84.5633 35.1598 84.5355 22.8934
84.5633 35.1598 84.9118 66.7485 84.8023 68.7647
84.9118 66.7485 84.5633 35.1598 84.5355 22.8934
84.9118 66.7485 84.8023 68.7647 84.7869 94.5162
85.4165 54.7951 84.9118 66.7485 84.7869 94.5162
84.9118 66.7485 85.4165 54.7951 85.3275 43.2705
85.4165 54.7951 85.9494 54.1865 85.3275 43.2705
85.4165 54.7951 86.3239 84.3785 86.7136 97.4067
86.3239 84.3785 85.4165 54.7951 85.9494 54.1865
86.9813 48.3452 86.3239 84.3785 86.7136 97.4067
86.4608 43.0484 86.9813 48.3452 86.3239 84.3785
87.5299 28.8483 86.4608 43.0484 86.9813 48.3452
86.4608 43.0484 87.5299 28.8483 86.8484 18.3789
87.5299 28.8483 87.847 46.9689 87.7285 87.0235
87.847 46.9689 87.5299 28.8483 87.5049 11.0803
87.5299 28.8483 86.8484 18.3789 87.5049 11.0803
87.847 46.9689 87.7285 87.0235 87.8094 89.2758
87.9386 46.4764 87.847 46.9689 87.8094 89.2758
87.847 46.9689 87.9386 46.4764 88.0707 42.3574
87.9386 46.4764 88.2629 44.9595 88.0707 42.3574
88.2629 44.9595 88.1237 71.2498 88.1868 89.8029
88.4194 35.2784 88.0707 42.3574 88.2629 44.9595
88.4194 35.2784 88.2629 44.9595 88.1868 89.8029
88.4411 25.4156 89.0607 31.0577 88.4194 35.2784
88.4411 25.4156 88.4194 35.2784 88.0707 42.3574
88.6643 19.1829 88.4411 25.4156 89.0607 31.0577
89.0607 31.0577 88.6643 19.1829 89.1282 15.336
88.9768 48.0712 88.7352 56.3601 88.4466 57.4907
88.4194 35.2784 88.9768 48.0712 88.4466 57.4907
88.9768 48.0712 88.4194 35.2784 89.0607 31.0577
89.55 31.8526 88.9768 48.0712 88.7352 56.3601
88.9768 48.0712 89.55 31.8526 89.6645 19.6876
89.7299 81.2659 90.1041 88.578 90.1439 90.1007
89.4333 55.7098 89.7299 81.2659 90.1041 88.578
89.55 31.8526 89.4333 55.7098 90.1041 88.578
90.1041 88.578 89.55 31.8526 89.6645 19.6876
91.2224 85.3383 90.1041 88.578 90.1439 90.1007
90.2172 69.2196 91.2224 85.3383 90.1041 88.578
91.3657 68.8964 90.2172 69.2196 91.2224 85.3383
92.178 33.8012 91.3657 68.8964 91.2224 85.3383
91.3657 68.8964 92.178 33.8012 92.2884 0.322497
92.178 33.8012 92.7088 14.6285 92.2884 0.322497
92.7088 14.6285 92.9653 14.4029 92.2884 0.322497
92.649 89.453 92.178 33.8012 92.7088 14.6285
93.6059 87.8939 93.7248 89.1216 93.3091 96.993
93.3623 87.384 93.6059 87.8939 93.3091 96.993
93.0781 78.9976 93.3623 87.384 93.3091 96.993
92.8246 74.4285 93.0781 78.9976 93.3091 96.993
92.7294 21.0378 92.8246 74.4285 93.0781 78.9976
92.7088 14.6285 92.7294 21.0378 92.8246 74.4285
92.7294 21.0378 92.7088 14.6285 92.9653 14.4029
90.9429 48.3415 91.3657 68.8964 90.2172 69.2196
90.2172 69.2196 90.9429 48.3415 90.6368 29.6977
93.3623 87.384 93.0781 78.9976 93.1237 41.6127
93.6811 70.2288 93.3623 87.384 93.6059 87.8939
93.3623 87.384 93.6811 70.2288 93.6137 50.7639
94.3857 64.6175 93.6059 87.8939 93.7248 89.1216
94.1561 54.9978 95.5613 61.3716 94.3857 64.6175
94.1561 54.9978 94.3857 64.6175 93.6059 87.8939
93.6059 87.8939 94.1561 54.9978 93.9113 51.8588
94.811 92.9132 94.3857 64.6175 95.5613 61.3716
95.5613 61.3716 97.081 61.6938 97.5406 69.6581
94.1561 54.9978 95.5613 61.3716 97.081 61.6938
97.081 61.6938 94.1561 54.9978 94.4139 50.2655
98.7142 56.5746 97.081 61.6938 97.5406 69.6581
97.081 61.6938 98.7142 56.5746 95.8457 34.3113
98.7142 56.5746 99.1126 65.9244 99.5667 85.9939
99.1126 65.9244 98.7142 56.5746 98.3305 0.250805
98.7142 56.5746 95.8457 34.3113 98.3305 0.250805
64.5165 93.184 64.3427 77.6236 64.8146 60.928
64.8146 60.928 64.3427 77.6236 63.7305 79.829
64.4193 56.9677 64.8146 60.928 63.7305 79.829
63.7305 79.829 64.4193 56.9677 64.2515 45.4304
