-3.37226 -0.744579 -2.83867 27.3327 -3.46673 33.9401
-3.79186 -30.022 -4.72199 -15.8191 -3.37226 -0.744579
-3.79186 -30.022 -3.37226 -0.744579 -2.83867 27.3327
-2.83867 27.3327 -3.79186 -30.022 -2.95075 -31.9496
-4.96389 8.78276 -5.68515 28.0848 -5.82901 41.411
-5.00584 3.95944 -4.96389 8.78276 -5.68515 28.0848
-3.37226 -0.744579 -5.00584 3.95944 -4.96389 8.78276
-5.00584 3.95944 -3.37226 -0.744579 -4.72199 -15.8191
-2.83867 27.3327 -3.46673 33.9401 -2.82076 34.6536
-2.72755 16.4281 -2.83867 27.3327 -2.82076 34.6536
-2.68483 13.9689 -2.72755 16.4281 -2.82076 34.6536
-2.72755 16.4281 -2.68483 13.9689 -2.61835 -28.4964
-2.68483 13.9689 -2.16201 -13.0313 -2.61835 -28.4964
-2.68483 13.9689 -1.34468 27.5714 -1.63521 32.0796
-1.34468 27.5714 -2.68483 13.9689 -2.16201 -13.0313
-1.34468 27.5714 -1.63521 32.0796 -0.516215 34.7156
0.0492471 -7.62854 -1.34468 27.5714 -0.516215 34.7156
-1.34468 27.5714 0.0492471 -7.62854 -1.28297 -10.2056
0.0492471 -7.62854 2.19111 13.3291 1.60419 35.6004
-0.114582 -28.4052 -1.28297 -10.2056 0.0492471 -7.62854
-0.114582 -28.4052 0.0492471 -7.62854 2.19111 13.3291
-1.28297 -10.2056 -0.114582 -28.4052 9.98346e-05 -49.6738
2.19111 13.3291 1.60419 35.6004 3.52561 35.8064
4.23528 11.6054 2.19111 13.3291 3.52561 35.8064
2.19111 13.3291 4.23528 11.6054 3.05914 -16.6146
4.87317 -33.9251 3.05914 -16.6146 4.23528 11.6054
4.87317 -33.9251 4.23528 11.6054 4.30231 49.0482
6.89173 -39.2915 6.89406 -36.3462 4.87317 -33.9251
3.05914 -16.6146 4.87317 -33.9251 5.01369 -47.591
4.87317 -33.9251 6.89173 -39.2915 5.01369 -47.591
4.87317 -33.9251 5.05171 -9.21421 5.41258 14.3809
5.41258 14.3809 4.87317 -33.9251 6.89406 -36.3462
7.13637 7.94302 7.08455 -14.7677 6.89406 -36.3462
7.08455 -14.7677 7.38273 1.70454 7.35982 5.24739
6.89406 -36.3462 7.08455 -14.7677 7.38273 1.70454
7.38273 1.70454 6.89406 -36.3462 6.89173 -39.2915
8.06309 -2.80302 7.38273 1.70454 7.35982 5.24739
8.03469 -20.2795 8.06309 -2.80302 7.38273 1.70454
7.57389 -35.1975 8.03469 -20.2795 7.38273 1.70454
9.85895 -40.7373 7.57389 -35.1975 8.03469 -20.2795
7.57389 -35.1975 9.85895 -40.7373 11.888 -48.3523
9.93636 -22.4497 9.26679 38.8364 9.88734 39.2307
12.1226 -39.9126 10.743 -25.9464 9.93636 -22.4497
9.26679 38.8364 9.93636 -22.4497 9.85895 -40.7373
9.93636 -22.4497 12.1226 -39.9126 9.85895 -40.7373
13.1435 -28.551 16.173 -19.9457 13.3993 -17.079
13.1435 -28.551 13.3993 -17.079 12.2912 5.19866
12.1226 -39.9126 13.1435 -28.551 12.2912 5.19866
13.1435 -28.551 12.1226 -39.9126 11.888 -48.3523
12.1226 -39.9126 9.85895 -40.7373 11.888 -48.3523
10.743 -25.9464 11.1777 -17.5551 11.6915 33.4008
11.1777 -17.5551 10.743 -25.9464 12.1226 -39.9126
15.0556 -2.37047 14.596 21.0912 13.6613 38.9573
13.6613 38.9573 15.0556 -2.37047 13.3993 -17.079
15.0556 -2.37047 15.9866 -6.01948 13.3993 -17.079
15.9866 -6.01948 16.9469 34.1735 16.8359 42.9471
16.9469 34.1735 15.9866 -6.01948 16.173 -19.9457
15.9866 -6.01948 13.3993 -17.079 16.173 -19.9457
15.6737 -36.4149 13.1435 -28.551 16.173 -19.9457
13.1435 -28.551 15.6737 -36.4149 15.5336 -40.8817
17.8666 22.7479 16.9469 34.1735 16.8359 42.9471
18.1678 0.812185 17.8666 22.7479 16.9469 34.1735
18.1552 -1.90002 18.1678 0.812185 16.9469 34.1735
17.987 -20.4494 18.1552 -1.90002 16.9469 34.1735
17.3442 -38.8183 17.987 -20.4494 16.9469 34.1735
17.987 -20.4494 17.3442 -38.8183 17.7261 -41.3238
18.1126 34.8565 17.8666 22.7479 18.1678 0.812185
19.7616 23.627 20.335 27.4675 20.5123 30.4242
18.1678 0.812185 19.7616 23.627 20.335 27.4675
18.1552 -1.90002 18.1678 0.812185 20.335 27.4675
19.9285 -11.1345 18.1552 -1.90002 20.335 27.4675
18.1552 -1.90002 19.9285 -11.1345 18.5999 -26.9655
20.5177 -14.0891 20.335 27.4675 20.5123 30.4242
20.4866 -17.2113 20.5177 -14.0891 20.335 27.4675
20.335 27.4675 20.4866 -17.2113 20.3482 -28.3284
24.1685 30.8351 22.2678 34.3759 22.4179 34.6098
22.5174 30.0357 24.1685 30.8351 22.2678 34.3759
22.2468 19.728 22.5174 30.0357 22.2678 34.3759
22.0024 -6.2967 22.2468 19.728 22.2678 34.3759
20.5177 -14.0891 22.0024 -6.2967 22.2678 34.3759
22.0024 -6.2967 20.5177 -14.0891 20.4866 -17.2113
22.276 -4.5998 22.2468 19.728 22.5174 30.0357
22.5096 -8.55239 22.276 -4.5998 22.5174 30.0357
22.276 -4.5998 22.5096 -8.55239 22.3487 -38.6041
23.8344 29.4712 22.5174 30.0357 24.1685 30.8351
23.303 26.9809 23.8344 29.4712 24.1685 30.8351
24.609 19.1242 23.303 26.9809 24.1685 30.8351
24.9272 -13.1171 24.609 19.1242 23.303 26.9809
25.4806 -13.6375 24.9272 -13.1171 24.609 19.1242
27.8333 -16.0271 25.4806 -13.6375 24.9272 -13.1171
24.301 -16.7263 27.8333 -16.0271 24.9272 -13.1171
25.2757 -16.9029 24.301 -16.7263 27.8333 -16.0271
27.4127 -26.2517 25.2757 -16.9029 27.8333 -16.0271
25.9167 -30.9063 30.9573 -27.2393 27.4127 -26.2517
25.9167 -30.9063 27.4127 -26.2517 25.2757 -16.9029
30.9573 -27.2393 25.9167 -30.9063 26.3077 -31.0112
27.7725 -10.4843 25.4729 -0.630914 26.5683 6.04802
27.7725 -10.4843 26.5683 6.04802 27.0444 32.81
25.4729 -0.630914 27.7725 -10.4843 25.4806 -13.6375
28.5391 25.8474 27.7725 -10.4843 27.8333 -16.0271
27.7725 -10.4843 25.4806 -13.6375 27.8333 -16.0271
26.2605 36.4076 26.5683 6.04802 25.4729 -0.630914
31.2139 -7.55805 32.5643 8.38778 32.323 13.3552
31.6735 -17.2492 28.5403 -12.7505 31.2139 -7.55805
31.6735 -17.2492 31.2139 -7.55805 32.5643 8.38778
30.0257 -25.2739 31.6735 -17.2492 28.5403 -12.7505
30.9573 -27.2393 27.4127 -26.2517 30.0257 -25.2739
30.9573 -27.2393 30.0257 -25.2739 31.6735 -17.2492
38.2272 -29.4529 30.9573 -27.2393 31.6735 -17.2492
30.9573 -27.2393 38.2272 -29.4529 39.3291 -29.9856
39.5489 -23.9481 43.5463 -16.2735 40.405 -15.8041
39.5489 -23.9481 40.405 -15.8041 39.3128 -2.84468
38.4355 -27.6578 39.5489 -23.9481 39.3128 -2.84468
38.2272 -29.4529 38.4355 -27.6578 39.5489 -23.9481
39.5489 -23.9481 38.2272 -29.4529 39.3291 -29.9856
30.357 38.2584 30.4923 -1.87369 28.5403 -12.7505
30.4923 -1.87369 31.2139 -7.55805 28.5403 -12.7505
38.2109 -15.9339 37.828 -8.59985 38.085 20.3485
38.4355 -27.6578 38.2109 -15.9339 37.828 -8.59985
37.828 -8.59985 38.4355 -27.6578 38.2272 -29.4529
42.023 -9.88488 43.6084 0.226052 44.6249 19.4186
40.405 -15.8041 42.023 -9.88488 44.6249 19.4186
42.023 -9.88488 40.405 -15.8041 43.5463 -16.2735
48.0051 -9.34861 43.6084 0.226052 44.6249 19.4186
43.6084 0.226052 48.0051 -9.34861 46.3913 -16.288
32.5643 8.38778 32.323 13.3552 33.3748 14.586
32.5643 8.38778 33.3748 14.586 34.5349 19.9861
35.434 -1.35281 32.5643 8.38778 34.5349 19.9861
36.0027 -6.09738 35.434 -1.35281 34.5349 19.9861
35.434 -1.35281 36.0027 -6.09738 35.6305 -24.1506
35.3183 34.0413 33.3748 14.586 32.323 13.3552
37.7643 23.3203 36.0027 -6.09738 35.6305 -24.1506
-5.98561 14.2506 -5.68515 28.0848 -5.82901 41.411
-6.38958 12.1947 -5.98561 14.2506 -5.82901 41.411
-6.78423 -33.1359 -6.38958 12.1947 -5.98561 14.2506
-5.98561 14.2506 -6.78423 -33.1359 -6.82935 -40.2537
-6.78423 -33.1359 -6.94349 -34.4271 -6.82935 -40.2537
-6.94349 -34.4271 -7.51399 -38.0863 -6.82935 -40.2537
-8.65628 -34.0862 -9.86367 -32.5148 -9.79211 -30.0585
-7.51399 -38.0863 -8.65628 -34.0862 -9.86367 -32.5148
-9.86367 -32.5148 -7.51399 -38.0863 -6.82935 -40.2537
-8.65628 -34.0862 -7.23476 10.4773 -9.34144 25.6556
-7.23476 10.4773 -8.65628 -34.0862 -7.51399 -38.0863
-9.65264 1.77744 -10.3914 18.6761 -10.0955 38.9445
-9.79211 -30.0585 -9.65264 1.77744 -10.3914 18.6761
-9.86367 -32.5148 -9.79211 -30.0585 -10.3914 18.6761
-10.3914 18.6761 -9.86367 -32.5148 -10.2178 -41.5874
-10.3914 18.6761 -10.0955 38.9445 -10.2208 46.4475
-10.6668 -15.7918 -10.3914 18.6761 -10.2208 46.4475
-10.8551 -21.9762 -10.6668 -15.7918 -10.2208 46.4475
-10.6668 -15.7918 -10.8551 -21.9762 -11.1752 -38.0528
-11.609 0.970546 -13.4168 2.26948 -11.0394 8.17925
-10.8551 -21.9762 -11.609 0.970546 -11.0394 8.17925
-11.609 0.970546 -10.8551 -21.9762 -11.1752 -38.0528
-12.6262 46.5862 -13.787 15.6922 -13.4168 2.26948
-14.6025 20.7942 -16.1521 25.842 -15.3875 44.6869
-13.787 15.6922 -14.6025 20.7942 -15.3875 44.6869
-13.4168 2.26948 -13.787 15.6922 -14.6025 20.7942
-14.745 -1.51714 -11.609 0.970546 -13.4168 2.26948
-14.745 -1.51714 -13.4168 2.26948 -14.6025 20.7942
-14.9229 -7.92989 -14.745 -1.51714 -14.6025 20.7942
-14.745 -1.51714 -14.9229 -7.92989 -13.9029 -28.2632
-16.2596 -9.40977 -14.6025 20.7942 -16.1521 25.842
-14.6025 20.7942 -16.2596 -9.40977 -16.1905 -37.433
-16.7661 5.67622 -17.1676 22.5906 -16.3732 32.1354
-16.307 -5.83213 -16.7661 5.67622 -16.3732 32.1354
-16.2596 -9.40977 -16.307 -5.83213 -16.3732 32.1354
-16.307 -5.83213 -16.2596 -9.40977 -16.1905 -37.433
-17.1676 22.5906 -16.3732 32.1354 -17.1234 37.5916
-17.9568 16.4745 -17.1676 22.5906 -17.1234 37.5916
-17.4352 8.0331 -17.9568 16.4745 -17.1676 22.5906
-17.1676 22.5906 -17.4352 8.0331 -17.3574 -17.943
-18.1729 18.939 -19.7514 24.1314 -18.2298 36.9652
-17.9568 16.4745 -18.1729 18.939 -18.2298 36.9652
-18.1729 18.939 -17.9568 16.4745 -17.4352 8.0331
-19.7514 24.1314 -20.0183 26.4706 -20.0541 27.0807
-20.0183 26.4706 -19.7514 24.1314 -19.1856 7.60565
-19.7514 24.1314 -18.1729 18.939 -19.1856 7.60565
-20.6367 6.24403 -20.0183 26.4706 -20.0541 27.0807
-20.0183 26.4706 -20.6367 6.24403 -20.371 5.55151
-21.0433 28.4812 -23.0099 31.8125 -23.0816 36.6723
-21.2418 12.0886 -21.0433 28.4812 -23.0099 31.8125
-20.6367 6.24403 -21.2418 12.0886 -21.0433 28.4812
-21.2418 12.0886 -20.6367 6.24403 -20.7186 -19.3465
-20.6367 6.24403 -20.371 5.55151 -20.7186 -19.3465
-23.6092 9.30779 -23.0099 31.8125 -23.0816 36.6723
-24.0198 5.43329 -23.6092 9.30779 -23.0816 36.6723
-24.6923 -5.29229 -24.0198 5.43329 -23.6092 9.30779
-23.6092 9.30779 -24.6923 -5.29229 -24.121 -8.06365
-24.0198 5.43329 -24.3386 19.4555 -23.9269 23.0006
-24.3386 19.4555 -24.0198 5.43329 -24.6923 -5.29229
-26.4103 12.0417 -26.9206 38.0204 -25.2607 38.6454
-24.6923 -5.29229 -26.4103 12.0417 -25.2607 38.6454
-24.6846 -24.2577 -24.121 -8.06365 -24.6923 -5.29229
-24.6846 -24.2577 -24.6923 -5.29229 -26.4103 12.0417
-26.4103 12.0417 -24.6846 -24.2577 -25.7985 -36.5605
-26.9206 38.0204 -25.2607 38.6454 -26.8214 40.6177
-27.9745 26.0438 -26.9206 38.0204 -26.8214 40.6177
-30.5374 3.61845 -27.9745 26.0438 -26.8214 40.6177
-27.9745 26.0438 -30.5374 3.61845 -29.5057 -13.9286
-28.2849 -7.04175 -29.5057 -13.9286 -30.1128 -23.6381
-31.0467 5.9354 -31.2219 11.3226 -30.8269 30.5383
-30.5374 3.61845 -31.0467 5.9354 -30.8269 30.5383
-29.5057 -13.9286 -30.5374 3.61845 -31.0467 5.9354
-31.0467 5.9354 -29.5057 -13.9286 -30.1128 -23.6381
-32.6817 -3.58993 -31.0467 5.9354 -31.2219 11.3226
-31.0467 5.9354 -32.6817 -3.58993 -33.5383 -26.24
-33.9939 25.593 -34.1627 30.609 -31.6781 34.3918
-32.6817 -3.58993 -33.9939 25.593 -31.6781 34.3918
-33.9939 25.593 -32.6817 -3.58993 -33.5383 -26.24
-34.3184 23.6427 -33.9939 25.593 -34.1627 30.609
-34.4125 20.5071 -34.3184 23.6427 -34.1627 30.609
-34.7403 16.3571 -34.4125 20.5071 -34.1627 30.609
-34.4125 20.5071 -34.7403 16.3571 -34.7122 10.6371
-34.7122 10.6371 -34.7403 16.3571 -36.6146 17.9866
-35.754 2.85654 -34.7122 10.6371 -36.6146 17.9866
-35.5317 0.573689 -35.754 2.85654 -34.7122 10.6371
-34.9942 -26.1779 -35.5317 0.573689 -34.7122 10.6371
-34.7122 10.6371 -34.9942 -26.1779 -35.0079 -35.3514
-35.754 2.85654 -37.3609 6.90326 -37.4084 13.0215
-37.3609 6.90326 -35.754 2.85654 -35.5317 0.573689
-38.2856 2.01027 -37.3609 6.90326 -37.4084 13.0215
-38.1761 -1.34279 -38.2856 2.01027 -37.3609 6.90326
-39.6592 -22.3538 -38.1761 -1.34279 -38.2856 2.01027
-38.1761 -1.34279 -39.6592 -22.3538 -38.5791 -23.4857
-40.512 -7.64502 -41.1622 13.5057 -40.1987 15.5917
-40.1537 -10.593 -40.512 -7.64502 -40.1987 15.5917
-40.1537 -10.593 -40.1987 15.5917 -40.1283 21.8818
-39.6592 -22.3538 -40.1537 -10.593 -40.1283 21.8818
-40.1537 -10.593 -39.6592 -22.3538 -39.7569 -28.3255
-39.6592 -22.3538 -38.5791 -23.4857 -39.7569 -28.3255
-40.1987 15.5917 -41.3493 16.6155 -42.1782 18.4315
-41.1622 13.5057 -40.1987 15.5917 -41.3493 16.6155
-41.4937 -17.2079 -41.1622 13.5057 -41.3493 16.6155
-41.1622 13.5057 -41.4937 -17.2079 -41.4921 -19.1906
-44.1104 -4.2878 -41.3493 16.6155 -42.1782 18.4315
-41.3493 16.6155 -44.1104 -4.2878 -45.0655 -21.6053
-46.846 -1.91919 -47.7575 2.79834 -45.7897 18.7531
-44.1104 -4.2878 -46.846 -1.91919 -45.7897 18.7531
-46.846 -1.91919 -44.1104 -4.2878 -45.0655 -21.6053
-49.5881 -3.98156 -46.846 -1.91919 -47.7575 2.79834
-46.846 -1.91919 -49.5881 -3.98156 -47.4591 -14.3161
-40.1813 -24.4975 -40.1537 -10.593 -40.512 -7.64502
-40.512 -7.64502 -40.1813 -24.4975 -40.5974 -28.6493
-34.3184 23.6427 -34.4125 20.5071 -34.4554 -5.9117
-26.9206 38.0204 -26.4103 12.0417 -26.9144 -31.6242
-23.0099 31.8125 -23.6092 9.30779 -23.4728 -19.34
-5.68515 28.0848 -5.98561 14.2506 -5.70678 -13.4545
