-2.17024 33.3269 -3.13579 33.6273 -3.43416 48.5863
-2.38789 20.2762 -2.17024 33.3269 -3.13579 33.6273
-2.05265 19.5153 -2.38789 20.2762 -2.17024 33.3269
-1.95271 15.3092 -2.05265 19.5153 -2.17024 33.3269
-2.05265 19.5153 -1.95271 15.3092 -1.78959 -13.9574
-1.95271 15.3092 -1.67182 45.8833 -2.08408 47.3115
-1.67182 45.8833 -1.95271 15.3092 -1.78959 -13.9574
-2.38789 20.2762 -2.05265 19.5153 -2.8096 -35.7037
-1.67182 45.8833 -2.08408 47.3115 -1.24778 49.412
-0.469531 7.81398 -1.67182 45.8833 -1.24778 49.412
-1.38042 5.815 -0.469531 7.81398 -1.67182 45.8833
-0.422656 -7.32342 -1.38042 5.815 -0.469531 7.81398
-0.219033 -12.6306 -0.422656 -7.32342 -0.469531 7.81398
-0.422656 -7.32342 -0.219033 -12.6306 -0.013713 -23.4701
-0.347229 9.17791 0.316753 34.8819 0.135085 36.9799
-0.219033 -12.6306 -0.347229 9.17791 0.316753 34.8819
0.316753 34.8819 -0.219033 -12.6306 -0.013713 -23.4701
0.316753 34.8819 0.135085 36.9799 2.55901 47.0206
2.14335 30.7553 0.316753 34.8819 2.55901 47.0206
2.13718 19.5784 2.14335 30.7553 2.55901 47.0206
2.42557 16.6095 2.13718 19.5784 2.55901 47.0206
2.13718 19.5784 2.42557 16.6095 2.9176 -43.9776
2.42557 16.6095 4.00206 2.14966 2.9176 -43.9776
1.64708 8.29577 2.13718 19.5784 2.14335 30.7553
1.64943 0.793602 1.64708 8.29577 2.13718 19.5784
1.37769 -24.6431 1.64943 0.793602 2.13718 19.5784
2.13718 19.5784 1.37769 -24.6431 1.92916 -34.783
0.51934 -15.3477 1.37769 -24.6431 1.92916 -34.783
4.89966 30.0608 6.49915 36.0754 5.54377 49.5333
4.44778 17.6365 4.89966 30.0608 5.54377 49.5333
2.42557 16.6095 3.01628 17.2949 4.44778 17.6365
4.00206 2.14966 2.42557 16.6095 4.44778 17.6365
4.00206 2.14966 4.44778 17.6365 4.89966 30.0608
4.82762 -26.1114 4.00206 2.14966 4.89966 30.0608
4.00206 2.14966 4.82762 -26.1114 4.3906 -49.1501
4.26164 45.2454 4.44778 17.6365 3.01628 17.2949
6.28535 21.7668 4.89966 30.0608 6.49915 36.0754
6.89392 6.32319 6.28535 21.7668 6.49915 36.0754
7.60623 -27.7636 6.89392 6.32319 6.49915 36.0754
6.89392 6.32319 7.60623 -27.7636 7.68625 -37.343
8.71766 28.3014 9.55914 29.5941 8.89469 38.8171
7.64767 -11.103 8.71766 28.3014 8.89469 38.8171
8.26113 -14.5105 7.64767 -11.103 8.71766 28.3014
7.60623 -27.7636 8.26113 -14.5105 7.64767 -11.103
8.26113 -14.5105 7.60623 -27.7636 7.68625 -37.343
6.49539 0.228709 6.89392 6.32319 6.28535 21.7668
6.71766 -0.15448 6.49539 0.228709 6.89392 6.32319
6.49539 0.228709 6.71766 -0.15448 7.18156 -28.633
9.93509 17.6271 8.71766 28.3014 9.55914 29.5941
9.87555 10.7892 10.3907 16.1132 9.93509 17.6271
9.87555 10.7892 9.93509 17.6271 8.71766 28.3014
8.71766 28.3014 9.87555 10.7892 9.51771 -9.65167
10.6592 -5.59036 9.87555 10.7892 10.3907 16.1132
10.3907 16.1132 10.6592 -5.59036 11.2064 -43.3754
11.2673 15.9204 10.3907 16.1132 9.93509 17.6271
11.3715 12.7222 11.2673 15.9204 10.3907 16.1132
13.2235 -10.9122 11.3715 12.7222 11.2673 15.9204
11.3715 12.7222 13.2235 -10.9122 13.3746 -13.6263
13.733 28.9839 13.9023 36.246 12.1396 43.7315
13.2235 -10.9122 13.733 28.9839 12.1396 43.7315
13.733 28.9839 13.2235 -10.9122 13.3746 -13.6263
13.733 28.9839 13.9017 26.8 13.7968 -47.1809
13.9017 26.8 13.733 28.9839 13.9023 36.246
13.9517 3.0544 13.9017 26.8 13.9023 36.246
14.1177 -14.9672 13.9517 3.0544 13.9023 36.246
13.9517 3.0544 14.1177 -14.9672 14.1536 -36.6316
14.1177 -14.9672 14.5659 23.7399 14.5497 37.5531
14.1536 -36.6316 14.1177 -14.9672 14.5659 23.7399
14.5659 23.7399 14.1536 -36.6316 14.2232 -39.0241
15.4473 -20.5488 14.5659 23.7399 14.5497 37.5531
14.5659 23.7399 15.4473 -20.5488 15.3083 -23.6232
15.4473 -20.5488 15.7029 12.1019 15.4464 40.9535
15.7029 12.1019 15.4473 -20.5488 15.5591 -35.8634
15.4473 -20.5488 15.3083 -23.6232 15.5591 -35.8634
15.7029 12.1019 15.4464 40.9535 15.6275 44.7896
16.2275 -28.9117 15.7029 12.1019 15.6275 44.7896
15.7029 12.1019 16.2275 -28.9117 16.3512 -41.0362
16.4888 -2.42479 18.0561 1.25039 16.5597 35.5986
16.2275 -28.9117 16.4888 -2.42479 16.5597 35.5986
16.4888 -2.42479 16.2275 -28.9117 16.3512 -41.0362
18.0561 1.25039 19.1593 4.4576 18.8126 46.3066
17.4709 -9.5254 16.4888 -2.42479 18.0561 1.25039
17.4709 -9.5254 18.0561 1.25039 19.1593 4.4576
18.9174 -29.3841 17.4709 -9.5254 19.1593 4.4576
17.4709 -9.5254 18.9174 -29.3841 18.5263 -43.4198
19.5475 -18.9378 19.1593 4.4576 18.8126 46.3066
19.1593 4.4576 19.5475 -18.9378 19.6681 -42.2917
19.5475 -18.9378 19.8756 -32.0459 19.6681 -42.2917
19.7275 -18.0436 20.712 28.7939 20.4918 39.3234
19.8756 -32.0459 19.5475 -18.9378 19.7275 -18.0436
19.8756 -32.0459 19.7275 -18.0436 20.712 28.7939
20.712 28.7939 19.8756 -32.0459 20.628 -35.6083
21.8576 4.13362 20.712 28.7939 20.4918 39.3234
23.6023 -1.5947 21.8576 4.13362 20.4918 39.3234
21.8576 4.13362 23.6023 -1.5947 23.4934 -27.7868
23.0964 30.1231 23.6775 8.50245 23.6023 -1.5947
23.6775 8.50245 24.8627 26.8478 25.2015 36.8766
23.6023 -1.5947 23.6775 8.50245 24.8627 26.8478
24.8627 26.8478 23.6023 -1.5947 23.4934 -27.7868
26.4902 16.5879 24.8627 26.8478 25.2015 36.8766
26.6188 12.5184 26.4902 16.5879 24.8627 26.8478
25.6525 -4.91332 26.6188 12.5184 24.8627 26.8478
24.8627 26.8478 25.6525 -4.91332 24.664 -20.589
26.4902 16.5879 27.4084 30.023 26.5268 30.576
26.6188 12.5184 26.4902 16.5879 27.4084 30.023
26.766 11.6948 26.6188 12.5184 27.4084 30.023
28.8462 -5.18848 28.8326 6.26718 26.766 11.6948
28.8462 -5.18848 26.766 11.6948 26.6188 12.5184
28.6917 -8.2444 28.8462 -5.18848 26.6188 12.5184
28.8462 -5.18848 28.6917 -8.2444 28.5446 -25.4063
29.1509 -15.6167 28.8462 -5.18848 28.8326 6.26718
28.8462 -5.18848 29.1509 -15.6167 29.2974 -31.8666
29.2794 31.0737 30.4952 34.6553 31.3897 36.9979
31.0593 21.4203 29.2794 31.0737 31.3897 36.9979
29.7046 20.1912 31.0593 21.4203 29.2794 31.0737
29.418 -13.7386 29.7046 20.1912 29.2794 31.0737
29.7046 20.1912 29.418 -13.7386 29.2974 -31.8666
29.418 -13.7386 29.1509 -15.6167 29.2974 -31.8666
30.5526 14.605 29.7046 20.1912 31.0593 21.4203
30.5526 14.605 31.0593 21.4203 31.9714 32.4418
32.1067 -22.2073 30.5526 14.605 29.7046 20.1912
29.7046 20.1912 32.1067 -22.2073 32.5471 -35.6693
32.4408 -14.8367 32.7001 -4.5283 32.4338 15.2389
32.7001 -4.5283 32.4408 -14.8367 32.5471 -35.6693
32.4408 -14.8367 32.1067 -22.2073 32.5471 -35.6693
32.7001 -4.5283 32.4338 15.2389 33.4111 24.9266
33.5125 -14.9925 32.7001 -4.5283 33.4111 24.9266
33.4759 -33.2266 33.5125 -14.9925 32.7001 -4.5283
32.7001 -4.5283 33.4759 -33.2266 33.2566 -36.743
35.6331 2.08902 36.3819 7.48112 36.867 22.2795
35.0258 -3.8416 35.6331 2.08902 36.3819 7.48112
35.5716 -6.65941 35.0258 -3.8416 36.3819 7.48112
34.3983 -20.0222 35.5716 -6.65941 35.0258 -3.8416
33.4759 -33.2266 34.3983 -20.0222 35.5716 -6.65941
35.5716 -6.65941 33.4759 -33.2266 33.2566 -36.743
34.8152 12.6377 35.6331 2.08902 35.0258 -3.8416
37.0621 6.89776 36.3819 7.48112 36.867 22.2795
37.6057 -8.30327 37.0621 6.89776 36.3819 7.48112
39.5734 -26.0864 39.7464 -18.5589 37.6057 -8.30327
38.4224 -27.941 39.5734 -26.0864 37.6057 -8.30327
38.4224 -27.941 37.6057 -8.30327 36.3819 7.48112
36.9332 -30.0956 38.4224 -27.941 36.3819 7.48112
38.4224 -27.941 36.9332 -30.0956 37.195 -31.3186
37.6057 -8.30327 39.028 -5.54858 41.7616 11.3467
39.028 -5.54858 37.6057 -8.30327 39.7464 -18.5589
42.7969 -7.8563 39.028 -5.54858 41.7616 11.3467
43.6862 -8.64164 42.7969 -7.8563 39.028 -5.54858
44.0862 -14.5165 44.6203 -8.72296 43.6862 -8.64164
44.0862 -14.5165 43.6862 -8.64164 39.028 -5.54858
39.028 -5.54858 44.0862 -14.5165 43.2335 -19.8118
42.5449 1.34637 42.7969 -7.8563 43.6862 -8.64164
48.1114 0.65646 49.5895 3.5848 46.5529 4.3402
43.9241 -1.56993 48.1114 0.65646 46.5529 4.3402
48.4184 -6.16926 43.9241 -1.56993 48.1114 0.65646
43.6862 -8.64164 48.4184 -6.16926 43.9241 -1.56993
44.6203 -8.72296 43.6862 -8.64164 48.4184 -6.16926
48.4184 -6.16926 44.6203 -8.72296 46.4197 -18.5057
-4.78714 5.91351 -3.13579 33.6273 -3.43416 48.5863
-3.13579 33.6273 -4.78714 5.91351 -4.77784 -9.42984
-6.84902 9.44873 -6.64214 26.558 -5.06471 42.7695
-4.78714 5.91351 -6.84902 9.44873 -5.06471 42.7695
-4.77784 -9.42984 -4.78714 5.91351 -6.84902 9.44873
-6.84902 9.44873 -4.77784 -9.42984 -5.63685 -24.5777
-7.08197 40.8717 -7.86922 41.4316 -7.46452 41.5065
-8.90551 40.1307 -7.08197 40.8717 -7.86922 41.4316
-7.45119 37.5526 -8.90551 40.1307 -7.08197 40.8717
-6.64214 26.558 -7.45119 37.5526 -7.08197 40.8717
-6.84902 9.44873 -6.64214 26.558 -7.45119 37.5526
-7.45119 37.5526 -6.84902 9.44873 -6.34382 -26.1962
-8.99176 35.649 -7.45119 37.5526 -8.90551 40.1307
-8.95308 24.1375 -8.99176 35.649 -7.45119 37.5526
-7.45119 37.5526 -8.95308 24.1375 -7.79384 -21.8431
-9.00945 1.11235 -8.95308 24.1375 -8.99176 35.649
-8.95308 24.1375 -9.00945 1.11235 -8.92355 -11.1211
-8.92355 -11.1211 -9.00945 1.11235 -9.77217 48.6424
-9.87113 -21.0567 -8.92355 -11.1211 -9.77217 48.6424
-10.4149 -28.9134 -9.87113 -21.0567 -8.92355 -11.1211
-8.92355 -11.1211 -10.4149 -28.9134 -10.5936 -32.9789
-11.0875 26.2687 -10.9165 28.6498 -10.8648 29.2674
-10.4893 -9.05967 -11.0875 26.2687 -10.8648 29.2674
-10.4893 -9.05967 -10.8648 29.2674 -10.3802 42.6517
-10.4149 -28.9134 -10.4893 -9.05967 -11.0875 26.2687
-11.0875 26.2687 -10.4149 -28.9134 -10.5936 -32.9789
-11.8078 41.6267 -10.8648 29.2674 -10.9165 28.6498
-12.4219 10.0104 -11.0875 26.2687 -10.9165 28.6498
-13.8149 4.57856 -12.4219 10.0104 -10.9165 28.6498
-13.9056 4.53102 -13.8149 4.57856 -10.9165 28.6498
-13.7886 4.48219 -13.9056 4.53102 -13.8149 4.57856
-13.1589 3.26963 -13.7886 4.48219 -13.8149 4.57856
-13.0612 -15.1205 -13.1589 3.26963 -13.7886 4.48219
-12.9081 -35.6425 -13.0612 -15.1205 -13.1589 3.26963
-13.1589 3.26963 -12.9081 -35.6425 -12.4302 -37.2895
-14.2942 -2.00948 -13.7886 4.48219 -13.9056 4.53102
-14.3252 -5.3507 -14.2942 -2.00948 -13.7886 4.48219
-13.737 -6.43796 -14.3252 -5.3507 -13.7886 4.48219
-13.3556 -29.2813 -13.737 -6.43796 -13.7886 4.48219
-13.7886 4.48219 -13.3556 -29.2813 -13.2417 -34.821
-14.0325 34.7413 -14.2942 -2.00948 -14.3252 -5.3507
-15.0006 9.9496 -14.9073 18.9801 -15.4875 39.2741
-14.6981 -14.9415 -13.737 -6.43796 -14.3252 -5.3507
-14.6981 -14.9415 -14.3252 -5.3507 -15.0006 9.9496
-14.6981 -14.9415 -15.0006 9.9496 -15.4875 39.2741
-14.4029 -25.7725 -14.6981 -14.9415 -13.737 -6.43796
-13.737 -6.43796 -14.4029 -25.7725 -14.1589 -28.7321
-14.6981 -14.9415 -15.5365 -3.90438 -15.6008 7.34864
-15.5365 -3.90438 -14.6981 -14.9415 -14.4029 -25.7725
-16.6485 13.6257 -16.8567 15.7152 -15.8051 29.7691
-15.6008 7.34864 -16.6485 13.6257 -15.8051 29.7691
-15.5365 -3.90438 -15.6008 7.34864 -16.6485 13.6257
-16.573 -22.4339 -15.5365 -3.90438 -16.6485 13.6257
-15.5365 -3.90438 -16.573 -22.4339 -16.4393 -40.3196
-16.8567 15.7152 -15.8051 29.7691 -16.6152 40.2909
-17.4311 -4.11286 -16.8567 15.7152 -16.6152 40.2909
-16.8567 15.7152 -17.4311 -4.11286 -17.4624 -14.8921
-17.4311 -4.11286 -17.4908 15.0706 -18.0211 17.9129
-17.4624 -14.8921 -17.4311 -4.11286 -18.0211 17.9129
-19.4993 -15.7824 -17.4624 -14.8921 -18.0211 17.9129
-19.5059 -17.2262 -19.4993 -15.7824 -17.4624 -14.8921
-17.4624 -14.8921 -19.5059 -17.2262 -18.3888 -24.4571
-19.4993 -15.7824 -20.7467 13.1658 -19.9877 34.7971
-19.5059 -17.2262 -19.4993 -15.7824 -20.7467 13.1658
-20.7467 13.1658 -19.5059 -17.2262 -19.973 -24.1311
-20.7467 13.1658 -19.9877 34.7971 -21.4279 43.5896
-21.2596 -36.4253 -20.7467 13.1658 -21.4279 43.5896
-20.7467 13.1658 -21.2596 -36.4253 -20.7777 -44.3934
-21.2596 -36.4253 -21.8014 -43.9971 -20.7777 -44.3934
-21.9689 1.06079 -22.6511 1.14973 -23.1584 20.2356
-24.0423 -8.17221 -21.9689 1.06079 -22.6511 1.14973
-23.897 -8.7779 -24.0423 -8.17221 -21.9689 1.06079
-23.6577 -25.2498 -23.897 -8.7779 -21.9689 1.06079
-21.2596 -36.4253 -23.6577 -25.2498 -21.9689 1.06079
-23.6577 -25.2498 -21.2596 -36.4253 -21.8014 -43.9971
-24.0423 -8.17221 -24.1495 14.5848 -24.0334 30.8767
-24.7201 -13.0336 -23.897 -8.7779 -24.0423 -8.17221
-24.7201 -13.0336 -24.0423 -8.17221 -24.1495 14.5848
-23.897 -8.7779 -24.7201 -13.0336 -24.2731 -15.9529
-27.3083 16.0092 -27.9452 28.1933 -27.2517 38.998
-26.9255 -8.82645 -27.3083 16.0092 -27.2517 38.998
-24.2731 -15.9529 -24.7201 -13.0336 -26.9255 -8.82645
-27.1854 -27.7431 -24.2731 -15.9529 -26.9255 -8.82645
-27.1854 -27.7431 -26.9255 -8.82645 -27.3083 16.0092
-24.2731 -15.9529 -27.1854 -27.7431 -25.3683 -33.9778
-27.3083 16.0092 -27.9452 28.1933 -28.4049 33.417
-28.8464 -0.0658559 -27.3083 16.0092 -28.4049 33.417
-30.4782 -34.8444 -28.8464 -0.0658559 -27.3083 16.0092
-27.3083 16.0092 -30.4782 -34.8444 -30.5228 -38.0129
-32.4151 13.0485 -31.3196 15.5054 -31.0459 15.7971
-30.9703 6.47503 -32.4151 13.0485 -31.0459 15.7971
-30.9703 6.47503 -31.0459 15.7971 -30.6541 23.9979
-30.9312 1.28298 -30.9703 6.47503 -30.6541 23.9979
-30.4061 -25.5487 -30.9312 1.28298 -30.6541 23.9979
-30.4782 -34.8444 -30.4061 -25.5487 -30.9312 1.28298
-30.9312 1.28298 -30.4782 -34.8444 -30.5228 -38.0129
-31.3731 37.4698 -31.0459 15.7971 -31.3196 15.5054
-32.4624 1.74609 -30.9703 6.47503 -32.4151 13.0485
-33.1342 -21.2146 -32.4624 1.74609 -32.4151 13.0485
-32.4624 1.74609 -33.1342 -21.2146 -32.586 -22.3732
-33.6311 2.74793 -34.2335 15.3423 -34.3745 18.3594
-33.439 -2.04343 -33.6311 2.74793 -34.2335 15.3423
-33.1342 -21.2146 -33.439 -2.04343 -34.2335 15.3423
-34.2335 15.3423 -33.1342 -21.2146 -33.5583 -28.1495
-33.1342 -21.2146 -32.586 -22.3732 -33.5583 -28.1495
-34.8702 7.66868 -34.2335 15.3423 -34.3745 18.3594
-34.9199 5.90571 -34.8702 7.66868 -34.2335 15.3423
-34.2335 15.3423 -34.9199 5.90571 -34.2624 -32.2892
-36.7204 22.5178 -39.0802 23.5808 -35.1969 25.6699
-34.8702 7.66868 -36.7204 22.5178 -35.1969 25.6699
-34.9199 5.90571 -34.8702 7.66868 -36.7204 22.5178
-35.7162 -4.09183 -34.9199 5.90571 -36.7204 22.5178
-34.9199 5.90571 -35.7162 -4.09183 -35.9249 -29.7394
-36.8222 19.0834 -36.7204 22.5178 -39.0802 23.5808
-38.733 18.9276 -36.8222 19.0834 -39.0802 23.5808
-40.6567 7.21372 -38.733 18.9276 -39.0802 23.5808
-41.291 2.49741 -40.6567 7.21372 -39.0802 23.5808
-40.6567 7.21372 -41.291 2.49741 -41.3888 -0.251192
-41.291 2.49741 -42.2079 0.905857 -41.3888 -0.251192
-41.5065 16.8713 -41.291 2.49741 -42.2079 0.905857
-43.5638 5.1059 -44.1736 8.09941 -44.534 21.9576
-44.1736 8.09941 -43.5638 5.1059 -43.9034 -17.212
-43.5638 5.1059 -42.2079 0.905857 -43.9034 -17.212
-42.2079 0.905857 -41.3888 -0.251192 -43.9034 -17.212
-44.9135 3.54496 -44.1736 8.09941 -44.534 21.9576
-44.1736 8.09941 -44.9135 3.54496 -44.7958 2.60191
-45.1928 -1.77256 -44.7958 2.60191 -44.9135 3.54496
-45.1928 -1.77256 -44.9135 3.54496 -45.5593 12.1144
-45.2799 -10.5521 -47.4559 -6.186 -45.1928 -1.77256
-45.2799 -10.5521 -45.1928 -1.77256 -44.7958 2.60191
-48.1115 -11.522 -45.2799 -10.5521 -47.4559 -6.186
-45.2799 -10.5521 -48.1115 -11.522 -46.3076 -12.7347
-49.046 -0.665437 -45.9162 -0.0802837 -47.238 0.461027
-45.1928 -1.77256 -49.046 -0.665437 -45.9162 -0.0802837
-49.046 -0.665437 -45.1928 -1.77256 -47.4559 -6.186
-40.4948 1.17609 -40.6567 7.21372 -38.733 18.9276
-41.2728 -8.67262 -40.4948 1.17609 -40.6567 7.21372
-40.4948 1.17609 -41.2728 -8.67262 -40.526 -11.9221
-36.8222 19.0834 -38.733 18.9276 -38.5278 11.8689
-36.7204 22.5178 -36.8222 19.0834 -36.9477 -13.4153
-16.8567 15.7152 -16.6485 13.6257 -16.9099 -6.00188
