-2.62768 28.7444 -3.30686 34.4599 -2.42744 41.9224
-2.75389 28.6103 -2.62768 28.7444 -3.30686 34.4599
-3.66046 26.041 -2.75389 28.6103 -3.30686 34.4599
-4.74359 19.5408 -3.66046 26.041 -2.75389 28.6103
-4.00135 12.9259 -4.74359 19.5408 -2.75389 28.6103
-3.42666 -19.21 -4.00135 12.9259 -2.75389 28.6103
-4.00135 12.9259 -3.42666 -19.21 -3.49071 -26.8928
-4.74359 19.5408 -3.66046 26.041 -4.81877 38.5406
-5.12588 -5.76123 -4.74359 19.5408 -4.81877 38.5406
-4.74359 19.5408 -5.12588 -5.76123 -4.90676 -43.2268
-5.12588 -5.76123 -5.46679 4.92233 -5.38663 30.5141
-5.46679 4.92233 -5.12588 -5.76123 -4.90676 -43.2268
-5.38663 30.5141 -5.85393 44.8033 -6.69631 48.1542
-5.46679 4.92233 -5.38663 30.5141 -6.69631 48.1542
-6.74747 -10.6779 -5.46679 4.92233 -6.69631 48.1542
-5.46679 4.92233 -6.74747 -10.6779 -5.68727 -36.5143
-7.64226 -1.90061 -9.27212 10.5792 -7.19892 32.1508
-6.74747 -10.6779 -7.64226 -1.90061 -7.19892 32.1508
-7.64226 -1.90061 -6.74747 -10.6779 -5.68727 -36.5143
-9.27212 10.5792 -7.19892 32.1508 -8.26205 49.0539
-9.51801 4.73109 -9.27212 10.5792 -8.26205 49.0539
-9.76934 -19.9664 -9.51801 4.73109 -9.27212 10.5792
-9.27212 10.5792 -9.76934 -19.9664 -9.59305 -22.1488
-9.76934 -19.9664 -10.0775 -5.36255 -9.99103 -3.70926
-10.0853 -34.5228 -9.59305 -22.1488 -9.76934 -19.9664
-10.0853 -34.5228 -9.76934 -19.9664 -10.0775 -5.36255
-10.5125 -38.9151 -11.1833 -37.5398 -10.0853 -34.5228
-9.59305 -22.1488 -10.0853 -34.5228 -9.85763 -39.3264
-10.0853 -34.5228 -10.5125 -38.9151 -9.85763 -39.3264
-11.515 -3.04822 -11.1125 11.429 -10.9456 13.0947
-11.2504 -12.7882 -11.7308 -7.03553 -11.515 -3.04822
-11.2504 -12.7882 -11.515 -3.04822 -10.9456 13.0947
-11.2224 -19.7003 -11.2504 -12.7882 -10.9456 13.0947
-11.2504 -12.7882 -11.2224 -19.7003 -11.1833 -37.5398
-11.2224 -19.7003 -10.0853 -34.5228 -11.1833 -37.5398
-12.1155 29.3458 -11.7131 38.353 -12.1292 48.199
-12.0059 4.75393 -12.1155 29.3458 -11.7131 38.353
-11.515 -3.04822 -12.1855 0.448886 -12.0059 4.75393
-11.515 -3.04822 -12.0059 4.75393 -11.7131 38.353
-12.1855 0.448886 -11.515 -3.04822 -11.7308 -7.03553
-12.0059 4.75393 -12.3654 8.02925 -12.5297 17.7619
-12.3654 8.02925 -12.0059 4.75393 -12.1855 0.448886
-10.4078 8.74313 -11.2224 -19.7003 -10.0853 -34.5228
-9.39193 41.5535 -9.51801 4.73109 -9.76934 -19.9664
-12.5297 17.7619 -12.9183 41.0202 -12.5422 45.0554
-12.8538 2.57902 -12.3654 8.02925 -12.5297 17.7619
-12.8538 2.57902 -12.5297 17.7619 -12.9183 41.0202
-12.3654 8.02925 -12.8538 2.57902 -12.579 -18.4827
-13.6881 5.71322 -13.9689 11.6441 -14.4017 21.803
-12.8538 2.57902 -13.6881 5.71322 -14.4017 21.803
-12.579 -18.4827 -12.8538 2.57902 -13.6881 5.71322
-13.6881 5.71322 -12.579 -18.4827 -12.6595 -25.6542
-15.1776 11.5268 -13.9689 11.6441 -14.4017 21.803
-15.2701 -7.64608 -15.1776 11.5268 -13.9689 11.6441
-15.2857 -12.0748 -15.2701 -7.64608 -13.9689 11.6441
-13.9689 11.6441 -15.2857 -12.0748 -14.0363 -44.6739
-15.3131 -3.14905 -15.7243 25.115 -15.3485 29.385
-15.2701 -7.64608 -15.3131 -3.14905 -15.3485 29.385
-15.3131 -3.14905 -15.2701 -7.64608 -15.2857 -12.0748
-16.311 22.0832 -15.7243 25.115 -15.3485 29.385
-16.3139 -27.7811 -16.311 22.0832 -15.7243 25.115
-15.9796 -28.3413 -16.3139 -27.7811 -15.7243 25.115
-17.56 -39.7373 -15.9796 -28.3413 -16.3139 -27.7811
-15.9796 -28.3413 -17.56 -39.7373 -18.164 -44.4145
-19.3018 6.75638 -19.8941 22.1778 -20.1635 29.2339
-17.9617 -17.6865 -19.6172 -12.6948 -19.3018 6.75638
-17.9617 -17.6865 -19.3018 6.75638 -20.1635 29.2339
-17.56 -39.7373 -17.9617 -17.6865 -19.6172 -12.6948
-19.6172 -12.6948 -17.56 -39.7373 -18.164 -44.4145
-17.1698 19.4651 -17.008 32.1892 -17.2801 45.9313
-17.9617 -17.6865 -17.1698 19.4651 -17.2801 45.9313
-17.1698 19.4651 -17.9617 -17.6865 -17.56 -39.7373
-17.1698 19.4651 -17.018 12.0268 -17.0782 -17.6614
-17.018 12.0268 -17.1698 19.4651 -17.008 32.1892
-17.008 32.1892 -17.018 12.0268 -16.896 -13.4479
-20.5165 18.2199 -19.8941 22.1778 -20.1635 29.2339
-19.8941 22.1778 -20.5165 18.2199 -20.7309 16.3062
-20.7309 16.3062 -20.5165 18.2199 -20.5734 39.4839
-21.4037 -39.2624 -20.7309 16.3062 -20.5734 39.4839
-20.7309 16.3062 -21.4037 -39.2624 -21.4572 -44.8276
-22.1994 -5.06542 -21.055 40.5819 -22.1768 42.6659
-22.1438 -27.2617 -22.1994 -5.06542 -21.055 40.5819
-21.4037 -39.2624 -22.1438 -27.2617 -21.055 40.5819
-22.1438 -27.2617 -21.4037 -39.2624 -21.4572 -44.8276
-22.6437 25.7724 -22.9483 34.5169 -23.052 42.5573
-22.1994 -5.06542 -22.6437 25.7724 -22.9483 34.5169
-22.9483 34.5169 -22.1994 -5.06542 -22.1438 -27.2617
-23.1673 32.2353 -22.9483 34.5169 -23.052 42.5573
-23.9883 13.9149 -23.1673 32.2353 -23.052 42.5573
-23.9144 -28.9876 -23.9883 13.9149 -23.1673 32.2353
-23.1673 32.2353 -23.9144 -28.9876 -23.479 -36.8172
-23.9144 -28.9876 -24.6325 -34.1209 -23.479 -36.8172
-24.6325 -34.1209 -25.3958 -35.6425 -23.479 -36.8172
-23.9883 13.9149 -24.2068 31.4797 -24.3873 33.8447
-24.3873 33.8447 -23.9883 13.9149 -23.9144 -28.9876
-26.6269 -1.58603 -26.7698 0.929375 -26.5882 33.8386
-25.3958 -35.6425 -26.6269 -1.58603 -26.5882 33.8386
-25.9756 -38.7523 -23.479 -36.8172 -25.3958 -35.6425
-25.9756 -38.7523 -25.3958 -35.6425 -26.6269 -1.58603
-23.479 -36.8172 -25.9756 -38.7523 -24.7363 -41.5018
-25.2455 -13.7415 -24.7306 -33.5875 -25.3958 -35.6425
-24.7306 -33.5875 -24.6325 -34.1209 -25.3958 -35.6425
-24.5174 26.2045 -24.7306 -33.5875 -24.6325 -34.1209
-26.7698 0.929375 -27.6584 23.3389 -27.5677 31.6039
-27.2812 -19.639 -26.6269 -1.58603 -26.7698 0.929375
-27.2812 -19.639 -26.7698 0.929375 -27.6584 23.3389
-26.6359 -21.5728 -27.2812 -19.639 -26.6269 -1.58603
-27.2812 -19.639 -26.6359 -21.5728 -27.0879 -25.5638
-28.8189 -14.1762 -27.6584 23.3389 -27.5677 31.6039
-29.0012 -21.5455 -28.8189 -14.1762 -27.6584 23.3389
-27.6584 23.3389 -29.0012 -21.5455 -28.7189 -26.0277
-29.0213 9.90855 -29.4556 20.09 -28.9859 21.2384
-28.8189 -14.1762 -29.0213 9.90855 -28.9859 21.2384
-29.0213 9.90855 -28.8189 -14.1762 -29.0012 -21.5455
-29.5806 -3.28367 -29.0213 9.90855 -29.4556 20.09
-29.7828 -10.3676 -29.5806 -3.28367 -29.4556 20.09
-29.5806 -3.28367 -29.7828 -10.3676 -29.9795 -29.6258
-29.937 20.5865 -30.5122 27.2295 -29.7654 30.261
-30.1591 6.30181 -29.937 20.5865 -29.7654 30.261
-29.7828 -10.3676 -30.1591 6.30181 -29.7654 30.261
-30.1591 6.30181 -29.7828 -10.3676 -29.9795 -29.6258
-30.5388 17.4095 -29.937 20.5865 -30.5122 27.2295
-29.937 20.5865 -30.5388 17.4095 -30.5303 16.6228
-30.5388 17.4095 -32.4103 25.6384 -31.4004 31.0724
-30.5303 16.6228 -30.5388 17.4095 -32.4103 25.6384
-32.1018 12.0285 -30.5303 16.6228 -32.4103 25.6384
-33.8649 5.80226 -32.1018 12.0285 -32.4103 25.6384
-34.0188 1.19379 -33.8649 5.80226 -32.1018 12.0285
-33.5837 -7.16389 -34.0188 1.19379 -32.1018 12.0285
-33.5325 -23.1766 -33.5837 -7.16389 -34.0188 1.19379
-33.5837 -7.16389 -33.5325 -23.1766 -32.5934 -37.5238
-34.0188 1.19379 -33.8649 5.80226 -34.8176 11.8538
-35.9685 -13.2791 -34.0188 1.19379 -34.8176 11.8538
-35.9685 -13.2791 -34.8176 11.8538 -35.3364 33.6746
-34.0188 1.19379 -35.9685 -13.2791 -34.8329 -27.2663
-36.8065 -3.21316 -37.5338 7.04357 -36.3673 18.1227
-36.2172 -9.47359 -36.8065 -3.21316 -36.3673 18.1227
-35.9685 -13.2791 -36.2172 -9.47359 -36.8065 -3.21316
-34.8329 -27.2663 -35.9685 -13.2791 -36.8065 -3.21316
-36.8065 -3.21316 -34.8329 -27.2663 -34.9834 -28.2642
-37.5338 7.04357 -36.3673 18.1227 -37.3454 21.2301
-37.7778 -2.25726 -37.5338 7.04357 -37.3454 21.2301
-37.5338 7.04357 -37.7778 -2.25726 -38.0658 -19.198
-37.7778 -2.25726 -37.9145 -3.78332 -38.0658 -19.198
-38.4036 9.21959 -38.6066 9.74628 -39.4459 12.5562
-37.7778 -2.25726 -38.4036 9.21959 -38.6066 9.74628
-37.9145 -3.78332 -37.7778 -2.25726 -38.6066 9.74628
-38.3567 -4.4582 -37.9145 -3.78332 -38.6066 9.74628
-38.6066 9.74628 -38.3567 -4.4582 -38.5022 -31.5302
-39.8289 4.78887 -38.6066 9.74628 -39.4459 12.5562
-38.6066 9.74628 -39.8289 4.78887 -38.8555 -14.4667
-39.8289 4.78887 -40.0418 5.44007 -40.4085 15.9183
-38.8555 -14.4667 -39.8289 4.78887 -40.0418 5.44007
-40.0418 5.44007 -38.8555 -14.4667 -39.446 -27.4842
-41.2484 -20.2852 -40.0418 5.44007 -40.4085 15.9183
-40.0418 5.44007 -41.2484 -20.2852 -41.2083 -27.3649
-41.2484 -20.2852 -41.6866 -25.1521 -41.2083 -27.3649
-42.9881 -6.90995 -43.0533 -6.67604 -43.1756 13.5325
-42.9275 -10.3501 -42.9881 -6.90995 -43.1756 13.5325
-41.8384 -15.0851 -42.9275 -10.3501 -43.1756 13.5325
-41.2484 -20.2852 -41.8384 -15.0851 -43.1756 13.5325
-41.8384 -15.0851 -41.2484 -20.2852 -41.6866 -25.1521
-43.9647 -16.4637 -42.9881 -6.90995 -43.0533 -6.67604
-42.9881 -6.90995 -43.9647 -16.4637 -43.3442 -24.4205
-43.9647 -16.4637 -45.0953 -21.4273 -43.3442 -24.4205
-45.6419 -9.56639 -45.6079 -8.7588 -45.1291 0.843316
-43.9647 -16.4637 -45.6419 -9.56639 -45.1291 0.843316
-45.6419 -9.56639 -43.9647 -16.4637 -45.0953 -21.4273
-46.7473 -0.671672 -45.6079 -8.7588 -45.6419 -9.56639
-30.5303 16.6228 -32.1018 12.0285 -30.6331 -0.995045
-23.0881 3.12784 -23.1673 32.2353 -22.9483 34.5169
-22.9483 34.5169 -23.0881 3.12784 -23.0576 -1.58149
-13.9689 11.6441 -13.6881 5.71322 -13.7932 -47.8278
-8.57684 -4.93254 -7.64226 -1.90061 -9.27212 10.5792
-7.64226 -1.90061 -8.57684 -4.93254 -7.92861 -48.058
-4.74359 19.5408 -4.00135 12.9259 -4.21467 -12.1878
-1.86157 5.14776 -2.75389 28.6103 -2.62768 28.7444
-2.33735 4.89692 -1.86157 5.14776 -2.75389 28.6103
-1.76929 -19.8846 -2.33735 4.89692 -1.86157 5.14776
-2.33735 4.89692 -1.76929 -19.8846 -1.39585 -37.8441
-1.76929 -19.8846 -0.289843 -37.2484 -1.39585 -37.8441
-0.158918 17.4082 0.543642 21.9335 -1.55735 34.0996
-0.545396 4.79393 -0.158918 17.4082 -1.55735 34.0996
-0.158918 17.4082 -0.545396 4.79393 -0.289843 -37.2484
-0.545396 4.79393 -1.76929 -19.8846 -0.289843 -37.2484
0.543642 21.9335 1.12433 26.3394 1.28457 36.405
0.543642 21.9335 1.28457 36.405 1.80067 46.8235
0.867418 16.2617 -0.158918 17.4082 0.543642 21.9335
0.867418 16.2617 0.543642 21.9335 1.12433 26.3394
0.217842 11.6117 0.867418 16.2617 -0.158918 17.4082
0.406822 -1.03715 0.217842 11.6117 0.867418 16.2617
0.217842 11.6117 0.406822 -1.03715 0.225524 -7.59224
2.16857 12.9529 1.28457 36.405 1.80067 46.8235
1.28457 36.405 2.16857 12.9529 2.03935 5.91068
2.16857 12.9529 2.53724 33.0555 2.74273 45.3796
2.53724 33.0555 2.16857 12.9529 1.76591 -29.846
2.16857 12.9529 2.03935 5.91068 1.76591 -29.846
2.50831 18.5366 2.53724 33.0555 2.74273 45.3796
3.41263 10.4049 2.50831 18.5366 2.74273 45.3796
3.5516 10.3999 3.41263 10.4049 2.74273 45.3796
2.76779 -0.101783 3.5516 10.3999 3.41263 10.4049
4.02126 -30.7994 2.76779 -0.101783 3.5516 10.3999
2.76779 -0.101783 4.02126 -30.7994 4.13431 -40.2346
5.02895 23.1513 4.32107 34.0798 4.83198 38.1381
5.40138 5.35125 5.45653 17.9598 5.02895 23.1513
5.40138 5.35125 5.02895 23.1513 4.32107 34.0798
4.8502 2.86718 5.40138 5.35125 4.32107 34.0798
4.81649 -29.2468 4.8502 2.86718 4.32107 34.0798
4.02126 -30.7994 4.81649 -29.2468 4.32107 34.0798
4.81649 -29.2468 4.02126 -30.7994 4.13431 -40.2346
5.45653 17.9598 6.33059 36.4964 5.53674 42.104
5.40138 5.35125 5.45653 17.9598 6.33059 36.4964
6.33059 36.4964 5.40138 5.35125 5.59357 -4.53507
6.34813 44.1758 8.1537 47.0787 8.30065 48.659
5.53674 42.104 6.34813 44.1758 8.1537 47.0787
6.33059 36.4964 5.53674 42.104 8.1537 47.0787
7.4119 9.35093 6.33059 36.4964 8.1537 47.0787
7.0051 -7.69213 7.4119 9.35093 6.33059 36.4964
7.4119 9.35093 7.0051 -7.69213 7.96332 -19.053
8.95219 31.1993 8.1537 47.0787 8.30065 48.659
8.52691 26.0716 8.95219 31.1993 8.1537 47.0787
8.82386 -18.7988 8.52691 26.0716 8.95219 31.1993
10.0354 -21.3184 9.9718 -19.7235 8.82386 -18.7988
8.78166 -26.1257 10.0354 -21.3184 8.82386 -18.7988
8.78166 -26.1257 8.82386 -18.7988 8.52691 26.0716
10.0354 -21.3184 8.78166 -26.1257 10.0515 -35.456
9.78534 -7.31271 8.82386 -18.7988 9.9718 -19.7235
9.99635 12.3463 10.2263 36.1466 10.053 45.7291
9.9718 -19.7235 9.99635 12.3463 10.2263 36.1466
10.0354 -21.3184 9.9718 -19.7235 10.2263 36.1466
10.2263 36.1466 10.0354 -21.3184 10.793 -24.3166
10.8994 8.07794 11.0198 35.3254 10.2263 36.1466
11.0198 35.3254 10.8994 8.07794 12.0546 -39.6571
11.0198 35.3254 10.2263 36.1466 10.053 45.7291
13.103 25.0845 11.0198 35.3254 10.053 45.7291
11.0198 35.3254 13.103 25.0845 12.4886 6.95692
13.103 25.0845 13.5262 37.0436 13.6788 43.314
12.4886 6.95692 13.103 25.0845 13.5262 37.0436
12.6343 4.02861 12.4886 6.95692 13.5262 37.0436
12.9457 -19.601 12.6343 4.02861 12.4886 6.95692
12.4886 6.95692 12.9457 -19.601 13.2155 -41.6861
14.15 35.3216 13.5262 37.0436 13.6788 43.314
13.4895 27.4587 14.15 35.3216 13.5262 37.0436
14.8348 22.6389 13.4895 27.4587 14.15 35.3216
15.0071 -17.1827 14.8348 22.6389 13.4895 27.4587
13.4895 27.4587 15.0071 -17.1827 13.932 -17.2195
15.537 -27.0105 15.0071 -17.1827 14.8348 22.6389
15.0071 -17.1827 15.537 -27.0105 15.3184 -37.7364
15.9778 -15.3294 15.9557 -5.34263 15.8086 36.6544
15.537 -27.0105 15.9778 -15.3294 15.8086 36.6544
15.3184 -37.7364 15.537 -27.0105 15.9778 -15.3294
15.9778 -15.3294 15.3184 -37.7364 15.9054 -43.4276
15.9778 -15.3294 15.9557 -5.34263 16.2527 18.6716
16.2285 -20.2746 15.9778 -15.3294 16.2527 18.6716
17.7067 -24.893 16.2285 -20.2746 16.2527 18.6716
16.2285 -20.2746 17.7067 -24.893 17.6087 -26.3837
18.376 28.404 19.0409 28.4156 18.0503 38.1703
18.2324 -21.7011 18.376 28.404 18.0503 38.1703
17.7067 -24.893 18.2324 -21.7011 18.0503 38.1703
17.6087 -26.3837 17.7067 -24.893 18.2324 -21.7011
17.9328 -43.9296 17.6087 -26.3837 18.2324 -21.7011
17.6087 -26.3837 17.9328 -43.9296 17.7837 -45.4307
19.0898 -8.94764 18.376 28.404 19.0409 28.4156
18.376 28.404 19.0898 -8.94764 19.1073 -45.6466
19.0898 -8.94764 19.3367 -17.9874 19.1073 -45.6466
19.5362 -0.67237 20.0385 12.215 20.6336 31.5736
20.0385 12.215 19.5362 -0.67237 19.3367 -17.9874
19.5362 -0.67237 19.0898 -8.94764 19.3367 -17.9874
21.2196 -5.44165 20.0385 12.215 20.6336 31.5736
20.172 -7.58233 21.2196 -5.44165 20.0385 12.215
20.9852 -31.0888 20.172 -7.58233 21.2196 -5.44165
20.172 -7.58233 20.9852 -31.0888 20.6559 -39.9847
22.7053 -14.3675 23.5355 -12.1972 22.7369 -6.50226
22.7053 -14.3675 22.7369 -6.50226 22.296 21.1763
22.6513 -30.0203 22.7053 -14.3675 22.296 21.1763
22.296 21.1763 22.6513 -30.0203 20.9852 -31.0888
22.6513 -30.0203 24.0916 -24.6968 23.9173 -24.0823
20.6559 -39.9847 20.9852 -31.0888 22.6513 -30.0203
20.6559 -39.9847 22.6513 -30.0203 24.0916 -24.6968
24.0916 -24.6968 20.6559 -39.9847 22.2826 -41.7622
23.9173 -24.0823 24.3162 0.494222 23.8762 12.8335
24.0916 -24.6968 23.9173 -24.0823 24.3162 0.494222
24.7855 -25.2984 24.0916 -24.6968 24.3162 0.494222
24.0916 -24.6968 24.7855 -25.2984 25.135 -25.9351
25.1259 -17.3081 25.8934 27.3284 25.9027 34.7386
25.135 -25.9351 24.7855 -25.2984 25.1259 -17.3081
25.135 -25.9351 25.1259 -17.3081 25.8934 27.3284
25.8947 -41.1414 25.135 -25.9351 25.8934 27.3284
25.135 -25.9351 25.8947 -41.1414 25.5185 -42.5319
25.0522 -0.235601 25.1259 -17.3081 24.7855 -25.2984
26.5951 16.0914 25.8934 27.3284 25.9027 34.7386
25.8934 27.3284 26.5951 16.0914 26.6898 -5.73329
26.5951 16.0914 27.056 13.0479 26.6898 -5.73329
27.056 13.0479 26.5951 16.0914 26.8032 32.6139
27.7241 10.794 27.056 13.0479 26.8032 32.6139
28.4991 -7.81585 27.9742 -3.93913 27.7241 10.794
29.4736 -24.3917 28.4991 -7.81585 27.7241 10.794
29.4736 -24.3917 27.7241 10.794 26.8032 32.6139
28.4991 -7.81585 29.4736 -24.3917 29.2734 -39.7485
30.2657 24.1823 30.0813 -18.2132 29.4736 -24.3917
30.3704 -15.5555 31.8166 12.3482 31.8451 13.5355
30.0813 -18.2132 30.3704 -15.5555 31.8451 13.5355
29.4736 -24.3917 30.0813 -18.2132 30.3704 -15.5555
30.3704 -15.5555 29.4736 -24.3917 29.2734 -39.7485
27.1435 -6.92788 27.9742 -3.93913 27.7241 10.794
27.9742 -3.93913 27.1435 -6.92788 27.8866 -38.5932
28.0749 -9.35294 28.4991 -7.81585 27.9742 -3.93913
27.9742 -3.93913 28.0749 -9.35294 28.0146 -38.0854
31.8166 12.3482 30.3704 -15.5555 31.2946 -25.7293
32.0239 -25.3437 31.8166 12.3482 31.8451 13.5355
31.8166 12.3482 32.0239 -25.3437 31.9518 -31.133
32.0239 -25.3437 32.7592 19.1351 32.7454 20.8364
32.7592 19.1351 32.0239 -25.3437 31.9518 -31.133
35.4851 26.4806 37.7149 30.0893 35.0505 35.5004
35.2705 23.1729 35.4851 26.4806 35.0505 35.5004
35.1681 21.1909 35.2705 23.1729 35.0505 35.5004
32.7592 19.1351 32.7454 20.8364 35.1681 21.1909
34.8947 -24.1348 32.7592 19.1351 35.1681 21.1909
34.8947 -24.1348 35.1681 21.1909 35.2705 23.1729
32.7592 19.1351 34.8947 -24.1348 33.4 -24.4055
34.6534 33.5088 35.1681 21.1909 32.7454 20.8364
35.86 2.62472 35.2705 23.1729 35.4851 26.4806
35.2705 23.1729 35.86 2.62472 35.7083 -12.4566
35.86 2.62472 37.0369 4.39954 37.5714 16.0388
35.7083 -12.4566 35.86 2.62472 37.0369 4.39954
37.0369 4.39954 35.7083 -12.4566 35.8531 -20.8877
37.4363 -11.2978 37.0369 4.39954 37.5714 16.0388
37.0369 4.39954 37.4363 -11.2978 37.0139 -28.5608
38.9539 29.7787 37.7149 30.0893 35.0505 35.5004
38.065 23.8684 38.9539 29.7787 37.7149 30.0893
37.7149 30.0893 38.065 23.8684 38.1123 -21.42
38.9599 -8.22732 38.065 23.8684 38.9539 29.7787
38.065 23.8684 38.9599 -8.22732 38.4629 -20.2266
39.2266 11.4996 39.8042 19.9081 39.9242 24.2598
39.4194 -5.05474 39.2266 11.4996 39.8042 19.9081
38.9599 -8.22732 39.4194 -5.05474 39.2266 11.4996
39.4194 -5.05474 38.9599 -8.22732 38.4629 -20.2266
39.8042 19.9081 39.9242 24.2598 40.541 25.9724
41.0366 17.7282 39.8042 19.9081 40.541 25.9724
42.1762 1.66842 41.0366 17.7282 40.541 25.9724
41.2809 -7.49868 42.6082 -1.16557 42.1762 1.66842
41.2809 -7.49868 42.1762 1.66842 41.0366 17.7282
42.2609 -9.01487 41.2809 -7.49868 42.6082 -1.16557
41.2809 -7.49868 42.2609 -9.01487 41.5441 -12.6888
42.6082 -1.16557 42.1762 1.66842 45.8383 3.37875
49.49 -2.62717 42.6082 -1.16557 45.8383 3.37875
49.49 -2.62717 45.8383 3.37875 44.598 20.3471
42.6082 -1.16557 49.49 -2.62717 45.846 -3.12789
