156.046 53.4284 158.904 60.2608 153.917 70.8159
151.875 29.9829 156.046 53.4284 153.917 70.8159
156.046 53.4284 151.875 29.9829 151.997 19.2874
149.82 36.2431 149.103 50.9686 149.619 56.3241
149.82 36.2431 149.619 56.3241 150.307 92.1024
151.875 29.9829 149.82 36.2431 150.307 92.1024
149.82 36.2431 151.875 29.9829 151.997 19.2874
147.745 77.6726 149.619 56.3241 149.103 50.9686
158.904 60.2608 162.445 82.7607 162.477 89.4045
159.669 36.1015 156.046 53.4284 158.904 60.2608
159.669 36.1015 158.904 60.2608 162.445 82.7607
161.413 30.3615 159.669 36.1015 162.445 82.7607
158.951 16.725 161.413 30.3615 159.669 36.1015
161.413 30.3615 158.951 16.725 160.891 10.977
146.447 13.1507 149.82 36.2431 149.103 50.9686
149.82 36.2431 146.447 13.1507 148.759 3.46737
146.447 13.1507 142.924 7.89508 148.759 3.46737
146.447 13.1507 142.094 26.9236 142.759 40.3497
142.094 26.9236 146.447 13.1507 142.924 7.89508
140.521 18.528 142.094 26.9236 142.759 40.3497
142.094 26.9236 140.521 18.528 140.714 -3.90618
137.467 73.3699 137.865 78.6062 139.873 91.8605
137.629 61.1689 137.467 73.3699 139.873 91.8605
138.492 53.0443 137.629 61.1689 139.873 91.8605
140.521 18.528 138.492 53.0443 137.629 61.1689
137.629 61.1689 140.521 18.528 140.714 -3.90618
133.19 72.2857 137.467 73.3699 137.865 78.6062
133.587 61.4084 133.19 72.2857 137.467 73.3699
133.055 46.3294 133.587 61.4084 133.19 72.2857
130.158 32.2693 133.055 46.3294 133.19 72.2857
129.351 16.7669 130.158 32.2693 133.055 46.3294
133.055 46.3294 129.351 16.7669 129.971 10.6806
123.272 17.0229 123.992 68.9119 122.139 76.8878
129.971 10.6806 129.351 16.7669 123.272 17.0229
121.079 8.75235 129.971 10.6806 123.272 17.0229
121.079 8.75235 123.272 17.0229 122.139 76.8878
129.971 10.6806 121.079 8.75235 120.529 -3.03643
120.105 39.9116 118.544 63.5191 117.11 90.3605
121.079 8.75235 120.105 39.9116 118.544 63.5191
118.544 63.5191 121.079 8.75235 120.529 -3.03643
128.107 38.4032 130.137 76.7209 128.628 92.4161
130.158 32.2693 128.107 38.4032 130.137 76.7209
128.107 38.4032 130.158 32.2693 129.351 16.7669
117.96 53.3112 118.544 63.5191 117.11 90.3605
118.544 63.5191 117.96 53.3112 117.33 29.8594
117.96 53.3112 113.709 60.2891 112.633 71.5318
113.709 60.2891 117.96 53.3112 117.33 29.8594
112.633 71.5318 110.347 77.307 111.784 91.1752
113.709 60.2891 112.633 71.5318 110.347 77.307
110.217 53.4077 113.709 60.2891 110.347 77.307
107.038 38.0456 110.217 53.4077 110.347 77.307
108.643 20.0356 107.038 38.0456 110.217 53.4077
110.217 53.4077 108.643 20.0356 108.268 -2.07534
107.038 38.0456 102.726 42.3246 103.167 53.0704
102.726 42.3246 107.038 38.0456 108.643 20.0356
101.11 32.1756 102.726 42.3246 103.167 53.0704
100.042 22.1409 101.11 32.1756 102.726 42.3246
102.726 42.3246 100.042 22.1409 101.053 -1.55408
100.042 22.1409 98.7952 13.687 101.053 -1.55408
99.8557 89.3199 101.11 32.1756 100.042 22.1409
96.3505 68.2867 91.8306 72.5705 97.0787 79.8109
96.2503 58.2628 96.3505 68.2867 97.0787 79.8109
100.042 22.1409 96.2503 58.2628 97.0787 79.8109
96.2503 58.2628 100.042 22.1409 98.7952 13.687
92.0702 61.0536 96.3505 68.2867 91.8306 72.5705
92.0702 61.0536 91.8306 72.5705 90.6468 82.2547
89.4142 37.3187 92.0702 61.0536 90.6468 82.2547
92.0702 61.0536 89.4142 37.3187 92.2745 33.159
88.2547 53.2702 83.7537 83.9082 87.3847 86.6081
89.4142 37.3187 88.2547 53.2702 83.7537 83.9082
88.9185 23.5746 92.2745 33.159 89.4142 37.3187
88.9185 23.5746 89.4142 37.3187 83.7537 83.9082
83.7537 83.9082 88.9185 23.5746 86.0331 7.89426
83.7537 83.9082 87.3847 86.6081 82.9801 92.4169
82.6911 41.5684 83.7537 83.9082 82.9801 92.4169
83.7537 83.9082 82.6911 41.5684 82.7172 12.105
82.6911 41.5684 82.471 46.2708 82.5666 56.4175
82.7172 12.105 82.6911 41.5684 82.471 46.2708
82.471 46.2708 82.7172 12.105 82.4439 -0.631295
82.471 46.2708 82.5666 56.4175 81.013 66.1864
77.5659 29.0069 82.471 46.2708 81.013 66.1864
82.471 46.2708 77.5659 29.0069 78.6629 18.4233
73.0507 31.406 71.2802 43.6933 72.8415 59.9832
73.0507 31.406 72.8415 59.9832 73.2763 72.0822
77.5659 29.0069 73.0507 31.406 73.2763 72.0822
73.0507 31.406 77.5659 29.0069 78.6629 18.4233
71.2802 43.6933 69.6642 79.8062 71.3729 89.2812
72.9776 19.7074 73.0507 31.406 71.2802 43.6933
69.6642 79.8062 71.2802 43.6933 70.7374 10.9709
71.2802 43.6933 72.9776 19.7074 70.7374 10.9709
69.6642 79.8062 71.3729 89.2812 61.2752 89.941
61.1538 77.8982 69.6642 79.8062 61.2752 89.941
60.611 66.0862 61.1538 77.8982 61.2752 89.941
59.5988 56.6833 60.611 66.0862 61.2752 89.941
58.6147 16.2793 59.5988 56.6833 60.611 66.0862
60.611 66.0862 58.6147 16.2793 59.1042 13.2405
51.9942 72.8833 48.7553 79.911 50.5086 89.1716
57.6923 39.492 51.9942 72.8833 50.5086 89.1716
58.6147 16.2793 57.6923 39.492 51.9942 72.8833
53.165 8.06528 59.1042 13.2405 58.6147 16.2793
53.165 8.06528 58.6147 16.2793 51.9942 72.8833
59.1042 13.2405 53.165 8.06528 58.4821 3.89464
51.5849 46.9845 51.9942 72.8833 48.7553 79.911
48.6053 22.8186 51.5849 46.9845 48.7553 79.911
51.5849 46.9845 48.6053 22.8186 49.0346 1.11984
47.817 60.2438 39.9014 83.6668 39.6734 87.4644
41.9817 49.4343 47.817 60.2438 39.9014 83.6668
46.7296 38.8604 41.9817 49.4343 47.817 60.2438
47.3649 28.2971 46.7296 38.8604 47.817 60.2438
48.6053 22.8186 47.3649 28.2971 47.817 60.2438
47.3649 28.2971 48.6053 22.8186 49.0346 1.11984
37.7062 72.0656 39.9014 83.6668 39.6734 87.4644
33.3459 60.8345 37.7062 72.0656 39.6734 87.4644
31.1061 50.114 33.3459 60.8345 37.7062 72.0656
37.7062 72.0656 31.1061 50.114 37.6888 43.4579
29.9203 38.137 37.6888 43.4579 31.1061 50.114
29.9203 38.137 31.1061 50.114 29.6007 76.2877
29.636 23.1402 29.9203 38.137 37.6888 43.4579
37.6888 43.4579 29.636 23.1402 30.4433 11.4747
28.1215 31.0979 23.6997 61.5999 26.9619 70.1884
29.636 23.1402 28.1215 31.0979 26.9619 70.1884
30.4433 11.4747 29.636 23.1402 28.1215 31.0979
28.1215 31.0979 30.4433 11.4747 30.2748 -0.595929
28.5191 87.6344 29.9203 38.137 29.636 23.1402
23.6997 61.5999 26.9619 70.1884 21.6285 87.5751
21.1027 48.2344 23.6997 61.5999 21.6285 87.5751
21.5271 36.1216 21.1027 48.2344 23.6997 61.5999
23.6997 61.5999 21.5271 36.1216 21.6569 19.2474
21.5271 36.1216 21.1027 48.2344 20.0475 70.3159
18.7977 31.5062 21.5271 36.1216 20.0475 70.3159
18.459 9.7259 18.7977 31.5062 21.5271 36.1216
11.9202 1.96593 12.3306 6.10708 18.459 9.7259
21.5271 36.1216 18.459 9.7259 20.3628 -0.695587
18.459 9.7259 11.9202 1.96593 20.3628 -0.695587
9.18113 50.5075 7.45853 62.0664 11.6936 68.4896
12.3306 6.10708 13.8008 28.5776 9.18113 50.5075
12.3306 6.10708 9.18113 50.5075 7.45853 62.0664
7.45853 62.0664 12.3306 6.10708 11.9202 1.96593
17.3121 78.3637 9.18113 50.5075 13.8008 28.5776
13.7892 17.0809 18.459 9.7259 12.3306 6.10708
11.6936 68.4896 10.1972 78.4939 8.6379 93.7879
7.45853 62.0664 11.6936 68.4896 10.1972 78.4939
0.444628 50.4726 7.45853 62.0664 10.1972 78.4939
7.45853 62.0664 0.444628 50.4726 7.18952 39.7443
0.444628 50.4726 -0.518279 81.2682 -0.578148 93.5757
0.140738 38.208 7.18952 39.7443 0.444628 50.4726
0.140738 38.208 0.444628 50.4726 -0.518279 81.2682
0.719836 32.8139 0.140738 38.208 7.18952 39.7443
1.15092 17.5361 0.719836 32.8139 7.18952 39.7443
7.18952 39.7443 1.15092 17.5361 1.98842 -1.02974
-1.31226 67.1489 -0.518279 81.2682 -0.578148 93.5757
-2.78184 60.2177 -1.31226 67.1489 -0.578148 93.5757
-1.31226 67.1489 -2.78184 60.2177 -1.16253 9.86812
39.3776 63.2559 37.7062 72.0656 39.9014 83.6668
39.4308 29.5766 39.3776 63.2559 39.9014 83.6668
39.9014 83.6668 39.4308 29.5766 40.0752 -2.59551
39.3776 63.2559 39.4308 29.5766 38.9757 11.6368
46.7296 38.8604 47.3649 28.2971 43.3529 20.3692
61.1538 77.8982 60.611 66.0862 60.8698 48.5575
67.5863 50.1261 61.1538 77.8982 69.6642 79.8062
69.6642 79.8062 67.5863 50.1261 68.5283 2.45683
67.5863 50.1261 62.5825 29.3812 68.5283 2.45683
96.3505 68.2867 96.2503 58.2628 92.9306 3.74296
112.113 32.3711 110.217 53.4077 113.709 60.2891
113.709 60.2891 112.113 32.3711 113.132 10.7359
133.587 61.4084 133.055 46.3294 133.519 3.74734
163.033 71.8531 162.445 82.7607 162.477 89.4045
162.445 82.7607 163.033 71.8531 162.845 1.71942
163.033 71.8531 168.309 71.9326 168.72 82.933
168.309 71.9326 163.033 71.8531 162.845 1.71942
168.309 71.9326 168.72 82.933 170.41 91.6053
168.932 36.1526 168.309 71.9326 170.41 91.6053
168.478 18.6995 168.932 36.1526 168.309 71.9326
170.548 13.4085 168.478 18.6995 168.932 36.1526
168.478 18.6995 170.548 13.4085 170.705 -1.44401
170.548 13.4085 172.753 30.0779 171.668 46.5218
172.753 30.0779 170.548 13.4085 170.705 -1.44401
178.001 56.6902 179.42 72.5419 180.313 83.1721
172.753 30.0779 171.668 46.5218 178.001 56.6902
178.744 16.2596 172.753 30.0779 178.001 56.6902
178.744 16.2596 178.001 56.6902 179.42 72.5419
172.753 30.0779 178.744 16.2596 177.981 -2.79209
172.472 56.7501 178.001 56.6902 171.668 46.5218
181.346 37.3272 179.42 72.5419 180.313 83.1721
179.42 72.5419 181.346 37.3272 182.148 13.082
181.346 37.3272 182.18 32.4447 182.148 13.082
182.455 46.8163 186.343 71.3304 188.492 93.9133
181.346 37.3272 182.455 46.8163 186.343 71.3304
182.18 32.4447 181.346 37.3272 186.343 71.3304
186.343 71.3304 182.18 32.4447 187.699 23.2567
182.219 88.8065 182.455 46.8163 181.346 37.3272
190.066 57.436 186.343 71.3304 188.492 93.9133
191.771 38.145 190.066 57.436 188.492 93.9133
191.328 30.6455 191.771 38.145 190.066 57.436
190.598 12.3537 191.328 30.6455 190.066 57.436
190.066 57.436 190.598 12.3537 189.62 2.74777
193.097 47.0585 196.769 53.8549 196.008 57.2925
191.771 38.145 193.097 47.0585 196.769 53.8549
196.769 53.8549 191.771 38.145 191.328 30.6455
198.369 67.2156 198.199 77.3904 192.962 83.8332
196.008 57.2925 198.369 67.2156 192.962 83.8332
196.769 53.8549 196.008 57.2925 198.369 67.2156
198.701 23.4748 196.769 53.8549 198.369 67.2156
196.769 53.8549 198.701 23.4748 198.7 3.83566
201.214 37.865 198.369 67.2156 198.199 77.3904
201.263 32.7684 201.214 37.865 198.369 67.2156
198.369 67.2156 201.263 32.7684 200.711 10.7985
209.903 57.9353 207.48 68.5502 202.657 89.6362
207.418 50.7156 209.903 57.9353 202.657 89.6362
201.214 37.865 207.418 50.7156 202.657 89.6362
207.418 50.7156 201.214 37.865 201.263 32.7684
209.903 57.9353 207.48 68.5502 209.244 92.5503
210.733 22.7329 209.903 57.9353 209.244 92.5503
209.903 57.9353 210.733 22.7329 210.473 3.99145
210.733 22.7329 212.174 8.43424 210.473 3.99145
220.74 70.4715 221.366 76.4361 220.873 88.4868
217.923 56.2987 220.74 70.4715 220.873 88.4868
218.771 33.4338 212.522 42.0159 216.755 50.7842
218.771 33.4338 216.755 50.7842 217.923 56.2987
218.771 33.4338 217.923 56.2987 220.74 70.4715
213.291 29.699 218.771 33.4338 212.522 42.0159
210.733 22.7329 213.291 29.699 212.522 42.0159
213.291 29.699 210.733 22.7329 212.174 8.43424
213.185 80.7093 217.923 56.2987 216.755 50.7842
218.771 33.4338 213.291 29.699 216.857 8.22211
221.019 20.2069 220.74 70.4715 221.366 76.4361
220.74 70.4715 221.019 20.2069 220.814 -2.65498
226.601 67.3926 221.366 76.4361 220.873 88.4868
227.992 41.9255 226.601 67.3926 221.366 76.4361
222.936 39.0923 227.992 41.9255 221.366 76.4361
227.992 41.9255 222.936 39.0923 226.834 12.0818
229.72 30.5945 227.992 41.9255 226.601 67.3926
227.992 41.9255 229.72 30.5945 230.495 -1.98486
229.72 30.5945 231.161 61.3848 231.67 90.6729
231.161 61.3848 229.72 30.5945 230.495 -1.98486
232.639 47.9569 231.161 61.3848 231.67 90.6729
231.161 61.3848 232.639 47.9569 233.913 19.7257
232.639 47.9569 239.617 40.4424 233.913 19.7257
240.129 53.486 239.902 69.5256 233.61 78.3242
233.61 78.3242 240.129 53.486 232.639 47.9569
241.49 61.8555 242.562 76.7437 242.53 92.0637
240.129 53.486 241.49 61.8555 242.53 92.0637
241.49 61.8555 240.129 53.486 239.617 40.4424
240.129 53.486 232.639 47.9569 239.617 40.4424
241.403 31.9353 241.49 61.8555 242.562 76.7437
240.369 7.4586 241.403 31.9353 241.49 61.8555
241.403 31.9353 240.369 7.4586 241.602 2.62775
247.768 41.8116 242.562 76.7437 242.53 92.0637
249.056 27.9309 247.768 41.8116 242.562 76.7437
243.868 21.0693 249.056 27.9309 242.562 76.7437
246.692 6.49257 243.868 21.0693 249.056 27.9309
249.056 27.9309 246.692 6.49257 248.363 -1.51931
251.92 53.7944 252.482 81.6945 251.863 89.5984
249.056 27.9309 247.768 41.8116 251.92 53.7944
252.482 81.6945 251.92 53.7944 252.147 18.7412
251.92 53.7944 249.056 27.9309 252.147 18.7412
250.204 72.8857 251.92 53.7944 247.768 41.8116
258.593 30.8418 253.687 59.7043 252.482 81.6945
258.593 30.8418 252.482 81.6945 251.863 89.5984
253.687 59.7043 258.593 30.8418 259.727 -3.27193
258.593 30.8418 260.066 22.2493 259.727 -3.27193
258.593 30.8418 257.94 79.6011 256.811 90.9121
257.94 79.6011 258.593 30.8418 260.066 22.2493
260.066 22.2493 262.389 56.9955 262.485 70.5675
262.389 56.9955 260.066 22.2493 259.727 -3.27193
263.103 49.8276 262.389 56.9955 262.485 70.5675
262.591 41.2967 263.103 49.8276 262.389 56.9955
268.695 29.4267 262.591 41.2967 263.103 49.8276
262.591 41.2967 268.695 29.4267 263.441 10.08
268.695 29.4267 270.761 42.6618 267.835 88.5363
270.761 42.6618 268.695 29.4267 271.483 2.51033
268.695 29.4267 263.441 10.08 271.483 2.51033
272.34 17.9701 270.761 42.6618 267.835 88.5363
270.761 42.6618 272.34 17.9701 272.55 12.7063
273.19 50.5027 273.705 63.5099 271.707 73.0632
272.34 17.9701 273.19 50.5027 273.705 63.5099
273.705 63.5099 272.34 17.9701 272.55 12.7063
271.707 73.0632 276.654 76.393 273.73 79.6329
273.705 63.5099 271.707 73.0632 276.654 76.393
276.704 60.2183 273.705 63.5099 276.654 76.393
278.284 36.1869 276.704 60.2183 276.654 76.393
279.9 33.3456 278.284 36.1869 276.654 76.393
281.148 7.58771 279.9 33.3456 278.284 36.1869
278.284 36.1869 281.148 7.58771 281.218 -1.02919
281.148 7.58771 283.078 52.5167 282.341 70.0947
283.078 52.5167 281.148 7.58771 281.218 -1.02919
276.704 60.2183 278.284 36.1869 277.213 20.8597
287.742 73.7127 288.737 76.9681 283.763 91.3173
282.341 70.0947 287.742 73.7127 283.763 91.3173
283.078 52.5167 282.341 70.0947 287.742 73.7127
287.742 73.7127 283.078 52.5167 287.192 46.1539
288.37 42.2835 287.742 73.7127 288.737 76.9681
289.095 22.6328 288.37 42.2835 288.737 76.9681
288.37 42.2835 289.095 22.6328 288.389 8.26403
292.034 26.3416 291.172 62.9509 293.349 86.0316
291.172 62.9509 292.034 26.3416 289.095 22.6328
296.647 36.566 300.017 48.0151 296.286 70.5426
292.034 26.3416 296.647 36.566 296.286 70.5426
288.389 8.26403 289.095 22.6328 292.034 26.3416
288.389 8.26403 292.034 26.3416 296.647 36.566
296.647 36.566 288.389 8.26403 289.996 1.55352
302.882 83.8346 307.509 92.6861 303.459 93.8066
300.055 63.1057 302.882 83.8346 303.459 93.8066
300.017 48.0151 300.055 63.1057 302.882 83.8346
299.949 32.7908 296.647 36.566 300.017 48.0151
299.949 32.7908 300.017 48.0151 302.882 83.8346
296.647 36.566 299.949 32.7908 298.584 16.3568
309.001 81.5804 302.882 83.8346 307.509 92.6861
310.156 67.2247 309.001 81.5804 302.882 83.8346
306.494 61.3702 310.156 67.2247 302.882 83.8346
303.372 10.2901 306.494 61.3702 302.882 83.8346
306.494 61.3702 303.372 10.2901 303.636 -0.863034
308.905 53.5988 306.494 61.3702 310.156 67.2247
310.156 67.2247 308.905 53.5988 309.477 12.8492
310.545 32.6261 313.048 36.5963 310.156 67.2247
310.883 18.0347 310.545 32.6261 313.048 36.5963
313.048 36.5963 310.883 18.0347 313.226 0.0377769
313.048 36.5963 310.156 67.2247 309.001 81.5804
316.736 16.7341 313.048 36.5963 309.001 81.5804
313.048 36.5963 316.736 16.7341 317.072 6.99683
322.318 57.0595 320.99 76.6704 316.45 86.3816
321.983 46.1558 322.318 57.0595 316.45 86.3816
316.736 16.7341 321.983 46.1558 316.45 86.3816
317.072 6.99683 316.736 16.7341 321.983 46.1558
321.983 46.1558 317.072 6.99683 318.995 -2.36972
321.983 46.1558 322.318 57.0595 323.244 70.1638
322.598 42.7303 321.983 46.1558 323.244 70.1638
321.983 46.1558 322.598 42.7303 323.452 28.5879
