60.4683 17.0355 58.3363 17.4172 57.0991 17.4878
57.3468 14.9805 60.4683 17.0355 57.0991 17.4878
56.6929 11.9631 57.3468 14.9805 57.0991 17.4878
55.1025 8.01255 56.6929 11.9631 57.0991 17.4878
56.6929 11.9631 55.1025 8.01255 53.9585 3.72552
47.4066 25.7476 47.4022 25.8592 53.0624 26.0881
49.2417 21.9386 47.4066 25.7476 53.0624 26.0881
53.3363 9.32299 49.2417 21.9386 53.0624 26.0881
53.9585 3.72552 55.1025 8.01255 53.3363 9.32299
53.9585 3.72552 53.3363 9.32299 49.2417 21.9386
49.2417 21.9386 53.9585 3.72552 52.1277 2.22153
55.9546 28.1778 53.3363 9.32299 55.1025 8.01255
63.1917 21.9125 63.3965 22.4348 60.5374 22.8748
60.4683 17.0355 63.1917 21.9125 60.5374 22.8748
63.1917 21.9125 60.4683 17.0355 61.0246 13.7508
60.4683 17.0355 57.3468 14.9805 61.0246 13.7508
47.4066 25.7476 47.4022 25.8592 43.628 29.1533
40.9919 22.0103 47.4066 25.7476 43.628 29.1533
34.2283 12.4533 40.9919 22.0103 43.628 29.1533
35.1089 12.28 34.2283 12.4533 40.9919 22.0103
37.3686 3.14285 35.1089 12.28 40.9919 22.0103
40.9919 22.0103 37.3686 3.14285 40.615 1.89033
33.4284 3.31012 35.1089 12.28 34.2283 12.4533
35.1089 12.28 33.4284 3.31012 33.7199 1.79947
33.4284 3.31012 32.3857 3.2721 33.7199 1.79947
33.4284 3.31012 30.6107 16.9261 30.6325 23.4206
30.6107 16.9261 33.4284 3.31012 32.3857 3.2721
29.354 9.60067 30.6107 16.9261 30.6325 23.4206
30.6107 16.9261 29.354 9.60067 30.5269 9.31209
28.4196 17.4552 25.7979 17.7732 26.8483 18.658
28.4196 17.4552 26.8483 18.658 28.2368 22.5222
29.354 9.60067 28.4196 17.4552 28.2368 22.5222
28.4196 17.4552 29.354 9.60067 30.0054 0.496296
29.354 9.60067 30.5269 9.31209 30.0054 0.496296
26.1627 22.9344 25.2558 20.0124 26.8483 18.658
25.2558 20.0124 21.592 22.8564 22.8923 29.5725
26.8483 18.658 25.2558 20.0124 21.592 22.8564
25.7979 17.7732 26.8483 18.658 21.592 22.8564
20.3769 15.5827 25.7979 17.7732 21.592 22.8564
25.7979 17.7732 20.3769 15.5827 25.4677 13.1121
13.0564 27.6294 12.7787 28.1152 15.0021 29.528
15.5414 21.4022 13.0564 27.6294 15.0021 29.528
17.5032 20.6671 15.5414 21.4022 15.0021 29.528
18.1758 19.3973 17.5032 20.6671 15.0021 29.528
21.9225 9.37314 25.4677 13.1121 20.3769 15.5827
21.9225 9.37314 20.3769 15.5827 18.1758 19.3973
21.9225 9.37314 18.1758 19.3973 17.5032 20.6671
25.4677 13.1121 21.9225 9.37314 23.4706 7.82214
11.4274 9.55357 13.0564 27.6294 12.7787 28.1152
13.0564 27.6294 11.4274 9.55357 13.2621 4.67964
13.2621 4.67964 11.4274 9.55357 9.7723 12.353
9.71193 3.32494 13.2621 4.67964 9.7723 12.353
9.76887 1.0753 9.71193 3.32494 13.2621 4.67964
13.2621 4.67964 9.76887 1.0753 12.1317 0.951099
9.51394 9.77954 9.30351 15.1941 9.30417 20.1647
9.71193 3.32494 9.51394 9.77954 9.30351 15.1941
9.30351 15.1941 9.71193 3.32494 9.76887 1.0753
8.25089 15.1599 9.30351 15.1941 9.30417 20.1647
9.30351 15.1941 8.25089 15.1599 7.04992 13.4814
3.83307 26.9168 2.58144 27.8668 0.657183 29.3772
3.56727 19.6109 3.83307 26.9168 2.58144 27.8668
6.62695 15.2108 3.56727 19.6109 3.83307 26.9168
7.04992 13.4814 8.25089 15.1599 6.62695 15.2108
7.04992 13.4814 6.62695 15.2108 3.56727 19.6109
3.56727 19.6109 7.04992 13.4814 3.88441 5.13591
7.50375 16.814 6.62695 15.2108 8.25089 15.1599
2.04822 15.2187 2.58144 27.8668 0.657183 29.3772
2.58144 27.8668 2.04822 15.2187 2.7073 2.07835
2.04822 15.2187 0.439585 7.33057 2.7073 2.07835
15.5414 21.4022 17.5032 20.6671 13.8171 15.086
44.5725 21.1002 40.9919 22.0103 47.4066 25.7476
47.4066 25.7476 44.5725 21.1002 48.0266 3.89371
63.3965 22.4348 63.1917 21.9125 63.6178 3.76042
60.5374 22.8748 64.8501 24.8798 67.4019 27.1583
63.3965 22.4348 60.5374 22.8748 64.8501 24.8798
64.1705 20.5743 63.3965 22.4348 64.8501 24.8798
63.9518 20.5697 64.1705 20.5743 63.3965 22.4348
64.1705 20.5743 63.9518 20.5697 65.8841 5.55571
65.9547 21.8827 64.8501 24.8798 67.4019 27.1583
67.4237 17.7491 65.9547 21.8827 67.4019 27.1583
67.5363 7.1599 67.4237 17.7491 67.4019 27.1583
70.2927 4.80421 70.1067 6.29619 67.5363 7.1599
67.4343 3.56251 70.2927 4.80421 67.5363 7.1599
67.4343 3.56251 67.5363 7.1599 67.4237 17.7491
69.7569 0.741997 67.4343 3.56251 70.2927 4.80421
70.2927 4.80421 69.7569 0.741997 69.9833 0.53072
67.5363 7.1599 69.0236 23.3822 68.3802 28.8489
69.0236 23.3822 67.5363 7.1599 70.1067 6.29619
70.1067 6.29619 71.2068 18.3788 70.2025 24.2572
71.2068 18.3788 70.1067 6.29619 70.2927 4.80421
71.2068 18.3788 70.2025 24.2572 70.9616 29.19
72.41 9.93227 71.2068 18.3788 70.9616 29.19
72.8467 7.02195 71.27 7.03285 72.41 9.93227
72.8467 7.02195 72.41 9.93227 70.9616 29.19
71.27 7.03285 72.8467 7.02195 72.4929 1.34173
79.7474 18.1315 74.5168 19.4629 77.004 28.7243
75.8898 14.9028 79.7474 18.1315 74.5168 19.4629
72.9682 9.3715 75.8898 14.9028 74.5168 19.4629
72.968 7.31212 72.9682 9.3715 75.8898 14.9028
72.8467 7.02195 72.968 7.31212 72.9682 9.3715
72.968 7.31212 72.8467 7.02195 72.4929 1.34173
81.1427 9.39236 75.8898 14.9028 79.7474 18.1315
81.5433 6.96887 81.1427 9.39236 75.8898 14.9028
75.8898 14.9028 81.5433 6.96887 77.2591 6.20958
81.5433 6.96887 81.1427 9.39236 83.0574 14.9541
85.5564 6.56123 81.5433 6.96887 83.0574 14.9541
85.2053 1.75942 85.5564 6.56123 81.5433 6.96887
81.5433 6.96887 85.2053 1.75942 84.2809 0.787135
86.1743 10.7133 88.1544 12.9261 86.9454 19.1895
85.657 1.78989 85.9872 5.64173 86.1743 10.7133
85.2053 1.75942 85.657 1.78989 86.1743 10.7133
85.2053 1.75942 86.1743 10.7133 86.9454 19.1895
85.657 1.78989 85.2053 1.75942 84.2809 0.787135
86.1743 10.7133 85.9872 5.64173 86.0632 1.5836
88.2271 7.7439 86.1743 10.7133 88.1544 12.9261
88.2271 7.7439 88.1544 12.9261 89.149 26.4451
86.1743 10.7133 88.2271 7.7439 86.9911 2.81172
90.4433 11.1289 91.0691 11.2822 91.46 15.1271
90.4433 11.1289 91.46 15.1271 92.1875 21.0511
88.2271 7.7439 90.4433 11.1289 91.0691 11.2822
91.0691 11.2822 88.2271 7.7439 86.9911 2.81172
91.46 15.1271 91.0691 11.2822 90.5115 1.10199
92.4214 12.9614 91.46 15.1271 92.1875 21.0511
92.712 9.03124 92.4214 12.9614 91.46 15.1271
92.1411 5.69361 96.0163 5.96135 93.874 6.74226
92.1411 5.69361 93.874 6.74226 92.712 9.03124
92.1411 5.69361 92.712 9.03124 91.46 15.1271
96.0163 5.96135 92.1411 5.69361 93.5337 1.45717
93.3112 22.1845 92.4214 12.9614 92.712 9.03124
93.874 6.74226 96.7783 11.9204 94.756 14.0922
96.7783 11.9204 93.874 6.74226 96.0163 5.96135
96.7783 11.9204 94.756 14.0922 97.4368 15.5068
98.0819 10.276 96.7783 11.9204 97.4368 15.5068
98.0819 10.276 97.4368 15.5068 96.332 25.6201
96.7783 11.9204 98.0819 10.276 99.5864 7.68977
98.6958 18.1015 99.2633 19.5612 98.1622 21.8497
98.0819 10.276 98.6958 18.1015 98.1622 21.8497
98.6958 18.1015 98.0819 10.276 99.5864 7.68977
