-2.09016 3.62614 -2.60696 13.7402 -1.95466 22.715
-1.51322 3.48344 -2.09016 3.62614 -1.95466 22.715
-1.14706 1.44404 -1.51322 3.48344 -1.95466 22.715
-0.999051 -15.7997 -1.14706 1.44404 -1.51322 3.48344
0.139562 -19.6657 0.0341472 -15.8006 -0.999051 -15.7997
-1.51322 3.48344 -0.999051 -15.7997 -1.00279 -20.4269
-0.999051 -15.7997 0.139562 -19.6657 -1.00279 -20.4269
-0.999051 -15.7997 -0.727583 36.5725 -0.445111 47.9798
-0.445111 47.9798 -0.999051 -15.7997 0.0341472 -15.8006
0.0341472 -15.8006 0.273951 2.70805 0.31421 25.5979
0.273951 2.70805 0.0341472 -15.8006 0.139562 -19.6657
-1.95466 22.715 -2.42779 46.6114 -2.75017 47.6694
-2.60696 13.7402 -1.95466 22.715 -2.75017 47.6694
-3.05613 -2.45196 -2.60696 13.7402 -2.75017 47.6694
-2.60696 13.7402 -3.05613 -2.45196 -2.75157 -29.1085
-3.31397 12.7097 -3.53001 23.0382 -3.54666 29.2094
-3.05613 -2.45196 -3.31397 12.7097 -3.54666 29.2094
-3.31397 12.7097 -3.05613 -2.45196 -2.75157 -29.1085
-4.08609 14.9327 -3.53001 23.0382 -3.54666 29.2094
-4.20832 3.77343 -4.08609 14.9327 -3.53001 23.0382
-4.13183 -9.30142 -4.20832 3.77343 -3.53001 23.0382
-3.53001 23.0382 -4.13183 -9.30142 -4.08942 -45.1424
-4.20832 3.77343 -4.53588 4.13206 -5.09485 12.1534
-4.13183 -9.30142 -4.20832 3.77343 -4.53588 4.13206
-4.53588 4.13206 -4.13183 -9.30142 -4.38315 -27.752
-5.33435 1.19642 -4.53588 4.13206 -5.09485 12.1534
-5.33435 1.19642 -5.09485 12.1534 -5.42983 39.7396
-5.57316 -5.87374 -5.33435 1.19642 -5.42983 39.7396
-5.33435 1.19642 -5.57316 -5.87374 -6.11477 -47.3693
-6.22672 21.73 -6.74094 31.4352 -6.04248 49.2433
-5.57316 -5.87374 -6.22672 21.73 -6.04248 49.2433
-6.22672 21.73 -5.57316 -5.87374 -6.11477 -47.3693
-7.03538 30.5205 -6.74094 31.4352 -6.04248 49.2433
-6.91076 22.777 -7.03538 30.5205 -6.74094 31.4352
-6.74094 31.4352 -6.91076 22.777 -6.47358 -13.8383
-7.08662 -36.3155 -6.91076 22.777 -7.03538 30.5205
-6.91076 22.777 -7.08662 -36.3155 -6.94358 -47.5593
-7.47185 21.2436 -8.24232 26.487 -7.91315 38.9445
-7.22564 -12.4745 -7.47185 21.2436 -8.24232 26.487
-7.89042 -25.4282 -7.22564 -12.4745 -8.24232 26.487
-7.08662 -36.3155 -7.89042 -25.4282 -7.22564 -12.4745
-7.89042 -25.4282 -7.08662 -36.3155 -6.94358 -47.5593
-8.67387 16.0481 -8.24232 26.487 -7.91315 38.9445
-9.51417 -3.92137 -8.67387 16.0481 -7.91315 38.9445
-8.67387 16.0481 -9.51417 -3.92137 -10.4896 -39.2302
-9.51417 -3.92137 -10.5353 -24.1769 -10.4896 -39.2302
-9.25664 20.8334 -9.20504 41.3444 -9.00992 42.8611
-9.51417 -3.92137 -9.74524 -2.58847 -9.25664 20.8334
-9.51417 -3.92137 -9.25664 20.8334 -9.00992 42.8611
-9.74524 -2.58847 -9.51417 -3.92137 -10.5353 -24.1769
-10.7563 -17.1085 -11.0444 9.34088 -11.2906 41.3842
-10.5353 -24.1769 -10.7563 -17.1085 -11.2906 41.3842
-10.7563 -17.1085 -10.5353 -24.1769 -10.4896 -39.2302
-11.473 -27.79 -11.0444 9.34088 -11.2906 41.3842
-11.0444 9.34088 -11.473 -27.79 -11.5273 -36.2983
-11.3941 14.0219 -11.7649 15.5055 -12.1451 43.8734
-11.473 -27.79 -11.3941 14.0219 -11.7649 15.5055
-11.7649 15.5055 -11.473 -27.79 -11.5273 -36.2983
-12.345 -9.86969 -11.7649 15.5055 -12.1451 43.8734
-12.8092 -35.2491 -12.9012 -27.9174 -12.345 -9.86969
-12.8092 -35.2491 -12.345 -9.86969 -11.7649 15.5055
-13.0548 -38.2982 -12.8092 -35.2491 -12.9012 -27.9174
-12.8092 -35.2491 -13.0548 -38.2982 -12.7215 -43.4452
-13.0548 -38.2982 -13.5724 -13.6421 -13.3177 -8.35124
-13.0548 -38.2982 -13.3177 -8.35124 -13.2561 -6.64501
-13.0548 -38.2982 -13.2561 -6.64501 -13.0243 18.9111
-13.5724 -13.6421 -13.0548 -38.2982 -13.1151 -43.6015
-13.0548 -38.2982 -12.7215 -43.4452 -13.1151 -43.6015
-13.4629 46.6206 -13.2561 -6.64501 -13.3177 -8.35124
-13.5724 -13.6421 -13.3177 -8.35124 -13.5723 15.0505
-14.1033 -28.563 -13.5724 -13.6421 -13.5723 15.0505
-13.5724 -13.6421 -14.1033 -28.563 -14.1153 -35.5649
-14.1033 -28.563 -14.758 8.02764 -14.5652 15.1115
-14.758 8.02764 -14.1033 -28.563 -14.1153 -35.5649
-15.1734 15.9563 -14.3283 24.9768 -14.9093 32.2614
-14.3283 24.9768 -15.1734 15.9563 -14.5652 15.1115
-15.1734 15.9563 -16.0731 18.0502 -16.0819 25.0001
-14.758 8.02764 -14.5652 15.1115 -15.1734 15.9563
-14.758 8.02764 -15.1734 15.9563 -16.0731 18.0502
-15.334 5.9028 -14.758 8.02764 -16.0731 18.0502
-16.0731 18.0502 -15.334 5.9028 -16.0011 -43.4007
-16.0731 18.0502 -16.0819 25.0001 -16.2753 35.6994
-16.3949 16.2453 -16.0731 18.0502 -16.2753 35.6994
-16.905 4.0559 -16.3949 16.2453 -16.2753 35.6994
-16.3949 16.2453 -16.905 4.0559 -16.6992 -19.2871
-16.905 4.0559 -17.3691 26.7926 -17.4372 30.9385
-17.3691 26.7926 -16.905 4.0559 -16.6992 -19.2871
-17.4372 30.9385 -18.4059 34.0328 -19.3419 40.9888
-17.3691 26.7926 -17.4372 30.9385 -18.4059 34.0328
-17.6543 26.4432 -17.3691 26.7926 -18.4059 34.0328
-17.9117 -27.2385 -17.6543 26.4432 -17.3691 26.7926
-17.3691 26.7926 -17.9117 -27.2385 -18.0281 -45.7253
-17.8871 13.527 -17.9117 -27.2385 -18.0281 -45.7253
-19.5232 20.8343 -18.4059 34.0328 -19.3419 40.9888
-18.5715 20.4795 -19.5232 20.8343 -18.4059 34.0328
-18.4059 34.0328 -18.5715 20.4795 -18.2113 -8.11941
-19.6697 -23.2037 -18.5715 20.4795 -19.5232 20.8343
-18.5715 20.4795 -19.6697 -23.2037 -19.4906 -40.5298
-20.2782 31.7739 -20.404 41.0869 -20.1132 44.7395
-20.0438 -10.0969 -20.2782 31.7739 -20.1132 44.7395
-19.6697 -23.2037 -20.0438 -10.0969 -20.1132 44.7395
-20.0438 -10.0969 -19.6697 -23.2037 -19.4906 -40.5298
-20.8553 18.4246 -20.2782 31.7739 -20.404 41.0869
-20.363 14.8648 -20.8553 18.4246 -20.2782 31.7739
-20.888 8.09459 -20.363 14.8648 -20.8553 18.4246
-21.3071 -12.0871 -20.888 8.09459 -20.8553 18.4246
-20.888 8.09459 -21.3071 -12.0871 -21.3493 -39.5493
-21.3071 -12.0871 -21.6395 29.4521 -21.6463 31.9971
-21.6395 29.4521 -21.3071 -12.0871 -21.3493 -39.5493
-21.7472 -16.3265 -21.6395 29.4521 -21.6463 31.9971
-21.6395 29.4521 -21.7472 -16.3265 -21.4978 -33.648
-24.317 -2.35973 -23.6384 3.12978 -23.8941 39.8678
-23.1779 -14.0038 -24.317 -2.35973 -23.6384 3.12978
-21.7472 -16.3265 -23.1779 -14.0038 -23.6384 3.12978
-23.1779 -14.0038 -21.7472 -16.3265 -21.4978 -33.648
-25.5236 24.2878 -26.3883 36.2552 -25.8822 38.4307
-24.8667 13.0867 -25.5236 24.2878 -25.8822 38.4307
-24.9885 9.90087 -24.8667 13.0867 -25.5236 24.2878
-24.317 -2.35973 -24.9885 9.90087 -24.8667 13.0867
-24.7478 -15.2256 -23.1779 -14.0038 -24.317 -2.35973
-24.7478 -15.2256 -24.317 -2.35973 -24.9885 9.90087
-23.1779 -14.0038 -24.7478 -15.2256 -23.7758 -23.521
-26.4262 12.3272 -25.5236 24.2878 -26.3883 36.2552
-27.3138 -17.2643 -26.4262 12.3272 -26.3883 36.2552
-26.4262 12.3272 -27.3138 -17.2643 -27.4795 -32.834
-28.8116 -3.5923 -28.9188 34.9687 -27.9005 37.1052
-28.5523 -10.3543 -28.8116 -3.5923 -27.9005 37.1052
-27.3138 -17.2643 -28.5523 -10.3543 -27.9005 37.1052
-28.5523 -10.3543 -27.3138 -17.2643 -27.4795 -32.834
-29.1344 4.58544 -29.9885 37.3324 -29.5287 40.1393
-28.8116 -3.5923 -29.1344 4.58544 -29.5287 40.1393
-29.1344 4.58544 -28.8116 -3.5923 -28.5523 -10.3543
-30.0037 2.99357 -29.1344 4.58544 -29.9885 37.3324
-30.2175 -17.9292 -30.0037 2.99357 -29.1344 4.58544
-30.1784 -20.3532 -30.2175 -17.9292 -29.1344 4.58544
-29.9631 -21.114 -30.1784 -20.3532 -29.1344 4.58544
-29.6403 -26.7339 -29.9631 -21.114 -29.1344 4.58544
-29.1344 4.58544 -29.6403 -26.7339 -29.0197 -36.5762
-30.4455 -28.7879 -30.1784 -20.3532 -30.2175 -17.9292
-30.1784 -20.3532 -30.4455 -28.7879 -30.2904 -33.5661
-31.2894 -17.7297 -31.9596 -17.2053 -31.5156 -15.3936
-31.2894 -17.7297 -31.5156 -15.3936 -31.3422 -9.94933
-30.4455 -28.7879 -31.2894 -17.7297 -31.3422 -9.94933
-31.2894 -17.7297 -30.4455 -28.7879 -30.2904 -33.5661
-31.5156 -15.3936 -32.8094 6.77519 -33.0423 12.5648
-32.8094 6.77519 -31.5156 -15.3936 -31.9596 -17.2053
-33.4907 6.09115 -32.8094 6.77519 -33.0423 12.5648
-36.5269 -10.311 -33.4907 6.09115 -33.0423 12.5648
-33.4907 6.09115 -36.5269 -10.311 -35.7383 -23.0995
-36.5269 -10.311 -37.1068 -6.01333 -37.0141 -4.69137
-36.5269 -10.311 -37.0141 -4.69137 -37.0236 32.7596
-35.7383 -23.0995 -36.5269 -10.311 -37.1068 -6.01333
-36.771 -26.1162 -35.7383 -23.0995 -37.1068 -6.01333
-35.4818 -29.8462 -36.771 -26.1162 -35.7383 -23.0995
-34.7065 -31.516 -35.4818 -29.8462 -35.7383 -23.0995
-35.4818 -29.8462 -34.7065 -31.516 -33.9763 -33.403
-34.9169 -15.0422 -34.7065 -31.516 -33.9763 -33.403
-37.5667 -7.77737 -37.1068 -6.01333 -37.0141 -4.69137
-37.1068 -6.01333 -37.5667 -7.77737 -37.5039 -16.7396
-38.3812 5.12592 -37.6199 10.7781 -38.2555 11.4709
-38.1583 -4.61452 -38.3812 5.12592 -37.6199 10.7781
-37.5667 -7.77737 -38.1583 -4.61452 -37.6199 10.7781
-37.5039 -16.7396 -37.5667 -7.77737 -38.1583 -4.61452
-38.0671 -25.9677 -37.5039 -16.7396 -38.1583 -4.61452
-37.5039 -16.7396 -38.0671 -25.9677 -37.794 -26.8785
-40.5363 10.1567 -40.6236 23.3542 -40.8013 23.6686
-40.4013 1.69375 -40.5363 10.1567 -40.8013 23.6686
-40.2115 -9.01841 -39.2734 -8.18881 -40.4013 1.69375
-40.2115 -9.01841 -40.4013 1.69375 -40.8013 23.6686
-39.3945 -12.9313 -40.2115 -9.01841 -39.2734 -8.18881
-39.2348 -17.9124 -39.3945 -12.9313 -39.2734 -8.18881
-39.3625 -24.0385 -39.2348 -17.9124 -39.3945 -12.9313
-38.0671 -25.9677 -39.3625 -24.0385 -39.2348 -17.9124
-39.3625 -24.0385 -38.0671 -25.9677 -37.794 -26.8785
-40.4013 1.69375 -40.0386 9.72862 -40.2068 13.1976
-40.0386 9.72862 -40.4013 1.69375 -39.2734 -8.18881
-38.9401 18.0029 -38.3812 5.12592 -38.1583 -4.61452
-40.9901 -1.64768 -41.9289 11.8478 -41.823 25.3244
-40.2115 -9.01841 -40.9901 -1.64768 -41.823 25.3244
-40.9901 -1.64768 -40.2115 -9.01841 -39.9788 -13.3892
-40.2115 -9.01841 -39.3945 -12.9313 -39.9788 -13.3892
-42.972 8.15269 -41.9289 11.8478 -41.823 25.3244
-42.4895 -3.26476 -42.972 8.15269 -41.9289 11.8478
-43.068 -11.4058 -42.4895 -3.26476 -42.972 8.15269
-42.4895 -3.26476 -43.068 -11.4058 -43.0969 -14.5792
-44.1282 -3.1016 -49.7578 -2.44311 -44.5053 17.9241
-44.8145 -8.3298 -44.1282 -3.1016 -49.7578 -2.44311
-43.2873 -8.43781 -44.8145 -8.3298 -44.1282 -3.1016
-43.068 -11.4058 -43.2873 -8.43781 -44.8145 -8.3298
-44.8145 -8.3298 -43.068 -11.4058 -43.0969 -14.5792
-43.9388 18.1376 -43.2873 -8.43781 -43.068 -11.4058
-33.4907 6.09115 -32.8369 -0.0082126 -32.8873 -13.0835
-32.8369 -0.0082126 -33.4907 6.09115 -32.8094 6.77519
-32.8094 6.77519 -32.8369 -0.0082126 -32.0873 -31.0756
-30.1784 -20.3532 -29.9631 -21.114 -30.0901 -36.7407
-25.9623 11.8247 -26.4262 12.3272 -25.5236 24.2878
-25.2912 -37.5208 -25.9623 11.8247 -25.5236 24.2878
-25.9623 11.8247 -25.2912 -37.5208 -25.3666 -38.3106
-16.0731 18.0502 -16.3949 16.2453 -16.1753 -1.73069
-14.758 8.02764 -15.334 5.9028 -14.8091 -38.7282
-4.99394 -7.85061 -5.33435 1.19642 -4.53588 4.13206
-5.07082 -32.021 -4.99394 -7.85061 -5.33435 1.19642
-5.33435 1.19642 -5.07082 -32.021 -5.24206 -32.0263
-2.22303 -6.41055 -2.09016 3.62614 -2.60696 13.7402
-2.60696 13.7402 -2.22303 -6.41055 -2.44195 -17.5951
0.687867 28.9339 1.48879 29.9093 0.431409 35.984
0.31421 25.5979 0.687867 28.9339 0.431409 35.984
0.273951 2.70805 0.31421 25.5979 0.687867 28.9339
0.687867 28.9339 0.273951 2.70805 0.471815 -37.4997
1.48879 29.9093 0.687867 28.9339 0.819377 -25.707
1.8218 -22.6117 2.25299 -10.6762 1.48879 29.9093
1.48879 29.9093 1.8218 -22.6117 1.7742 -49.158
0.431409 35.984 1.35067 45.936 1.16545 49.0405
1.48879 29.9093 0.431409 35.984 1.35067 45.936
2.25299 -10.6762 1.48879 29.9093 1.35067 45.936
2.6156 -22.6552 2.25299 -10.6762 1.35067 45.936
2.25299 -10.6762 2.6156 -22.6552 2.72795 -49.4767
2.6156 -22.6552 2.99191 -30.1056 2.72795 -49.4767
3.38041 28.0405 3.78142 38.6047 3.24021 48.0005
2.7463 9.5206 3.38041 28.0405 3.24021 48.0005
2.85141 -17.6001 2.7463 9.5206 3.38041 28.0405
3.38041 28.0405 2.85141 -17.6001 2.99191 -30.1056
2.85141 -17.6001 2.6156 -22.6552 2.99191 -30.1056
3.78142 38.6047 3.24021 48.0005 4.04242 49.1004
5.2445 35.5109 3.78142 38.6047 4.04242 49.1004
4.55663 34.5212 5.2445 35.5109 3.78142 38.6047
4.1252 -15.2592 4.55663 34.5212 3.78142 38.6047
4.55663 34.5212 4.1252 -15.2592 4.33969 -31.0037
5.61756 -2.51977 4.55663 34.5212 5.2445 35.5109
5.72225 -13.251 5.61756 -2.51977 4.55663 34.5212
4.55663 34.5212 5.72225 -13.251 4.57228 -47.8357
5.72225 -13.251 5.61756 -2.51977 6.15678 -2.2761
5.72225 -13.251 6.15678 -2.2761 6.67041 2.93869
6.48704 -43.1537 5.72225 -13.251 6.67041 2.93869
6.48704 -43.1537 6.67041 2.93869 7.1599 12.0957
7.70392 -43.2751 6.48704 -43.1537 7.1599 12.0957
8.91753 -44.4646 7.70392 -43.2751 6.48704 -43.1537
6.80934 -44.4689 8.91753 -44.4646 6.48704 -43.1537
12.5356 -47.4641 6.80934 -44.4689 8.91753 -44.4646
12.9238 -47.7889 12.5356 -47.4641 6.80934 -44.4689
6.80934 -44.4689 12.9238 -47.7889 8.51645 -48.189
5.6789 36.1033 6.15678 -2.2761 5.61756 -2.51977
6.44221 37.9214 6.67041 2.93869 6.15678 -2.2761
7.75467 8.50607 9.44453 28.8737 8.50129 34.0213
9.38477 4.6823 7.75467 8.50607 9.44453 28.8737
7.70392 -43.2751 9.38477 4.6823 7.75467 8.50607
9.38477 4.6823 7.70392 -43.2751 8.91753 -44.4646
11.9315 -7.1194 13.2356 39.5122 12.9134 40.6204
12.5356 -47.4641 11.7145 -9.34883 11.9315 -7.1194
12.5356 -47.4641 11.9315 -7.1194 13.2356 39.5122
13.2356 39.5122 12.5356 -47.4641 12.9238 -47.7889
13.3551 8.94069 13.409 38.7484 13.2356 39.5122
13.9839 -16.6291 13.3551 8.94069 13.409 38.7484
14.1539 -27.8069 13.9839 -16.6291 13.409 38.7484
13.9839 -16.6291 14.1539 -27.8069 13.5816 -29.9639
13.2356 39.5122 12.9134 40.6204 15.4125 41.1181
13.409 38.7484 13.2356 39.5122 15.4125 41.1181
15.177 27.99 13.409 38.7484 15.4125 41.1181
15.6982 22.1512 15.177 27.99 15.4125 41.1181
15.4551 18.6215 15.6982 22.1512 15.177 27.99
15.177 27.99 15.4551 18.6215 15.0128 -23.8935
14.665 17.1329 15.177 27.99 13.409 38.7484
14.3345 15.3695 14.665 17.1329 13.409 38.7484
14.665 17.1329 14.3345 15.3695 14.7123 -12.1968
15.4996 -3.23417 15.4551 18.6215 15.6982 22.1512
15.8683 -5.65295 15.4996 -3.23417 15.6982 22.1512
16.444 -15.4145 15.8683 -5.65295 15.6982 22.1512
15.8683 -5.65295 16.444 -15.4145 16.3791 -25.1075
16.444 -15.4145 16.4992 -14.8822 17.5942 -3.82011
16.4992 -14.8822 16.444 -15.4145 16.3791 -25.1075
15.4996 -3.23417 15.8683 -5.65295 15.855 -38.5266
17.5942 -3.82011 18.3181 20.2825 18.5492 39.668
18.3181 20.2825 17.5942 -3.82011 17.7634 -16.8481
17.5942 -3.82011 16.4992 -14.8822 17.7634 -16.8481
18.6238 19.8829 18.3181 20.2825 18.5492 39.668
18.3181 20.2825 18.6238 19.8829 18.4997 -2.65123
19.262 21.3957 20.0168 41.2947 19.8162 42.7332
18.6238 19.8829 19.262 21.3957 19.8162 42.7332
18.4997 -2.65123 18.6238 19.8829 19.262 21.3957
18.9938 -2.84938 18.4997 -2.65123 19.262 21.3957
18.4997 -2.65123 18.9938 -2.84938 18.8544 -38.8209
19.9583 -4.23893 19.262 21.3957 20.0168 41.2947
20.101 -10.6028 19.9583 -4.23893 20.0168 41.2947
19.9583 -4.23893 20.101 -10.6028 20.0082 -24.9674
20.101 -10.6028 21.04 6.62281 21.0136 39.5719
20.0082 -24.9674 20.101 -10.6028 21.04 6.62281
21.015 -32.6874 20.0082 -24.9674 21.04 6.62281
20.0082 -24.9674 21.015 -32.6874 21.8462 -40.0431
21.015 -32.6874 21.5284 -33.2719 21.8462 -40.0431
21.8272 -3.34199 22.0566 -0.488054 22.0354 31.6403
21.3153 -19.6826 21.8272 -3.34199 22.0566 -0.488054
21.5284 -33.2719 21.3153 -19.6826 22.0566 -0.488054
22.0566 -0.488054 21.5284 -33.2719 21.8462 -40.0431
21.1407 26.9202 21.8272 -3.34199 21.3153 -19.6826
22.2063 -7.55963 22.0566 -0.488054 22.0354 31.6403
23.8667 -22.9025 23.3906 -11.6016 22.2063 -7.55963
22.0566 -0.488054 22.2063 -7.55963 22.1048 -23.2865
22.2063 -7.55963 23.8667 -22.9025 22.1048 -23.2865
24.3553 -13.8322 25.5444 -3.94964 25.045 2.87125
24.3553 -13.8322 25.045 2.87125 24.3276 21.8847
23.8667 -22.9025 24.3553 -13.8322 25.5444 -3.94964
25.5444 -3.94964 23.8667 -22.9025 24.9604 -26.5901
23.8667 -22.9025 22.1048 -23.2865 24.9604 -26.5901
22.5161 8.68085 22.2063 -7.55963 23.3906 -11.6016
23.0189 29.2609 23.3906 -11.6016 23.8667 -22.9025
23.8705 -6.75412 23.9623 21.4832 23.8724 39.9533
24.3553 -13.8322 23.8705 -6.75412 23.9623 21.4832
23.8705 -6.75412 24.3553 -13.8322 23.8667 -22.9025
25.0006 30.3402 25.147 6.8071 25.045 2.87125
25.147 6.8071 25.444 15.0802 25.191 25.9452
25.045 2.87125 25.147 6.8071 25.444 15.0802
25.444 15.0802 25.045 2.87125 25.5444 -3.94964
26.6975 -30.4775 25.444 15.0802 25.191 25.9452
25.444 15.0802 26.6975 -30.4775 26.7478 -33.7767
26.3773 14.7025 27.4833 29.6005 26.6669 32.8573
26.0951 5.16715 25.7458 8.01902 26.3773 14.7025
26.0951 5.16715 26.3773 14.7025 27.4833 29.6005
26.6396 -5.11357 26.0951 5.16715 27.4833 29.6005
26.6975 -30.4775 26.6396 -5.11357 27.4833 29.6005
26.7478 -33.7767 26.6975 -30.4775 27.4833 29.6005
27.7288 -35.2956 26.7478 -33.7767 27.4833 29.6005
26.7478 -33.7767 27.7288 -35.2956 28.6115 -37.2973
25.9884 37.9831 26.3773 14.7025 25.7458 8.01902
28.7027 16.6867 30.3835 21.9933 28.3585 30.3955
28.6128 16.1632 28.7027 16.6867 28.3585 30.3955
28.2292 10.5934 28.6128 16.1632 28.3585 30.3955
27.7288 -35.2956 28.2292 10.5934 28.6128 16.1632
28.6128 16.1632 27.7288 -35.2956 28.6115 -37.2973
28.7027 16.6867 28.6128 16.1632 29.3997 12.5558
28.3585 30.3955 30.3597 30.5795 29.721 40.1903
30.3835 21.9933 28.3585 30.3955 30.3597 30.5795
31.2096 -26.2051 30.3835 21.9933 30.3597 30.5795
30.3835 21.9933 31.2096 -26.2051 31.332 -37.1962
31.6275 7.51214 31.7782 15.0466 31.5726 34.725
31.2096 -26.2051 31.6275 7.51214 31.5726 34.725
31.6275 7.51214 31.2096 -26.2051 31.332 -37.1962
31.7782 15.0466 31.6275 7.51214 31.5752 -16.231
32.1 6.0455 31.7782 15.0466 31.5726 34.725
32.5463 -16.2326 32.1 6.0455 31.7782 15.0466
32.5406 -24.0038 32.5463 -16.2326 31.7782 15.0466
31.7782 15.0466 32.5406 -24.0038 32.2562 -38.03
32.1 6.0455 32.5361 34.9224 32.0887 36.7895
32.5361 34.9224 32.1 6.0455 32.5463 -16.2326
34.1812 3.24202 32.7801 5.59445 32.8408 8.26033
34.5253 -7.6273 34.1812 3.24202 32.7801 5.59445
32.5463 -16.2326 34.5253 -7.6273 32.7801 5.59445
32.5406 -24.0038 32.5463 -16.2326 34.5253 -7.6273
34.5253 -7.6273 32.5406 -24.0038 32.8724 -32.3058
34.5253 -7.6273 34.1812 3.24202 35.6555 26.4407
35.4347 -16.2834 34.5253 -7.6273 35.6555 26.4407
34.5253 -7.6273 35.4347 -16.2834 35.7457 -20.6714
36.9712 18.6713 37.3069 23.3581 37.2063 27.1721
35.8378 -7.82268 36.5068 1.80272 36.9712 18.6713
35.8378 -7.82268 36.9712 18.6713 37.2063 27.1721
35.4347 -16.2834 35.8378 -7.82268 36.5068 1.80272
36.5068 1.80272 35.4347 -16.2834 35.7457 -20.6714
37.3069 23.3581 36.9712 18.6713 36.8985 -27.2098
37.3069 23.3581 37.2063 27.1721 37.5187 31.3242
37.6417 -3.43152 37.3069 23.3581 37.5187 31.3242
37.3069 23.3581 37.6417 -3.43152 37.3799 -4.99862
38.2687 8.12026 39.1533 17.9524 38.8788 23.3234
37.6417 -3.43152 38.2687 8.12026 38.8788 23.3234
38.2687 8.12026 37.6417 -3.43152 37.5537 -32.0779
37.6417 -3.43152 37.3799 -4.99862 37.5537 -32.0779
38.6019 -18.6647 38.2687 8.12026 39.1533 17.9524
38.2687 8.12026 38.6019 -18.6647 38.5209 -30.1398
38.6019 -18.6647 38.9064 -23.73 38.5209 -30.1398
38.8788 23.3234 40.0265 26.3941 40.8386 28.7196
39.1533 17.9524 38.8788 23.3234 40.0265 26.3941
40.0265 26.3941 39.1533 17.9524 39.8231 -22.8588
41.1833 8.82593 40.0265 26.3941 40.8386 28.7196
41.1613 3.49261 41.1833 8.82593 40.0265 26.3941
40.0265 26.3941 41.1613 3.49261 40.0745 2.69342
41.5166 -3.37777 41.1613 3.49261 41.1833 8.82593
41.1613 3.49261 41.5166 -3.37777 41.2416 -23.7329
41.5166 -3.37777 42.9066 -18.3307 41.2416 -23.7329
44.8919 -13.4795 45.726 5.42221 43.7159 12.7529
42.9066 -18.3307 44.8919 -13.4795 43.7159 12.7529
44.8919 -13.4795 42.9066 -18.3307 41.2416 -23.7329
45.726 5.42221 46.2718 4.24858 46.2422 -5.26568
45.8964 17.1712 45.5675 19.6922 44.5641 19.7632
43.7159 12.7529 45.8964 17.1712 44.5641 19.7632
45.726 5.42221 43.7159 12.7529 45.8964 17.1712
46.2718 4.24858 45.726 5.42221 45.8964 17.1712
48.1344 -0.584056 46.2718 4.24858 45.8964 17.1712
46.2718 4.24858 48.1344 -0.584056 49.1961 -6.66697
47.3202 12.5902 48.1344 -0.584056 49.1961 -6.66697
11.7145 -9.34883 11.9315 -7.1194 12.3254 33.6959
11.0317 -24.8779 11.7145 -9.34883 12.3254 33.6959
11.7145 -9.34883 11.0317 -24.8779 10.5085 -44.2705
11.0317 -24.8779 11.1623 12.4889 10.9811 14.4679
11.0317 -24.8779 10.9811 14.4679 10.3347 33.7561
10.3347 33.7561 11.0317 -24.8779 10.5085 -44.2705
11.6308 41.5982 11.2124 18.7859 11.1623 12.4889
11.2124 18.7859 10.9811 14.4679 11.1623 12.4889
9.44453 28.8737 8.50129 34.0213 9.26802 38.0126
10.118 15.5879 9.44453 28.8737 9.26802 38.0126
9.44453 28.8737 10.118 15.5879 10.0737 -8.37849
