167.239 58.0296 167.1 67.6073 168.664 80.9261
170.119 43.4748 167.239 58.0296 168.664 80.9261
171.179 31.489 170.119 43.4748 167.239 58.0296
167.199 18.5655 171.179 31.489 167.239 58.0296
170.681 11.4279 167.199 18.5655 171.179 31.489
167.199 18.5655 170.681 11.4279 170.301 1.81372
170.681 11.4279 176.221 6.26954 170.301 1.81372
172.705 93.5518 170.119 43.4748 171.179 31.489
170.681 11.4279 176.865 67.5173 176.652 81.1935
176.865 67.5173 170.681 11.4279 176.221 6.26954
163.735 41.1796 166.577 52.6074 167.1 67.6073
163.735 41.1796 167.1 67.6073 168.664 80.9261
158.255 16.6853 163.735 41.1796 166.577 52.6074
166.577 52.6074 158.255 16.6853 160.696 10.6155
162.138 53.1221 158.767 56.4596 163.254 76.6786
163.735 41.1796 162.138 53.1221 163.254 76.6786
162.138 53.1221 163.735 41.1796 158.255 16.6853
151.826 59.0322 151.173 69.0566 153.828 89.332
153.866 32.5933 151.826 59.0322 153.828 89.332
156.032 32.3675 153.866 32.5933 153.828 89.332
158.255 16.6853 156.032 32.3675 153.866 32.5933
153.866 32.5933 158.255 16.6853 157.818 -3.29365
158.255 16.6853 160.696 10.6155 157.818 -3.29365
157.796 93.5668 157.346 71.8701 158.255 16.6853
157.346 71.8701 156.032 32.3675 158.255 16.6853
151.826 59.0322 151.173 69.0566 147.871 80.3059
148.066 23.4069 151.826 59.0322 147.871 80.3059
147.728 10.8159 148.066 23.4069 151.826 59.0322
151.826 59.0322 147.728 10.8159 148.875 1.64261
148.066 23.4069 147.56 42.4769 147.561 50.2538
147.56 42.4769 148.066 23.4069 147.728 10.8159
143.288 28.452 147.56 42.4769 147.561 50.2538
147.56 42.4769 143.288 28.452 142.072 9.84263
140.081 69.4933 140.283 83.095 141.975 91.3253
143.288 28.452 140.081 69.4933 141.975 91.3253
142.072 9.84263 143.288 28.452 140.081 69.4933
140.081 69.4933 142.072 9.84263 139.25 -3.74731
136.72 57.4909 140.081 69.4933 140.283 83.095
136.952 49.1058 136.72 57.4909 140.081 69.4933
136.273 37.4773 136.952 49.1058 136.72 57.4909
131.323 23.1535 131.212 26.0464 136.273 37.4773
136.952 49.1058 136.273 37.4773 137.014 18.1398
136.273 37.4773 131.323 23.1535 137.014 18.1398
131.057 67.3314 130.907 82.3248 131.06 93.7486
130.907 82.3248 131.057 67.3314 131.212 26.0464
131.057 67.3314 136.273 37.4773 131.212 26.0464
129.297 48.2195 122.703 52.8917 127.859 57.2574
129.391 36.5379 129.297 48.2195 122.703 52.8917
131.212 26.0464 129.391 36.5379 129.297 48.2195
131.323 23.1535 131.212 26.0464 129.391 36.5379
130.26 8.19262 131.323 23.1535 129.391 36.5379
129.391 36.5379 130.26 8.19262 128.573 -2.00382
127.859 57.2574 122.607 68.8691 123.573 80.3915
122.703 52.8917 127.859 57.2574 122.607 68.8691
122.455 21.5516 122.703 52.8917 122.607 68.8691
122.703 52.8917 122.455 21.5516 122.57 -0.806628
122.455 21.5516 121.282 6.74366 122.57 -0.806628
122.455 21.5516 120.208 59.7897 118.894 86.5547
120.208 59.7897 122.455 21.5516 121.282 6.74366
116.604 39.5225 120.208 59.7897 118.894 86.5547
120.208 59.7897 116.604 39.5225 119.191 26.5501
116.604 39.5225 112.091 47.0015 111.479 72.3639
112.091 47.0015 116.604 39.5225 119.191 26.5501
111.62 31.2307 112.091 47.0015 111.479 72.3639
112.091 47.0015 111.62 31.2307 111.79 0.409388
111.62 31.2307 110.711 61.3909 110.707 93.4854
110.711 61.3909 111.62 31.2307 111.79 0.409388
109.322 43.7836 110.711 61.3909 110.707 93.4854
97.3267 32.3858 97.517 42.3739 109.322 43.7836
108.511 19.178 97.3267 32.3858 109.322 43.7836
108.511 19.178 109.322 43.7836 110.711 61.3909
100.739 16.1651 108.511 19.178 97.3267 32.3858
97.3267 32.3858 100.739 16.1651 97.7766 -2.62787
100.779 50.3996 98.4233 61.5905 99.6469 81.8629
98.4233 61.5905 100.779 50.3996 97.517 42.3739
100.779 50.3996 109.322 43.7836 97.517 42.3739
100.779 50.3996 101.535 67.3144 108.35 80.9774
108.35 80.9774 100.779 50.3996 109.322 43.7836
92.5862 63.074 91.5006 68.6219 93.4917 76.2751
92.5862 63.074 93.4917 76.2751 96.5482 90.3772
93.7282 50.1726 92.5862 63.074 96.5482 90.3772
97.517 42.3739 93.7282 50.1726 96.5482 90.3772
93.7282 50.1726 97.517 42.3739 97.3267 32.3858
91.5006 68.6219 93.4917 76.2751 92.3278 89.2725
83.8766 36.8958 91.5006 68.6219 92.3278 89.2725
83.377 33.8576 83.8766 36.8958 91.5006 68.6219
91.5006 68.6219 83.377 33.8576 78.7391 -0.709095
83.377 33.8576 79.4343 18.6929 78.7391 -0.709095
79.4343 18.6929 76.3595 12.4461 78.7391 -0.709095
76.3595 12.4461 73.5496 26.6391 78.0941 90.2348
73.5496 26.6391 76.3595 12.4461 78.7391 -0.709095
79.914 77.3438 79.4343 18.6929 76.3595 12.4461
83.8766 36.8958 83.8046 46.5438 80.7452 72.7652
80.7452 72.7652 83.8766 36.8958 83.377 33.8576
83.7962 63.3549 83.8046 46.5438 83.8766 36.8958
70.5065 10.1952 73.5496 26.6391 78.0941 90.2348
73.5496 26.6391 70.5065 10.1952 69.0111 -0.460777
67.2354 50.4726 73.4725 63.4287 68.2177 69.5881
67.2354 50.4726 68.2177 69.5881 67.8971 81.252
68.1467 42.4064 67.2354 50.4726 73.4725 63.4287
70.5065 10.1952 68.1467 42.4064 73.4725 63.4287
68.1467 42.4064 70.5065 10.1952 69.0111 -0.460777
72.8568 93.7892 68.2177 69.5881 73.4725 63.4287
68.1467 42.4064 67.2354 50.4726 63.7198 81.3636
67.5635 18.1621 68.1467 42.4064 63.7198 81.3636
63.6528 17.3533 67.5635 18.1621 63.7198 81.3636
61.1643 11.7763 63.6528 17.3533 67.5635 18.1621
67.5635 18.1621 61.1643 11.7763 62.1861 -1.13459
56.9261 39.9696 57.508 51.9156 58.5427 60.0746
61.1643 11.7763 56.9261 39.9696 58.5427 60.0746
56.9261 39.9696 61.1643 11.7763 62.1861 -1.13459
57.508 51.9156 53.606 68.251 52.7324 80.9002
53.606 68.251 57.508 51.9156 56.9261 39.9696
60.0541 90.1457 61.1038 31.9916 61.1643 11.7763
61.1038 31.9916 63.6528 17.3533 61.1643 11.7763
62.2724 67.3376 61.1038 31.9916 63.6528 17.3533
51.6475 41.2059 53.606 68.251 52.7324 80.9002
53.606 68.251 51.6475 41.2059 53.3211 33.9313
42.4852 62.3155 43.2354 72.8121 47.2801 90.2314
48.6909 62.178 42.4852 62.3155 47.2801 90.2314
50.3607 47.1278 48.6909 62.178 47.2801 90.2314
48.6909 62.178 50.3607 47.1278 52.35 8.56533
50.3607 47.1278 51.6475 41.2059 52.35 8.56533
51.6475 41.2059 53.3211 33.9313 52.35 8.56533
40.42 51.5738 42.4852 62.3155 43.2354 72.8121
39.0075 37.558 40.42 51.5738 42.4852 62.3155
42.3905 32.6273 39.0075 37.558 42.4852 62.3155
39.0075 37.558 42.3905 32.6273 40.8594 10.4137
40.42 51.5738 38.5574 79.2636 39.9502 89.1695
39.0075 37.558 40.42 51.5738 38.5574 79.2636
36.8456 22.3548 39.0075 37.558 38.5574 79.2636
39.0075 37.558 36.8456 22.3548 36.4831 1.08962
30.3932 73.094 29.1944 83.9397 31.1926 86.582
31.1343 53.8697 30.3932 73.094 31.1926 86.582
31.6944 31.2624 31.1343 53.8697 31.1926 86.582
36.8456 22.3548 31.6944 31.2624 31.1926 86.582
31.6944 31.2624 36.8456 22.3548 36.4831 1.08962
28.4531 58.9474 30.3932 73.094 29.1944 83.9397
26.5703 37.0434 28.4531 58.9474 29.1944 83.9397
28.4531 58.9474 26.5703 37.0434 28.2896 3.21596
23.9622 49.6248 21.1545 79.199 21.2765 87.8559
26.5703 37.0434 23.9622 49.6248 21.2765 87.8559
23.9622 49.6248 26.5703 37.0434 28.2896 3.21596
20.2492 70.0774 21.1545 79.199 21.2765 87.8559
17.9852 60.6132 20.2492 70.0774 21.2765 87.8559
12.5472 21.8408 17.1854 42.0978 17.9852 60.6132
12.5472 21.8408 17.9852 60.6132 21.2765 87.8559
17.1854 42.0978 12.5472 21.8408 10.2804 10.5267
6.98933 81.646 2.86869 91.53 6.94301 93.5878
9.71327 37.6824 6.98933 81.646 6.94301 93.5878
12.5472 21.8408 12.2885 26.3158 9.71327 37.6824
6.98933 81.646 9.71327 37.6824 10.2804 10.5267
9.71327 37.6824 12.5472 21.8408 10.2804 10.5267
9.71327 37.6824 11.9474 58.3385 11.4573 68.8697
11.9474 58.3385 9.71327 37.6824 12.2885 26.3158
2.51512 48.8134 6.98933 81.646 2.86869 91.53
6.98933 81.646 2.51512 48.8134 6.3597 46.7725
2.35677 38.9757 6.3597 46.7725 2.51512 48.8134
2.35677 38.9757 2.51512 48.8134 1.86459 81.586
0.745876 18.0587 2.35677 38.9757 1.86459 81.586
2.35677 38.9757 0.745876 18.0587 0.796685 -0.309631
0.745876 18.0587 -0.774701 7.0624 0.796685 -0.309631
-2.5095 70.7229 -1.00323 29.6131 -0.774701 7.0624
-1.00323 29.6131 0.745876 18.0587 -0.774701 7.0624
0.326403 59.7421 -1.00323 29.6131 0.745876 18.0587
18.197 31.9634 17.1854 42.0978 17.9852 60.6132
17.1854 42.0978 18.197 31.9634 13.7227 1.77576
21.1545 79.199 20.2492 70.0774 20.9167 23.2985
23.2325 13.2749 23.9622 49.6248 21.1545 79.199
21.1545 79.199 23.2325 13.2749 22.1949 3.62566
29.393 19.4224 31.1343 53.8697 30.3932 73.094
31.1343 53.8697 29.393 19.4224 30.7217 6.77782
48.7874 16.1443 48.6909 62.178 42.4852 62.3155
42.4852 62.3155 48.7874 16.1443 46.2959 -2.69139
91.8861 42.4725 92.5862 63.074 91.5006 68.6219
90.6732 23.0307 91.8861 42.4725 91.5006 68.6219
91.8861 42.4725 90.6732 23.0307 90.1001 9.34483
90.1001 9.34483 90.6732 23.0307 90.2655 27.1179
90.2655 27.1179 90.1001 9.34483 89.9982 0.0294634
107.13 13.71 100.739 16.1651 108.511 19.178
100.739 16.1651 107.13 13.71 100.822 6.08021
178.878 58.5864 176.865 67.5173 176.652 81.1935
180.478 29.0478 178.878 58.5864 176.865 67.5173
176.865 67.5173 180.478 29.0478 179.363 21.269
188.581 51.7002 187.624 87.8341 183.893 92.2406
183.33 50.9246 188.581 51.7002 183.893 92.2406
182.264 41.1364 183.33 50.9246 183.893 92.2406
180.478 29.0478 182.264 41.1364 183.893 92.2406
182.264 41.1364 180.478 29.0478 179.363 21.269
183.33 50.9246 182.264 41.1364 180.536 0.883041
193.887 81.804 187.624 87.8341 183.893 92.2406
192.089 68.0803 193.887 81.804 187.624 87.8341
196.237 57.4263 192.089 68.0803 193.887 81.804
197.147 52.2419 196.237 57.4263 193.887 81.804
196.237 57.4263 197.147 52.2419 200.17 31.367
198.073 69.2917 201.198 81.345 199.729 90.6464
197.147 52.2419 198.073 69.2917 201.198 81.345
200.17 31.367 197.147 52.2419 201.198 81.345
201.68 22.7542 200.17 31.367 201.198 81.345
203.379 6.81288 206.743 18.2331 201.68 22.7542
203.379 6.81288 201.68 22.7542 200.17 31.367
206.743 18.2331 203.379 6.81288 206.363 -3.29374
207.029 46.216 210.201 68.8469 206.217 77.3851
201.68 22.7542 207.029 46.216 206.217 77.3851
207.029 46.216 201.68 22.7542 206.743 18.2331
193.34 56.672 196.237 57.4263 192.089 68.0803
189.024 40.5341 193.34 56.672 192.089 68.0803
189.711 26.9422 189.024 40.5341 193.34 56.672
190.17 18.6883 189.711 26.9422 193.34 56.672
191.25 10.1351 190.17 18.6883 193.34 56.672
193.34 56.672 191.25 10.1351 193.11 0.357678
197.052 38.7806 193.34 56.672 196.237 57.4263
193.34 56.672 197.052 38.7806 196.123 2.19058
210.201 68.8469 207.029 46.216 209.399 11.1559
210.201 68.8469 206.217 77.3851 208.255 87.9465
212.999 60.7698 210.201 68.8469 208.255 87.9465
211.446 43.8527 212.999 60.7698 210.201 68.8469
211.809 29.6686 211.446 43.8527 212.999 60.7698
218.588 20.7813 211.809 29.6686 212.999 60.7698
211.809 29.6686 218.588 20.7813 218.402 13.8836
219.417 37.7573 223.479 61.9515 220.827 67.8081
218.588 20.7813 219.417 37.7573 220.827 67.8081
219.417 37.7573 218.588 20.7813 218.402 13.8836
220.827 67.8081 221.448 79.776 223.688 91.501
223.479 61.9515 220.827 67.8081 223.688 91.501
223.752 46.1514 223.479 61.9515 223.688 91.501
223.315 33.2657 226.398 40.5103 223.752 46.1514
223.315 33.2657 223.752 46.1514 223.479 61.9515
226.398 40.5103 223.315 33.2657 223.853 -3.78172
226.398 40.5103 229.87 31.2584 227.219 23.3597
226.398 40.5103 223.752 46.1514 226.378 52.5308
226.398 40.5103 226.378 52.5308 228.864 79.9182
229.87 31.2584 226.398 40.5103 228.864 79.9182
231.772 12.766 229.87 31.2584 228.864 79.9182
229.87 31.2584 231.772 12.766 231.678 -1.45478
231.772 12.766 233.482 66.6636 233.753 91.014
233.482 66.6636 231.772 12.766 231.678 -1.45478
233.904 57.5505 233.482 66.6636 233.753 91.014
237.846 38.1946 238.334 49.3909 233.904 57.5505
233.482 66.6636 233.904 57.5505 236.497 -3.67622
233.904 57.5505 237.846 38.1946 236.497 -3.67622
236.23 73.9186 233.904 57.5505 238.334 49.3909
238.334 49.3909 239.102 62.4552 240.576 76.889
237.846 38.1946 238.334 49.3909 240.576 76.889
241.71 30.9916 237.846 38.1946 240.576 76.889
242.406 23.3276 241.71 30.9916 237.846 38.1946
237.846 38.1946 242.406 23.3276 240.062 12.6544
247.611 36.1555 248.114 88.61 241.73 90.559
241.71 30.9916 247.611 36.1555 241.73 90.559
242.406 23.3276 241.71 30.9916 247.611 36.1555
247.236 21.0377 242.406 23.3276 247.611 36.1555
242.406 23.3276 247.236 21.0377 246.516 1.71219
248.646 31.2888 247.611 36.1555 248.114 88.61
247.611 36.1555 248.646 31.2888 251.033 12.8688
253.797 60.6135 256.575 62.6376 252.597 67.5256
253.797 60.6135 252.597 67.5256 249.814 76.1841
248.646 31.2888 253.797 60.6135 249.814 76.1841
253.797 60.6135 248.646 31.2888 251.033 12.8688
253.905 50.4323 253.797 60.6135 256.575 62.6376
258.471 41.4791 253.905 50.4323 256.575 62.6376
258.471 41.4791 256.575 62.6376 257.84 86.7399
258.104 27.8531 258.471 41.4791 253.905 50.4323
253.905 50.4323 258.104 27.8531 257.532 10.1986
258.104 27.8531 260.409 69.8089 260.882 83.4947
260.409 69.8089 258.104 27.8531 257.532 10.1986
262.203 53.1329 260.409 69.8089 260.882 83.4947
262.271 21.8587 262.203 53.1329 260.409 69.8089
260.409 69.8089 262.271 21.8587 261.092 -2.90283
262.271 21.8587 266.328 7.61514 261.092 -2.90283
266.106 69.281 266.842 36.218 262.271 21.8587
267.508 53.036 268.12 57.6916 268.339 82.173
266.842 36.218 267.508 53.036 268.339 82.173
267.508 53.036 266.842 36.218 266.328 7.61514
266.842 36.218 262.271 21.8587 266.328 7.61514
269.809 28.5467 267.508 53.036 268.12 57.6916
269.849 16.1304 269.809 28.5467 267.508 53.036
267.508 53.036 269.849 16.1304 269.588 3.31994
277.515 51.3757 278.24 67.5177 277.547 89.0221
269.849 16.1304 269.809 28.5467 277.515 51.3757
278.24 67.5177 277.515 51.3757 276.607 12.2001
277.515 51.3757 269.849 16.1304 276.607 12.2001
273.402 90.181 276.327 58.9673 269.809 28.5467
276.327 58.9673 277.515 51.3757 269.809 28.5467
280.773 41.041 278.24 67.5177 277.547 89.0221
282.128 30.9919 280.773 41.041 277.547 89.0221
280.773 41.041 282.128 30.9919 279.298 16.1033
282.413 77.4487 286.6 79.0846 289.129 86.4647
282.128 30.9919 282.413 77.4487 286.6 79.0846
286.6 79.0846 282.128 30.9919 282.75 0.831561
282.128 30.9919 279.298 16.1033 282.75 0.831561
289.647 33.0769 286.6 79.0846 289.129 86.4647
289.308 22.2735 289.647 33.0769 286.6 79.0846
286.6 79.0846 289.308 22.2735 288.997 -3.46832
292.653 47.7515 292.136 62.3545 291.811 67.9961
291.264 38.2996 292.653 47.7515 291.811 67.9961
289.647 33.0769 291.264 38.2996 291.811 67.9961
291.264 38.2996 289.647 33.0769 289.308 22.2735
292.136 62.3545 296.248 77.4417 296.519 91.3584
296.248 77.4417 292.136 62.3545 292.653 47.7515
292.653 47.7515 291.264 38.2996 292.117 10.7898
297.438 62.0838 296.248 77.4417 296.519 91.3584
299.089 41.7863 297.438 62.0838 296.519 91.3584
297.438 62.0838 299.089 41.7863 300.604 19.2151
299.089 41.7863 302.483 32.7595 300.604 19.2151
302.483 32.7595 299.089 41.7863 300.921 46.8879
302.483 32.7595 300.921 46.8879 301.804 67.1083
306.752 28.7319 302.483 32.7595 301.804 67.1083
307.826 16.458 306.752 28.7319 302.483 32.7595
302.1 8.99431 307.826 16.458 302.483 32.7595
307.826 16.458 302.1 8.99431 303.949 -3.09334
306.849 49.9248 306.331 61.0829 306.894 91.8102
306.752 28.7319 306.849 49.9248 306.331 61.0829
307.826 16.458 306.752 28.7319 306.849 49.9248
310.432 11.8078 307.826 16.458 306.849 49.9248
307.826 16.458 310.432 11.8078 313.916 3.03697
322.31 72.7626 322.471 80.6855 319.434 90.6626
320.051 60.9256 322.31 72.7626 319.434 90.6626
317.004 46.4747 320.051 60.9256 319.434 90.6626
316.027 31.6 317.004 46.4747 320.051 60.9256
320.051 60.9256 316.027 31.6 313.916 3.03697
316.027 31.6 310.432 11.8078 313.916 3.03697
309.127 80.4589 311.091 36.5988 310.432 11.8078
311.091 36.5988 316.027 31.6 310.432 11.8078
312.439 71.4463 311.091 36.5988 316.027 31.6
323.605 36.2313 322.31 72.7626 322.471 80.6855
323.869 16.4567 323.605 36.2313 322.31 72.7626
323.039 9.40684 323.869 16.4567 322.31 72.7626
322.31 72.7626 323.039 9.40684 321.678 -1.48037
328.546 26.4753 330.957 63.6347 331.215 77.7537
323.039 9.40684 323.869 16.4567 328.546 26.4753
330.957 63.6347 328.546 26.4753 327.561 -1.72534
328.546 26.4753 323.039 9.40684 327.561 -1.72534
327.959 72.9055 328.546 26.4753 323.869 16.4567
330.957 63.6347 331.215 77.7537 332.425 91.8591
331.324 21.0536 330.957 63.6347 332.425 91.8591
330.957 63.6347 331.324 21.0536 330.153 10.5078
333.006 38.2416 337.186 49.6836 333.589 50.3874
331.324 21.0536 333.006 38.2416 337.186 49.6836
337.186 49.6836 331.324 21.0536 330.153 10.5078
333.589 50.3874 338.782 58.2765 337.292 80.7144
337.186 49.6836 333.589 50.3874 338.782 58.2765
339.704 18.3127 337.186 49.6836 338.782 58.2765
337.186 49.6836 339.704 18.3127 337.219 7.65144
342.927 43.4442 342.985 73.6509 340.884 86.6055
343.158 31.7384 346.834 41.1884 342.927 43.4442
343.158 31.7384 342.927 43.4442 340.884 86.6055
339.704 18.3127 343.158 31.7384 340.884 86.6055
337.219 7.65144 339.704 18.3127 343.158 31.7384
343.158 31.7384 337.219 7.65144 340.567 0.74619
346.834 41.1884 343.158 31.7384 346.238 27.7081
351.235 67.55 350.355 79.148 346.192 93.2752
350.494 58.877 351.235 67.55 346.192 93.2752
347.471 53.8227 350.494 58.877 346.192 93.2752
342.927 43.4442 347.471 53.8227 346.192 93.2752
346.834 41.1884 342.927 43.4442 347.471 53.8227
347.471 53.8227 346.834 41.1884 350.1 -1.84163
353.92 19.5965 350.494 58.877 351.235 67.55
350.494 58.877 353.92 19.5965 353.855 9.82359
