50.8853 15.0497 51.1405 28.6708 50.6606 29.8374
50.4633 12.7635 50.8853 15.0497 50.6606 29.8374
50.3462 6.60932 50.4633 12.7635 50.8853 15.0497
50.8853 15.0497 50.3462 6.60932 50.9774 5.71448
50.3462 6.60932 48.0424 20.8979 49.6597 22.5348
48.0424 20.8979 50.3462 6.60932 49.9852 5.68205
50.3462 6.60932 50.9774 5.71448 49.9852 5.68205
52.5806 26.5561 51.1405 28.6708 50.6606 29.8374
52.6099 25.8848 52.5806 26.5561 51.1405 28.6708
51.7161 4.24313 52.6099 25.8848 51.1405 28.6708
51.1405 28.6708 51.7161 4.24313 51.3964 1.42338
53.2196 23.4128 52.6099 25.8848 52.5806 26.5561
52.6099 25.8848 53.2196 23.4128 54.0036 17.2076
54.0036 17.2076 53.2196 23.4128 54.1428 24.6634
54.3528 8.50145 54.0036 17.2076 54.1428 24.6634
54.0036 17.2076 54.3528 8.50145 53.9716 2.9676
54.5414 9.74338 55.534 20.9275 55.5306 21.6527
54.3528 8.50145 54.5414 9.74338 55.5306 21.6527
54.5414 9.74338 54.3528 8.50145 53.9716 2.9676
54.8086 8.49776 54.5414 9.74338 55.534 20.9275
54.5414 9.74338 54.8086 8.49776 55.5706 0.0392917
55.5306 21.6527 55.6941 27.3566 55.6732 28.4713
55.534 20.9275 55.5306 21.6527 55.6941 27.3566
55.6941 27.3566 55.534 20.9275 55.7609 18.9716
56.7211 17.0808 55.6941 27.3566 55.6732 28.4713
55.6941 27.3566 56.7211 17.0808 55.9716 16.6723
58.7447 17.6608 59.7138 23.7662 59.9052 28.6505
55.9716 16.6723 56.7211 17.0808 58.7447 17.6608
58.8308 10.5497 55.9716 16.6723 58.7447 17.6608
58.8308 10.5497 58.7447 17.6608 59.7138 23.7662
59.7138 23.7662 58.8308 10.5497 58.9344 5.17774
57.8885 17.9238 58.7447 17.6608 56.7211 17.0808
55.9716 16.6723 58.8308 10.5497 57.09 2.19655
59.7138 23.7662 59.9052 28.6505 60.2619 28.9755
60.2162 23.7335 59.7138 23.7662 60.2619 28.9755
62.1566 10.9705 60.2162 23.7335 60.2619 28.9755
61.0782 7.33064 62.1566 10.9705 60.2162 23.7335
60.4525 7.03979 61.0782 7.33064 60.2162 23.7335
60.6287 6.2508 60.4525 7.03979 61.0782 7.33064
62.49 4.96449 60.6287 6.2508 61.0782 7.33064
60.6287 6.2508 62.49 4.96449 63.2693 0.337387
62.4777 9.14392 63.6376 19.2067 62.3111 22.5423
62.49 4.96449 62.4777 9.14392 62.3111 22.5423
62.4777 9.14392 62.49 4.96449 63.2693 0.337387
63.6376 19.2067 62.3111 22.5423 65.14 25.2316
66.3917 18.7006 63.6376 19.2067 65.14 25.2316
65.2508 17.643 66.3917 18.7006 63.6376 19.2067
64.0989 16.5294 65.2508 17.643 63.6376 19.2067
63.6376 19.2067 64.0989 16.5294 64.1047 3.4898
66.8575 10.4915 65.2508 17.643 66.3917 18.7006
65.2508 17.643 66.8575 10.4915 66.5718 10.1654
68.0993 16.3293 69.4036 19.8323 68.4063 28.1814
68.4329 14.204 68.0993 16.3293 69.4036 19.8323
67.8545 12.209 68.4329 14.204 68.0993 16.3293
66.8344 10.0493 66.5718 10.1654 66.8575 10.4915
66.8344 10.0493 66.8575 10.4915 67.8545 12.209
67.3441 8.57528 66.8344 10.0493 67.8545 12.209
67.3441 8.57528 67.8545 12.209 68.4329 14.204
66.8344 10.0493 67.3441 8.57528 66.9964 6.51384
67.4534 16.6042 67.8545 12.209 66.8575 10.4915
66.5718 10.1654 66.8344 10.0493 65.2928 0.64788
69.9156 19.5559 69.4036 19.8323 68.4063 28.1814
70.3122 4.96301 69.9156 19.5559 69.4036 19.8323
69.4036 19.8323 70.3122 4.96301 70.0417 4.65513
70.6856 3.65349 70.0417 4.65513 70.3122 4.96301
70.6856 3.65349 70.3122 4.96301 70.4701 9.0032
70.6856 3.65349 70.4701 9.0032 70.7067 26.4311
70.4985 2.07653 70.6856 3.65349 70.0417 4.65513
70.3463 1.41172 70.4985 2.07653 70.0417 4.65513
70.0417 4.65513 70.3463 1.41172 70.1823 1.40045
72.4371 16.563 70.8702 17.781 71.244 23.1621
72.1532 9.09063 72.4371 16.563 70.8702 17.781
70.8117 8.16905 72.1532 9.09063 70.8702 17.781
70.9267 4.48112 70.8117 8.16905 72.1532 9.09063
70.4985 2.07653 70.9267 4.48112 72.1532 9.09063
72.1532 9.09063 70.4985 2.07653 70.3463 1.41172
72.1532 9.09063 72.4371 16.563 72.59 20.0181
72.592 6.04869 72.1532 9.09063 72.59 20.0181
72.7973 1.03332 72.592 6.04869 72.1532 9.09063
72.1532 9.09063 72.7973 1.03332 72.3986 0.074446
73.3212 7.21639 73.8746 24.1597 73.7775 25.3538
73.7775 25.3538 73.3212 7.21639 72.592 6.04869
73.3212 7.21639 74.1543 16.7438 74.4744 21.0585
74.1543 16.7438 73.3212 7.21639 72.7973 1.03332
73.3212 7.21639 72.592 6.04869 72.7973 1.03332
74.4309 5.99262 75.5794 12.1444 74.1543 16.7438
75.5794 12.1444 74.4309 5.99262 75.0551 3.63247
75.5794 12.1444 74.1543 16.7438 74.4744 21.0585
76.3858 10.8875 75.5794 12.1444 74.4744 21.0585
75.5794 12.1444 76.3858 10.8875 78.188 4.54611
76.3858 10.8875 77.9358 10.7558 78.188 4.54611
76.7454 16.5334 76.3858 10.8875 77.9358 10.7558
77.9358 10.7558 79.4243 18.8914 78.8305 24.7445
79.4243 18.8914 77.9358 10.7558 78.188 4.54611
79.8255 25.599 80.183 26.2848 78.9749 26.7686
78.8305 24.7445 79.8255 25.599 78.9749 26.7686
79.4243 18.8914 78.8305 24.7445 79.8255 25.599
79.8255 25.599 79.4243 18.8914 79.1534 5.92428
79.8275 23.7267 79.8255 25.599 80.183 26.2848
79.8275 23.7267 80.183 26.2848 80.4263 27.9726
80.6324 21.9312 79.8275 23.7267 80.4263 27.9726
80.6068 18.0739 80.6324 21.9312 79.8275 23.7267
80.0246 11.4602 80.6068 18.0739 79.8275 23.7267
80.6068 18.0739 80.0246 11.4602 80.5225 6.80696
81.5842 15.9565 80.6068 18.0739 80.6324 21.9312
82.9224 12.916 81.5842 15.9565 80.6068 18.0739
83.1634 7.37435 82.9224 12.916 80.6068 18.0739
82.1685 4.49257 83.1634 7.37435 80.6068 18.0739
80.6068 18.0739 82.1685 4.49257 81.2607 2.47413
83.7751 29.3529 81.5842 15.9565 82.9224 12.916
84.4367 5.7412 83.1634 7.37435 82.9224 12.916
83.1634 7.37435 84.4367 5.7412 83.3673 5.30035
86.4517 23.7962 86.8287 24.1256 87.3299 27.1222
84.1675 18.8181 86.4517 23.7962 87.3299 27.1222
84.4367 5.7412 84.1675 18.8181 86.4517 23.7962
86.4517 23.7962 84.4367 5.7412 86.5722 2.80004
84.4367 5.7412 83.3673 5.30035 86.5722 2.80004
88.6375 15.2105 86.8287 24.1256 87.3299 27.1222
86.8287 24.1256 88.6375 15.2105 87.1439 14.4442
88.9907 26.4911 93.6123 27.618 88.1475 27.9834
89.7762 21.7795 88.9907 26.4911 88.1475 27.9834
88.6375 15.2105 89.7762 21.7795 88.1475 27.9834
87.48 7.90603 87.1439 14.4442 88.6375 15.2105
87.48 7.90603 88.6375 15.2105 89.7762 21.7795
89.7762 21.7795 87.48 7.90603 87.7221 6.3229
92.0764 25.8829 93.159 26.3586 88.9907 26.4911
90.2848 18.0883 92.0764 25.8829 93.159 26.3586
92.0687 13.005 90.2848 18.0883 93.159 26.3586
89.7799 11.4357 92.0687 13.005 90.2848 18.0883
93.7203 9.28771 89.7799 11.4357 92.0687 13.005
89.7799 11.4357 93.7203 9.28771 95.4078 7.43166
94.6398 19.0752 94.8643 19.171 94.2457 26.5554
94.0494 10.7467 94.6398 19.0752 94.8643 19.171
94.6398 19.0752 94.0494 10.7467 93.7203 9.28771
94.0494 10.7467 96.2745 19.826 96.3491 29.8308
93.7203 9.28771 94.0494 10.7467 96.2745 19.826
96.2745 19.826 93.7203 9.28771 95.4078 7.43166
93.159 26.3586 88.9907 26.4911 93.6123 27.618
93.2844 23.0173 93.159 26.3586 93.6123 27.618
93.6265 20.7038 93.2844 23.0173 93.6123 27.618
93.6123 27.618 93.6265 20.7038 93.6875 13.1555
96.6914 6.66506 96.2745 19.826 96.3491 29.8308
96.2745 19.826 96.6914 6.66506 96.6924 2.80354
96.6914 6.66506 96.7962 6.20353 96.6924 2.80354
98.7173 16.5524 97.9296 28.9226 97.443 29.7022
99.7214 12.366 98.7173 16.5524 97.9296 28.9226
96.7962 6.20353 99.7214 12.366 98.7173 16.5524
99.7214 12.366 96.7962 6.20353 96.6924 2.80354
96.755 24.6259 96.7855 13.9724 96.6914 6.66506
96.6914 6.66506 96.7855 13.9724 96.9733 19.162
96.9733 19.162 96.6914 6.66506 96.7962 6.20353
49.6242 24.3642 49.6597 22.5348 50.3141 20.9011
49.6597 22.5348 49.6242 24.3642 45.5874 28.6852
48.0424 20.8979 49.6597 22.5348 45.5874 28.6852
45.3012 18.7222 48.0424 20.8979 45.5874 28.6852
45.2609 17.9852 45.3012 18.7222 48.0424 20.8979
48.0424 20.8979 45.2609 17.9852 46.9719 1.27487
45.3012 18.7222 44.8377 20.9195 44.547 25.309
44.8377 20.9195 45.3012 18.7222 45.2609 17.9852
44.9459 14.6053 44.8377 20.9195 44.547 25.309
44.8377 20.9195 44.9459 14.6053 45.2159 7.6089
44.9459 14.6053 44.3612 16.0014 43.5404 23.2333
44.3612 16.0014 44.9459 14.6053 45.2159 7.6089
42.8079 14.1555 44.3612 16.0014 43.5404 23.2333
43.4395 5.56979 42.8079 14.1555 44.3612 16.0014
44.3612 16.0014 43.4395 5.56979 43.5698 5.54083
41.4049 20.4938 40.8114 20.5958 40.8859 24.569
41.8254 18.5363 41.4049 20.4938 40.8859 24.569
42.8079 14.1555 41.8254 18.5363 40.8859 24.569
41.8254 18.5363 42.8079 14.1555 43.4395 5.56979
40.642 12.9076 40.8114 20.5958 40.8859 24.569
40.229 11.9778 40.642 12.9076 40.8859 24.569
40.1646 9.96802 40.229 11.9778 40.642 12.9076
40.0431 6.39469 38.1796 9.2921 40.1646 9.96802
40.0431 6.39469 40.1646 9.96802 40.642 12.9076
38.1796 9.2921 40.0431 6.39469 39.2649 1.00377
40.1646 9.96802 37.7318 14.5867 39.5803 18.298
38.1796 9.2921 40.1646 9.96802 37.7318 14.5867
37.3022 8.43457 38.1796 9.2921 37.7318 14.5867
38.1796 9.2921 37.3022 8.43457 37.0182 3.96115
36.6918 8.80048 36.6425 10.8081 37.0507 17.3914
37.3022 8.43457 36.6918 8.80048 37.0507 17.3914
36.6918 8.80048 37.3022 8.43457 37.0182 3.96115
35.6825 14.9914 35.8934 15.2529 36.3009 23.6828
35.6525 14.0502 35.6825 14.9914 35.8934 15.2529
36.049 12.6295 35.6525 14.0502 35.8934 15.2529
36.6425 10.8081 36.049 12.6295 35.8934 15.2529
36.049 12.6295 36.6425 10.8081 36.6918 8.80048
33.8827 20.597 33.6948 21.892 35.1852 27.7079
35.6825 14.9914 33.8827 20.597 35.1852 27.7079
35.6525 14.0502 35.6825 14.9914 33.8827 20.597
34.5793 11.7197 35.6525 14.0502 33.8827 20.597
35.6525 14.0502 34.5793 11.7197 35.6258 0.678772
33.8827 20.597 33.6948 21.892 32.3889 23.0041
32.5002 17.69 33.8827 20.597 32.3889 23.0041
31.3167 15.9878 32.5002 17.69 32.3889 23.0041
30.6171 10.699 31.3167 15.9878 32.5002 17.69
31.0304 8.61982 30.1803 10.5973 30.6171 10.699
31.0304 8.61982 30.6171 10.699 32.5002 17.69
32.5002 17.69 31.0304 8.61982 31.7714 1.91019
30.7511 23.5037 31.3167 15.9878 30.6171 10.699
30.1803 10.5973 29.272 21.4093 29.2014 25.0065
30.2862 3.15989 31.0304 8.61982 30.1803 10.5973
30.2862 3.15989 30.1803 10.5973 29.272 21.4093
29.8248 2.28044 30.2862 3.15989 29.272 21.4093
27.2337 0.472283 27.9713 1.08773 29.8248 2.28044
30.2862 3.15989 29.8248 2.28044 29.1962 0.182676
29.8248 2.28044 27.2337 0.472283 29.1962 0.182676
26.58 7.58526 25.1561 18.6304 25.7796 21.4018
26.4027 1.38301 26.58 7.58526 25.1561 18.6304
27.9713 1.08773 26.4027 1.38301 26.58 7.58526
26.4027 1.38301 27.9713 1.08773 27.2337 0.472283
28.6821 7.88688 28.0778 18.7739 28.4262 23.5682
29.8248 2.28044 28.6821 7.88688 28.4262 23.5682
28.6821 7.88688 29.8248 2.28044 27.9713 1.08773
24.5784 21.4295 24.4335 25.3808 24.7833 28.2845
25.7796 21.4018 24.5784 21.4295 24.7833 28.2845
25.1561 18.6304 25.7796 21.4018 24.5784 21.4295
24.5784 21.4295 25.1561 18.6304 25.207 3.61597
24.5784 21.4295 24.4335 25.3808 23.2415 29.9153
24.317 12.3948 24.5784 21.4295 23.2415 29.9153
24.5032 9.02675 24.317 12.3948 24.5784 21.4295
22.7666 5.0448 24.5032 9.02675 24.317 12.3948
24.5032 9.02675 22.7666 5.0448 23.2782 0.83123
22.5606 21.085 21.0106 24.9181 22.1767 28.6575
21.6239 13.6064 22.5606 21.085 21.0106 24.9181
22.7666 5.0448 21.6239 13.6064 22.5606 21.085
21.6239 13.6064 22.7666 5.0448 23.2782 0.83123
21.0106 24.9181 22.1767 28.6575 20.7627 29.323
20.2698 20.4484 21.0106 24.9181 20.7627 29.323
19.7812 11.7205 20.2698 20.4484 21.0106 24.9181
17.9434 10.5346 19.7812 11.7205 20.2698 20.4484
16.5032 9.47154 17.9434 10.5346 19.7812 11.7205
19.7812 11.7205 16.5032 9.47154 16.3116 9.10925
15.4257 15.6126 17.4264 16.8503 17.3365 22.8944
13.7983 13.7049 15.4257 15.6126 17.4264 16.8503
15.3175 13.0829 13.7983 13.7049 17.4264 16.8503
16.5032 9.47154 15.3175 13.0829 17.4264 16.8503
15.3175 13.0829 16.5032 9.47154 16.3116 9.10925
17.3365 22.8944 17.4264 16.8503 17.7985 10.7544
13.7983 13.7049 13.2972 15.6386 13.503 22.3407
13.2972 15.6386 13.7983 13.7049 13.6255 10.936
13.7983 13.7049 15.3175 13.0829 13.6255 10.936
13.2972 15.6386 13.503 22.3407 13.1561 26.6679
13.1287 12.5055 13.2972 15.6386 13.1561 26.6679
11.6044 3.40058 11.9772 6.2566 13.1287 12.5055
13.2972 15.6386 13.1287 12.5055 12.7024 2.80637
13.1287 12.5055 11.6044 3.40058 12.7024 2.80637
11.6044 3.40058 9.8843 2.96811 12.7024 2.80637
9.30801 6.54033 8.95124 11.2229 9.31939 12.9399
8.95124 11.2229 9.30801 6.54033 9.07983 1.07707
9.30801 6.54033 9.8843 2.96811 9.07983 1.07707
9.8843 2.96811 12.7024 2.80637 9.07983 1.07707
10.0482 23.2234 11.0092 24.9916 11.3165 26.0491
10.2545 19.6199 10.0482 23.2234 11.0092 24.9916
10.1099 15.6879 10.2545 19.6199 10.0482 23.2234
9.30801 6.54033 10.1099 15.6879 10.0482 23.2234
10.1099 15.6879 9.30801 6.54033 9.8843 2.96811
11.9772 6.2566 12.1467 17.449 12.4463 28.3345
12.1467 17.449 11.9772 6.2566 11.6044 3.40058
10.2545 19.6199 10.1099 15.6879 10.4304 3.50696
10.6587 20.9267 11.0092 24.9916 11.3165 26.0491
11.3165 26.0491 10.6587 20.9267 11.5808 15.9928
8.95124 11.2229 9.31939 12.9399 8.81035 16.1055
7.49756 7.54637 8.95124 11.2229 8.81035 16.1055
8.95124 11.2229 7.49756 7.54637 7.43619 4.35653
7.49756 7.54637 6.84178 7.46031 7.43619 4.35653
4.7653 10.5416 5.68908 11.5163 6.95147 12.4125
7.35563 17.0367 6.95147 12.4125 7.49756 7.54637
6.95147 12.4125 4.7653 10.5416 7.49756 7.54637
4.7653 10.5416 4.48497 10.8794 4.7046 12.8845
4.7653 10.5416 4.7046 12.8845 5.61866 28.3241
6.84178 7.46031 7.49756 7.54637 4.7653 10.5416
6.84178 7.46031 4.7653 10.5416 4.48497 10.8794
4.48497 10.8794 6.84178 7.46031 6.17368 1.76941
6.20485 26.0561 6.95147 12.4125 5.68908 11.5163
4.7046 12.8845 4.15416 24.6766 4.57679 26.6764
4.48497 10.8794 4.7046 12.8845 4.15416 24.6766
4.10356 10.2809 4.48497 10.8794 4.15416 24.6766
3.52703 5.21816 4.10356 10.2809 4.48497 10.8794
3.49719 3.9878 3.52703 5.21816 4.48497 10.8794
4.13218 3.33853 3.49719 3.9878 4.48497 10.8794
3.20685 2.98808 4.13218 3.33853 3.49719 3.9878
4.13218 3.33853 3.20685 2.98808 3.16241 2.87932
0.879045 9.46422 0.502462 23.1409 2.02045 29.7648
3.20685 2.98808 0.879045 9.46422 2.02045 29.7648
0.879045 9.46422 3.20685 2.98808 3.16241 2.87932
41.4049 20.4938 41.8254 18.5363 42.1023 15.4046
