179.07 46.0876 183.82 76.6888 183.9 90.6637
183.82 76.6888 179.07 46.0876 181.505 23.43
179.07 46.0876 171.727 40.3816 181.505 23.43
192.66 60.5774 193.018 78.8762 192.685 87.002
193.268 53.2321 192.66 60.5774 193.018 78.8762
188.432 42.3271 193.268 53.2321 192.66 60.5774
183.953 27.9071 188.432 42.3271 192.66 60.5774
181.505 23.43 183.953 27.9071 192.66 60.5774
179.291 7.97482 172.616 16.505 181.505 23.43
179.291 7.97482 181.505 23.43 183.953 27.9071
172.616 16.505 179.291 7.97482 176.078 2.18425
171.727 40.3816 170.221 66.5045 170.157 83.5149
170.221 66.5045 171.727 40.3816 172.616 16.505
171.727 40.3816 181.505 23.43 172.616 16.505
172.731 87.5345 173.64 50.8432 171.727 40.3816
173.64 50.8432 179.07 46.0876 171.727 40.3816
173.64 50.8432 178.112 63.6127 176.787 73.8554
178.112 63.6127 173.64 50.8432 179.07 46.0876
183.9 90.6637 183.82 76.6888 183.61 38.3055
166.802 31.6544 170.221 66.5045 170.157 83.5149
158.814 18.2231 161.793 30.0203 166.802 31.6544
167.724 8.11612 158.814 18.2231 166.802 31.6544
167.724 8.11612 166.802 31.6544 170.221 66.5045
170.221 66.5045 167.724 8.11612 169.97 -1.87898
166.802 31.6544 166.372 57.3656 162.941 77.7616
162.941 77.7616 166.802 31.6544 161.793 30.0203
159.263 52.5807 158.746 36.7173 161.793 30.0203
158.746 36.7173 156.829 63.6587 158.768 69.9427
158.814 18.2231 161.793 30.0203 158.746 36.7173
158.814 18.2231 158.746 36.7173 156.829 63.6587
156.829 63.6587 158.814 18.2231 158.274 -3.25386
158.768 69.9427 151.618 89.5118 156.901 92.7126
156.829 63.6587 158.768 69.9427 151.618 89.5118
153.569 60.8165 156.829 63.6587 151.618 89.5118
150.215 48.7597 153.569 60.8165 151.618 89.5118
148.311 38.1283 150.215 48.7597 151.618 89.5118
148.431 28.9996 148.311 38.1283 150.215 48.7597
150.215 48.7597 148.431 28.9996 148.691 21.0235
146.902 72.4338 142.535 79.9467 147.596 80.9527
148.311 38.1283 146.902 72.4338 147.596 80.9527
148.431 28.9996 148.311 38.1283 146.902 72.4338
146.902 72.4338 148.431 28.9996 147.654 6.5114
141.99 70.4972 146.902 72.4338 142.535 79.9467
142.044 51.812 141.99 70.4972 146.902 72.4338
146.902 72.4338 142.044 51.812 142.772 42.4445
140.002 30.3328 142.044 51.812 141.99 70.4972
140.659 6.54225 136.637 23.9089 140.002 30.3328
140.659 6.54225 140.002 30.3328 142.044 51.812
136.637 23.9089 140.659 6.54225 137.682 3.23177
131.054 81.9714 138.343 87.6477 132.209 88.2317
130.498 73.1534 131.054 81.9714 138.343 87.6477
136.076 60.24 130.498 73.1534 138.343 87.6477
140.002 30.3328 136.076 60.24 138.343 87.6477
136.076 60.24 140.002 30.3328 136.637 23.9089
128.54 56.279 130.498 73.1534 131.054 81.9714
127.932 48.8679 128.54 56.279 130.498 73.1534
130.498 73.1534 127.932 48.8679 128.748 33.6376
126.507 42.2483 127.932 48.8679 128.54 56.279
126.308 21.3478 126.507 42.2483 127.932 48.8679
126.279 6.5673 126.308 21.3478 127.932 48.8679
127.932 48.8679 126.279 6.5673 126.933 -0.540974
126.279 6.5673 122.794 26.6284 121.933 37.8471
122.794 26.6284 126.279 6.5673 126.933 -0.540974
123.102 48.5211 126.308 21.3478 126.279 6.5673
121.933 37.8471 121.7 57.1624 121.751 83.5764
121.7 57.1624 121.933 37.8471 121.843 3.12621
121.933 37.8471 122.794 26.6284 121.843 3.12621
119.653 23.4444 121.7 57.1624 121.751 83.5764
121.7 57.1624 119.653 23.4444 120.678 8.53484
113.184 76.0107 113.735 89.1977 116.382 92.7367
113.557 71.7165 113.184 76.0107 116.382 92.7367
118.639 71.3012 113.557 71.7165 116.382 92.7367
119.653 23.4444 118.639 71.3012 113.557 71.7165
113.557 71.7165 119.653 23.4444 120.678 8.53484
112.863 42.2876 113.557 71.7165 113.184 76.0107
113.086 16.2743 108.142 29.5385 112.863 42.2876
113.086 16.2743 112.863 42.2876 113.557 71.7165
108.142 29.5385 113.086 16.2743 112.77 -3.10303
108.154 46.1485 102.565 72.2738 101.369 82.7538
102.565 72.2738 108.154 46.1485 108.142 29.5385
108.154 46.1485 112.863 42.2876 108.142 29.5385
108.598 57.9005 108.154 46.1485 112.863 42.2876
103.766 42.1137 102.565 72.2738 101.369 82.7538
100.156 19.2593 103.766 42.1137 101.369 82.7538
103.766 42.1137 100.156 19.2593 97.4602 1.04205
96.1084 50.8283 98.8707 59.9362 97.9787 88.6181
96.6587 32.5625 96.1084 50.8283 98.8707 59.9362
100.156 19.2593 96.6587 32.5625 98.8707 59.9362
96.6587 32.5625 100.156 19.2593 97.4602 1.04205
96.6587 32.5625 96.1084 50.8283 93.8771 72.9514
93.8104 19.5256 96.6587 32.5625 93.8771 72.9514
96.6587 32.5625 93.8104 19.5256 93.91 7.23821
93.7232 26.119 92.8307 83.3653 93.2969 89.6969
93.8104 19.5256 93.7232 26.119 93.2969 89.6969
93.7232 26.119 93.8104 19.5256 93.91 7.23821
89.7089 53.7783 91.5422 63.8742 92.8307 83.3653
89.7089 53.7783 92.8307 83.3653 93.2969 89.6969
86.8952 38.9452 89.7089 53.7783 93.2969 89.6969
82.9185 -1.6264 86.8952 38.9452 89.7089 53.7783
89.7089 53.7783 82.9185 -1.6264 86.5685 -3.0301
82.7643 53.1836 81.0525 63.2023 81.9262 71.494
86.8952 38.9452 82.7643 53.1836 81.9262 71.494
82.7643 53.1836 86.8952 38.9452 82.9185 -1.6264
81.9262 71.494 78.69 83.1707 80.1116 91.7786
81.0525 63.2023 81.9262 71.494 78.69 83.1707
81.022 39.564 81.0525 63.2023 78.69 83.1707
76.5053 26.0412 81.022 39.564 78.69 83.1707
72.8284 22.9212 76.5053 26.0412 78.69 83.1707
76.5053 26.0412 72.8284 22.9212 76.8748 18.0276
71.9403 26.9798 69.2127 68.9447 69.0155 90.7974
72.8284 22.9212 71.9403 26.9798 69.0155 90.7974
76.0326 13.9964 76.8748 18.0276 72.8284 22.9212
71.9403 26.9798 72.8284 22.9212 69.3338 0.498915
72.8284 22.9212 76.0326 13.9964 69.3338 0.498915
68.8317 47.5006 69.2127 68.9447 69.0155 90.7974
69.2127 68.9447 68.8317 47.5006 68.747 42.0158
68.8317 47.5006 67.1446 56.3867 68.2319 78.3129
68.747 42.0158 68.8317 47.5006 67.1446 56.3867
67.1446 56.3867 68.747 42.0158 67.4778 7.41588
61.4711 37.5521 67.1446 56.3867 68.2319 78.3129
61.2274 21.5216 61.4711 37.5521 67.1446 56.3867
62.6615 10.4349 61.2274 21.5216 67.1446 56.3867
67.1446 56.3867 62.6615 10.4349 63.987 2.71412
61.4711 37.5521 58.4008 50.4054 58.8647 61.7301
58.4008 50.4054 61.4711 37.5521 61.2274 21.5216
57.5905 72.1435 57.0911 81.4702 58.8012 91.5385
58.8647 61.7301 57.5905 72.1435 58.8012 91.5385
58.4008 50.4054 58.8647 61.7301 57.5905 72.1435
57.5905 72.1435 58.4008 50.4054 58.0909 31.7766
57.0911 81.4702 50.9854 82.4872 53.3675 88.8443
57.5905 72.1435 57.0911 81.4702 50.9854 82.4872
51.3827 43.0179 57.5905 72.1435 50.9854 82.4872
52.5466 16.8454 51.3827 43.0179 57.5905 72.1435
49.9544 10.1396 52.5466 16.8454 51.3827 43.0179
52.5466 16.8454 49.9544 10.1396 49.1015 2.56464
48.4899 47.9067 47.9623 62.5465 48.3038 67.5633
48.5936 30.7066 48.4899 47.9067 47.9623 62.5465
47.9623 62.5465 48.5936 30.7066 49.1015 2.56464
48.5936 30.7066 49.9544 10.1396 49.1015 2.56464
42.855 37.7628 47.9623 62.5465 48.3038 67.5633
41.8924 30.1564 42.855 37.7628 47.9623 62.5465
47.9623 62.5465 41.8924 30.1564 39.2773 10.1256
38.9824 52.5835 36.8984 59.9664 37.7048 82.8041
41.8924 30.1564 38.9824 52.5835 36.8984 59.9664
36.8984 59.9664 41.8924 30.1564 39.2773 10.1256
41.2967 73.8452 38.9824 52.5835 41.8924 30.1564
36.8984 59.9664 37.7048 82.8041 36.9645 91.3642
36.5262 16.5122 36.8984 59.9664 36.9645 91.3642
36.8984 59.9664 36.5262 16.5122 36.7571 3.15936
31.9462 66.7347 28.788 80.2153 32.0988 88.2843
33.0869 46.3713 31.9462 66.7347 32.0988 88.2843
32.8879 37.8998 33.0869 46.3713 31.9462 66.7347
36.5262 16.5122 32.8879 37.8998 33.0869 46.3713
32.8879 37.8998 36.5262 16.5122 36.7571 3.15936
29.6951 60.1364 31.9462 66.7347 28.788 80.2153
28.2172 32.6982 29.6951 60.1364 28.788 80.2153
27.6447 21.0071 28.2172 32.6982 28.788 80.2153
28.2172 32.6982 27.6447 21.0071 28.138 6.68593
27.6447 21.0071 22.8493 62.1714 22.7802 91.99
28.138 6.68593 27.6447 21.0071 22.8493 62.1714
22.8493 62.1714 28.138 6.68593 26.7949 1.52265
22.4394 40.9201 22.8493 62.1714 22.7802 91.99
19.6762 11.8698 17.0563 16.5442 20.7697 28.5857
19.6762 11.8698 20.7697 28.5857 22.4394 40.9201
22.8493 62.1714 22.4394 40.9201 22.4286 -2.90378
22.4394 40.9201 19.6762 11.8698 22.4286 -2.90378
20.7697 28.5857 18.5034 49.5948 20.2208 80.9975
18.5034 49.5948 20.7697 28.5857 17.0563 16.5442
17.1763 68.8514 13.4003 17.4059 17.0563 16.5442
11.6412 29.5393 11.8067 57.0099 12.8383 93.6342
13.4003 17.4059 11.6412 29.5393 12.8383 93.6342
19.6762 11.8698 17.0563 16.5442 13.4003 17.4059
11.6412 29.5393 13.4003 17.4059 13.5598 9.99113
13.4003 17.4059 19.6762 11.8698 13.5598 9.99113
11.8067 57.0099 9.36502 70.81 7.58959 83.4036
11.6412 29.5393 11.8067 57.0099 9.36502 70.81
9.36502 70.81 11.6412 29.5393 9.78652 -1.88766
6.45378 46.2392 9.36502 70.81 7.58959 83.4036
9.36502 70.81 6.45378 46.2392 8.06455 36.9874
6.45378 46.2392 1.09549 72.818 3.68547 82.2387
8.06455 36.9874 6.45378 46.2392 1.09549 72.818
0.546752 33.0538 8.06455 36.9874 1.09549 72.818
8.06455 36.9874 0.546752 33.0538 1.40196 23.9451
0.546752 33.0538 -1.59734 47.3905 -0.0961337 58.5542
1.40196 23.9451 0.546752 33.0538 -1.59734 47.3905
-1.59734 47.3905 1.40196 23.9451 0.0831298 -2.13668
-1.59734 47.3905 -0.0961337 58.5542 -2.75509 90.255
-3.05667 37.7869 -1.59734 47.3905 -2.75509 90.255
-1.59734 47.3905 -3.05667 37.7869 -2.49768 8.89952
102.565 72.2738 103.766 42.1137 106.737 9.30298
103.766 42.1137 103.887 11.6035 106.737 9.30298
153.569 60.8165 150.215 48.7597 151.492 -3.58185
158.814 18.2231 167.724 8.11612 163.637 6.57801
183.953 27.9071 189.757 27.2122 187.78 -1.8731
189.757 27.2122 183.953 27.9071 188.432 42.3271
188.432 42.3271 189.757 27.2122 191.623 7.51893
189.757 27.2122 190.185 16.7431 191.623 7.51893
193.682 67.5997 193.018 78.8762 192.685 87.002
197.585 49.923 197.586 59.6382 193.682 67.5997
193.018 78.8762 193.682 67.5997 196.382 2.08013
193.682 67.5997 197.585 49.923 196.382 2.08013
197.586 59.6382 197.608 69.8765 198.317 82.4895
197.585 49.923 197.586 59.6382 198.317 82.4895
198.161 32.7255 197.585 49.923 198.317 82.4895
203.447 23.0151 198.161 32.7255 198.317 82.4895
198.161 32.7255 203.447 23.0151 201.37 9.84332
203.447 23.0151 206.699 22.8416 201.37 9.84332
203.763 37.8572 208.072 71.7082 203.538 89.2062
207.928 29.9029 203.763 37.8572 208.072 71.7082
203.447 23.0151 207.928 29.9029 203.763 37.8572
207.928 29.9029 203.447 23.0151 206.699 22.8416
208.072 71.7082 203.538 89.2062 206.404 92.0887
209.639 56.5793 208.072 71.7082 206.404 92.0887
209.545 11.1262 209.639 56.5793 208.072 71.7082
208.072 71.7082 209.545 11.1262 209.194 0.643701
216.458 46.2061 210.667 48.9562 210.644 80.5058
211.678 43.1188 216.458 46.2061 210.667 48.9562
209.545 11.1262 211.678 43.1188 210.667 48.9562
211.678 43.1188 209.545 11.1262 209.194 0.643701
216.458 46.2061 217.116 67.1389 216.568 91.5108
217.116 67.1389 216.458 46.2061 216.494 36.3842
216.458 46.2061 211.678 43.1188 216.494 36.3842
219.492 62.3389 217.116 67.1389 216.568 91.5108
222.863 26.7703 219.492 62.3389 217.116 67.1389
217.116 67.1389 222.863 26.7703 219.516 19.2062
226.005 27.4404 226.112 69.0976 226.026 83.2168
222.863 26.7703 226.005 27.4404 226.026 83.2168
219.516 19.2062 222.863 26.7703 226.005 27.4404
223.319 6.76946 219.516 19.2062 226.005 27.4404
219.516 19.2062 223.319 6.76946 221.334 2.85667
220.641 81.876 219.492 62.3389 222.863 26.7703
226.112 69.0976 226.026 83.2168 226.362 91.9618
228.92 60.164 226.112 69.0976 226.362 91.9618
230.666 47.7506 228.92 60.164 226.362 91.9618
231.66 37.4443 230.666 47.7506 228.92 60.164
228.92 60.164 231.66 37.4443 229.78 19.1206
236.6 36.9862 231.66 37.4443 230.666 47.7506
236.208 32.933 236.6 36.9862 231.66 37.4443
233.255 8.61927 236.208 32.933 231.66 37.4443
231.66 37.4443 233.255 8.61927 231.662 0.89986
238.962 9.60242 236.208 32.933 236.6 36.9862
238.962 9.60242 236.6 36.9862 236.324 68.2284
236.208 32.933 238.962 9.60242 239.069 0.592879
239.716 23.3571 242.599 51.7228 242.87 62.2601
238.962 9.60242 239.716 23.3571 242.599 51.7228
242.599 51.7228 238.962 9.60242 239.069 0.592879
239.567 82.3085 239.716 23.3571 238.962 9.60242
246.021 42.4796 242.599 51.7228 242.87 62.2601
246.021 42.4796 242.87 62.2601 242.629 88.0961
242.599 51.7228 246.021 42.4796 246.758 23.2864
258.709 67.1787 258.884 78.0463 253.725 86.0531
258.318 58.5788 258.709 67.1787 253.725 86.0531
251.657 58.4111 258.318 58.5788 253.725 86.0531
249.645 48.4555 251.657 58.4111 253.725 86.0531
246.758 23.2864 246.021 42.4796 249.645 48.4555
246.758 23.2864 249.645 48.4555 251.657 58.4111
246.978 8.98593 246.758 23.2864 251.657 58.4111
251.657 58.4111 246.978 8.98593 247.242 3.61125
249.645 48.4555 246.882 67.299 247.733 79.0197
246.882 67.299 249.645 48.4555 246.021 42.4796
258.318 58.5788 251.657 58.4111 250.584 27.4164
258.709 67.1787 258.318 58.5788 257.569 20.4657
258.709 67.1787 258.884 78.0463 259.489 89.2147
261.213 42.7893 258.709 67.1787 259.489 89.2147
258.709 67.1787 261.213 42.7893 259.605 28.8838
261.213 42.7893 262.48 51.6313 266.315 89.8901
259.605 28.8838 261.213 42.7893 262.48 51.6313
262.48 51.6313 259.605 28.8838 260.396 6.1488
268.037 31.4901 262.48 51.6313 266.315 89.8901
268.947 17.5392 268.037 31.4901 262.48 51.6313
262.48 51.6313 268.947 17.5392 263.556 -0.578775
270.749 51.8325 268.682 67.9182 270.037 83.5913
270.647 41.8836 270.749 51.8325 268.682 67.9182
268.037 31.4901 270.647 41.8836 268.682 67.9182
270.647 41.8836 268.037 31.4901 268.947 17.5392
273.365 8.7181 270.647 41.8836 270.749 51.8325
270.647 41.8836 273.365 8.7181 270.949 -3.69574
277.309 22.8803 279.842 29.6165 278.192 52.1943
273.365 8.7181 277.309 22.8803 279.842 29.6165
279.842 29.6165 273.365 8.7181 270.949 -3.69574
272.128 60.1126 277.309 22.8803 273.365 8.7181
278.192 52.1943 278.661 67.0023 277.696 79.4158
279.842 29.6165 278.192 52.1943 278.661 67.0023
278.661 67.0023 279.842 29.6165 280.862 0.20863
279.842 29.6165 279.815 6.32622 280.862 0.20863
283.798 40.0254 278.661 67.0023 277.696 79.4158
278.661 67.0023 283.798 40.0254 288.746 1.52928
283.798 40.0254 286.515 29.2288 288.746 1.52928
286.515 29.2288 291.623 22.4205 288.746 1.52928
283.798 40.0254 282.907 63.7823 283.488 87.2505
283.488 87.2505 283.798 40.0254 286.515 29.2288
292.791 42.8558 290.512 49.4342 286.179 60.1334
286.515 29.2288 292.791 42.8558 286.179 60.1334
292.791 42.8558 286.515 29.2288 291.623 22.4205
290.512 49.4342 293.555 67.1233 290.792 76.8588
292.791 42.8558 290.512 49.4342 293.555 67.1233
293.555 67.1233 292.791 42.8558 293.791 7.61579
293.555 67.1233 290.792 76.8588 291.967 86.2025
296.594 66.478 293.555 67.1233 291.967 86.2025
299.26 36.7411 296.594 66.478 293.555 67.1233
293.555 67.1233 299.26 36.7411 297.031 17.0769
299.26 36.7411 301.404 53.4274 299.677 60.925
297.031 17.0769 299.26 36.7411 301.404 53.4274
300.946 10.2747 297.031 17.0769 301.404 53.4274
297.031 17.0769 300.946 10.2747 298.987 -2.57178
303.722 83.3107 307.209 83.6828 302.201 93.3629
299.677 60.925 303.722 83.3107 302.201 93.3629
301.404 53.4274 299.677 60.925 303.722 83.3107
303.722 83.3107 301.404 53.4274 303.534 30.544
306.846 61.9457 303.722 83.3107 307.209 83.6828
307.491 32.7154 306.846 61.9457 303.722 83.3107
303.722 83.3107 307.491 32.7154 308.391 3.27649
307.491 32.7154 311.186 19.5212 308.391 3.27649
310.871 51.111 311.969 71.4031 310.15 87.8421
309.856 38.8639 310.871 51.111 310.15 87.8421
310.871 51.111 309.856 38.8639 311.186 19.5212
309.856 38.8639 307.491 32.7154 311.186 19.5212
317.35 43.6087 311.969 71.4031 310.15 87.8421
311.969 71.4031 317.35 43.6087 313.746 10.9563
318.424 57.2995 321.894 82.3613 320.062 92.0341
317.35 43.6087 318.123 49.5308 318.424 57.2995
317.35 43.6087 318.424 57.2995 320.062 92.0341
318.123 49.5308 317.35 43.6087 313.746 10.9563
318.424 57.2995 318.123 49.5308 319.48 9.64391
322.443 31.6551 318.424 57.2995 321.894 82.3613
323.847 18.3556 322.443 31.6551 318.424 57.2995
318.424 57.2995 323.847 18.3556 322.566 0.399644
327.45 28.8784 329.716 39.5142 326.194 50.6233
323.847 18.3556 327.45 28.8784 326.194 50.6233
327.45 28.8784 323.847 18.3556 322.566 0.399644
323.894 70.2619 322.443 31.6551 323.847 18.3556
329.716 39.5142 331.972 56.4927 330.278 72.487
329.523 11.4707 327.45 28.8784 329.716 39.5142
329.523 11.4707 329.716 39.5142 331.972 56.4927
331.972 56.4927 329.523 11.4707 331.564 2.61207
331.972 56.4927 330.278 72.487 332.036 80.1834
331.972 56.4927 332.036 80.1834 333.346 92.4064
337.137 29.5975 331.972 56.4927 333.346 92.4064
331.972 56.4927 337.137 29.5975 332.941 20.3105
337.137 29.5975 340.17 59.9597 341.882 89.6045
340.17 59.9597 337.137 29.5975 336.786 -3.00407
337.137 29.5975 332.941 20.3105 336.786 -3.00407
343.315 51.4147 340.17 59.9597 341.882 89.6045
340.992 39.2847 343.315 51.4147 340.17 59.9597
340.17 59.9597 340.992 39.2847 340.289 18.416
343.315 51.4147 343.545 68.9066 343.561 76.6423
343.545 68.9066 343.315 51.4147 343.175 10.3758
343.315 51.4147 340.992 39.2847 343.175 10.3758
346.459 63.5655 343.545 68.9066 343.561 76.6423
347.41 52.3174 346.459 63.5655 343.545 68.9066
349.008 41.5739 347.41 52.3174 346.459 63.5655
351.803 19.8085 349.008 41.5739 347.41 52.3174
347.41 52.3174 351.803 19.8085 347.72 9.82747
350.157 91.9919 349.008 41.5739 351.803 19.8085
353.905 28.0791 353.322 69.8004 353.155 76.4362
351.803 19.8085 353.905 28.0791 353.155 76.4362
353.905 28.0791 351.803 19.8085 349.724 -0.223835
351.803 19.8085 347.72 9.82747 349.724 -0.223835
353.322 69.8004 353.155 76.4362 358.288 89.9734
358.791 38.0043 353.322 69.8004 358.288 89.9734
359.473 22.986 358.791 38.0043 353.322 69.8004
353.322 69.8004 359.473 22.986 356.855 11.5554
360.045 59.6878 362.479 67.9603 363.459 82.1869
360.06 51.9043 360.045 59.6878 362.479 67.9603
358.791 38.0043 360.06 51.9043 360.045 59.6878
360.06 51.9043 358.791 38.0043 359.473 22.986
362.479 67.9603 363.459 82.1869 366.208 93.3486
368.488 50.8961 362.479 67.9603 366.208 93.3486
367.468 36.2429 368.488 50.8961 362.479 67.9603
361.556 31.487 367.468 36.2429 362.479 67.9603
367.468 36.2429 361.556 31.487 361.423 3.306
368.488 50.8961 370.604 58.0329 368.526 79.2112
367.468 36.2429 368.488 50.8961 370.604 58.0329
371.505 33.4765 367.468 36.2429 370.604 58.0329
376.836 29.3806 371.505 33.4765 367.468 36.2429
376.785 18.7707 376.836 29.3806 367.468 36.2429
371.411 16.1116 376.785 18.7707 367.468 36.2429
367.468 36.2429 371.411 16.1116 369.41 3.12138
372.719 66.1196 371.505 33.4765 376.836 29.3806
376.785 18.7707 371.411 16.1116 373.725 7.35697
378.593 68.0972 380.366 80.2419 381.761 93.5784
376.884 59.0962 378.593 68.0972 381.761 93.5784
376.836 29.3806 376.884 59.0962 378.593 68.0972
376.785 18.7707 376.836 29.3806 378.593 68.0972
378.593 68.0972 376.785 18.7707 377.288 2.78275
378.345 36.8963 378.593 68.0972 380.366 80.2419
380.366 80.2419 378.345 36.8963 378.939 7.2092
381.761 93.5784 380.366 80.2419 380.652 47.2047
