51.7643 7.69714 51.7783 8.76498 51.6527 26.6112
51.222 3.03333 51.7643 7.69714 51.6527 26.6112
51.5373 2.19004 51.0483 2.46101 51.222 3.03333
51.5373 2.19004 51.222 3.03333 51.7643 7.69714
49.1321 2.12421 51.5373 2.19004 51.0483 2.46101
51.5373 2.19004 49.1321 2.12421 50.0502 1.83899
51.222 3.03333 50.3241 13.8974 50.5471 25.1946
50.3241 13.8974 51.222 3.03333 51.0483 2.46101
48.9598 1.43029 50.0502 1.83899 49.1321 2.12421
48.9598 1.43029 49.1321 2.12421 48.9911 4.96097
48.9598 1.43029 48.9911 4.96097 48.9367 8.2892
48.9598 1.43029 48.9367 8.2892 48.806 29.3958
50.0502 1.83899 48.9598 1.43029 49.0006 0.379595
48.5694 7.05607 48.3153 20.9652 48.7782 27.1482
48.6537 6.96767 48.5694 7.05607 48.7782 27.1482
48.7601 3.73423 48.6537 6.96767 48.5694 7.05607
48.9598 1.43029 48.7601 3.73423 48.6537 6.96767
48.7601 3.73423 48.9598 1.43029 49.0006 0.379595
50.0746 21.0404 48.9911 4.96097 49.1321 2.12421
47.6654 18.7822 48.3153 20.9652 48.7782 27.1482
47.6285 17.1772 47.6654 18.7822 48.3153 20.9652
48.3153 20.9652 47.6285 17.1772 47.9753 5.10715
47.0821 9.55502 47.6285 17.1772 47.6654 18.7822
47.5719 8.41519 47.0821 9.55502 47.6285 17.1772
47.0174 6.17299 47.5719 8.41519 47.0821 9.55502
47.5719 8.41519 47.0174 6.17299 47.1638 0.188
46.9105 26.7984 42.3651 28.4922 42.1319 28.6207
46.6222 25.9003 46.9105 26.7984 42.3651 28.4922
46.6771 15.6717 46.6222 25.9003 46.9105 26.7984
46.8245 8.49908 46.6771 15.6717 46.9105 26.7984
47.0174 6.17299 46.8245 8.49908 46.9105 26.7984
46.8245 8.49908 47.0174 6.17299 47.1638 0.188
43.6196 24.6647 42.3651 28.4922 42.1319 28.6207
42.4288 24.2761 43.6196 24.6647 42.1319 28.6207
41.1337 12.8942 42.4288 24.2761 42.1319 28.6207
42.4288 24.2761 41.1337 12.8942 41.9603 3.78056
41.1337 12.8942 40.6623 15.6574 40.2123 24.2317
40.6623 15.6574 41.1337 12.8942 41.9603 3.78056
40.9184 9.34808 40.6623 15.6574 40.2123 24.2317
39.9216 9.32021 40.9184 9.34808 40.2123 24.2317
39.7805 5.03363 39.9216 9.32021 40.2123 24.2317
39.9216 9.32021 39.7805 5.03363 39.6964 1.38081
39.2034 12.2537 39.0535 13.2767 38.9227 16.7203
39.7805 5.03363 39.2034 12.2537 39.0535 13.2767
39.0535 13.2767 39.7805 5.03363 39.6964 1.38081
39.2525 20.594 39.2034 12.2537 39.7805 5.03363
38.6952 17.7171 38.1859 19.5087 38.1269 20.6626
38.9227 16.7203 38.6952 17.7171 38.1269 20.6626
39.0535 13.2767 38.9227 16.7203 38.6952 17.7171
38.6952 17.7171 39.0535 13.2767 38.8772 3.11715
37.9664 10.8789 38.1859 19.5087 38.1269 20.6626
38.1859 19.5087 37.9664 10.8789 37.9505 6.7486
36.8005 15.5563 36.7208 17.8253 36.8888 22.1701
37.9664 10.8789 36.8005 15.5563 36.8888 22.1701
37.9505 6.7486 37.9664 10.8789 36.8005 15.5563
36.8005 15.5563 37.9505 6.7486 37.6379 4.50646
36.8005 15.5563 36.7208 17.8253 35.9335 24.0935
36.5206 4.18241 36.8005 15.5563 35.9335 24.0935
35.7554 2.51152 36.5206 4.18241 35.9335 24.0935
36.5206 4.18241 35.7554 2.51152 35.7429 1.41853
34.5791 11.2883 34.6073 12.8157 35.0094 25.9967
35.0671 2.62521 34.5791 11.2883 35.0094 25.9967
35.7554 2.51152 35.0671 2.62521 35.0094 25.9967
35.0671 2.62521 35.7554 2.51152 35.7429 1.41853
34.6073 12.8157 34.36 27.4002 34.4351 29.6916
34.5791 11.2883 34.6073 12.8157 34.36 27.4002
34.36 27.4002 34.5791 11.2883 34.479 6.0073
33.9073 24.024 34.36 27.4002 34.4351 29.6916
34.0995 11.061 33.9073 24.024 34.36 27.4002
33.5204 7.51534 34.0995 11.061 33.9073 24.024
34.0995 11.061 33.5204 7.51534 33.965 2.8476
33.4423 7.58096 33.4016 26.5614 33.4131 27.5831
33.5204 7.51534 33.4423 7.58096 33.4131 27.5831
33.4423 7.58096 33.5204 7.51534 33.965 2.8476
32.7603 11.4742 33.4016 26.5614 33.4131 27.5831
33.4016 26.5614 32.7603 11.4742 33.1472 6.56587
32.7603 11.4742 32.3773 15.729 32.1061 22.7254
32.3773 15.729 32.7603 11.4742 33.1472 6.56587
31.0516 12.0581 32.3773 15.729 32.1061 22.7254
31.2285 3.71765 31.0516 12.0581 32.3773 15.729
32.3773 15.729 31.2285 3.71765 32.0551 2.36105
30.1422 21.9457 29.9413 23.1691 30.1638 25.0772
30.224 20.7917 30.1422 21.9457 29.9413 23.1691
31.0516 12.0581 30.2777 13.3429 30.224 20.7917
31.0516 12.0581 30.224 20.7917 30.1422 21.9457
30.2777 13.3429 31.0516 12.0581 31.2285 3.71765
29.4706 20.7232 29.9413 23.1691 30.1638 25.0772
29.9413 23.1691 29.4706 20.7232 29.4544 12.3731
29.4706 20.7232 28.676 26.6244 28.8006 28.4082
29.4544 12.3731 29.4706 20.7232 28.676 26.6244
28.676 26.6244 29.4544 12.3731 28.1901 11.9718
28.8006 28.4082 27.7301 28.5691 26.9331 29.1714
28.676 26.6244 28.8006 28.4082 27.7301 28.5691
28.0468 26.3068 28.676 26.6244 27.7301 28.5691
27.5932 22.9456 28.0468 26.3068 27.7301 28.5691
28.0468 26.3068 27.5932 22.9456 27.5798 2.42706
27.572 27.7547 27.7301 28.5691 26.9331 29.1714
26.6375 24.0378 27.572 27.7547 26.9331 29.1714
27.019 17.9169 26.6375 24.0378 27.572 27.7547
27.572 27.7547 27.019 17.9169 27.478 12.0137
26.4461 9.1088 27.019 17.9169 26.6375 24.0378
27.019 17.9169 26.4461 9.1088 26.4425 4.57646
26.4461 9.1088 26.3525 20.6383 26.4239 24.9964
26.3525 20.6383 26.4461 9.1088 26.4425 4.57646
26.2185 20.5637 26.3525 20.6383 26.4239 24.9964
26.039 14.0821 26.2185 20.5637 26.3525 20.6383
26.3525 20.6383 26.039 14.0821 26.0733 4.00159
25.6315 21.0872 25.4904 21.7462 26.0323 27.3743
25.929 17.5654 25.6315 21.0872 26.0323 27.3743
26.039 14.0821 25.929 17.5654 26.0323 27.3743
25.929 17.5654 26.039 14.0821 26.0733 4.00159
25.1799 19.3226 25.4904 21.7462 26.0323 27.3743
25.0833 7.94545 23.8569 13.1772 25.1799 19.3226
25.0833 7.94545 25.1799 19.3226 25.4904 21.7462
25.4904 21.7462 25.0833 7.94545 25.2493 0.92404
25.1799 19.3226 24.0664 22.0674 24.688 29.8728
24.0664 22.0674 25.1799 19.3226 23.8569 13.1772
23.0182 20.7827 24.0664 22.0674 24.688 29.8728
24.0664 22.0674 23.0182 20.7827 23.078 18.4991
23.0182 20.7827 22.1954 29.3623 22.626 29.8883
23.078 18.4991 23.0182 20.7827 22.1954 29.3623
22.6404 18.0685 23.078 18.4991 22.1954 29.3623
22.4641 12.4162 22.6404 18.0685 22.1954 29.3623
22.6404 18.0685 22.4641 12.4162 22.5808 5.84123
22.4641 12.4162 22.1827 8.08197 22.5808 5.84123
22.1827 8.08197 21.8211 6.09269 22.5808 5.84123
21.27 23.3277 21.0966 24.4276 22.021 28.8726
21.4556 22.426 21.27 23.3277 22.021 28.8726
22.194 16.3544 21.4556 22.426 22.021 28.8726
22.0226 14.1409 22.194 16.3544 21.4556 22.426
22.1827 8.08197 22.0226 14.1409 22.194 16.3544
21.8211 6.09269 22.1827 8.08197 22.0226 14.1409
21.6744 4.52738 21.8211 6.09269 22.0226 14.1409
21.5708 2.35889 21.6744 4.52738 21.8211 6.09269
21.8211 6.09269 21.5708 2.35889 21.9626 0.532387
20.8637 20.9602 21.4556 22.426 21.27 23.3277
21.4556 22.426 20.8637 20.9602 20.4916 16.2815
20.4916 16.2815 20.8637 20.9602 19.7997 22.9655
19.8568 10.1295 20.4916 16.2815 19.7997 22.9655
20.4916 16.2815 19.8568 10.1295 19.9794 3.07948
19.7479 10.4429 19.4723 13.6264 19.6331 20.564
19.8568 10.1295 19.7479 10.4429 19.6331 20.564
19.7479 10.4429 19.8568 10.1295 19.9794 3.07948
19.4723 13.6264 19.122 16.8008 19.3268 20.7025
19.122 16.8008 19.4723 13.6264 19.7479 10.4429
18.8723 16.0042 19.122 16.8008 19.3268 20.7025
18.7427 15.4048 18.8723 16.0042 19.3268 20.7025
18.6819 12.4237 18.7427 15.4048 18.8723 16.0042
18.8723 16.0042 18.6819 12.4237 18.3064 0.888675
18.6819 12.4237 18.0458 1.88466 18.3064 0.888675
18.0458 1.88466 17.7934 1.52728 18.3064 0.888675
18.8185 22.6334 18.7427 15.4048 18.6819 12.4237
18.0458 1.88466 17.2455 14.0693 17.1487 21.9692
17.2455 14.0693 18.0458 1.88466 17.7934 1.52728
17.5159 27.3136 18.6819 12.4237 18.0458 1.88466
16.8842 12.8085 17.2455 14.0693 17.1487 21.9692
17.2455 14.0693 16.8842 12.8085 16.7986 1.00659
16.8842 12.8085 16.3791 22.623 16.2973 25.8738
16.3791 22.623 16.8842 12.8085 16.7986 1.00659
16.3791 22.623 16.2973 25.8738 15.6879 29.5021
15.9616 12.6303 16.3791 22.623 15.6879 29.5021
15.0191 8.63598 15.9616 12.6303 15.6879 29.5021
15.9616 12.6303 15.0191 8.63598 14.4641 3.44738
14.5015 17.494 14.4621 21.5215 14.8319 24.9968
15.0191 8.63598 14.5015 17.494 14.8319 24.9968
14.5015 17.494 15.0191 8.63598 14.4641 3.44738
13.9429 17.4217 14.4621 21.5215 14.8319 24.9968
14.4621 21.5215 13.9429 17.4217 14.1153 12.4277
13.4184 20.1676 13.087 24.0675 13.3913 24.6045
13.9429 17.4217 13.4184 20.1676 13.3913 24.6045
14.1153 12.4277 13.9429 17.4217 13.4184 20.1676
13.8312 5.36288 14.1153 12.4277 13.4184 20.1676
14.1153 12.4277 13.8312 5.36288 14.3779 1.33944
13.087 24.0675 13.3913 24.6045 12.6059 29.6145
12.5959 23.4574 13.087 24.0675 12.6059 29.6145
12.8584 13.1963 12.5959 23.4574 13.087 24.0675
12.1657 10.9976 12.8584 13.1963 12.5959 23.4574
12.8584 13.1963 12.1657 10.9976 11.8709 5.57278
11.0932 18.591 10.3967 19.8736 11.1146 20.4441
11.0932 18.591 11.1146 20.4441 11.3624 29.1151
12.1657 10.9976 11.0932 18.591 11.3624 29.1151
11.8709 5.57278 12.1657 10.9976 11.0932 18.591
11.2353 5.29033 11.8709 5.57278 11.0932 18.591
11.6444 1.84659 11.2353 5.29033 11.8709 5.57278
11.8709 5.57278 11.6444 1.84659 11.7432 1.59021
11.1146 20.4441 11.059 23.3087 10.2884 26.7946
10.3967 19.8736 11.1146 20.4441 10.2884 26.7946
9.82902 8.73481 10.3967 19.8736 10.2884 26.7946
8.28174 5.00648 8.2737 6.32943 8.98889 6.58705
10.3967 19.8736 9.82902 8.73481 9.69659 4.29738
9.82902 8.73481 8.98889 6.58705 9.69659 4.29738
8.98889 6.58705 8.28174 5.00648 9.69659 4.29738
8.28174 5.00648 7.5173 4.59334 9.69659 4.29738
6.40726 13.1568 5.95481 13.3082 6.6848 14.9422
6.99704 11.2014 6.40726 13.1568 6.6848 14.9422
7.32921 9.17907 6.99704 11.2014 6.6848 14.9422
7.5173 4.59334 7.32921 9.17907 6.99704 11.2014
6.99704 11.2014 7.5173 4.59334 7.16502 3.23156
7.5173 4.59334 9.69659 4.29738 7.16502 3.23156
7.72935 10.4894 7.32921 9.17907 7.5173 4.59334
8.26586 13.7446 7.94545 18.675 7.94406 24.4509
8.2737 6.32943 8.26586 13.7446 7.94545 18.675
7.94545 18.675 8.2737 6.32943 8.28174 5.00648
8.42365 12.0647 8.45816 12.75 8.70035 20.722
8.98889 6.58705 8.42365 12.0647 8.45816 12.75
8.42365 12.0647 8.98889 6.58705 8.2737 6.32943
9.23038 17.8269 9.82902 8.73481 8.98889 6.58705
5.22799 20.3382 4.95671 27.8461 4.08914 28.3582
5.95481 13.3082 5.22799 20.3382 4.08914 28.3582
5.23639 9.97767 6.40726 13.1568 5.95481 13.3082
5.23639 9.97767 5.95481 13.3082 4.08914 28.3582
4.65817 8.12183 5.23639 9.97767 4.08914 28.3582
4.95894 4.04345 4.65817 8.12183 5.23639 9.97767
2.24498 0.831 4.95894 4.04345 4.65817 8.12183
4.95894 4.04345 2.24498 0.831 1.67487 0.0447868
0.319082 8.73969 0.0285573 14.0756 0.342539 18.8889
1.14365 4.69672 0.319082 8.73969 0.342539 18.8889
2.24498 0.831 1.87937 2.74799 1.14365 4.69672
0.319082 8.73969 1.14365 4.69672 1.67487 0.0447868
1.14365 4.69672 2.24498 0.831 1.67487 0.0447868
1.40019 22.7176 1.59173 8.17795 1.14365 4.69672
1.80976 23.8138 1.59173 8.17795 1.87937 2.74799
1.59173 8.17795 1.14365 4.69672 1.87937 2.74799
1.99069 6.08289 1.93139 7.97351 1.89221 25.3922
1.93139 7.97351 1.99069 6.08289 1.87937 2.74799
2.91406 12.0936 2.4464 18.6754 3.36208 28.9585
1.99069 6.08289 2.91406 12.0936 2.4464 18.6754
1.87937 2.74799 1.99069 6.08289 2.91406 12.0936
2.91406 12.0936 1.87937 2.74799 2.24498 0.831
6.40726 13.1568 5.23639 9.97767 5.88749 6.51376
6.40726 13.1568 6.99704 11.2014 6.43624 4.52691
10.3967 19.8736 11.0932 18.591 10.8174 1.41862
18.9412 15.9233 18.8723 16.0042 19.122 16.8008
19.122 16.8008 18.9412 15.9233 19.3092 1.75206
23.078 18.4991 22.6404 18.0685 23.1559 2.73407
25.6315 21.0872 25.929 17.5654 25.7195 5.99023
43.9218 16.1059 42.4288 24.2761 43.6196 24.6647
44.1798 7.69465 43.9218 16.1059 42.4288 24.2761
42.4288 24.2761 44.1798 7.69465 43.0999 4.40598
45.099 19.0868 45.8787 19.2644 44.8828 22.2598
44.9744 8.27697 45.099 19.0868 44.8828 22.2598
44.1798 7.69465 44.9744 8.27697 44.8828 22.2598
44.9744 8.27697 44.1798 7.69465 43.0999 4.40598
45.5871 16.8038 45.099 19.0868 45.8787 19.2644
46.1886 13.8541 45.5871 16.8038 45.8787 19.2644
46.1319 12.5805 46.1886 13.8541 45.5871 16.8038
45.9464 7.89611 46.1319 12.5805 45.5871 16.8038
45.5871 16.8038 45.9464 7.89611 45.1859 4.78491
46.1886 13.8541 46.1319 12.5805 46.1278 0.50047
52.4638 17.2056 52.568 20.1665 52.4077 29.8053
51.7783 8.76498 52.4638 17.2056 52.4077 29.8053
51.7643 7.69714 51.7783 8.76498 52.4638 17.2056
52.4638 17.2056 51.7643 7.69714 51.7875 3.16415
52.4638 17.2056 52.568 20.1665 53.2153 29.2473
53.1433 4.25936 52.4638 17.2056 53.2153 29.2473
52.4638 17.2056 53.1433 4.25936 52.8076 1.52871
53.4469 12.6854 53.4068 19.1871 53.5801 29.6019
53.9176 10.6864 53.4469 12.6854 53.5801 29.6019
53.761 6.70036 54.1982 10.6361 53.9176 10.6864
53.761 6.70036 53.9176 10.6864 53.4469 12.6854
53.1433 4.25936 53.761 6.70036 53.4469 12.6854
53.761 6.70036 53.1433 4.25936 52.8076 1.52871
54.5848 29.0849 54.4782 12.8475 53.9176 10.6864
54.612 12.8603 54.6985 16.0636 54.6164 21.6099
54.4782 12.8475 54.612 12.8603 54.6164 21.6099
53.9176 10.6864 54.4782 12.8475 54.612 12.8603
54.612 12.8603 53.9176 10.6864 54.1982 10.6361
54.612 12.8603 54.6985 16.0636 55.1808 22.8545
55.3674 8.05908 54.612 12.8603 55.1808 22.8545
55.7195 6.02954 55.3674 8.05908 55.1808 22.8545
55.4336 2.63216 55.7195 6.02954 55.3674 8.05908
55.3674 8.05908 55.4336 2.63216 55.1816 0.279741
56.8424 28.1577 56.2156 29.3663 55.9877 29.5921
57.0989 20.5298 56.8424 28.1577 55.9877 29.5921
55.8357 20.1299 57.0989 20.5298 55.9877 29.5921
57.1374 10.5211 55.8357 20.1299 57.0989 20.5298
57.0825 5.76363 58.1828 8.0343 57.1374 10.5211
57.0825 5.76363 57.1374 10.5211 55.8357 20.1299
56.6533 5.18838 57.0825 5.76363 55.8357 20.1299
56.8773 4.88852 56.6533 5.18838 57.0825 5.76363
55.4336 2.63216 56.8773 4.88852 56.6533 5.18838
56.8773 4.88852 55.4336 2.63216 55.1816 0.279741
57.5509 23.1734 58.1059 12.1552 57.1374 10.5211
58.2824 20.8118 58.4954 21.2018 58.8163 25.0631
58.136 20.5921 58.2824 20.8118 58.8163 25.0631
58.1059 12.1552 58.136 20.5921 58.2824 20.8118
58.2824 20.8118 58.1059 12.1552 58.1828 8.0343
58.1059 12.1552 57.1374 10.5211 58.1828 8.0343
58.0863 5.30932 57.0825 5.76363 58.1828 8.0343
57.0825 5.76363 58.0863 5.30932 57.8333 2.3155
59.7624 20.1903 58.4954 21.2018 58.8163 25.0631
59.9164 18.8897 59.7624 20.1903 58.4954 21.2018
58.4954 21.2018 59.9164 18.8897 59.8737 14.6975
59.7624 20.1903 60.5006 20.6906 61.0741 23.1048
59.9164 18.8897 59.7624 20.1903 60.5006 20.6906
60.5005 15.0964 59.9164 18.8897 60.5006 20.6906
60.5006 20.6906 60.5005 15.0964 60.5358 7.74636
62.2435 16.0106 60.5006 20.6906 61.0741 23.1048
62.3634 14.4215 62.2435 16.0106 60.5006 20.6906
62.2398 13.224 62.3634 14.4215 60.5006 20.6906
60.5006 20.6906 62.2398 13.224 60.8089 1.9287
62.2435 16.0106 62.6792 16.0621 62.2815 21.2973
62.3634 14.4215 62.2435 16.0106 62.6792 16.0621
62.7745 7.28743 62.3634 14.4215 62.6792 16.0621
62.3634 14.4215 62.7745 7.28743 63.108 1.35596
63.3752 10.1623 63.4516 13.2833 62.9554 21.1088
62.7745 7.28743 63.3752 10.1623 62.9554 21.1088
63.3752 10.1623 62.7745 7.28743 63.108 1.35596
63.9483 20.1453 64.4273 20.6698 64.1095 23.2849
63.8107 18.5172 63.9483 20.1453 64.1095 23.2849
63.4516 13.2833 63.8107 18.5172 63.9483 20.1453
63.3752 10.1623 63.4516 13.2833 63.9483 20.1453
63.9483 20.1453 63.3752 10.1623 63.6755 9.45512
63.8788 25.7043 63.8107 18.5172 63.4516 13.2833
65.152 23.9508 64.444 25.293 64.7243 28.927
65.099 22.1338 65.152 23.9508 64.444 25.293
64.4273 20.6698 65.099 22.1338 64.444 25.293
65.0438 17.9359 63.9483 20.1453 64.4273 20.6698
65.0438 17.9359 64.4273 20.6698 65.099 22.1338
64.5026 16.8997 65.0438 17.9359 63.9483 20.1453
63.9483 20.1453 64.5026 16.8997 64.3501 7.58241
65.152 23.9508 65.4555 23.9995 65.2517 25.6208
65.099 22.1338 65.152 23.9508 65.4555 23.9995
65.4801 21.5757 65.099 22.1338 65.4555 23.9995
65.6646 19.5904 65.4801 21.5757 65.099 22.1338
65.4905 17.4307 65.6646 19.5904 65.099 22.1338
65.1892 16.1787 65.4905 17.4307 65.099 22.1338
65.099 22.1338 65.1892 16.1787 65.1324 2.57199
65.4801 21.5757 66.2426 27.6782 66.3001 29.9007
66.2426 27.6782 65.4801 21.5757 65.6646 19.5904
65.4905 17.4307 65.1892 16.1787 65.3679 7.36993
65.6646 19.5904 65.4905 17.4307 65.9494 14.1759
67.0303 16.833 66.2426 27.6782 66.3001 29.9007
67.1963 14.2075 67.0303 16.833 66.3001 29.9007
67.2266 11.2776 68.7305 13.2005 67.2991 13.9959
67.2266 11.2776 67.2991 13.9959 67.1963 14.2075
67.2266 11.2776 67.1963 14.2075 67.0303 16.833
67.0303 16.833 67.2266 11.2776 66.855 7.02408
67.3268 20.0713 67.1963 14.2075 67.2991 13.9959
68.7305 13.2005 67.2266 11.2776 67.6494 9.95943
68.7305 13.2005 67.2991 13.9959 68.5241 19.3511
68.7305 13.2005 68.5241 19.3511 68.7305 21.3283
68.7305 13.2005 68.7305 21.3283 68.8764 28.6091
68.9829 1.90303 68.7305 13.2005 68.8764 28.6091
68.7305 13.2005 68.9829 1.90303 68.7589 1.17867
72.0485 19.2004 72.6441 22.8004 73.0672 25.6614
71.0598 14.0635 71.9127 16.1286 72.0485 19.2004
71.0598 14.0635 72.0485 19.2004 73.0672 25.6614
71.7195 4.68575 71.0598 14.0635 71.9127 16.1286
70.7076 3.88037 71.7195 4.68575 71.0598 14.0635
68.9829 1.90303 70.7076 3.88037 71.7195 4.68575
68.7589 1.17867 68.9829 1.90303 71.7195 4.68575
71.7195 4.68575 68.7589 1.17867 71.5467 0.206503
68.4026 28.1291 68.7305 21.3283 68.5241 19.3511
70.3116 4.95395 69.116 9.8056 69.0543 24.6986
70.7076 3.88037 70.3116 4.95395 69.0543 24.6986
70.3116 4.95395 70.7076 3.88037 68.9829 1.90303
71.9127 16.1286 72.1461 15.7444 72.0431 2.42381
72.1461 15.7444 71.9127 16.1286 72.0485 19.2004
72.0485 19.2004 72.1461 15.7444 72.2723 12.9704
73.5159 14.7713 72.6441 22.8004 73.0672 25.6614
74.2154 7.80062 73.5159 14.7713 72.6441 22.8004
72.6441 22.8004 74.2154 7.80062 72.7663 6.57789
76.0426 17.6978 77.1209 18.7595 76.4665 21.6667
74.2154 7.80062 76.0426 17.6978 76.4665 21.6667
74.8561 5.36736 72.7663 6.57789 74.2154 7.80062
74.8561 5.36736 74.2154 7.80062 76.0426 17.6978
73.676 4.70229 74.8561 5.36736 72.7663 6.57789
72.9849 1.56418 73.676 4.70229 72.7663 6.57789
72.7663 6.57789 72.9849 1.56418 72.576 0.681043
73.7683 18.4752 73.5159 14.7713 74.2154 7.80062
74.8561 5.36736 73.676 4.70229 75.279 0.350038
77.7761 17.0417 76.0426 17.6978 77.1209 18.7595
78.0628 16.1944 77.7761 17.0417 76.0426 17.6978
77.7952 14.8699 78.0628 16.1944 76.0426 17.6978
77.4626 11.7348 77.7952 14.8699 76.0426 17.6978
76.5187 11.2449 77.4626 11.7348 76.0426 17.6978
76.1294 9.89145 76.5187 11.2449 76.0426 17.6978
76.5187 11.2449 76.1294 9.89145 76.388 3.53731
78.3583 4.40196 77.7952 14.8699 78.0628 16.1944
77.8783 3.28349 78.3583 4.40196 77.7952 14.8699
79.7593 1.44116 77.8783 3.28349 78.3583 4.40196
77.8783 3.28349 79.7593 1.44116 80.5686 0.311862
79.7593 1.44116 80.8783 0.742749 80.5686 0.311862
80.8455 6.05 81.0938 17.676 80.8457 26.2093
79.7593 1.44116 80.3876 5.50276 80.8455 6.05
81.0938 17.676 80.8455 6.05 80.8783 0.742749
80.8455 6.05 79.7593 1.44116 80.8783 0.742749
80.8455 6.05 80.6634 14.4497 80.3889 15.9167
80.3889 15.9167 80.8455 6.05 80.3876 5.50276
81.281 15.8737 81.0938 17.676 80.8457 26.2093
81.0938 17.676 81.281 15.8737 81.2614 9.37387
81.5727 22.9035 81.644 24.4436 81.474 28.5446
81.4183 22.3713 81.5727 22.9035 81.474 28.5446
81.281 15.8737 81.4183 22.3713 81.474 28.5446
81.4183 22.3713 81.281 15.8737 81.2614 9.37387
81.644 24.4436 82.6627 24.6656 83.2649 29.9101
81.5727 22.9035 81.644 24.4436 82.6627 24.6656
82.6627 24.6656 81.5727 22.9035 81.8465 18.3631
82.6627 24.6656 83.0701 21.715 82.2889 2.68256
83.0701 21.715 82.6627 24.6656 83.2649 29.9101
83.9549 17.3884 83.0701 21.715 83.2649 29.9101
83.0701 21.715 83.9549 17.3884 83.7726 16.6196
83.9549 17.3884 84.4809 22.8179 84.0132 24.0228
85.1114 15.278 83.7726 16.6196 83.9549 17.3884
85.1114 15.278 83.9549 17.3884 84.4809 22.8179
83.9145 11.8219 85.1114 15.278 83.7726 16.6196
83.7726 16.6196 83.9145 11.8219 83.8046 3.90784
85.1114 15.278 83.9145 11.8219 84.6175 5.51776
86.0942 19.1344 84.4809 22.8179 84.0132 24.0228
84.4809 22.8179 86.0942 19.1344 85.3153 18.4159
86.0942 19.1344 86.3097 22.4118 86.7 29.1239
86.2019 11.9781 85.3153 18.4159 86.0942 19.1344
86.2019 11.9781 86.0942 19.1344 86.3097 22.4118
85.3153 18.4159 86.2019 11.9781 85.3038 6.04926
86.6821 16.1865 86.3097 22.4118 86.7 29.1239
86.3097 22.4118 86.6821 16.1865 86.2404 3.76798
89.2247 26.0032 89.5352 27.2208 88.0218 28.2581
88.9413 21.458 89.2247 26.0032 88.0218 28.2581
87.0624 18.7845 88.9413 21.458 88.0218 28.2581
86.6821 16.1865 87.0624 18.7845 88.0218 28.2581
87.0624 18.7845 86.6821 16.1865 86.2404 3.76798
88.9413 21.458 87.0624 18.7845 89.0002 13.5333
89.4661 1.90273 89.2247 26.0032 89.5352 27.2208
89.2247 26.0032 89.4661 1.90273 89.2515 0.90318
90.4849 5.84737 89.6485 6.29534 89.9834 13.9025
90.3861 4.49724 90.4849 5.84737 89.6485 6.29534
89.4661 1.90273 90.3861 4.49724 89.6485 6.29534
90.3861 4.49724 89.4661 1.90273 89.2515 0.90318
90.7631 24.2414 90.8241 25.2404 91.2679 28.6156
91.8173 22.0605 90.7631 24.2414 91.2679 28.6156
91.6685 19.8325 91.8173 22.0605 90.7631 24.2414
91.0698 19.5617 91.6685 19.8325 90.7631 24.2414
90.6887 7.71391 91.0698 19.5617 90.7631 24.2414
90.3861 4.49724 90.4849 5.84737 90.6887 7.71391
91.0698 19.5617 90.6887 7.71391 90.8921 1.87805
90.6887 7.71391 90.3861 4.49724 90.8921 1.87805
90.6887 7.71391 90.4663 12.4676 90.5808 14.4953
90.4663 12.4676 90.6887 7.71391 90.4849 5.84737
91.4288 6.64756 91.0698 19.5617 91.6685 19.8325
91.6685 19.8325 91.4288 6.64756 91.4654 2.33098
91.8173 22.0605 92.9387 22.9656 92.8289 29.1091
91.6685 19.8325 91.8173 22.0605 92.9387 22.9656
91.8557 11.8962 91.6685 19.8325 92.9387 22.9656
92.9387 22.9656 91.8557 11.8962 92.4301 1.36646
93.3196 10.623 92.9387 22.9656 92.8289 29.1091
92.9387 22.9656 93.3196 10.623 93.0545 0.297166
93.5592 16.4391 93.936 22.3829 93.8427 26.3829
93.3462 10.8337 93.604 10.8534 93.5592 16.4391
93.3462 10.8337 93.5592 16.4391 93.8427 26.3829
93.3196 10.623 93.3462 10.8337 93.8427 26.3829
93.0545 0.297166 93.3196 10.623 93.3462 10.8337
93.3462 10.8337 93.0545 0.297166 93.2317 0.245424
93.5592 16.4391 93.604 10.8534 93.6986 4.41719
93.7338 15.9545 93.5592 16.4391 93.936 22.3829
93.936 22.3829 93.7338 15.9545 93.8516 14.5547
93.8427 26.3829 94.0294 28.1154 93.9946 28.3915
93.936 22.3829 93.8427 26.3829 94.0294 28.1154
94.0294 28.1154 93.936 22.3829 94.0728 11.2538
94.4948 27.6506 94.0294 28.1154 93.9946 28.3915
95.2154 17.1338 94.4948 27.6506 94.0294 28.1154
94.9415 13.7404 95.2154 17.1338 94.0294 28.1154
94.6466 13.1332 94.9415 13.7404 94.0294 28.1154
94.9415 13.7404 94.6466 13.1332 94.1519 8.82973
95.2154 17.1338 95.3692 17.4184 95.0511 21.1853
95.3692 17.4184 95.2154 17.1338 94.9415 13.7404
95.3692 17.4184 95.0511 21.1853 95.522 22.0685
95.8893 12.2774 95.3692 17.4184 95.522 22.0685
95.3692 17.4184 95.8893 12.2774 95.9156 10.3437
95.9156 10.3437 95.8893 12.2774 95.8041 20.6286
96.3061 9.12635 95.9156 10.3437 95.8041 20.6286
95.9156 10.3437 96.3061 9.12635 96.2702 8.77004
96.6176 21.1249 97.4598 21.8672 96.6705 25.1721
96.5284 20.076 96.6176 21.1249 96.6705 25.1721
96.4945 10.6213 96.2741 18.1779 96.5284 20.076
96.4945 10.6213 96.5284 20.076 96.6176 21.1249
96.3061 9.12635 96.4945 10.6213 96.2741 18.1779
96.4945 10.6213 96.3061 9.12635 96.2702 8.77004
98.1907 18.0124 96.6176 21.1249 97.4598 21.8672
98.1907 18.0124 97.4598 21.8672 98.158 26.5625
97.6366 15.968 98.1907 18.0124 96.6176 21.1249
96.6176 21.1249 97.6366 15.968 96.945 10.797
97.6366 15.968 97.9596 13.7628 97.4766 1.17835
97.9596 13.7628 97.6366 15.968 98.1907 18.0124
97.9596 13.7628 98.1907 18.0124 99.3102 26.7946
99.6693 7.8611 97.9596 13.7628 99.3102 26.7946
99.7865 5.78607 99.6693 7.8611 97.9596 13.7628
98.2322 4.9707 99.7865 5.78607 97.9596 13.7628
99.7865 5.78607 98.2322 4.9707 99.5096 2.41121
99.713 12.4094 99.6693 7.8611 99.7865 5.78607
78.4346 18.4574 79.0993 26.0884 78.4422 28.1745
78.0628 16.1944 77.7761 17.0417 78.4346 18.4574
79.0993 26.0884 78.4346 18.4574 78.7106 10.6432
78.4346 18.4574 78.0628 16.1944 78.7106 10.6432
78.4422 28.1745 79.3458 28.5163 79.0425 28.5416
79.0993 26.0884 78.4422 28.1745 79.3458 28.5163
79.072 11.7743 79.0993 26.0884 79.3458 28.5163
79.3458 28.5163 79.072 11.7743 79.1256 7.12125
