-3.26901 26.3767 -4.27736 30.6275 -2.72466 36.4782
-2.7214 20.9602 -3.26901 26.3767 -2.72466 36.4782
-2.54041 -2.7197 -2.7214 20.9602 -2.72466 36.4782
-2.04223 -13.6338 -2.54041 -2.7197 -2.72466 36.4782
-2.54041 -2.7197 -2.04223 -13.6338 -2.04212 -33.6506
-1.57111 30.8488 -1.44857 39.7204 -1.99027 49.1091
-2.04223 -13.6338 -1.57111 30.8488 -1.99027 49.1091
-1.57111 30.8488 -2.04223 -13.6338 -2.04212 -33.6506
-4.33592 23.5122 -3.26901 26.3767 -4.27736 30.6275
-4.33592 23.5122 -4.27736 30.6275 -5.46705 44.4734
-5.2448 17.7042 -4.33592 23.5122 -5.46705 44.4734
-5.9648 3.24687 -5.2448 17.7042 -5.46705 44.4734
-6.23206 -16.1858 -5.9648 3.24687 -5.2448 17.7042
-5.2448 17.7042 -6.23206 -16.1858 -6.10656 -45.839
-6.23206 -16.1858 -6.47595 -21.3446 -6.10656 -45.839
-6.27756 44.3593 -6.77496 -3.4853 -6.23206 -16.1858
-6.77496 -3.4853 -6.92466 30.9476 -7.1648 43.2415
-6.47595 -21.3446 -6.23206 -16.1858 -6.77496 -3.4853
-7.15298 -34.2789 -6.47595 -21.3446 -6.77496 -3.4853
-7.15298 -34.2789 -6.77496 -3.4853 -7.1648 43.2415
-7.21607 -42.7328 -7.15298 -34.2789 -6.47595 -21.3446
-6.47595 -21.3446 -7.21607 -42.7328 -6.8973 -47.254
-7.42904 -18.2615 -7.69485 7.89614 -7.51736 11.8974
-7.15298 -34.2789 -7.42904 -18.2615 -7.51736 11.8974
-7.42904 -18.2615 -7.15298 -34.2789 -7.21607 -42.7328
-7.69485 7.89614 -7.51736 11.8974 -7.66349 25.1836
-8.05445 -7.51866 -7.69485 7.89614 -7.66349 25.1836
-7.69485 7.89614 -8.05445 -7.51866 -7.98032 -12.4911
-8.16256 -19.6076 -7.98032 -12.4911 -8.05445 -7.51866
-8.16256 -19.6076 -8.05445 -7.51866 -8.12434 -1.86071
-8.25826 -23.2362 -8.16256 -19.6076 -8.12434 -1.86071
-8.16256 -19.6076 -8.25826 -23.2362 -8.38887 -37.6316
-8.25826 -23.2362 -9.05968 -33.3077 -8.38887 -37.6316
-9.0902 -33.0892 -9.96597 3.22515 -9.79174 4.72515
-9.96597 3.22515 -9.0902 -33.0892 -9.08335 -38.9676
-9.0902 -33.0892 -9.05968 -33.3077 -9.08335 -38.9676
-9.05968 -33.3077 -8.38887 -37.6316 -9.08335 -38.9676
-8.93076 38.4671 -9.0902 -33.0892 -9.05968 -33.3077
-8.75833 -10.4374 -8.62204 -10.1333 -8.3774 -2.55304
-8.25826 -23.2362 -8.75833 -10.4374 -8.62204 -10.1333
-8.75833 -10.4374 -8.25826 -23.2362 -9.05968 -33.3077
-9.79174 4.72515 -9.66634 18.5036 -9.78872 21.1919
-9.96597 3.22515 -9.79174 4.72515 -9.78872 21.1919
-10.2335 -16.4565 -9.96597 3.22515 -9.78872 21.1919
-10.305 -29.1385 -10.5814 -17.406 -10.2335 -16.4565
-10.305 -29.1385 -10.2335 -16.4565 -9.96597 3.22515
-10.133 -30.674 -10.305 -29.1385 -9.96597 3.22515
-10.8225 -32.8359 -10.133 -30.674 -10.305 -29.1385
-10.133 -30.674 -10.8225 -32.8359 -10.9508 -42.9688
-10.8397 -28.3527 -11.1585 24.4471 -11.2101 41.4596
-10.8225 -32.8359 -10.8397 -28.3527 -11.1585 24.4471
-11.1585 24.4471 -10.8225 -32.8359 -10.9508 -42.9688
-10.7094 25.5082 -10.7066 28.1451 -10.8135 48.0069
-10.585 15.0627 -10.7094 25.5082 -10.7066 28.1451
-10.8397 -28.3527 -10.585 15.0627 -10.7094 25.5082
-10.585 15.0627 -10.8397 -28.3527 -10.8225 -32.8359
-10.46 -5.48489 -10.4264 16.5145 -10.403 44.6845
-10.403 44.6845 -10.46 -5.48489 -10.5814 -17.406
-10.46 -5.48489 -10.2335 -16.4565 -10.5814 -17.406
-10.1569 44.1534 -10.46 -5.48489 -10.2335 -16.4565
-11.3249 -21.5255 -11.1585 24.4471 -11.2101 41.4596
-11.1585 24.4471 -11.3249 -21.5255 -11.2834 -24.0191
-11.5153 -12.2984 -13.0142 -6.72863 -12.7716 -4.66195
-11.5153 -12.2984 -12.7716 -4.66195 -12.2841 -0.235663
-11.5153 -12.2984 -12.2841 -0.235663 -11.4251 17.1364
-11.823 -13.3966 -11.5153 -12.2984 -13.0142 -6.72863
-11.3249 -21.5255 -11.823 -13.3966 -11.5153 -12.2984
-11.823 -13.3966 -11.3249 -21.5255 -11.2834 -24.0191
-12.3267 43.4756 -12.9242 12.053 -12.7716 -4.66195
-12.9242 12.053 -13.6187 -0.0923105 -12.7716 -4.66195
-13.6187 -0.0923105 -14.3535 4.15927 -13.7632 41.5511
-13.0142 -6.72863 -12.7716 -4.66195 -13.6187 -0.0923105
-13.0142 -6.72863 -13.6187 -0.0923105 -14.3535 4.15927
-14.0032 -15.7419 -13.0142 -6.72863 -14.3535 4.15927
-13.5229 -18.7959 -14.0032 -15.7419 -13.0142 -6.72863
-13.0142 -6.72863 -13.5229 -18.7959 -13.0253 -33.8303
-13.179 26.3855 -12.9242 12.053 -13.6187 -0.0923105
-14.3535 4.15927 -13.7632 41.5511 -14.3392 42.0007
-14.4949 -19.5841 -14.3535 4.15927 -14.3392 42.0007
-14.3535 4.15927 -14.4949 -19.5841 -14.5853 -47.8062
-14.5397 1.04653 -14.6402 12.9138 -14.4745 16.4996
-14.4949 -19.5841 -14.5397 1.04653 -14.4745 16.4996
-14.5397 1.04653 -14.4949 -19.5841 -14.5853 -47.8062
-15.0742 -12.5343 -14.5397 1.04653 -14.6402 12.9138
-15.0713 -12.8552 -15.0742 -12.5343 -14.5397 1.04653
-14.5397 1.04653 -15.0713 -12.8552 -14.7098 -20.4878
-15.3203 12.4052 -15.4944 14.4133 -15.3601 23.4585
-15.0742 -12.5343 -15.3203 12.4052 -15.3601 23.4585
-15.3203 12.4052 -15.0742 -12.5343 -15.0713 -12.8552
-16.1513 -14.3381 -15.4944 14.4133 -15.3601 23.4585
-15.4944 14.4133 -16.1513 -14.3381 -16.3309 -22.4825
-16.088 8.97248 -17.3857 23.5094 -17.6504 26.5827
-16.3971 1.88973 -16.088 8.97248 -17.3857 23.5094
-16.1513 -14.3381 -16.3971 1.88973 -16.088 8.97248
-16.3971 1.88973 -16.1513 -14.3381 -16.3309 -22.4825
-17.8777 18.5828 -17.3857 23.5094 -17.6504 26.5827
-18.1007 12.7328 -17.8777 18.5828 -17.6504 26.5827
-17.8777 18.5828 -18.1007 12.7328 -18.5276 -16.8345
-18.1007 12.7328 -19.0879 -7.99463 -18.5276 -16.8345
-18.2414 44.9546 -18.1007 12.7328 -19.0879 -7.99463
-19.4254 8.73873 -20.2265 15.0016 -19.4006 21.4726
-19.3528 6.45983 -19.4254 8.73873 -19.4006 21.4726
-19.0879 -7.99463 -19.3528 6.45983 -19.4254 8.73873
-19.2352 -32.7435 -18.5276 -16.8345 -19.0879 -7.99463
-19.2352 -32.7435 -19.0879 -7.99463 -19.4254 8.73873
-18.5276 -16.8345 -19.2352 -32.7435 -18.9026 -41.6851
-19.1395 29.0445 -19.3528 6.45983 -19.0879 -7.99463
-20.2265 15.0016 -20.2907 22.7453 -20.2337 34.8334
-20.1477 8.05918 -19.4254 8.73873 -20.2265 15.0016
-20.5211 -29.6281 -20.1477 8.05918 -20.2265 15.0016
-20.5211 -29.6281 -20.2265 15.0016 -20.2907 22.7453
-20.1477 8.05918 -20.5211 -29.6281 -20.5036 -33.5415
-20.7625 31.2882 -21.3634 34.6446 -22.1858 41.5749
-21.0611 -24.75 -20.7625 31.2882 -21.3634 34.6446
-20.5211 -29.6281 -21.0611 -24.75 -20.7625 31.2882
-21.0611 -24.75 -20.5211 -29.6281 -20.5036 -33.5415
-21.5547 17.3171 -21.3634 34.6446 -22.1858 41.5749
-22.2266 -33.7245 -21.5547 17.3171 -22.1858 41.5749
-21.5547 17.3171 -22.2266 -33.7245 -21.6226 -39.3254
-23.3153 20.0385 -23.3706 20.2303 -23.5725 32.3275
-22.9939 -3.58133 -23.3153 20.0385 -23.3706 20.2303
-22.9724 -11.9583 -22.9939 -3.58133 -23.3706 20.2303
-23.3706 20.2303 -22.9724 -11.9583 -23.0695 -42.3656
-22.9724 -11.9583 -22.2266 -33.7245 -23.0695 -42.3656
-22.2266 -33.7245 -21.6226 -39.3254 -23.0695 -42.3656
-22.4466 5.99462 -22.9939 -3.58133 -22.9724 -11.9583
-23.5894 17.8709 -23.3706 20.2303 -23.5725 32.3275
-24.0338 2.95263 -23.5894 17.8709 -23.3706 20.2303
-24.0756 1.79433 -24.0338 2.95263 -23.5894 17.8709
-24.0338 2.95263 -24.0756 1.79433 -23.957 -22.5695
-24.0756 1.79433 -24.3274 8.30448 -24.3409 20.4427
-23.957 -22.5695 -24.0756 1.79433 -24.3274 8.30448
-24.3274 8.30448 -23.957 -22.5695 -24.1358 -30.7533
-24.2998 -24.3921 -24.3274 8.30448 -24.3409 20.4427
-24.3675 -27.7263 -24.2998 -24.3921 -24.3409 20.4427
-24.2998 -24.3921 -24.3675 -27.7263 -24.4156 -35.4397
-24.3675 -27.7263 -25.8048 -24.677 -25.6304 -19.8142
-24.3675 -27.7263 -25.6304 -19.8142 -25.5872 30.8653
-25.8048 -24.677 -24.3675 -27.7263 -24.4156 -35.4397
-26.0384 12.153 -26.7125 20.3082 -27.6065 33.366
-26.2009 -5.84381 -26.0384 12.153 -26.7125 20.3082
-25.6304 -19.8142 -26.2009 -5.84381 -26.0384 12.153
-26.2009 -5.84381 -25.6304 -19.8142 -25.8048 -24.677
-27.7909 12.2101 -26.7125 20.3082 -27.6065 33.366
-27.801 9.70513 -27.7909 12.2101 -26.7125 20.3082
-27.7123 -1.32436 -27.801 9.70513 -26.7125 20.3082
-26.7125 20.3082 -27.7123 -1.32436 -27.2297 -10.3511
-27.8784 8.39751 -27.801 9.70513 -27.7909 12.2101
-27.9333 7.37123 -27.8784 8.39751 -27.801 9.70513
-27.801 9.70513 -27.9333 7.37123 -27.8823 -33.9406
-28.3476 6.11392 -27.9333 7.37123 -27.8784 8.39751
-28.2221 -9.45241 -28.3476 6.11392 -27.9333 7.37123
-29.1264 -16.1144 -28.2221 -9.45241 -28.3476 6.11392
-29.0441 -18.8572 -29.1264 -16.1144 -28.2221 -9.45241
-28.2221 -9.45241 -29.0441 -18.8572 -28.4055 -22.0136
-29.1303 -19.4143 -29.0441 -18.8572 -29.1264 -16.1144
-29.1747 -21.1738 -29.1303 -19.4143 -29.1264 -16.1144
-29.1303 -19.4143 -29.1747 -21.1738 -29.2521 -36.1813
-29.1747 -21.1738 -30.0469 -26.0209 -29.2521 -36.1813
-29.3914 24.2841 -30.212 26.6903 -30.0463 34.7568
-30.2383 16.8839 -29.3914 24.2841 -30.212 26.6903
-30.1639 -9.09129 -30.2383 16.8839 -29.3914 24.2841
-29.1747 -21.1738 -30.1639 -9.09129 -29.3914 24.2841
-30.1639 -9.09129 -29.1747 -21.1738 -30.0469 -26.0209
-30.3861 20.1283 -30.212 26.6903 -30.0463 34.7568
-30.212 26.6903 -30.3861 20.1283 -30.6642 -32.063
-30.3861 20.1283 -31.7509 -22.2169 -30.6642 -32.063
-30.974 33.012 -30.3861 20.1283 -31.7509 -22.2169
-31.7509 -22.2169 -32.3902 -19.5834 -32.3721 -17.3528
-31.7509 -22.2169 -32.3721 -17.3528 -32.4215 22.3791
-30.6642 -32.063 -31.7509 -22.2169 -32.3902 -19.5834
-32.3902 -19.5834 -30.6642 -32.063 -32.3493 -33.2513
-32.4253 10.3442 -32.9218 20.5667 -32.6462 33.8804
-32.4462 4.2305 -32.4253 10.3442 -32.9218 20.5667
-32.3721 -17.3528 -32.4462 4.2305 -32.4253 10.3442
-32.4462 4.2305 -32.3721 -17.3528 -32.3902 -19.5834
-33.7748 7.00306 -32.9218 20.5667 -32.6462 33.8804
-32.9504 0.795574 -33.7748 7.00306 -32.9218 20.5667
-33.5626 -0.678956 -32.9504 0.795574 -33.7748 7.00306
-34.3436 -16.7638 -33.5626 -0.678956 -33.7748 7.00306
-34.8448 -22.6525 -34.7382 -20.9626 -34.3436 -16.7638
-33.5626 -0.678956 -34.3436 -16.7638 -33.6358 -27.4222
-34.3436 -16.7638 -34.8448 -22.6525 -33.6358 -27.4222
-35.4237 -13.9993 -35.9963 2.44016 -35.719 6.28726
-34.8448 -22.6525 -35.4237 -13.9993 -35.719 6.28726
-35.4237 -13.9993 -34.8448 -22.6525 -34.6925 -33.5063
-34.8448 -22.6525 -33.6358 -27.4222 -34.6925 -33.5063
-34.7382 -20.9626 -34.7133 -12.9089 -35.2188 0.307524
-35.2188 0.307524 -34.7382 -20.9626 -34.8448 -22.6525
-34.2315 22.5035 -34.3436 -16.7638 -34.7382 -20.9626
-35.719 6.28726 -36.284 7.85703 -36.1004 32.8921
-35.9963 2.44016 -35.719 6.28726 -36.284 7.85703
-36.323 -4.45307 -35.9963 2.44016 -36.284 7.85703
-35.9963 2.44016 -36.323 -4.45307 -36.3318 -31.8275
-36.6145 -6.48653 -36.284 7.85703 -36.1004 32.8921
-37.6836 -27.0429 -37.5656 -23.9713 -37.031 -15.8219
-36.284 7.85703 -36.6145 -6.48653 -37.0106 -28.4506
-36.6145 -6.48653 -37.031 -15.8219 -37.0106 -28.4506
-37.031 -15.8219 -37.6836 -27.0429 -37.0106 -28.4506
-36.6145 -6.48653 -36.7029 12.2856 -36.5068 29.0245
-36.7029 12.2856 -36.6145 -6.48653 -37.031 -15.8219
-37.2643 -3.56377 -37.429 4.15926 -37.2658 16.7128
-37.031 -15.8219 -37.2643 -3.56377 -37.429 4.15926
-37.429 4.15926 -37.031 -15.8219 -37.5656 -23.9713
-37.6836 -27.0429 -37.5656 -23.9713 -37.95 0.139535
-38.4183 -27.0746 -37.6836 -27.0429 -37.95 0.139535
-39.5899 -27.9907 -38.4183 -27.0746 -37.6836 -27.0429
-37.6836 -27.0429 -39.5899 -27.9907 -37.7897 -28.0263
-38.4183 -27.0746 -38.5618 15.6401 -38.1999 28.395
-38.5618 15.6401 -38.4183 -27.0746 -39.5899 -27.9907
-40.2017 13.9376 -38.5618 15.6401 -38.1999 28.395
-40.7325 13.0545 -40.2017 13.9376 -38.1999 28.395
-40.8096 11.6655 -40.7325 13.0545 -40.2017 13.9376
-40.2805 -12.7312 -40.8096 11.6655 -40.2017 13.9376
-40.2017 13.9376 -40.2805 -12.7312 -40.2157 -28.9713
-40.8096 11.6655 -40.7325 13.0545 -40.6191 23.9886
-40.8738 10.6287 -40.8096 11.6655 -40.6191 23.9886
-40.8096 11.6655 -40.8738 10.6287 -41.2134 -17.1323
-40.8738 10.6287 -41.2493 19.884 -41.1766 20.9305
-41.2493 19.884 -40.8738 10.6287 -41.2134 -17.1323
-41.2493 19.884 -41.1766 20.9305 -41.4467 20.9678
-42.3643 16.6914 -41.2493 19.884 -41.4467 20.9678
-47.1463 12.905 -44.3718 15.4024 -42.3643 16.6914
-43.8773 5.47176 -47.1463 12.905 -42.3643 16.6914
-43.8773 5.47176 -42.3643 16.6914 -41.2493 19.884
-43.7932 -9.0894 -43.8773 5.47176 -41.2493 19.884
-42.7863 -13.9256 -43.7932 -9.0894 -41.2493 19.884
-41.2493 19.884 -42.7863 -13.9256 -41.3781 -14.1814
-42.7863 -13.9256 -47.3845 -7.17638 -48.3823 -0.790744
-42.5683 -14.476 -41.3781 -14.1814 -42.7863 -13.9256
-42.5683 -14.476 -42.7863 -13.9256 -47.3845 -7.17638
-41.3781 -14.1814 -42.5683 -14.476 -42.5386 -25.8544
-43.1338 20.57 -42.3643 16.6914 -44.3718 15.4024
-47.1463 12.905 -43.8773 5.47176 -45.2977 2.4973
-48.5895 -7.67258 -47.3845 -7.17638 -48.3823 -0.790744
-48.5895 -7.67258 -48.3823 -0.790744 -48.4016 4.92738
-48.2087 -10.2538 -48.5895 -7.67258 -47.3845 -7.17638
-47.3845 -7.17638 -48.2087 -10.2538 -47.8142 -13.4985
-48.2087 -10.2538 -48.5895 -7.67258 -49.8021 -1.55706
-49.8021 -1.55706 -48.2087 -10.2538 -48.5227 -11.4485
-40.6491 -13.5044 -40.2805 -12.7312 -40.8096 11.6655
-40.2805 -12.7312 -40.6491 -13.5044 -40.453 -25.7097
-35.9963 2.44016 -35.4237 -13.9993 -35.352 -33.6422
-29.0441 -18.8572 -29.1303 -19.4143 -28.9933 -26.7287
-19.4254 8.73873 -20.1477 8.05918 -19.7456 -6.63823
-17.3857 23.5094 -17.8777 18.5828 -16.4886 -24.2785
-15.4944 14.4133 -15.3203 12.4052 -15.3507 -39.9394
-7.98032 -12.4911 -8.16256 -19.6076 -7.92967 -29.3671
-4.30898 10.6037 -5.2448 17.7042 -4.33592 23.5122
-4.49126 -27.5503 -4.30898 10.6037 -5.2448 17.7042
-5.2448 17.7042 -4.49126 -27.5503 -4.69995 -43.8725
-3.54443 12.6332 -4.33592 23.5122 -3.26901 26.3767
-3.26901 26.3767 -3.54443 12.6332 -4.05974 -20.916
-3.26901 26.3767 -2.7214 20.9602 -2.88639 -49.3241
-1.47297 -4.64524 -1.57111 30.8488 -1.44857 39.7204
-1.57111 30.8488 -1.47297 -4.64524 -1.75536 -46.3802
-1.47297 -4.64524 -1.3655 -9.95575 -1.75536 -46.3802
-1.16861 9.15773 -1.02803 18.8403 -0.843343 41.3174
-1.3655 -9.95575 -1.16861 9.15773 -1.02803 18.8403
-1.02803 18.8403 -1.3655 -9.95575 -1.75536 -46.3802
-0.889209 38.6314 -1.16861 9.15773 -1.3655 -9.95575
-0.843343 41.3174 -0.425933 44.4498 -0.647607 47.7832
-1.02803 18.8403 -0.843343 41.3174 -0.425933 44.4498
-0.346614 18.5602 -1.02803 18.8403 -0.425933 44.4498
-0.321436 2.57218 -0.346614 18.5602 -1.02803 18.8403
0.430458 -7.09605 0.363933 -5.74899 -0.321436 2.57218
-0.643073 -22.7796 0.430458 -7.09605 -0.321436 2.57218
-0.643073 -22.7796 -0.321436 2.57218 -1.02803 18.8403
0.361239 -24.0426 -0.643073 -22.7796 0.430458 -7.09605
0.0226674 -30.9017 0.361239 -24.0426 -0.643073 -22.7796
-0.643073 -22.7796 0.0226674 -30.9017 -0.324648 -35.7243
-0.321436 2.57218 0.25045 43.8195 -0.315819 47.1046
0.25045 43.8195 -0.321436 2.57218 0.363933 -5.74899
1.39621 31.3308 2.02575 35.3758 1.62869 38.5601
0.574418 17.4763 1.39621 31.3308 1.62869 38.5601
0.363933 -5.74899 0.574418 17.4763 1.39621 31.3308
0.430458 -7.09605 0.363933 -5.74899 1.39621 31.3308
1.39621 31.3308 0.430458 -7.09605 0.582661 -8.63883
2.38258 -6.43976 1.39621 31.3308 2.02575 35.3758
2.30668 -27.6619 2.38258 -6.43976 1.39621 31.3308
1.39621 31.3308 2.30668 -27.6619 2.45393 -41.2983
2.85675 -6.18064 2.92515 11.6747 3.00522 37.0135
2.45393 -41.2983 2.30668 -27.6619 2.85675 -6.18064
2.92515 11.6747 2.85675 -6.18064 2.8509 -44.2905
2.85675 -6.18064 2.45393 -41.2983 2.8509 -44.2905
2.81086 17.5848 2.85675 -6.18064 2.30668 -27.6619
3.18682 -17.3602 2.92515 11.6747 3.00522 37.0135
2.92515 11.6747 3.18682 -17.3602 3.01266 -31.7044
3.60494 3.80565 3.74589 6.5814 3.62543 15.477
3.18682 -17.3602 3.60494 3.80565 3.62543 15.477
3.01266 -31.7044 3.18682 -17.3602 3.60494 3.80565
3.60494 3.80565 3.01266 -31.7044 3.46355 -35.131
3.74589 6.5814 4.11927 22.2026 3.98967 48.2911
4.35194 -32.3206 3.60494 3.80565 3.74589 6.5814
4.35194 -32.3206 3.74589 6.5814 4.11927 22.2026
3.60494 3.80565 4.35194 -32.3206 4.47162 -45.1497
4.47162 -45.1497 4.35194 -32.3206 4.45928 -10.54
4.89183 -45.7421 4.47162 -45.1497 4.45928 -10.54
4.47162 -45.1497 4.89183 -45.7421 4.79299 -47.1256
6.80155 30.7358 5.77112 34.4956 6.49838 37.0267
6.14104 22.3525 6.80155 30.7358 5.77112 34.4956
5.72817 -4.03012 6.14104 22.3525 5.77112 34.4956
5.72626 -34.429 5.72817 -4.03012 6.14104 22.3525
5.96226 -43.4949 5.32292 -39.2998 5.72626 -34.429
5.96226 -43.4949 5.72626 -34.429 6.14104 22.3525
4.89183 -45.7421 5.96226 -43.4949 5.32292 -39.2998
5.96226 -43.4949 4.89183 -45.7421 4.79299 -47.1256
5.72626 -34.429 4.95215 11.1933 5.10172 20.7869
4.95215 11.1933 5.72626 -34.429 5.32292 -39.2998
6.14104 22.3525 6.62327 17.6861 6.30481 -31.8736
6.62327 17.6861 6.14104 22.3525 6.80155 30.7358
6.86368 6.25741 6.62327 17.6861 6.80155 30.7358
7.06037 -4.79064 6.86368 6.25741 6.80155 30.7358
6.86368 6.25741 7.06037 -4.79064 7.43484 -27.689
7.06037 -4.79064 7.75969 -9.85677 7.43484 -27.689
7.06037 -4.79064 7.94464 18.8389 7.58912 49.3611
7.94464 18.8389 7.06037 -4.79064 7.75969 -9.85677
6.67135 5.1562 6.86368 6.25741 6.62327 17.6861
6.86368 6.25741 6.67135 5.1562 6.63169 -12.9638
8.18971 4.10071 7.94464 18.8389 7.58912 49.3611
8.13048 -11.6648 8.18971 4.10071 7.94464 18.8389
7.94464 18.8389 8.13048 -11.6648 7.83575 -45.6771
8.51576 -17.6161 8.13048 -11.6648 8.18971 4.10071
8.40978 -27.5715 8.51576 -17.6161 8.13048 -11.6648
9.36363 -30.0605 8.40978 -27.5715 8.51576 -17.6161
8.40978 -27.5715 9.36363 -30.0605 8.92325 -36.0967
11.0507 -15.7715 11.0181 25.829 11.1938 27.0392
10.4689 -22.1644 11.0507 -15.7715 11.0181 25.829
9.36363 -30.0605 10.4689 -22.1644 11.0181 25.829
10.4689 -22.1644 9.36363 -30.0605 8.92325 -36.0967
11.1938 27.0392 10.2411 32.2379 11.2385 43.1699
11.5654 2.7659 11.1938 27.0392 11.2385 43.1699
11.1938 27.0392 11.5654 2.7659 11.5198 -2.00991
11.8702 22.4597 12.1998 32.146 11.6091 34.0738
11.7928 21.4813 11.8702 22.4597 11.6091 34.0738
11.5654 2.7659 11.7928 21.4813 11.8702 22.4597
11.5198 -2.00991 11.5654 2.7659 11.8702 22.4597
11.8702 22.4597 11.5198 -2.00991 11.5366 -46.126
11.0181 25.829 11.1938 27.0392 10.2411 32.2379
9.50795 24.3549 11.0181 25.829 10.2411 32.2379
9.68355 17.1237 9.50795 24.3549 11.0181 25.829
9.50795 24.3549 9.68355 17.1237 9.86026 -4.63072
12.0755 4.77772 11.8702 22.4597 12.1998 32.146
12.2662 -12.2388 12.0755 4.77772 12.1998 32.146
12.7874 -22.6681 12.2662 -12.2388 12.1998 32.146
13.2487 -30.0772 12.7874 -22.6681 12.1998 32.146
12.7874 -22.6681 13.2487 -30.0772 13.3102 -31.227
13.2487 -30.0772 14.256 -30.3404 13.3102 -31.227
15.1055 12.262 15.3398 20.0955 14.9309 28.765
14.7794 -2.84244 15.1055 12.262 14.9309 28.765
15.1055 12.262 14.7794 -2.84244 14.256 -30.3404
14.7794 -2.84244 13.2487 -30.0772 14.256 -30.3404
15.3875 8.57095 15.1055 12.262 15.3398 20.0955
15.6544 5.64123 15.3875 8.57095 15.3398 20.0955
15.6319 -24.3671 15.6544 5.64123 15.3875 8.57095
15.3875 8.57095 15.6319 -24.3671 15.4953 -35.4691
15.6319 -24.3671 16.3915 -31.0381 15.4953 -35.4691
16.2503 27.9261 15.6319 -24.3671 16.3915 -31.0381
16.6177 -7.31093 16.8646 22.7237 16.9833 31.509
17.4714 -37.826 15.4953 -35.4691 16.3915 -31.0381
17.4714 -37.826 16.3915 -31.0381 16.6177 -7.31093
17.4714 -37.826 16.6177 -7.31093 16.9833 31.509
18.6817 -41.2164 17.4714 -37.826 15.4953 -35.4691
16.2279 -42.9163 18.6817 -41.2164 15.4953 -35.4691
16.2837 -43.4605 16.2279 -42.9163 18.6817 -41.2164
18.6817 -41.2164 16.2837 -43.4605 18.0831 -43.9352
18.3729 -3.73244 17.9805 26.6418 17.1962 35.6176
17.1962 35.6176 18.3729 -3.73244 17.4714 -37.826
20.6991 22.8449 21.5778 24.3328 21.2983 42.8929
20.0004 19.7611 20.6991 22.8449 21.2983 42.8929
18.3729 -3.73244 19.4032 4.18636 20.0004 19.7611
18.3729 -3.73244 20.0004 19.7611 21.2983 42.8929
17.4714 -37.826 18.3729 -3.73244 19.4032 4.18636
19.4032 4.18636 17.4714 -37.826 18.6817 -41.2164
19.9107 -4.87374 20.0004 19.7611 20.6991 22.8449
19.9829 -11.0109 19.9107 -4.87374 20.6991 22.8449
20.6991 22.8449 19.9829 -11.0109 21.2974 -19.337
19.4535 -13.9389 19.9829 -11.0109 19.9107 -4.87374
19.9829 -11.0109 19.4535 -13.9389 19.7891 -44.9432
22.1724 -8.19762 21.7045 -3.72456 21.5778 24.3328
22.1724 -8.19762 21.5778 24.3328 21.2983 42.8929
22.6893 -13.4203 22.1724 -8.19762 21.7045 -3.72456
21.7045 -3.72456 22.6893 -13.4203 22.222 -28.9113
22.7474 8.78006 22.1724 -8.19762 22.6893 -13.4203
22.971 -1.66965 23.603 17.2884 23.4763 30.0399
22.6893 -13.4203 22.971 -1.66965 23.4763 30.0399
22.971 -1.66965 22.6893 -13.4203 22.4012 -37.5541
22.6893 -13.4203 22.222 -28.9113 22.4012 -37.5541
23.603 17.2884 22.971 -1.66965 23.3152 -21.1333
23.8722 -1.06539 23.603 17.2884 23.4763 30.0399
24.7016 -22.7912 24.0531 -1.95121 23.8722 -1.06539
23.603 17.2884 23.8722 -1.06539 23.9303 -28.2598
23.8722 -1.06539 24.7016 -22.7912 23.9303 -28.2598
24.7016 -22.7912 24.9797 0.897975 25.072 13.2254
25.0037 -29.9697 23.9303 -28.2598 24.7016 -22.7912
25.0037 -29.9697 24.7016 -22.7912 24.9797 0.897975
23.9303 -28.2598 25.0037 -29.9697 24.8003 -32.7519
24.0637 32.1985 23.8722 -1.06539 24.0531 -1.95121
24.4439 38.8863 24.0531 -1.95121 24.7016 -22.7912
25.1757 -22.6585 24.9797 0.897975 25.072 13.2254
24.9797 0.897975 25.1757 -22.6585 25.1606 -30.7455
25.1757 -22.6585 25.8333 37.1 25.6149 37.6019
25.8333 37.1 25.1757 -22.6585 25.1606 -30.7455
26.1209 -14.4176 26.2689 29.3898 25.8333 37.1
25.8333 37.1 26.1209 -14.4176 25.69 -23.4166
25.8333 37.1 25.6149 37.6019 26.3009 38.877
26.2689 29.3898 25.8333 37.1 26.3009 38.877
26.92 7.05354 26.2689 29.3898 26.3009 38.877
26.6201 -21.4521 26.92 7.05354 26.2689 29.3898
26.4413 -22.5145 26.6201 -21.4521 26.2689 29.3898
26.9799 -29.6102 26.4413 -22.5145 26.6201 -21.4521
27.3436 -30.6601 26.9799 -29.6102 26.6201 -21.4521
26.9799 -29.6102 27.3436 -30.6601 27.3938 -34.819
27.48 22.8509 27.5918 -9.08881 27.3436 -30.6601
27.5918 -9.08881 28.1679 -25.0678 27.3436 -30.6601
28.5977 -14.1523 28.9451 13.1869 28.6566 30.5928
29.3651 -21.2613 28.5977 -14.1523 28.9451 13.1869
29.7001 -24.9877 29.8549 -23.6956 29.3651 -21.2613
29.7001 -24.9877 29.3651 -21.2613 28.5977 -14.1523
28.1679 -25.0678 29.7001 -24.9877 28.5977 -14.1523
27.3436 -30.6601 28.1679 -25.0678 29.7001 -24.9877
27.3938 -34.819 27.3436 -30.6601 29.7001 -24.9877
29.7001 -24.9877 27.3938 -34.819 28.9471 -38.6497
28.1877 29.3409 28.1531 -0.667469 28.1679 -25.0678
28.1531 -0.667469 27.5918 -9.08881 28.1679 -25.0678
30.7465 -5.1448 30.8492 15.2855 29.537 18.397
30.6384 -10.9072 30.7465 -5.1448 29.537 18.397
30.3496 -18.4894 30.6384 -10.9072 29.537 18.397
29.3651 -21.2613 30.3496 -18.4894 29.537 18.397
30.3496 -18.4894 29.3651 -21.2613 29.8549 -23.6956
30.9153 -10.5988 30.7465 -5.1448 30.8492 15.2855
30.7465 -5.1448 30.9153 -10.5988 30.9782 -33.9387
30.9153 -10.5988 31.7014 22.489 31.4302 25.3122
31.7014 22.489 30.9153 -10.5988 30.9782 -33.9387
32.5539 -1.65481 32.7519 5.20979 31.7014 22.489
31.7014 22.489 32.5539 -1.65481 31.5912 -18.8249
31.7014 22.489 31.4302 25.3122 32.6841 31.4675
32.7519 5.20979 31.7014 22.489 32.6841 31.4675
32.8366 -19.8662 32.7519 5.20979 32.6841 31.4675
32.7519 5.20979 32.8366 -19.8662 32.7961 -29.0614
32.8366 -19.8662 33.4056 -6.14792 33.4463 25.5234
33.4056 -6.14792 32.8366 -19.8662 32.7961 -29.0614
33.9768 -10.1465 33.4056 -6.14792 33.4463 25.5234
33.4056 -6.14792 33.9768 -10.1465 33.9494 -19.2189
34.3118 3.96083 34.7487 24.8998 34.598 27.3883
34.213 -9.25958 34.3118 3.96083 34.7487 24.8998
33.9768 -10.1465 34.213 -9.25958 34.3118 3.96083
34.213 -9.25958 33.9768 -10.1465 33.9494 -19.2189
34.7487 24.8998 34.598 27.3883 34.8589 33.6129
35.1537 4.79366 34.7487 24.8998 34.8589 33.6129
34.7487 24.8998 35.1537 4.79366 35.4946 -21.3111
35.1537 4.79366 35.3712 -0.958704 35.4946 -21.3111
35.1537 4.79366 35.7521 13.5272 36.1962 26.4971
35.7521 13.5272 35.1537 4.79366 35.3712 -0.958704
36.3338 -2.89108 35.7521 13.5272 36.1962 26.4971
36.5699 -16.1024 36.3338 -2.89108 36.1962 26.4971
36.3338 -2.89108 36.5699 -16.1024 35.9677 -28.9411
36.5699 -16.1024 36.7477 -17.602 35.9677 -28.9411
36.7218 1.34053 37.5595 20.2654 37.5982 26.4423
36.5699 -16.1024 36.7218 1.34053 37.5595 20.2654
36.7477 -17.602 36.5699 -16.1024 37.5595 20.2654
37.0495 -30.6726 36.7477 -17.602 37.5595 20.2654
37.5595 20.2654 37.0495 -30.6726 37.2645 -32.0849
39.3402 -8.972 37.5595 20.2654 37.5982 26.4423
39.6173 -15.4696 39.3402 -8.972 37.5595 20.2654
37.5595 20.2654 39.6173 -15.4696 38.1067 -17.0224
41.3361 25.688 41.6301 26.5691 41.4148 26.7565
39.9792 20.3721 41.3361 25.688 41.4148 26.7565
39.7293 15.1183 40.2712 18.4683 39.9792 20.3721
38.5349 14.09 39.7293 15.1183 39.9792 20.3721
38.5349 14.09 39.9792 20.3721 41.4148 26.7565
39.3214 -0.310387 38.5349 14.09 39.7293 15.1183
39.3402 -8.972 39.3214 -0.310387 38.5349 14.09
39.3214 -0.310387 39.3402 -8.972 39.6173 -15.4696
40.2712 18.4683 39.7293 15.1183 40.9773 -0.0372048
41.9495 13.491 41.3361 25.688 41.6301 26.5691
41.9083 10.7156 41.9495 13.491 41.3361 25.688
41.8901 9.7125 41.9083 10.7156 41.3361 25.688
41.3361 25.688 41.8901 9.7125 41.5416 -24.138
42.715 -9.28259 41.8901 9.7125 41.9083 10.7156
41.8901 9.7125 42.715 -9.28259 42.7324 -15.1049
45.7336 12.7594 46.0795 13.0692 45.3128 15.8573
45.0068 4.89023 45.7336 12.7594 45.3128 15.8573
43.9252 -2.18542 45.0068 4.89023 45.3128 15.8573
42.715 -9.28259 43.9252 -2.18542 45.3128 15.8573
42.7324 -15.1049 42.715 -9.28259 43.9252 -2.18542
44.0551 -15.1593 42.7324 -15.1049 43.9252 -2.18542
42.7324 -15.1049 44.0551 -15.1593 43.1308 -19.1357
45.7336 12.7594 45.0068 4.89023 45.7557 -20.1522
45.9734 -2.05138 45.7336 12.7594 46.0795 13.0692
45.7336 12.7594 45.9734 -2.05138 45.901 -10.8714
45.9734 -2.05138 46.6748 -0.139124 48.5028 7.6992
46.6748 -0.139124 45.9734 -2.05138 45.901 -10.8714
47.7931 -0.823849 46.6748 -0.139124 48.5028 7.6992
48.5028 7.6992 47.7931 -0.823849 49.7111 -3.27106
16.663 22.1264 16.8646 22.7237 16.9833 31.509
16.8646 22.7237 16.663 22.1264 16.7716 20.7613
3.98967 48.2911 4.11927 22.2026 4.29742 16.8295
