201.436 41.4584 203.265 68.5124 203.109 88.1306
201.586 32.9022 201.436 41.4584 203.265 68.5124
203.265 68.5124 201.586 32.9022 203.487 3.90448
206.629 33.4912 203.265 68.5124 203.109 88.1306
203.265 68.5124 206.629 33.4912 208.213 10.531
206.629 33.4912 209.058 23.8969 208.213 10.531
207.105 68.4089 206.629 33.4912 209.058 23.8969
210.893 49.1813 213.615 59.4568 210.912 80.6272
209.85 38.5274 210.893 49.1813 210.912 80.6272
209.058 23.8969 209.85 38.5274 210.893 49.1813
210.893 49.1813 209.058 23.8969 208.213 10.531
201.058 50.9207 197.6 59.4141 198.63 81.6072
201.436 41.4584 201.058 50.9207 197.6 59.4141
201.586 32.9022 201.436 41.4584 197.6 59.4141
197.6 59.4141 201.586 32.9022 198.418 21.0768
193.762 57.8307 197.6 59.4141 198.63 81.6072
190.515 37.5735 193.762 57.8307 197.6 59.4141
190.505 30.2897 190.515 37.5735 197.6 59.4141
196.049 9.48829 190.505 30.2897 197.6 59.4141
190.505 30.2897 196.049 9.48829 193.816 7.10047
190.515 37.5735 183.757 47.178 187.461 53.874
190.515 37.5735 187.461 53.874 188.381 83.6525
190.505 30.2897 190.515 37.5735 183.757 47.178
186.31 17.91 190.505 30.2897 183.757 47.178
190.505 30.2897 186.31 17.91 188.244 0.828735
183.523 56.3845 187.517 71.888 186.692 92.6279
187.461 53.874 183.523 56.3845 187.517 71.888
183.757 47.178 187.461 53.874 183.523 56.3845
179.243 19.6821 183.757 47.178 183.523 56.3845
183.757 47.178 179.243 19.6821 178.526 1.41428
179.243 19.6821 178.34 32.3967 178.502 43.7663
179.243 19.6821 178.502 43.7663 178.969 91.4051
178.34 32.3967 179.243 19.6821 178.526 1.41428
177.1 66.7331 173.651 67.3853 177.377 76.1102
178.502 43.7663 177.1 66.7331 177.377 76.1102
177.1 66.7331 178.502 43.7663 178.34 32.3967
173.631 16.54 177.1 66.7331 173.651 67.3853
177.1 66.7331 173.631 16.54 176.364 8.21731
173.631 16.54 172.044 13.9515 176.364 8.21731
173.148 31.2305 170.968 61.7771 169.029 91.3397
173.631 16.54 173.148 31.2305 170.968 61.7771
170.968 61.7771 173.631 16.54 172.044 13.9515
167.265 49.3423 170.968 61.7771 169.029 91.3397
161.852 19.8122 167.265 49.3423 169.029 91.3397
167.265 49.3423 161.852 19.8122 161.314 6.28689
152.233 67.3889 159.207 88.6616 152.582 92.7609
156.966 66.9452 152.233 67.3889 159.207 88.6616
161.073 63.3054 156.966 66.9452 159.207 88.6616
162.089 37.8652 161.073 63.3054 156.966 66.9452
162.424 29.8624 162.089 37.8652 156.966 66.9452
161.852 19.8122 162.424 29.8624 156.966 66.9452
161.314 6.28689 161.852 19.8122 156.966 66.9452
156.966 66.9452 161.314 6.28689 160.628 2.25028
162.424 29.8624 163.382 52.8384 166.469 77.9146
166.469 77.9146 162.424 29.8624 161.852 19.8122
161.528 76.6868 161.073 63.3054 162.089 37.8652
152.767 60.1456 156.966 66.9452 152.233 67.3889
151.68 46.0934 152.767 60.1456 152.233 67.3889
148.844 39.3697 151.68 46.0934 152.233 67.3889
147.364 17.3111 148.844 39.3697 151.68 46.0934
151.68 46.0934 147.364 17.3111 149.331 13.4854
149.169 76.4074 148.844 39.3697 147.364 17.3111
143.037 69.0076 141.717 83.4291 143.449 86.8119
146.331 27.1658 143.037 69.0076 143.449 86.8119
143.037 69.0076 146.331 27.1658 146.274 0.39262
146.331 27.1658 147.364 17.3111 146.274 0.39262
147.364 17.3111 149.331 13.4854 146.274 0.39262
139.693 62.2221 143.037 69.0076 141.717 83.4291
140.625 52.654 139.693 62.2221 143.037 69.0076
141.132 22.0633 140.625 52.654 143.037 69.0076
143.037 69.0076 141.132 22.0633 143.195 3.3122
136.669 37.7215 140.625 52.654 139.693 62.2221
140.625 52.654 136.669 37.7215 137.418 28.4927
128.839 69.3668 123.15 76.8281 128.341 77.046
128.839 69.3668 128.341 77.046 133.313 88.2262
132.354 60.2599 128.839 69.3668 133.313 88.2262
136.669 37.7215 132.354 60.2599 133.313 88.2262
137.418 28.4927 136.669 37.7215 132.354 60.2599
132.354 60.2599 137.418 28.4927 137.354 13.0686
122.475 68.0948 128.839 69.3668 123.15 76.8281
121.935 59.4272 122.475 68.0948 128.839 69.3668
127.463 42.6741 121.935 59.4272 128.839 69.3668
121.935 59.4272 127.463 42.6741 123.089 41.7682
121.935 59.4272 122.475 68.0948 119.853 87.2569
119.13 27.2064 121.935 59.4272 119.853 87.2569
121.742 17.4345 111.176 21.4444 119.13 27.2064
121.742 17.4345 119.13 27.2064 121.935 59.4272
118.328 7.0683 121.742 17.4345 111.176 21.4444
121.742 17.4345 118.328 7.0683 119.736 0.591419
118.711 48.9087 110.866 27.3478 119.13 27.2064
109.652 67.8654 107.855 79.7513 108.596 87.0458
110.305 36.6537 109.652 67.8654 107.855 79.7513
111.176 21.4444 119.13 27.2064 110.866 27.3478
111.176 21.4444 110.866 27.3478 110.305 36.6537
107.855 79.7513 110.305 36.6537 110 12.4322
110.305 36.6537 111.176 21.4444 110 12.4322
110.663 47.4161 110.305 36.6537 110.866 27.3478
107.855 79.7513 108.596 87.0458 102.761 93.0544
106.429 61.3159 107.855 79.7513 102.761 93.0544
102.546 47.8578 106.429 61.3159 102.761 93.0544
100.99 43.2558 102.546 47.8578 102.761 93.0544
102.546 47.8578 100.99 43.2558 101.506 13.7733
100.02 57.6402 98.6029 66.201 99.0467 83.4231
100.99 43.2558 100.02 57.6402 99.0467 83.4231
101.506 13.7733 100.99 43.2558 100.02 57.6402
100.02 57.6402 101.506 13.7733 100.768 2.66314
97.7632 27.7569 100.02 57.6402 98.6029 66.201
100.02 57.6402 97.7632 27.7569 98.4811 23.4981
90.7361 58.6107 89.2999 76.105 88.7755 92.52
98.4811 23.4981 97.7632 27.7569 90.7361 58.6107
92.6942 6.66632 98.4811 23.4981 90.7361 58.6107
92.6942 6.66632 90.7361 58.6107 89.2999 76.105
89.2999 76.105 92.6942 6.66632 90.3671 1.42363
88.6549 66.0062 89.2999 76.105 88.7755 92.52
89.1974 49.5584 88.6549 66.0062 89.2999 76.105
88.5651 42.1447 89.1974 49.5584 88.6549 66.0062
89.1974 49.5584 88.5651 42.1447 88.5041 28.8368
88.5651 42.1447 83.5508 37.3476 88.5041 28.8368
83.2817 23.1882 88.5041 28.8368 83.5508 37.3476
83.2817 23.1882 83.5508 37.3476 83.3771 77.6012
88.5041 28.8368 83.2817 23.1882 88.1651 19.7126
83.2817 23.1882 78.4029 68.6186 81.7175 87.0981
81.9048 13.5949 88.1651 19.7126 83.2817 23.1882
81.9048 13.5949 83.2817 23.1882 78.4029 68.6186
88.1651 19.7126 81.9048 13.5949 83.4997 -3.29449
76.9843 63.2035 78.4029 68.6186 81.7175 87.0981
76.9066 49.6333 76.9843 63.2035 78.4029 68.6186
78.4029 68.6186 76.9066 49.6333 77.3016 26.9593
76.9843 63.2035 71.6732 79.9209 68.9682 93.2213
76.9066 49.6333 76.9843 63.2035 71.6732 79.9209
71.6732 79.9209 76.9066 49.6333 72.6117 22.9435
70.3066 73.5944 71.6732 79.9209 68.9682 93.2213
67.123 30.5453 70.3066 73.5944 71.6732 79.9209
71.6732 79.9209 67.123 30.5453 68.8489 7.96989
66.7239 39.1793 66.4348 49.3358 66.922 58.3339
66.4348 49.3358 66.7239 39.1793 67.1228 2.23947
66.7239 39.1793 67.123 30.5453 67.1228 2.23947
67.123 30.5453 68.8489 7.96989 67.1228 2.23947
62.6846 29.626 66.4348 49.3358 66.922 58.3339
66.4348 49.3358 62.6846 29.626 62.519 23.6391
62.2278 57.9031 61.2668 72.2524 61.0709 86.2795
62.6846 29.626 62.2278 57.9031 61.2668 72.2524
61.2668 72.2524 62.6846 29.626 62.519 23.6391
59.4138 41.0833 61.2668 72.2524 61.0709 86.2795
61.2668 72.2524 59.4138 41.0833 59.5231 13.3227
59.4138 41.0833 57.5286 52.0167 58.6661 80.587
59.5231 13.3227 59.4138 41.0833 57.5286 52.0167
57.5286 52.0167 59.5231 13.3227 58.8609 3.82811
57.5286 52.0167 58.6661 80.587 53.5919 90.8735
51.8655 11.5428 57.5286 52.0167 53.5919 90.8735
57.5286 52.0167 51.8655 11.5428 52.9904 -3.24488
50.6384 27.9845 49.7097 69.9065 50.7422 83.4638
48.2461 23.5051 50.6384 27.9845 49.7097 69.9065
51.8655 11.5428 48.2461 23.5051 50.6384 27.9845
48.2461 23.5051 51.8655 11.5428 52.9904 -3.24488
47.7724 48.1471 49.7097 69.9065 50.7422 83.4638
49.7097 69.9065 47.7724 48.1471 47.1396 38.7656
47.1396 38.7656 47.7724 48.1471 46.7386 57.5808
43.0851 38.6673 47.1396 38.7656 46.7386 57.5808
42.209 27.7069 43.0851 38.6673 47.1396 38.7656
47.1396 38.7656 42.209 27.7069 37.8791 7.85891
42.209 27.7069 38.1015 21.7715 37.8791 7.85891
37.8645 61.7631 37.0359 72.0698 36.1194 93.824
38.1015 21.7715 37.8645 61.7631 37.0359 72.0698
37.0359 72.0698 38.1015 21.7715 37.8791 7.85891
39.7259 79.2057 43.0851 38.6673 42.209 27.7069
36.0589 46.4758 37.0359 72.0698 36.1194 93.824
37.0359 72.0698 36.0589 46.4758 36.0329 1.75971
36.0589 46.4758 32.8911 16.4858 36.0329 1.75971
32.8911 16.4858 31.9371 13.8086 36.0329 1.75971
32.8911 16.4858 29.7807 33.1309 30.4315 38.4684
32.8911 16.4858 30.4315 38.4684 32.8877 62.5076
29.7807 33.1309 32.8911 16.4858 31.9371 13.8086
28.5045 48.8428 27.7824 71.6333 29.1699 87.522
30.4315 38.4684 28.5045 48.8428 29.1699 87.522
28.5045 48.8428 30.4315 38.4684 29.7807 33.1309
27.7824 71.6333 23.156 78.2198 26.5655 80.692
28.5045 48.8428 27.7824 71.6333 23.156 78.2198
23.156 78.2198 28.5045 48.8428 27.2713 3.55909
23.156 78.2198 26.5655 80.692 22.3777 92.7609
20.3509 49.0111 23.156 78.2198 22.3777 92.7609
23.156 78.2198 20.3509 49.0111 20.9487 39.5392
20.3509 49.0111 17.0867 58.4208 19.7859 72.5976
20.9487 39.5392 20.3509 49.0111 17.0867 58.4208
16.7456 27.1042 20.9487 39.5392 17.0867 58.4208
16.2386 21.154 16.7456 27.1042 20.9487 39.5392
19.209 13.917 16.2386 21.154 20.9487 39.5392
16.2386 21.154 19.209 13.917 18.0793 0.469797
16.7456 27.1042 12.1429 73.6467 12.1957 90.9837
12.1429 73.6467 16.7456 27.1042 16.2386 21.154
10.6809 53.5726 12.1429 73.6467 12.1957 90.9837
9.4419 30.7267 10.6968 42.4296 10.6809 53.5726
9.4419 30.7267 10.6809 53.5726 12.1957 90.9837
10.6968 42.4296 9.4419 30.7267 6.53886 3.15191
9.4419 30.7267 6.6334 19.7226 6.53886 3.15191
9.4419 30.7267 9.37941 62.9969 9.10822 77.7285
9.10822 77.7285 9.4419 30.7267 6.6334 19.7226
2.59726 37.2213 1.23732 50.7705 0.954003 72.6402
6.6334 19.7226 2.59726 37.2213 0.954003 72.6402
2.59726 37.2213 6.6334 19.7226 6.53886 3.15191
0.315315 8.85688 1.23732 50.7705 0.954003 72.6402
1.23732 50.7705 0.315315 8.85688 0.479604 -2.72465
-1.74215 57.76 -0.773801 77.6182 -3.88344 93.0315
0.223775 30.019 -1.74215 57.76 -0.773801 77.6182
0.315315 8.85688 0.223775 30.019 -1.74215 57.76
-1.74215 57.76 0.315315 8.85688 0.479604 -2.72465
1.23732 50.7705 2.59726 37.2213 3.11167 21.0802
10.6809 53.5726 10.6968 42.4296 11.5377 7.28537
106.429 61.3159 102.546 47.8578 107.224 -1.69917
131.35 51.6499 132.354 60.2599 128.839 69.3668
129.1 23.0978 131.35 51.6499 128.839 69.3668
131.35 51.6499 129.1 23.0978 129.517 3.95385
132.839 26.3064 131.35 51.6499 132.354 60.2599
131.35 51.6499 132.839 26.3064 132.057 7.20913
168.812 38.2285 167.265 49.3423 170.968 61.7771
167.265 49.3423 168.812 38.2285 166.596 -0.673428
213.615 59.4568 210.893 49.1813 212.906 -1.54153
213.615 59.4568 210.912 80.6272 212.129 89.8105
216.256 13.9871 213.615 59.4568 212.129 89.8105
213.615 59.4568 216.256 13.9871 216.525 1.03226
216.256 13.9871 217.804 28.4992 216.497 41.9918
217.804 28.4992 216.256 13.9871 216.525 1.03226
216.497 41.9918 220.62 50.7921 217.525 56.1094
217.804 28.4992 216.497 41.9918 220.62 50.7921
220.62 50.7921 217.804 28.4992 220.113 18.923
219.774 69.666 223.943 77.6838 221.635 87.6607
217.525 56.1094 219.774 69.666 223.943 77.6838
220.62 50.7921 217.525 56.1094 223.943 77.6838
223.943 77.6838 220.62 50.7921 226.643 23.6749
228.449 58.2377 223.943 77.6838 221.635 87.6607
227.026 47.5894 228.449 58.2377 223.943 77.6838
230.995 40.6979 227.026 47.5894 228.449 58.2377
231.63 28.1271 230.995 40.6979 227.026 47.5894
232.582 10.4703 231.63 28.1271 227.026 47.5894
227.026 47.5894 232.582 10.4703 233.669 3.20052
232.582 10.4703 238.773 10.1169 233.669 3.20052
230.995 40.6979 231.853 66.2577 231.432 79.381
231.853 66.2577 230.995 40.6979 231.63 28.1271
236.872 21.6507 236.026 90.9803 232.622 93.5338
232.582 10.4703 236.872 21.6507 232.622 93.5338
236.872 21.6507 232.582 10.4703 238.773 10.1169
240.467 31.4292 241.116 51.8135 241.289 61.5411
241.289 61.5411 240.467 31.4292 238.773 10.1169
240.467 31.4292 249.253 62.1152 250.37 72.6879
238.773 10.1169 240.467 31.4292 249.253 62.1152
249.253 62.1152 238.773 10.1169 238.078 -3.14796
238.773 10.1169 233.669 3.20052 238.078 -3.14796
250.37 72.6879 252.096 76.0324 252.829 92.0373
249.253 62.1152 250.37 72.6879 252.096 76.0324
248.119 21.1198 249.253 62.1152 252.096 76.0324
249.253 62.1152 248.119 21.1198 247.256 7.5701
248.119 21.1198 250.9 37.8862 251.956 51.5035
250.9 37.8862 248.119 21.1198 247.256 7.5701
251.956 51.5035 250.9 37.8862 251.6 -1.77103
253.574 29.5286 252.096 76.0324 252.829 92.0373
256.396 16.4789 253.574 29.5286 252.829 92.0373
253.574 29.5286 256.396 16.4789 256.708 10.4094
257.095 69.72 258.914 76.5905 257.216 87.0382
256.396 16.4789 257.095 69.72 257.216 87.0382
257.095 69.72 256.396 16.4789 256.708 10.4094
257.221 53.859 257.095 69.72 258.914 76.5905
260.931 39.9411 257.221 53.859 258.914 76.5905
257.221 53.859 260.931 39.9411 260.305 30.7385
260.931 39.9411 263.548 56.5954 266.605 83.5522
260.305 30.7385 260.931 39.9411 263.548 56.5954
263.548 56.5954 260.305 30.7385 260.68 1.94406
268.407 22.3195 263.548 56.5954 266.605 83.5522
263.548 56.5954 268.407 22.3195 268.47 3.90731
269.028 29.395 271.047 57.7464 272.785 87.3676
271.047 57.7464 269.028 29.395 268.47 3.90731
269.028 29.395 268.407 22.3195 268.47 3.90731
269.028 29.395 269.28 47.803 270.655 67.3033
269.28 47.803 269.028 29.395 268.407 22.3195
272.151 42.7488 271.047 57.7464 272.785 87.3676
271.047 57.7464 272.151 42.7488 271.712 12.067
272.151 42.7488 276.051 83.2745 276.209 91.9555
276.051 83.2745 272.151 42.7488 271.712 12.067
276.905 68.5416 276.051 83.2745 276.209 91.9555
276.981 60.5906 276.905 68.5416 276.051 83.2745
276.051 83.2745 276.981 60.5906 276.433 1.99424
282.254 53.8957 276.981 60.5906 276.905 68.5416
283.659 40.0198 282.254 53.8957 276.981 60.5906
277.273 33.7044 283.659 40.0198 276.981 60.5906
280.576 18.3884 277.273 33.7044 283.659 40.0198
283.659 40.0198 280.576 18.3884 282.692 12.1956
283.659 40.0198 282.254 53.8957 286.096 82.6864
286.39 11.4893 283.659 40.0198 286.096 82.6864
283.659 40.0198 286.39 11.4893 286.36 3.02084
287.84 37.2667 292.179 52.3942 293.218 66.5239
287.84 37.2667 293.218 66.5239 296.47 89.9698
287.937 30.4508 287.84 37.2667 292.179 52.3942
286.507 19.1648 287.937 30.4508 287.84 37.2667
286.39 11.4893 286.507 19.1648 287.937 30.4508
287.937 30.4508 286.39 11.4893 286.36 3.02084
286.507 19.1648 287.652 57.8862 287.476 91.5916
287.476 91.5916 286.507 19.1648 286.39 11.4893
296.262 17.4271 293.218 66.5239 296.47 89.9698
293.218 66.5239 296.262 17.4271 296.608 -0.101727
296.262 17.4271 300.857 9.1182 296.608 -0.101727
300.36 80.2416 312.838 83.0707 313.365 91.3716
301.799 71.4202 300.36 80.2416 312.838 83.0707
302.814 57.7988 301.799 71.4202 300.36 80.2416
302.244 46.8701 302.814 57.7988 300.36 80.2416
296.262 17.4271 302.244 46.8701 300.36 80.2416
302.244 46.8701 296.262 17.4271 300.857 9.1182
303.695 42.7936 302.244 46.8701 302.814 57.7988
302.244 46.8701 303.695 42.7936 302.575 27.2249
303.695 42.7936 307.162 48.3907 307.569 62.6326
303.695 42.7936 307.569 62.6326 308.27 69.3261
302.575 27.2249 303.695 42.7936 307.162 48.3907
307.162 48.3907 302.575 27.2249 306.537 18.1947
308.27 69.3261 307.569 62.6326 307.697 6.57224
317.426 69.9049 312.838 83.0707 313.365 91.3716
318.549 61.9884 317.426 69.9049 312.838 83.0707
312.2 36.3684 318.549 61.9884 312.838 83.0707
310.742 29.5712 312.2 36.3684 312.838 83.0707
312.2 36.3684 310.742 29.5712 311.314 -2.35107
318.549 61.9884 312.2 36.3684 316.785 33.4065
318.549 61.9884 320.972 51.1932 321.453 6.86044
320.467 78.9066 326.943 83.7855 323.529 92.5918
317.426 69.9049 320.467 78.9066 323.529 92.5918
318.549 61.9884 317.426 69.9049 320.467 78.9066
320.972 51.1932 318.549 61.9884 320.467 78.9066
322.131 38.6359 320.972 51.1932 320.467 78.9066
323.113 17.7494 322.131 38.6359 320.467 78.9066
322.131 38.6359 323.113 17.7494 321.802 1.51112
328.499 46.8692 320.467 78.9066 326.943 83.7855
320.467 78.9066 328.499 46.8692 326.316 37.0079
328.499 46.8692 329.772 71.1483 329.86 87.1988
328.885 16.0671 326.316 37.0079 328.499 46.8692
328.885 16.0671 328.499 46.8692 329.772 71.1483
326.316 37.0079 328.885 16.0671 330.236 -3.41476
328.885 16.0671 332.95 6.72231 330.236 -3.41476
339.268 60.8881 339.273 72.1395 336.093 92.9545
333.474 56.4574 339.268 60.8881 336.093 92.9545
330.865 31.2947 333.474 56.4574 336.093 92.9545
333.474 56.4574 330.865 31.2947 332.95 6.72231
330.865 31.2947 328.885 16.0671 332.95 6.72231
339.268 60.8881 333.474 56.4574 337.023 7.82821
341.461 37.6303 339.268 60.8881 339.273 72.1395
339.268 60.8881 341.461 37.6303 340.119 21.7552
341.461 37.6303 342.605 48.1642 342.94 77.5936
340.119 21.7552 341.461 37.6303 342.605 48.1642
342.605 48.1642 340.119 21.7552 341.977 3.73206
343.963 33.4431 342.605 48.1642 342.94 77.5936
342.605 48.1642 343.963 33.4431 346.213 7.80164
343.963 33.4431 348.321 27.1877 346.213 7.80164
353.668 69.0088 352.359 81.5099 350.662 93.6305
353.161 62.5929 353.668 69.0088 350.662 93.6305
349.193 43.0958 353.161 62.5929 350.662 93.6305
348.321 27.1877 343.963 33.4431 349.193 43.0958
348.321 27.1877 349.193 43.0958 353.161 62.5929
350.516 19.3694 348.321 27.1877 353.161 62.5929
348.321 27.1877 350.516 19.3694 347.568 -1.87254
346.912 50.9105 349.193 43.0958 343.963 33.4431
353.668 69.0088 358.009 77.4677 358.4 90.3986
358.009 77.4677 353.668 69.0088 353.161 62.5929
359.101 23.7496 358.009 77.4677 358.4 90.3986
358.009 77.4677 359.101 23.7496 358.565 3.82757
359.101 23.7496 360.23 13.153 358.565 3.82757
361.297 39.7077 362.17 48.7888 362.34 72.0236
362.17 48.7888 361.297 39.7077 360.23 13.153
361.297 39.7077 360.094 27.4837 360.23 13.153
360.094 27.4837 359.101 23.7496 360.23 13.153
360.444 58.8447 361.297 39.7077 360.094 27.4837
362.17 48.7888 362.34 72.0236 366.469 73.6606
367.461 11.2139 362.17 48.7888 366.469 73.6606
362.17 48.7888 367.461 11.2139 367.844 3.9208
367.731 59.6509 371.012 78.6669 371.486 87.1556
367.461 11.2139 367.731 59.6509 371.012 78.6669
371.012 78.6669 367.461 11.2139 367.844 3.9208
371.452 51.1284 371.012 78.6669 371.486 87.1556
371.987 43.6662 371.452 51.1284 371.486 87.1556
371.452 51.1284 371.987 43.6662 373.276 19.4935
371.987 43.6662 373.195 30.5224 373.276 19.4935
373.195 30.5224 376.479 60.287 376.943 78.7696
376.479 60.287 373.195 30.5224 373.276 19.4935
377.311 41.216 376.479 60.287 376.943 78.7696
378.395 26.735 377.311 41.216 376.943 78.7696
378.65 18.7182 378.395 26.735 377.311 41.216
377.311 41.216 378.65 18.7182 377.798 10.7565
378.395 26.735 380.132 51.3281 378.994 66.4562
380.132 51.3281 378.395 26.735 378.65 18.7182
387.308 79.8831 387.969 86.2325 382.129 90.3704
378.994 66.4562 387.308 79.8831 382.129 90.3704
380.132 51.3281 378.994 66.4562 387.308 79.8831
387.308 79.8831 380.132 51.3281 382.096 0.772389
387.34 58.8879 387.308 79.8831 387.969 86.2325
388.926 22.3575 387.34 58.8879 387.969 86.2325
389.133 6.30241 388.926 22.3575 387.34 58.8879
387.34 58.8879 389.133 6.30241 389.071 1.89277
392.358 70.7953 391.411 32.4008 389.133 6.30241
393.745 53.5777 397.759 69.6943 398.524 81.3593
393.472 37.7918 393.745 53.5777 397.759 69.6943
389.133 6.30241 391.411 32.4008 393.472 37.7918
397.759 69.6943 393.472 37.7918 389.071 1.89277
393.472 37.7918 389.133 6.30241 389.071 1.89277
397.759 69.6943 400.637 49.3549 398.854 -0.472327
400.637 49.3549 397.759 69.6943 398.524 81.3593
401.193 41.4297 400.637 49.3549 398.524 81.3593
400.637 49.3549 401.193 41.4297 401.682 27.9478
401.193 41.4297 408.22 32.0289 401.682 27.9478
401.849 91.6151 403.015 63.3771 401.193 41.4297
403.015 63.3771 406.975 46.6539 401.193 41.4297
407.287 66.0336 406.975 46.6539 408.22 32.0289
406.975 46.6539 401.193 41.4297 408.22 32.0289
410.569 60.8947 412.069 76.7396 411.833 88.628
408.22 32.0289 410.569 60.8947 411.833 88.628
402.143 20.7978 401.682 27.9478 408.22 32.0289
402.902 9.33211 402.143 20.7978 408.22 32.0289
410.569 60.8947 408.22 32.0289 406.714 -1.66442
408.22 32.0289 402.902 9.33211 406.714 -1.66442
410.569 60.8947 411.925 39.34 410.91 21.9792
411.925 39.34 410.569 60.8947 412.069 76.7396
412.069 76.7396 411.925 39.34 411.961 12.9423
241.289 61.5411 241.628 68.6199 242.557 77.5553
241.116 51.8135 241.289 61.5411 242.557 77.5553
242.557 77.5553 241.116 51.8135 242.886 41.7396
