52.7707 13.3613 53.0773 25.4383 52.9152 29.5438
52.1128 9.54128 51.6011 10.0618 52.7707 13.3613
53.0925 5.61991 52.1128 9.54128 52.7707 13.3613
53.0925 5.61991 52.7707 13.3613 53.0773 25.4383
53.1751 4.5604 53.0925 5.61991 52.1128 9.54128
53.1765 3.4196 53.1751 4.5604 52.1128 9.54128
53.1741 0.99624 53.1765 3.4196 52.1128 9.54128
52.1128 9.54128 53.1741 0.99624 52.951 0.330983
53.2983 9.68461 53.496 13.9633 53.686 18.1344
53.1765 3.4196 53.2983 9.68461 53.496 13.9633
53.496 13.9633 53.1765 3.4196 53.1741 0.99624
53.4145 27.0152 53.2983 9.68461 53.1765 3.4196
53.7065 13.3987 53.496 13.9633 53.686 18.1344
53.693 13.2991 54.0285 13.3608 53.7065 13.3987
53.693 13.2991 53.7065 13.3987 53.496 13.9633
53.496 13.9633 53.693 13.2991 53.4557 6.14199
54.5578 15.0706 55.0102 19.4243 53.7799 19.6137
53.7065 13.3987 54.5578 15.0706 53.7799 19.6137
54.5578 15.0706 53.7065 13.3987 54.0285 13.3608
54.5578 15.0706 54.4294 10.4452 54.0421 1.69611
54.4294 10.4452 54.5578 15.0706 55.0102 19.4243
54.7598 8.25195 54.4294 10.4452 55.0102 19.4243
55.0102 19.4243 54.7598 8.25195 55.0957 7.13129
55.4655 2.30532 54.7598 8.25195 54.4294 10.4452
54.4294 10.4452 55.4655 2.30532 55.5288 1.11781
55.6014 2.47026 55.9298 4.60296 55.8685 6.19849
55.6014 2.47026 55.8685 6.19849 55.5667 15.6419
55.9298 4.60296 55.6014 2.47026 55.5288 1.11781
55.6014 2.47026 55.4655 2.30532 55.5288 1.11781
55.3373 17.8445 55.6014 2.47026 55.4655 2.30532
55.8685 6.19849 55.953 20.1284 55.9171 21.6917
55.953 20.1284 55.8685 6.19849 55.9298 4.60296
56.1123 14.6268 55.953 20.1284 55.9171 21.6917
55.953 20.1284 56.1123 14.6268 56.1817 5.05448
56.2372 23.3443 56.3133 25.7867 56.1899 29.6333
56.1123 14.6268 56.2372 23.3443 56.1899 29.6333
56.2372 23.3443 56.1123 14.6268 56.1817 5.05448
56.2372 23.3443 56.3133 25.7867 56.5113 27.071
56.3282 20.0568 56.2372 23.3443 56.5113 27.071
56.6372 13.1402 56.3282 20.0568 56.5113 27.071
56.6397 12.1968 56.6372 13.1402 56.3282 20.0568
56.7188 9.57063 56.6397 12.1968 56.6372 13.1402
56.6397 12.1968 56.7188 9.57063 56.7818 2.87003
56.7188 9.57063 57.3431 8.49012 56.7818 2.87003
56.7257 22.7812 57.0595 10.8146 56.7188 9.57063
57.5292 21.099 57.8788 27.6906 57.6142 29.3462
57.2766 14.5755 57.5292 21.099 57.6142 29.3462
57.5292 21.099 57.2766 14.5755 57.3431 8.49012
57.2766 14.5755 57.0595 10.8146 57.3431 8.49012
57.0595 10.8146 56.7188 9.57063 57.3431 8.49012
57.0884 19.222 57.2766 14.5755 57.0595 10.8146
58.7784 20.6592 57.5292 21.099 57.8788 27.6906
58.9308 15.6588 58.7784 20.6592 57.5292 21.099
57.5292 21.099 58.9308 15.6588 58.3379 13.0152
59.6042 8.11702 58.9308 15.6588 58.7784 20.6592
58.9308 15.6588 59.6042 8.11702 59.6476 4.61966
60.2827 17.34 60.3283 27.2516 60.2145 28.5972
59.6042 8.11702 60.2827 17.34 60.2145 28.5972
59.6476 4.61966 59.6042 8.11702 60.2827 17.34
60.2827 17.34 59.6476 4.61966 60.006 1.44564
60.5695 14.6199 60.2827 17.34 60.3283 27.2516
60.6263 12.2364 60.5695 14.6199 60.2827 17.34
60.2827 17.34 60.6263 12.2364 60.4838 2.00426
60.8628 26.0358 60.9239 26.1081 60.9737 29.954
60.7266 14.4546 60.8628 26.0358 60.9239 26.1081
60.6263 12.2364 60.7266 14.4546 60.8628 26.0358
60.7266 14.4546 60.6263 12.2364 60.4838 2.00426
61.3455 14.9484 60.9239 26.1081 60.9737 29.954
61.4526 8.32415 61.3455 14.9484 60.9239 26.1081
60.9239 26.1081 61.4526 8.32415 61.477 6.9093
61.4526 8.32415 61.7606 14.6056 61.6324 17.2567
61.4526 8.32415 61.6324 17.2567 61.4277 28.7963
61.7606 14.6056 61.4526 8.32415 61.477 6.9093
61.6324 17.2567 61.9796 19.1471 61.6853 26.3662
61.7606 14.6056 61.6324 17.2567 61.9796 19.1471
61.7869 9.69751 61.7606 14.6056 61.9796 19.1471
61.8158 7.17384 61.7869 9.69751 61.9796 19.1471
61.7869 9.69751 61.8158 7.17384 61.8363 0.71998
61.9796 19.1471 62.3939 15.6548 62.3988 2.32132
62.3939 15.6548 61.9796 19.1471 61.6853 26.3662
62.4298 15.3876 62.3939 15.6548 61.6853 26.3662
62.3939 15.6548 62.4298 15.3876 62.4548 10.7236
62.5082 23.7268 62.7804 25.111 62.4735 26.871
62.4298 15.3876 62.5082 23.7268 62.4735 26.871
62.5082 23.7268 62.4298 15.3876 62.4548 10.7236
62.7804 25.111 62.4735 26.871 62.4967 29.2562
63.4649 19.1276 63.0617 19.745 62.7804 25.111
63.4649 19.1276 62.7804 25.111 62.4967 29.2562
63.4738 16.4662 63.4649 19.1276 63.0617 19.745
62.9325 8.10712 63.4738 16.4662 63.0617 19.745
63.5064 4.53375 62.9325 8.10712 63.4738 16.4662
62.9325 8.10712 63.5064 4.53375 63.4938 3.25675
63.8866 13.8837 63.6869 25.4159 63.8584 27.3113
63.8364 9.78508 63.8866 13.8837 63.6869 25.4159
63.5064 4.53375 63.8364 9.78508 63.6869 25.4159
63.8364 9.78508 63.5064 4.53375 63.4938 3.25675
63.8866 13.8837 64.3107 16.4975 64.3623 18.6516
63.8364 9.78508 63.8866 13.8837 64.3107 16.4975
63.9341 6.01415 63.8364 9.78508 64.3107 16.4975
64.3107 16.4975 63.9341 6.01415 64.1081 0.64245
64.3107 16.4975 64.3623 18.6516 64.4839 22.4186
64.5533 11.2165 64.3107 16.4975 64.4839 22.4186
64.6295 8.16632 64.5533 11.2165 64.3107 16.4975
64.3107 16.4975 64.6295 8.16632 64.7164 0.385976
65.1504 19.3141 65.4821 19.4691 64.8426 21.64
64.9801 16.8703 65.1504 19.3141 64.8426 21.64
64.6295 8.16632 64.9801 16.8703 64.8426 21.64
64.9801 16.8703 64.6295 8.16632 64.7164 0.385976
64.6959 19.1369 64.5533 11.2165 64.6295 8.16632
65.4821 19.4691 65.5071 19.672 65.5265 20.764
65.2294 15.6627 65.1504 19.3141 65.4821 19.4691
65.2294 15.6627 65.4821 19.4691 65.5071 19.672
65.2184 10.9598 65.2294 15.6627 65.1504 19.3141
65.1504 19.3141 65.2184 10.9598 65.1464 4.78057
65.661 17.9055 65.5071 19.672 65.5265 20.764
65.5071 19.672 65.661 17.9055 65.6685 13.8102
65.661 17.9055 66.1354 24.1923 65.8477 24.285
65.6685 13.8102 65.661 17.9055 66.1354 24.1923
65.8397 7.31064 65.6685 13.8102 66.1354 24.1923
66.1354 24.1923 65.8397 7.31064 66.047 3.64601
65.8477 24.285 66.1379 29.0699 66.0811 29.6953
66.1354 24.1923 65.8477 24.285 66.1379 29.0699
66.3731 17.6643 66.1354 24.1923 66.1379 29.0699
66.1354 24.1923 66.3731 17.6643 66.4033 15.2211
66.3731 17.6643 66.6196 27.0034 66.3183 29.4145
66.6196 27.0034 66.3731 17.6643 66.4033 15.2211
66.6196 27.0034 66.7966 25.7959 66.4385 0.701354
66.7966 25.7959 66.6196 27.0034 66.3183 29.4145
66.8798 25.2814 66.7966 25.7959 66.3183 29.4145
66.9274 17.3021 66.8798 25.2814 66.7966 25.7959
67.7351 12.3067 66.9274 17.3021 66.8798 25.2814
67.0067 9.64279 67.7351 12.3067 66.9274 17.3021
67.9182 5.85465 67.0067 9.64279 67.7351 12.3067
67.0067 9.64279 67.9182 5.85465 67.4951 5.26058
68.3939 19.4904 68.5559 24.6855 68.5682 25.4018
68.2261 10.0832 68.3939 19.4904 68.5559 24.6855
68.5048 6.54495 68.2261 10.0832 68.5559 24.6855
67.9182 5.85465 68.5048 6.54495 68.2261 10.0832
67.4951 5.26058 67.9182 5.85465 68.5048 6.54495
68.5048 6.54495 67.4951 5.26058 68.359 4.32596
67.9224 23.8633 68.3939 19.4904 68.2261 10.0832
68.744 14.0355 68.5559 24.6855 68.5682 25.4018
68.5559 24.6855 68.744 14.0355 68.727 10.1205
68.744 14.0355 68.8728 19.2609 68.9958 24.831
68.8728 19.2609 68.744 14.0355 68.727 10.1205
69.0399 9.02125 68.8728 19.2609 68.9958 24.831
69.9782 5.24742 69.399 8.08697 69.0399 9.02125
68.8728 19.2609 69.0399 9.02125 69.1194 2.16587
69.0399 9.02125 69.9782 5.24742 69.1194 2.16587
71.9205 22.1562 72.0581 24.8543 70.9171 29.1913
70.9884 21.4792 71.9205 22.1562 70.9171 29.1913
70.8197 17.5892 70.9884 21.4792 70.9171 29.1913
70.7133 8.81367 70.4409 10.0028 70.8197 17.5892
70.7133 8.81367 70.8197 17.5892 70.9884 21.4792
69.9782 5.24742 70.7133 8.81367 70.4409 10.0028
70.7133 8.81367 69.9782 5.24742 69.4389 1.39175
69.9782 5.24742 69.1194 2.16587 69.4389 1.39175
69.0399 9.02125 69.0806 21.3311 69.2471 27.139
69.2471 27.139 69.0399 9.02125 69.399 8.08697
69.5456 29.8936 69.8209 10.5484 69.399 8.08697
69.9342 24.29 69.8209 10.5484 69.9782 5.24742
69.8209 10.5484 69.399 8.08697 69.9782 5.24742
70.2346 24.7695 70.18 25.842 70.0478 27.998
70.8197 17.5892 70.2346 24.7695 70.18 25.842
70.2346 24.7695 70.8197 17.5892 70.4409 10.0028
71.9205 22.1562 70.9884 21.4792 71.4031 6.0966
72.0581 24.8543 71.9205 22.1562 71.7002 4.92609
72.2871 24.2142 72.0581 24.8543 70.9171 29.1913
72.5587 12.3507 72.2871 24.2142 72.0581 24.8543
72.0581 24.8543 72.5587 12.3507 72.2333 10.9329
72.7528 16.0553 73.0047 26.7036 72.9183 26.7796
72.5587 12.3507 72.7528 16.0553 72.9183 26.7796
72.7528 16.0553 72.5587 12.3507 72.5134 8.71579
72.5587 12.3507 72.2333 10.9329 72.5134 8.71579
73.6284 14.8077 72.7528 16.0553 73.0047 26.7036
73.092 14.3432 73.6284 14.8077 72.7528 16.0553
72.7528 16.0553 73.092 14.3432 72.938 0.749313
73.6284 14.8077 73.7348 21.2276 73.7343 24.9976
73.7348 21.2276 73.6284 14.8077 73.6715 7.2818
73.6284 14.8077 73.092 14.3432 73.6715 7.2818
73.7348 21.2276 73.7343 24.9976 73.909 27.7091
74.3312 13.2532 73.7348 21.2276 73.909 27.7091
73.7348 21.2276 74.3312 13.2532 74.2878 9.34823
74.4095 4.33007 74.2878 9.34823 74.3312 13.2532
74.4095 4.33007 74.3312 13.2532 74.4007 22.0409
74.2878 9.34823 74.4095 4.33007 74.3235 1.92717
74.542 4.7467 74.8887 14.2922 74.5024 20.9066
74.4095 4.33007 74.542 4.7467 74.5024 20.9066
74.542 4.7467 74.4095 4.33007 74.3235 1.92717
75.5166 22.2464 75.4972 24.9961 75.0632 29.4036
75.2035 21.0486 75.5166 22.2464 75.0632 29.4036
74.8887 14.2922 75.2035 21.0486 75.0632 29.4036
75.2035 21.0486 74.8887 14.2922 74.542 4.7467
75.6234 17.1545 75.5166 22.2464 75.4972 24.9961
75.8942 12.9214 75.9114 14.5751 75.6234 17.1545
75.5166 22.2464 75.6234 17.1545 75.8127 6.89801
75.6234 17.1545 75.8942 12.9214 75.8127 6.89801
75.6234 17.1545 75.7195 19.1886 75.7862 19.8506
75.7862 19.8506 75.6234 17.1545 75.9114 14.5751
75.9114 14.5751 76.3695 19.1731 75.9741 19.7539
75.8942 12.9214 75.9114 14.5751 76.3695 19.1731
76.6585 9.46231 75.8942 12.9214 76.3695 19.1731
76.8528 7.89598 76.6585 9.46231 75.8942 12.9214
76.8338 6.66033 76.8528 7.89598 75.8942 12.9214
75.8942 12.9214 76.8338 6.66033 76.6552 1.91225
77.1941 20.7915 78.1305 22.665 77.3543 25.2579
77.1941 20.7915 77.3543 25.2579 77.1926 27.2
76.9536 11.4545 77.1941 20.7915 77.1926 27.2
76.9234 10.0863 76.9536 11.4545 77.1941 20.7915
76.8528 7.89598 76.9234 10.0863 76.9536 11.4545
76.9234 10.0863 76.8528 7.89598 76.8338 6.66033
77.2586 13.9742 77.1941 20.7915 78.1305 22.665
78.0488 13.2191 77.2586 13.9742 78.1305 22.665
77.953 5.19485 78.0488 13.2191 77.2586 13.9742
77.2586 13.9742 77.953 5.19485 77.7928 4.84979
78.1305 22.665 77.3543 25.2579 77.9857 27.006
78.1716 22.4254 78.1305 22.665 77.9857 27.006
78.291 16.3583 78.1716 22.4254 78.1305 22.665
78.9687 12.6546 78.952 13.7167 78.291 16.3583
78.8603 3.67987 78.9687 12.6546 78.291 16.3583
78.1305 22.665 78.291 16.3583 78.6684 0.817087
78.291 16.3583 78.8603 3.67987 78.6684 0.817087
79.3348 10.9138 78.9687 12.6546 78.952 13.7167
79.2556 10.05 79.3348 10.9138 78.9687 12.6546
78.9687 12.6546 79.2556 10.05 78.9675 9.2293
79.4007 8.08673 79.2556 10.05 79.3348 10.9138
79.4993 7.19852 79.4007 8.08673 79.3348 10.9138
79.5857 2.95334 79.4993 7.19852 79.4007 8.08673
79.4007 8.08673 79.5857 2.95334 79.5749 1.11494
79.5857 2.95334 79.6872 11.5472 79.7563 19.5497
79.6872 11.5472 79.5857 2.95334 79.5749 1.11494
79.7457 10.0194 79.6872 11.5472 79.7563 19.5497
79.6872 11.5472 79.7457 10.0194 79.7259 8.88125
80.0019 14.0322 80.1169 15.7663 79.9375 24.453
79.7596 12.6391 80.0019 14.0322 79.9375 24.453
79.7457 10.0194 79.7596 12.6391 80.0019 14.0322
79.7259 8.88125 79.7457 10.0194 80.0019 14.0322
80.0019 14.0322 79.7259 8.88125 79.773 7.25854
80.1795 3.70684 80.0019 14.0322 80.1169 15.7663
80.0019 14.0322 80.1795 3.70684 80.1912 1.55042
80.1795 3.70684 80.4896 2.63791 80.1912 1.55042
80.4896 2.63791 80.5946 18.7074 80.5799 22.5827
80.5946 18.7074 80.4896 2.63791 80.5676 1.24452
80.4896 2.63791 80.1912 1.55042 80.5676 1.24452
80.1795 3.70684 80.3844 6.35403 80.24 27.497
80.3844 6.35403 80.1795 3.70684 80.4896 2.63791
80.5946 18.7074 80.5799 22.5827 80.6644 23.066
80.8852 11.1818 80.5946 18.7074 80.6644 23.066
80.9354 9.14701 80.8852 11.1818 80.5946 18.7074
81.1673 7.25135 80.9354 9.14701 80.8852 11.1818
82.0843 5.34354 81.1673 7.25135 80.8852 11.1818
82.3943 3.75623 82.0843 5.34354 81.1673 7.25135
81.1673 7.25135 82.3943 3.75623 82.7373 0.827689
82.0426 15.3094 81.9332 18.8577 81.7341 24.4967
82.0817 10.9594 82.0426 15.3094 81.7341 24.4967
82.0427 9.43329 82.0817 10.9594 81.7341 24.4967
82.0843 5.34354 82.0427 9.43329 82.0817 10.9594
82.0817 10.9594 82.0843 5.34354 82.3943 3.75623
83.2838 27.1771 82.7052 27.2849 82.7895 29.5125
83.3941 24.8921 83.2838 27.1771 82.7052 27.2849
82.9396 19.8785 83.3941 24.8921 82.7052 27.2849
82.6222 12.0833 82.9396 19.8785 82.7052 27.2849
82.3943 3.75623 82.3847 9.53395 82.6222 12.0833
82.3943 3.75623 82.6222 12.0833 82.9396 19.8785
82.9396 19.8785 82.3943 3.75623 82.7373 0.827689
82.3594 28.0251 82.6222 12.0833 82.3847 9.53395
80.9354 9.14701 81.1673 7.25135 81.5775 0.1587
83.6296 17.3562 82.9396 19.8785 83.3941 24.8921
83.9387 11.9221 83.6296 17.3562 82.9396 19.8785
83.7338 9.54608 83.9387 11.9221 82.9396 19.8785
82.9396 19.8785 83.7338 9.54608 83.2939 5.7248
83.8283 27.7191 83.6296 17.3562 83.9387 11.9221
84.3846 7.83368 83.7338 9.54608 83.9387 11.9221
84.3846 7.83368 83.9387 11.9221 84.1281 29.2758
83.7338 9.54608 84.3846 7.83368 84.4047 5.26579
85.0967 15.3556 84.7878 15.9342 84.4592 15.9734
84.5253 11.7985 85.0967 15.3556 84.4592 15.9734
84.3846 7.83368 84.5253 11.7985 84.4592 15.9734
84.5253 11.7985 84.3846 7.83368 84.4047 5.26579
85.2659 23.373 85.2637 25.2973 85.2126 26.5389
85.1695 16.7037 85.2659 23.373 85.2126 26.5389
85.0967 15.3556 85.1695 16.7037 85.2126 26.5389
85.0709 10.5747 84.5253 11.7985 85.0967 15.3556
85.0709 10.5747 85.0967 15.3556 85.1695 16.7037
84.5253 11.7985 85.0709 10.5747 84.7878 7.03216
85.2659 23.373 85.2637 25.2973 85.5511 28.0279
85.7466 10.6899 85.2659 23.373 85.5511 28.0279
86.4667 8.31695 87.0749 10.1283 85.7466 10.6899
85.2659 23.373 85.7466 10.6899 85.6907 5.10875
85.7466 10.6899 86.4667 8.31695 85.6907 5.10875
86.2877 22.296 86.5826 15.83 85.7466 10.6899
86.9774 28.8955 86.5826 15.83 87.0749 10.1283
86.5826 15.83 85.7466 10.6899 87.0749 10.1283
87.0749 10.1283 87.3634 26.1602 87.2484 28.9969
87.0109 1.47399 86.4667 8.31695 87.0749 10.1283
87.0109 1.47399 87.0749 10.1283 87.3634 26.1602
86.4667 8.31695 87.0109 1.47399 86.9813 0.506534
87.3634 26.1602 87.2484 28.9969 87.3951 29.4861
87.8204 23.923 87.3634 26.1602 87.3951 29.4861
87.7753 18.8392 88.4839 21.0613 87.8204 23.923
87.7753 18.8392 87.8204 23.923 87.3634 26.1602
87.5723 6.78185 87.7753 18.8392 87.3634 26.1602
87.3634 26.1602 87.5723 6.78185 87.368 3.12877
88.4839 21.0613 87.7753 18.8392 88.119 14.6082
88.272 24.1577 88.587 25.427 88.5271 26.0501
88.4839 21.0613 87.8204 23.923 88.272 24.1577
88.4839 21.0613 88.272 24.1577 88.587 25.427
88.587 25.427 88.4839 21.0613 88.6895 3.3576
88.587 25.427 88.5271 26.0501 88.86 26.0513
89.0911 18.608 88.587 25.427 88.86 26.0513
88.587 25.427 89.0911 18.608 88.7107 1.32174
89.0911 18.608 89.149 19.0405 89.695 24.1513
89.149 19.0405 89.0911 18.608 88.7107 1.32174
90.2059 16.0431 89.149 19.0405 89.695 24.1513
89.982 14.0727 90.2059 16.0431 89.149 19.0405
89.149 19.0405 89.982 14.0727 89.3896 6.35777
90.2053 11.2279 89.982 14.0727 90.2059 16.0431
90.7075 4.51537 90.8431 5.77085 90.2053 11.2279
90.7075 4.51537 90.2053 11.2279 89.982 14.0727
89.982 14.0727 90.7075 4.51537 90.5002 3.41068
91.0301 15.1251 91.0566 23.6271 91.0228 23.7577
91.0301 15.1251 91.0228 23.7577 90.7036 27.4124
90.2053 11.2279 91.0301 15.1251 90.7036 27.4124
91.0301 15.1251 90.2053 11.2279 90.8431 5.77085
91.0566 23.6271 91.2465 17.8388 91.1314 0.287882
91.0566 23.6271 91.0228 23.7577 91.1375 29.7841
91.2465 17.8388 91.0566 23.6271 91.1375 29.7841
91.4955 14.0335 91.2465 17.8388 91.1375 29.7841
91.2465 17.8388 91.4955 14.0335 91.4556 5.43167
91.4955 14.0335 91.5943 12.8925 91.4556 5.43167
91.4955 14.0335 91.6025 17.8583 92.1503 28.7418
91.5943 12.8925 91.4955 14.0335 92.1503 28.7418
92.4128 8.83013 91.5943 12.8925 92.1503 28.7418
92.6758 4.2037 92.4128 8.83013 91.5943 12.8925
91.7188 4.20167 92.6758 4.2037 91.5943 12.8925
92.6758 4.2037 91.7188 4.20167 91.9995 1.158
91.5375 22.1355 91.6025 17.8583 91.4955 14.0335
92.7888 3.15424 92.6758 4.2037 92.4128 8.83013
92.6758 4.2037 92.7888 3.15424 92.8443 1.82155
93.1104 3.82421 93.7082 8.13927 93.1404 9.91404
93.1104 3.82421 93.1404 9.91404 93.0947 24.6434
92.8443 1.82155 92.7888 3.15424 93.1104 3.82421
92.8443 1.82155 93.1104 3.82421 93.7082 8.13927
92.8062 0.882874 92.8443 1.82155 93.7082 8.13927
93.3718 0.805519 92.8062 0.882874 93.7082 8.13927
92.8062 0.882874 93.3718 0.805519 92.9374 0.192801
93.1404 9.91404 93.8118 16.9817 93.6827 21.3067
93.8118 16.9817 93.1404 9.91404 93.7082 8.13927
93.6827 21.3067 94.0126 22.1752 93.71 26.126
93.8118 16.9817 93.6827 21.3067 94.0126 22.1752
94.1031 11.4324 93.8118 16.9817 94.0126 22.1752
94.0126 22.1752 94.1031 11.4324 94.2231 1.22319
94.1031 11.4324 94.0666 9.02384 94.2231 1.22319
94.5289 16.4257 94.0126 22.1752 93.71 26.126
94.0126 22.1752 94.5289 16.4257 94.5223 1.70011
94.5289 16.4257 94.8598 15.521 94.5223 1.70011
94.7644 24.5788 95.2199 27.8013 95.2978 27.904
95.7621 23.1685 94.7644 24.5788 95.2978 27.904
95.534 22.8071 95.7621 23.1685 94.7644 24.5788
94.8578 20.5776 95.534 22.8071 94.7644 24.5788
94.5289 16.4257 94.8578 20.5776 94.7644 24.5788
94.8598 15.521 94.5289 16.4257 94.8578 20.5776
94.8578 20.5776 94.8598 15.521 94.9144 4.78662
95.534 22.8071 94.8578 20.5776 95.271 0.702577
95.534 22.8071 95.6625 22.0021 95.5691 12.5286
95.6625 22.0021 95.534 22.8071 95.7621 23.1685
96.0676 15.4241 95.6625 22.0021 95.7621 23.1685
95.6625 22.0021 96.0676 15.4241 96.048 8.91959
96.0676 15.4241 96.4222 20.7927 96.24 22.9669
96.048 8.91959 96.0676 15.4241 96.4222 20.7927
96.4222 20.7927 96.048 8.91959 96.256 6.14414
96.4222 20.7927 96.24 22.9669 96.5387 27.9666
96.5615 18.3608 96.4222 20.7927 96.5387 27.9666
96.5823 12.7304 96.5615 18.3608 96.4222 20.7927
96.4222 20.7927 96.5823 12.7304 96.5075 11.018
96.5823 12.7304 97.563 12.7078 96.5075 11.018
97.563 12.7078 98.0143 21.3249 97.8738 26.7362
97.6191 10.234 96.5075 11.018 97.563 12.7078
97.6191 10.234 97.563 12.7078 98.0143 21.3249
96.9792 5.42489 97.6191 10.234 96.5075 11.018
98.033 4.43003 96.9792 5.42489 97.6191 10.234
96.9792 5.42489 98.033 4.43003 98.8834 3.00073
96.8401 25.549 97.0687 12.7594 96.5823 12.7304
97.4894 20.3496 97.0687 12.7594 97.563 12.7078
97.0687 12.7594 96.5823 12.7304 97.563 12.7078
98.7841 25.0968 98.9941 10.8429 98.033 4.43003
98.9941 10.8429 99.313 18.7747 99.0497 23.0789
99.313 18.7747 98.9941 10.8429 98.8834 3.00073
98.9941 10.8429 98.033 4.43003 98.8834 3.00073
99.313 18.7747 99.0497 23.0789 99.3883 25.848
99.6603 12.1604 99.313 18.7747 99.3883 25.848
99.4596 9.49007 99.7251 10.9899 99.6603 12.1604
99.4596 9.49007 99.6603 12.1604 99.313 18.7747
99.7251 10.9899 99.4596 9.49007 99.5489 2.34591
99.984 26.2579 99.6603 12.1604 99.7251 10.9899
51.5587 22.4907 51.265 14.221 51.6011 10.0618
51.265 14.221 50.981 12.262 51.6011 10.0618
50.6078 21.4748 49.8668 26.7607 50.7262 27.6554
50.981 12.262 50.6078 21.4748 50.7262 27.6554
50.6078 21.4748 50.981 12.262 51.3283 3.60468
50.981 12.262 51.6011 10.0618 51.3283 3.60468
51.6011 10.0618 52.1128 9.54128 51.3283 3.60468
49.8668 26.7607 50.7262 27.6554 49.7876 29.0711
49.9886 22.4987 49.8668 26.7607 49.7876 29.0711
49.741 17.703 49.9886 22.4987 49.7876 29.0711
49.7446 4.92019 49.741 17.703 49.9886 22.4987
49.9886 22.4987 49.7446 4.92019 50.0179 1.99648
49.7446 4.92019 49.5994 2.8275 50.0179 1.99648
49.7446 4.92019 49.1764 12.8542 49.5795 13.3289
49.1764 12.8542 49.7446 4.92019 49.5994 2.8275
49.5082 24.3556 49.3388 17.6104 49.5795 13.3289
49.3388 17.6104 49.1824 23.3008 49.3253 28.246
49.1764 12.8542 49.5795 13.3289 49.3388 17.6104
49.1764 12.8542 49.3388 17.6104 49.1824 23.3008
49.0758 8.58622 49.1764 12.8542 49.1824 23.3008
49.1764 12.8542 49.0758 8.58622 49.1358 6.45246
49.0758 8.58622 48.9113 7.15822 49.1358 6.45246
48.7606 22.0435 47.9402 25.6268 48.642 27.9572
49.0758 8.58622 48.863 10.1534 48.7606 22.0435
49.0758 8.58622 48.7606 22.0435 48.642 27.9572
48.863 10.1534 49.0758 8.58622 48.9113 7.15822
48.1174 17.6585 48.7606 22.0435 47.9402 25.6268
47.8628 5.77119 48.1174 17.6585 47.9402 25.6268
47.6838 4.81912 47.8628 5.77119 47.9402 25.6268
47.8628 5.77119 47.6838 4.81912 47.6462 2.50932
47.6838 4.81912 47.1042 23.1627 47.6999 24.5819
47.1042 23.1627 47.6838 4.81912 47.6462 2.50932
47.1042 23.1627 47.6999 24.5819 46.8988 27.1816
46.7396 13.3277 47.1042 23.1627 46.8988 27.1816
47.1042 23.1627 46.7396 13.3277 46.4857 4.73863
46.7396 13.3277 46.5274 10.4535 46.4857 4.73863
46.5274 10.4535 46.3497 14.1001 46.562 27.3518
46.3497 14.1001 46.5274 10.4535 46.4857 4.73863
46.2868 13.0303 46.3497 14.1001 46.562 27.3518
46.3497 14.1001 46.2868 13.0303 46.2465 12.1374
46.208 18.3718 46.1465 21.097 46.1458 22.2766
46.2868 13.0303 46.208 18.3718 46.1465 21.097
46.1465 21.097 46.2868 13.0303 46.2465 12.1374
46.1458 22.2766 45.5688 24.5816 45.7489 25.221
46.1465 21.097 46.1458 22.2766 45.5688 24.5816
45.8738 8.60281 46.1465 21.097 45.5688 24.5816
46.1465 21.097 45.8738 8.60281 46.027 0.77449
45.5688 24.5816 45.7489 25.221 45.3525 26.8546
45.5942 19.1455 45.5688 24.5816 45.3525 26.8546
45.2266 13.3734 45.5942 19.1455 45.3525 26.8546
44.493 5.68057 44.2653 8.64977 45.2266 13.3734
45.5942 19.1455 45.2266 13.3734 45.0233 1.12877
45.2266 13.3734 44.493 5.68057 45.0233 1.12877
44.2653 8.64977 45.2266 13.3734 44.2666 15.9954
44.1129 8.08913 44.2653 8.64977 44.2666 15.9954
44.1818 7.53728 44.1129 8.08913 44.2653 8.64977
44.2653 8.64977 44.1818 7.53728 44.1601 0.58648
43.7143 25.9567 42.4243 27.3397 44.153 27.5576
44.1025 25.8169 43.7143 25.9567 44.153 27.5576
44.1129 8.08913 44.1025 25.8169 44.153 27.5576
43.8416 2.8576 44.1818 7.53728 44.1129 8.08913
43.8416 2.8576 44.1129 8.08913 44.1025 25.8169
44.1818 7.53728 43.8416 2.8576 43.7897 0.682942
43.8878 9.26929 43.8416 2.8576 43.7897 0.682942
42.4243 27.3397 44.153 27.5576 42.0888 28.6828
42.1609 21.8523 42.4243 27.3397 42.0888 28.6828
42.4243 27.3397 42.1609 21.8523 41.5789 9.38993
42.1609 21.8523 41.5564 11.638 41.5789 9.38993
41.5564 11.638 41.3579 11.6271 41.5789 9.38993
41.3579 11.6271 40.5708 12.1239 41.2824 19.9635
41.5789 9.38993 41.3579 11.6271 40.5708 12.1239
40.5708 12.1239 41.5789 9.38993 41.2544 5.68185
40.5708 12.1239 41.2824 19.9635 40.6238 28.3467
40.4089 6.6621 40.5708 12.1239 40.6238 28.3467
40.5708 12.1239 40.4089 6.6621 40.3941 5.16442
40.3941 5.16442 40.4089 6.6621 40.2452 28.0881
40.0841 3.79819 40.3941 5.16442 40.2452 28.0881
40.3941 5.16442 40.0841 3.79819 40.2929 2.12212
39.9329 12.7227 39.4249 17.3191 39.734 19.6337
40.0841 3.79819 39.9329 12.7227 39.4249 17.3191
39.4249 17.3191 40.0841 3.79819 40.0592 1.65952
40.0841 3.79819 40.2929 2.12212 40.0592 1.65952
38.4978 11.559 39.4249 17.3191 39.734 19.6337
38.6595 11.5323 38.4978 11.559 39.4249 17.3191
39.2502 9.95486 38.6595 11.5323 39.4249 17.3191
39.4249 17.3191 39.2502 9.95486 39.4952 5.87097
38.4069 16.2209 37.8444 19.4113 37.9508 27.8449
38.4978 11.559 38.4069 16.2209 37.8444 19.4113
38.4771 8.31708 38.6595 11.5323 38.4978 11.559
38.4771 8.31708 38.4978 11.559 37.8444 19.4113
37.8444 19.4113 38.4771 8.31708 38.2992 1.50109
37.471 3.79307 37.7192 5.5047 37.8444 19.4113
37.471 3.79307 37.8444 19.4113 37.9508 27.8449
37.2573 1.67834 36.6818 1.9065 37.1614 2.24778
37.2573 1.67834 37.1614 2.24778 37.471 3.79307
37.2573 1.67834 37.471 3.79307 37.7192 5.5047
37.7192 5.5047 37.2573 1.67834 37.4853 1.11907
37.2229 27.5964 37.471 3.79307 37.1614 2.24778
36.1607 9.25887 35.9993 13.005 36.1361 13.0684
36.1607 9.25887 36.1361 13.0684 36.3392 21.2374
36.6623 4.35203 36.1607 9.25887 36.3392 21.2374
36.1607 9.25887 36.6623 4.35203 36.6818 1.9065
36.6623 4.35203 37.1614 2.24778 36.6818 1.9065
35.9347 14.9057 35.9564 20.3567 35.9966 20.859
35.9966 20.859 35.9347 14.9057 36.1361 13.0684
35.9993 13.005 36.1361 13.0684 35.9347 14.9057
35.9993 13.005 35.9347 14.9057 35.3889 23.7112
34.7679 12.0036 35.9993 13.005 35.3889 23.7112
34.4262 9.4551 34.3715 11.9721 34.7679 12.0036
34.4262 9.4551 34.7679 12.0036 35.9993 13.005
34.6228 5.88503 34.4262 9.4551 35.9993 13.005
35.9 2.34194 34.6228 5.88503 35.9993 13.005
34.6228 5.88503 35.9 2.34194 35.2528 1.76015
34.1615 16.1061 34.1301 17.1755 34.1293 22.0949
34.3715 11.9721 34.1615 16.1061 34.1293 22.0949
34.1615 16.1061 34.3715 11.9721 34.4262 9.4551
34.7679 12.0036 34.3988 18.5325 35.0405 25.1025
34.3988 18.5325 34.7679 12.0036 34.3715 11.9721
34.1301 17.1755 34.1293 22.0949 33.5841 29.1677
33.9539 11.0122 34.1301 17.1755 33.5841 29.1677
33.5197 10.1194 33.9539 11.0122 33.5841 29.1677
33.4 2.70954 33.5197 10.1194 33.5841 29.1677
33.5197 10.1194 33.4 2.70954 33.4859 0.356589
32.3555 20.6231 33.0736 25.2823 32.5842 25.8004
32.4057 16.6557 32.3555 20.6231 33.0736 25.2823
32.8928 14.4424 32.4057 16.6557 33.0736 25.2823
33.4 2.70954 32.8928 14.4424 33.0736 25.2823
32.8928 14.4424 33.4 2.70954 33.4859 0.356589
32.3189 13.0562 32.4057 16.6557 32.3555 20.6231
32.4057 16.6557 32.3189 13.0562 32.1738 6.89679
32.3189 13.0562 32.2204 10.5491 32.1738 6.89679
31.9049 9.69038 32.2204 10.5491 32.3189 13.0562
32.2204 10.5491 31.9049 9.69038 31.5884 2.28973
31.5913 15.056 30.8458 23.6776 30.8921 27.381
31.9049 9.69038 31.5913 15.056 30.8921 27.381
31.5913 15.056 31.9049 9.69038 31.5884 2.28973
30.8357 23.286 30.8458 23.6776 30.8921 27.381
30.1623 7.09481 30.2661 11.5 30.8357 23.286
30.8458 23.6776 30.8357 23.286 30.4148 1.84239
30.8357 23.286 30.1623 7.09481 30.4148 1.84239
30.1623 7.09481 29.4996 5.92538 30.4148 1.84239
30.7108 28.9429 30.8357 23.286 30.2661 11.5
29.3254 14.5432 28.8799 14.7969 29.2899 24.2382
29.407 12.4121 29.3254 14.5432 29.2899 24.2382
29.4996 5.92538 29.407 12.4121 29.3254 14.5432
29.9284 0.842183 30.4148 1.84239 29.4996 5.92538
29.3254 14.5432 29.4996 5.92538 29.5025 0.331161
29.4996 5.92538 29.9284 0.842183 29.5025 0.331161
29.9575 21.753 30.1623 7.09481 29.4996 5.92538
30.2989 22.3814 30.2661 11.5 30.1623 7.09481
28.7261 10.637 29.3254 14.5432 28.8799 14.7969
29.3254 14.5432 28.7261 10.637 28.6614 4.83903
28.7261 10.637 27.9205 7.73506 28.6614 4.83903
27.8783 24.9192 27.5669 26.095 28.128 27.6161
28.7261 10.637 27.8783 24.9192 28.128 27.6161
27.8783 24.9192 28.7261 10.637 27.9205 7.73506
27.8783 24.9192 27.5669 26.095 26.977 26.8874
27.336 23.7826 27.8783 24.9192 26.977 26.8874
26.9539 22.5669 27.336 23.7826 26.977 26.8874
26.4109 22.2412 26.9539 22.5669 26.977 26.8874
26.271 20.4701 26.4109 22.2412 26.9539 22.5669
26.3224 12.8807 26.271 20.4701 26.9539 22.5669
26.9539 22.5669 26.3224 12.8807 26.6006 8.38821
26.2928 7.24162 26.3224 12.8807 26.271 20.4701
25.9032 6.87709 26.2928 7.24162 26.271 20.4701
26.2928 7.24162 25.9032 6.87709 25.7813 3.73423
25.7054 12.2818 25.4566 17.4957 25.5437 25.6311
25.9032 6.87709 25.7054 12.2818 25.4566 17.4957
25.4566 17.4957 25.9032 6.87709 25.7813 3.73423
25.7054 12.2818 25.8575 13.5236 25.884 21.9912
25.8575 13.5236 25.7054 12.2818 25.9032 6.87709
25.4566 17.4957 25.5437 25.6311 25.4512 27.1665
25.3171 12.5806 25.4566 17.4957 25.4512 27.1665
25.4278 8.42545 25.3171 12.5806 25.4566 17.4957
25.0497 6.93017 25.4278 8.42545 25.3171 12.5806
24.8694 5.26853 25.0497 6.93017 25.4278 8.42545
25.4278 8.42545 24.8694 5.26853 24.6302 2.23321
21.9625 25.919 24.4515 26.2188 22.6923 27.6355
21.9625 25.919 22.6923 27.6355 22.283 28.4364
22.4091 25.1948 21.9625 25.919 24.4515 26.2188
23.5519 25.1701 22.4091 25.1948 24.4515 26.2188
23.8285 23.4034 23.5519 25.1701 24.4515 26.2188
23.9433 21.5191 23.8285 23.4034 24.4515 26.2188
24.4129 15.8986 23.9433 21.5191 24.4515 26.2188
24.5745 10.7635 24.4129 15.8986 24.4515 26.2188
24.4129 15.8986 24.5745 10.7635 24.6302 2.23321
24.5745 10.7635 24.8694 5.26853 24.6302 2.23321
24.7435 24.1293 25.0497 6.93017 24.8694 5.26853
22.2573 23.857 22.4091 25.1948 21.9625 25.919
21.7961 19.5555 22.2573 23.857 21.9625 25.919
21.4569 6.58501 21.7471 15.62 21.7961 19.5555
21.4569 6.58501 21.7961 19.5555 21.9625 25.919
21.7471 15.62 21.4569 6.58501 21.492 4.31599
21.4569 6.58501 21.0508 16.4775 21.2092 28.1223
21.0508 16.4775 21.4569 6.58501 21.492 4.31599
20.4554 16.4097 21.0508 16.4775 21.2092 28.1223
21.0508 16.4775 20.4554 16.4097 20.4175 6.1536
20.4554 16.4097 19.9689 21.2222 20.1669 27.3194
19.9689 21.2222 20.4554 16.4097 20.4175 6.1536
19.4514 12.7339 19.9689 21.2222 20.1669 27.3194
19.9689 21.2222 19.4514 12.7339 19.8845 9.18195
19.0691 14.4463 18.702 17.8439 19.0564 20.3863
19.4514 12.7339 19.0691 14.4463 19.0564 20.3863
19.8845 9.18195 19.4514 12.7339 19.0691 14.4463
19.1187 6.75687 19.8845 9.18195 19.0691 14.4463
19.7685 4.42327 19.1187 6.75687 19.8845 9.18195
19.1187 6.75687 19.7685 4.42327 19.2737 4.40141
18.6066 24.9983 18.328 25.4171 18.3837 26.3086
19.0564 20.3863 18.6066 24.9983 18.328 25.4171
18.702 17.8439 19.0564 20.3863 18.328 25.4171
18.328 25.4171 18.702 17.8439 18.3279 5.75008
18.0465 22.4136 18.328 25.4171 18.3837 26.3086
18.0821 22.1872 18.0465 22.4136 18.328 25.4171
17.4837 21.3432 18.0821 22.1872 18.0465 22.4136
18.1518 19.1739 17.4837 21.3432 18.0821 22.1872
17.4812 6.61582 18.1518 19.1739 17.4837 21.3432
17.3325 6.548 17.4812 6.61582 17.4837 21.3432
17.3137 5.97238 17.3325 6.548 17.4812 6.61582
17.4812 6.61582 17.3137 5.97238 17.3605 5.86539
17.3325 6.548 17.2552 15.9824 17.219 25.2375
17.2552 15.9824 17.3325 6.548 17.3137 5.97238
17.0371 12.649 17.2552 15.9824 17.219 25.2375
16.9456 5.59104 16.4158 10.417 17.0371 12.649
16.9456 5.59104 17.0371 12.649 17.2552 15.9824
17.2552 15.9824 16.9456 5.59104 17.0966 1.58614
16.6804 14.0397 17.0371 12.649 16.4158 10.417
16.0432 11.4646 15.8883 21.9644 16.1108 25.3408
16.4158 10.417 15.7315 10.7672 16.0432 11.4646
16.4158 10.417 16.0432 11.4646 16.1108 25.3408
15.7315 10.7672 16.4158 10.417 16.9456 5.59104
15.2499 20.3402 14.9396 22.967 15.1567 25.1188
15.5925 17.3594 15.2499 20.3402 15.1567 25.1188
16.0432 11.4646 15.5925 17.3594 15.2499 20.3402
15.2499 20.3402 16.0432 11.4646 15.7315 10.7672
15.1644 8.67677 15.2499 20.3402 14.9396 22.967
14.8558 7.28225 15.1644 8.67677 14.9396 22.967
15.1644 8.67677 14.8558 7.28225 14.5547 1.60026
14.3611 19.8721 14.2932 23.7549 14.4886 27.3444
14.8558 7.28225 14.3611 19.8721 14.4886 27.3444
14.3611 19.8721 14.8558 7.28225 14.5547 1.60026
14.0311 11.9439 14.3611 19.8721 14.2932 23.7549
14.3652 9.54661 14.0311 11.9439 14.3611 19.8721
14.0282 5.40505 14.3652 9.54661 14.0311 11.9439
14.3652 9.54661 14.0282 5.40505 14.1686 1.0308
13.4518 18.3554 13.2724 18.5282 13.1707 18.7738
13.9352 7.57752 13.4518 18.3554 13.2724 18.5282
14.0282 5.40505 13.9352 7.57752 13.2724 18.5282
13.2724 18.5282 14.0282 5.40505 14.1686 1.0308
13.9352 7.57752 13.9181 18.3256 13.9287 24.2889
13.9287 24.2889 13.9352 7.57752 14.0282 5.40505
13.2724 18.5282 13.1707 18.7738 12.7782 19.0194
12.7904 14.813 13.2724 18.5282 12.7782 19.0194
12.7904 14.813 12.7782 19.0194 12.5476 23.6294
12.5853 14.556 12.7904 14.813 12.5476 23.6294
12.0411 12.9814 12.5853 14.556 12.5476 23.6294
11.6417 3.85669 12.0411 12.9814 12.5853 14.556
12.5853 14.556 11.6417 3.85669 12.3311 1.91091
10.3411 25.7758 10.7734 29.1215 11.1402 29.3006
10.564 21.5127 10.3411 25.7758 11.1402 29.3006
10.0598 21.4309 10.564 21.5127 10.3411 25.7758
10.2417 15.5807 10.0598 21.4309 10.564 21.5127
10.3566 12.4586 10.2417 15.5807 10.564 21.5127
11.6417 3.85669 10.3566 12.4586 10.564 21.5127
10.3566 12.4586 11.6417 3.85669 12.0745 0.88924
11.6417 3.85669 12.3311 1.91091 12.0745 0.88924
10.0598 21.4309 9.91223 25.7143 10.0123 28.1631
9.91223 25.7143 10.0598 21.4309 10.2417 15.5807
5.47819 27.9405 10.7734 29.1215 11.1402 29.3006
4.49136 27.7785 5.47819 27.9405 11.1402 29.3006
4.89409 24.5576 4.49136 27.7785 5.47819 27.9405
5.47819 27.9405 4.89409 24.5576 5.59198 4.36297
4.47277 21.5897 4.89409 24.5576 4.49136 27.7785
4.47277 21.5897 4.49136 27.7785 4.38242 28.7181
4.28693 10.0333 4.47277 21.5897 4.38242 28.7181
4.18991 4.27892 4.28693 10.0333 4.38242 28.7181
4.28693 10.0333 4.18991 4.27892 4.18849 3.58163
3.48043 9.86203 3.34896 15.9136 3.60259 21.2892
4.18991 4.27892 3.48043 9.86203 3.60259 21.2892
3.48043 9.86203 4.18991 4.27892 4.18849 3.58163
3.60259 21.2892 2.96567 24.4982 3.34961 24.5967
3.34896 15.9136 3.60259 21.2892 2.96567 24.4982
2.96567 24.4982 3.34896 15.9136 3.02688 6.57085
3.34961 24.5967 2.77469 24.5975 3.1504 26.8163
2.96567 24.4982 3.34961 24.5967 2.77469 24.5975
2.79448 22.0301 2.96567 24.4982 2.77469 24.5975
2.35767 17.7419 2.79448 22.0301 2.77469 24.5975
2.16769 5.3752 2.35767 17.7419 2.79448 22.0301
2.79448 22.0301 2.16769 5.3752 2.43374 3.30653
1.95568 6.27053 1.96138 9.61175 1.98049 10.3073
2.1213 6.12002 1.95568 6.27053 1.98049 10.3073
2.16769 5.3752 2.1213 6.12002 1.95568 6.27053
1.95568 6.27053 2.16769 5.3752 2.43374 3.30653
1.95498 12.1509 1.8866 23.292 1.95176 24.914
1.96138 9.61175 1.95498 12.1509 1.95176 24.914
1.95498 12.1509 1.96138 9.61175 1.95568 6.27053
2.12431 10.3314 2.1213 6.12002 2.16769 5.3752
2.35767 17.7419 2.39217 26.0765 2.21383 29.308
2.21383 29.308 2.35767 17.7419 2.16769 5.3752
1.82141 8.71574 1.95498 12.1509 1.8866 23.292
1.95498 12.1509 1.82141 8.71574 1.80967 2.91699
1.82141 8.71574 1.36591 7.93754 1.80967 2.91699
1.67335 26.219 1.82141 8.71574 1.36591 7.93754
0.856914 23.5218 0.509528 23.7279 0.785944 29.872
0.93338 22.9607 0.856914 23.5218 0.785944 29.872
1.03322 20.1012 0.93338 22.9607 0.856914 23.5218
0.841907 17.1259 1.03322 20.1012 0.856914 23.5218
1.30877 8.30271 0.841907 17.1259 1.03322 20.1012
1.36591 7.93754 1.30877 8.30271 1.03322 20.1012
1.30877 8.30271 1.36591 7.93754 1.80967 2.91699
0.351844 15.1601 0.856914 23.5218 0.509528 23.7279
0.351844 15.1601 0.509528 23.7279 0.344048 26.164
0.292755 11.8143 0.351844 15.1601 0.344048 26.164
0.351844 15.1601 0.292755 11.8143 0.302374 4.69804
0.186529 18.5044 0.292755 11.8143 0.302374 4.69804
4.47277 21.5897 4.28693 10.0333 4.46168 4.55002
4.89409 24.5576 4.47277 21.5897 4.71199 7.27839
9.00169 7.98488 9.91223 25.7143 10.0123 28.1631
9.08049 2.50156 9.00169 7.98488 9.91223 25.7143
9.91223 25.7143 9.08049 2.50156 9.52913 2.03618
9.00169 7.98488 8.7052 15.6988 8.83182 23.2352
8.7052 15.6988 9.00169 7.98488 9.08049 2.50156
8.40617 10.8278 8.7052 15.6988 8.83182 23.2352
8.7052 15.6988 8.40617 10.8278 8.44291 2.92788
8.32604 13.1737 8.13514 14.6618 8.44029 16.4862
8.40617 10.8278 8.32604 13.1737 8.44029 16.4862
8.32604 13.1737 8.40617 10.8278 8.44291 2.92788
7.97076 14.9188 8.20534 21.4431 8.12077 21.7677
8.20534 21.4431 7.97076 14.9188 8.13514 14.6618
7.13664 19.5212 7.84371 25.5021 7.35164 26.3535
7.97076 14.9188 7.13664 19.5212 7.84371 25.5021
8.32604 13.1737 8.13514 14.6618 7.97076 14.9188
7.0572 10.7665 8.32604 13.1737 7.97076 14.9188
7.0572 10.7665 7.97076 14.9188 7.13664 19.5212
8.32604 13.1737 7.0572 10.7665 7.49095 10.1508
6.77808 14.4065 6.35264 18.7577 6.42571 21.9199
7.0572 10.7665 6.77808 14.4065 6.35264 18.7577
6.50902 9.95971 7.49095 10.1508 7.0572 10.7665
6.50902 9.95971 7.0572 10.7665 6.35264 18.7577
7.49095 10.1508 6.50902 9.95971 7.02785 8.63015
6.88509 23.3604 6.77808 14.4065 7.0572 10.7665
5.86291 11.2793 6.35264 18.7577 6.42571 21.9199
6.02614 10.2785 5.86291 11.2793 6.35264 18.7577
5.86291 11.2793 6.02614 10.2785 6.32421 5.45536
13.2724 18.5282 12.7904 14.813 13.0145 7.41706
22.1562 14.645 21.7961 19.5555 22.2573 23.857
22.1345 14.2093 22.1562 14.645 21.7961 19.5555
21.7961 19.5555 22.1345 14.2093 21.952 12.7425
22.4091 25.1948 22.2573 23.857 22.3099 16.1309
23.3955 24.3847 23.5519 25.1701 22.4091 25.1948
22.5852 17.0117 23.3955 24.3847 22.4091 25.1948
22.4091 25.1948 22.5852 17.0117 22.431 8.653
23.5519 25.1701 23.3955 24.3847 22.9894 12.676
23.5769 8.92218 23.9433 21.5191 23.8285 23.4034
23.9433 21.5191 23.5769 8.92218 23.8271 6.45474
23.9433 21.5191 24.4129 15.8986 23.9155 9.96374
27.3811 12.7012 27.455 17.4606 27.336 23.7826
27.455 17.4606 27.3811 12.7012 27.5071 4.36171
27.455 17.4606 27.336 23.7826 27.8783 24.9192
27.8783 24.9192 27.455 17.4606 27.5092 13.1022
30.8458 23.6776 31.5913 15.056 31.5308 14.6623
32.4057 16.6557 32.8928 14.4424 32.6514 6.95465
34.1301 17.1755 34.1615 16.1061 34.1502 1.96106
35.9993 13.005 36.1607 9.25887 36.1357 0.221216
36.6818 1.9065 37.2573 1.67834 36.874 1.08161
43.2122 24.5191 43.7143 25.9567 42.4243 27.3397
43.4039 23.1927 43.2122 24.5191 43.7143 25.9567
43.7143 25.9567 43.4039 23.1927 43.3128 8.06929
42.7422 9.08641 43.4039 23.1927 43.2122 24.5191
43.4039 23.1927 42.7422 9.08641 42.7431 0.548957
45.5688 24.5816 45.5942 19.1455 45.7277 1.51405
45.5942 19.1455 45.5798 8.37039 45.7277 1.51405
48.5731 3.74211 48.1174 17.6585 48.7606 22.0435
48.1174 17.6585 48.5731 3.74211 48.2997 2.508
