-2.72791 40.5521
10.4075 82.062
0.0238074 51.4182
-1.21185 93.3654
-0.86771 96.0665
-0.0830424 66.5004
12.3159 98.3019
6.99735 108.32
2.67787 120.237
30.1829 127.661
32.6919 123.655
10.6084 121.431
17.8698 108.997
20.8034 91.3867
-1.75793 21.4301
77.7017 106.601
56.3227 41.4354
57.3575 83.5395
-0.632553 12.4656
9.35685 23.1054
31.858 52.2638
2.26092 -0.367063
107.197 -1.15525
53.4614 -3.87737
69.5932 -3.10065
80.8835 -3.33719
86.8064 -2.92232
126.935 -2.30255
37.925 26.0324
118.594 12.139
90.0541 17.7908
70.8153 26.635
82.7561 20.8739
73.2257 21.2467
62.1496 22.1805
52.7994 27.1805
56.8118 27.8336
33.6611 26.2514
98.2169 6.69888
76.7125 6.14617
51.4468 18.404
72.7428 7.35129
36.1963 20.5465
58.2051 7.53694
48.2975 13.7274
99.8518 -0.187218
62.3219 0.0422552
42.1572 -0.50061
17.7712 2.09755
30.6455 2.95088
9.28812 2.65851
8.8987 11.2682
21.1816 13.6958
28.8072 9.08048
20.9335 17.5018
41.4029 13.5417
26.101 17.2993
19.778 27.3405
48.7822 72.7234
56.8824 72.8036
53.1567 47.708
43.532 53.0682
46.2943 59.6926
39.8638 56.8922
50.7462 37.8552
69.8183 50.0281
59.5429 49.7919
63.5267 62.5169
71.9177 80.194
72.758 67.521
72.5831 86.2516
77.5962 87.1088
73.8289 62.0452
76.4256 76.6142
79.274 98.3425
97.9485 107.055
100.965 97.7663
103.908 91.3985
106.172 102.855
113.059 92.1639
93.7816 73.6152
81.2564 73.7667
86.3913 87.1022
86.5649 80.4336
87.4196 96.841
76.7101 59.4087
100.122 78.2976
107.258 78.7091
103.099 59.101
98.7991 72.6424
103.626 50.8048
93.9984 49.491
87.6731 41.8962
111.049 38.4691
110.306 50.7031
108.703 56.0731
119.861 83.0057
118.356 28.0196
107.918 27.5522
98.2091 33.591
81.6922 39.9229
76.2478 47.8924
87.3766 56.7725
66.4134 41.4054
119.704 23.5319
130.053 29.9467
130.067 18.2584
110.822 20.8128
80.2246 29.8646
42.8709 39.1987
87.453 27.592
101.943 20.9149
32.9324 39.4366
136.821 11.5392
130.972 7.65448
121.357 3.88376
107.133 10.6952
92.4557 12.4507
143.268 -3.24611
141.606 108.888
142.308 27.1169
141.49 18.2552
119.547 42.0752
140.225 42.9269
139.056 130.971
138.353 98.438
133.397 102.211
132.551 109.639
131.868 122.902
131.384 130.585
110.309 133.432
123.654 108.838
132.905 89.2314
120.206 117.237
121.254 129.839
137.878 90.4868
137.29 70.4032
139.123 117.428
139.174 78.3033
137.634 60.3228
136.066 48.6113
130.874 62.4586
128.165 71.2747
126.226 82.9332
131.094 51.0684
129.734 43.7346
122.227 52.5897
119.425 60.9134
121.577 72.9189
123.118 91.5517
102.545 41.2434
106.274 73.8399
117.642 103.084
100.288 136.341
56.274 123.796
89.564 132.694
103.048 129.99
90.3279 116.311
97.9649 123.715
107.313 122.345
111.016 107.399
89.1675 108.623
70.4513 108.171
48.5341 112.928
81.3343 119.798
67.5629 117
73.5605 126.831
29.0315 102.464
38.5568 72.083
17.7989 67.3279
28.8707 68.5998
23.2755 57.9132
19.6274 47.9764
62.0093 101.242
50.7973 88.4923
42.4855 78.2132
40.3995 88.0485
32.9761 90.3265
47.2388 102.31
37.7021 98.5767
41.3937 107.371
60.9203 108.665
70.9723 103.758
52.5241 82.3168
60.2755 91.6654
30.1339 56.0189
17.9986 42.7541
7.78046 33.4283
12.7428 57.045
9.0775 41.0475
3.61442 30.3123
9.59139 51.0844
13.9535 69.3459
22.3977 83.5553
28.9539 81.118
20.3171 97.0134
17.4088 116.302
43.5527 126.359
50.5186 123.187
37.5362 117.157
30.257 109.531
57.4984 127.864
19.7236 128.015
52.2617 133.208
76.1485 133.771
12.9659 133.429
122.892 142.275
136.862 142.935
40.0377 143.842
127.883 142.889
72.8096 141.391
79.583 140.359
90.9329 141.879
113.468 141.598
19.819 136.45
47.0151 140.651
58.4886 142.146
33.7733 139.505
8.62613 141.475
3.36021 126.67
-2.46686 143.964
8.94909 90.0908
-0.243948 79.1208
-1.13439 111.578
-1.38118 57.1183
