-47.251 5.6858
-45.736 -4.07668
-21.4008 -38.5324
-41.2147 -22.3551
-26.4114 -41.6146
-16.4735 -38.3559
-21.0271 -36.4309
-20.9431 -34.6195
-23.1608 -34.1877
-28.1721 -26.6563
-6.36943 -26.2326
2.41107 -27.8451
4.90709 -35.5523
-10.1277 -29.1686
-4.66179 -31.8158
2.74848 -36.8337
14.4699 -34.4374
20.5749 -31.6774
17.8703 -32.8956
3.58716 -31.2678
4.84222 -29.3539
27.9533 -30.6279
29.0849 -33.4345
-9.63072 -42.9804
6.3897 -48.4384
-2.97158 -44.8127
-1.55696 -41.432
8.09335 -41.5413
3.13959 -40.9724
15.3436 -38.8182
7.20656 -39.7572
33.7104 -32.6098
32.7035 -35.7368
22.1257 -39.9364
33.5195 -36.3276
39.1922 -28.4436
33.3918 -30.2892
-30.2574 -23.2438
-13.023 -21.9093
-22.8334 -22.0553
-30.3446 -20.4779
-37.8845 -14.6378
24.3763 -23.77
-31.8272 3.01299
-23.3041 -1.43914
-4.01303 -10.3574
1.0945 -15.7497
-6.50191 -14.4952
-13.743 -12.0835
1.33461 -17.6643
-18.8854 -17.3083
-36.0034 -1.97571
-29.1108 -8.62854
-25.4455 -13.483
-37.589 -5.59634
-22.1714 -15.6175
-36.4382 -14.6113
-41.7607 -8.98172
-42.0253 -5.64707
-44.725 -1.56325
-39.8852 0.331233
-34.4531 -0.494904
-45.0401 1.99546
-42.3291 7.531
-39.418 8.22714
-43.3307 8.39437
-44.4673 10.917
-28.6075 5.67288
-13.2163 -3.56395
-8.64349 -5.55344
-44.1612 14.5588
40.3523 -26.6482
36.4998 -18.1562
45.7966 -16.5699
46.8846 -15.7272
30.5779 -15.6479
19.6196 -16.4672
-22.8385 4.97987
15.1642 -11.5751
6.99091 -6.40829
17.8555 -10.1409
26.6567 -11.5316
22.8338 -12.8281
40.5704 -11.952
37.4662 -10.5852
32.6798 -2.58932
30.7574 2.6705
27.16 9.3084
40.724 2.54311
48.8572 -2.18401
8.30941 22.2005
6.67634 16.4981
8.13809 19.2345
16.5585 13.7803
14.5574 5.03186
-4.90277 30.6918
-2.3083 39.9768
1.66459 46.1125
22.3956 30.5754
35.035 18.9608
17.8388 32.0522
10.5408 36.3559
37.4048 16.9654
25.7176 24.297
9.56758 35.3911
39.5137 14.2758
29.4145 15.9325
15.9672 23.3845
1.53137 34.8558
27.3643 14.1886
48.4038 2.25017
30.7926 13.2163
45.6695 13.958
39.1089 16.1177
24.6152 31.449
28.5387 27.9327
23.6053 32.9582
31.262 30.2317
25.2409 33.8346
38.4511 29.8268
23.5626 35.3681
32.2339 36.5769
21.3725 41.3019
28.9365 37.58
20.8439 37.5942
14.3134 41.3216
5.74801 46.7013
23.7161 35.1594
24.0908 32.7993
17.5022 38.688
27.5603 27.8753
35.1364 20.0255
19.4203 33.2179
2.77626 45.3349
-0.142902 47.7727
-9.91782 20.6769
-16.4192 20.5154
-20.7273 28.3182
-15.7237 37.8949
-18.765 31.2297
-13.9879 41.5469
-15.2596 30.573
-18.8172 28.6326
-10.4596 32.3274
-10.9949 47.8298
-22.5377 39.0728
-12.3646 46.6041
-18.38 37.2271
-21.5629 30.7324
-11.2 46.772
-24.3446 22.2848
-26.4945 25.619
-31.924 31.457
-30.0778 34.1755
-26.6156 37.571
-35.2482 29.3003
-31.1069 30.4894
-26.4861 24.6572
-29.7714 26.7717
-32.4315 29.0749
-27.7072 24.8107
-34.6434 24.8309
-42.6967 23.5749
-32.2619 24.4271
-3.94205 15.6508
-6.11782 24.8927
-3.78708 24.1228
1.37501 22.1699
2.60962 16.5818
1.80206 21.8019
8.67571 6.96627
4.74314 9.4884
5.72974 8.71761
-2.24198 12.9515
1.96538 8.69301
7.35976 5.33566
1.26309 9.60398
21.6541 2.13099
16.7503 11.8327
24.3651 7.14156
21.043 6.5801
28.098 4.89871
33.8531 -4.60805
36.5084 -12.1473
26.4369 -11.3075
16.5238 -7.56208
20.0405 -10.0467
-9.74117 -0.667259
15.5539 -5.23721
-1.60413 3.60359
9.84806 -2.54168
-11.8055 4.35404
3.47031 -0.535012
-6.26407 -0.80471
-16.9825 6.8043
-14.9214 4.80131
-18.3817 3.43181
-40.5105 14.5949
-45.7591 17.9463
-45.262 -3.0506
