0.0765304 75.1523
6.25992 81.593
8.32018 78.5775
14.7666 77.0494
13.0587 73.7848
9.87724 67.8266
0.443866 69.8751
7.26534 68.0111
1.50042 66.2248
0.897011 64.0107
13.3322 69.2229
10.7987 66.7009
8.9621 64.2776
1.65726 56.3406
3.8375 61.7732
0.0933272 52.849
7.07659 56.1977
9.78453 57.7206
13.2336 59.9401
27.8111 64.2808
11.7991 57.5806
7.78002 55.8018
45.9845 69.5241
4.95003 51.978
8.35296 48.3126
3.73709 44.4005
0.304639 29.1524
3.54434 41.8203
12.1314 52.6084
16.6168 54.363
4.376 41.2789
13.4691 50.2726
7.75216 42.6609
20.6204 58.6277
3.15985 30.5566
13.5431 46.9319
22.5223 54.3776
18.921 49.1092
19.6535 47.0496
21.723 52.8254
27.385 58.2858
17.449 50.3018
20.908 54.8848
27.1634 59.2015
31.7921 62.8819
25.3622 52.3165
32.3983 62.7363
44.5417 65.9218
12.8805 36.1896
18.1961 43.1347
27.6106 50.7656
19.8857 42.9015
28.3065 51.4435
25.4918 50.9254
35.1796 61.343
39.3675 62.7559
34.8719 62.2955
5.92306 29.1864
72.6562 91.3371
72.8918 87.8817
74.2632 71.0137
72.7034 74.1547
77.3386 59.2521
82.8732 55.3501
93.6137 50.7639
90.9429 48.3415
86.9813 48.3452
80.4173 52.5943
80.4211 54.9237
79.6954 51.8358
76.8776 57.3638
70.6283 74.028
69.6067 76.972
76.337 56.8039
69.2326 71.0702
63.7305 79.829
41.1295 55.7282
68.6112 63.639
49.7093 58.6389
45.0069 59.8571
56.0634 71.4536
57.8505 69.8804
50.7447 63.137
47.8074 59.939
55.8331 67.7758
52.4834 63.1704
64.3427 77.6236
66.2778 75.7511
69.1774 70.2098
72.1839 65.0324
76.2629 47.4418
72.9438 52.3878
72.5443 55.4021
73.6908 52.4992
72.8387 56.2562
70.1657 49.0001
54.8797 46.7589
47.6142 47.266
49.173 47.6139
45.6351 47.8182
57.3265 47.5927
45.7916 47.9002
44.0442 48.523
48.8963 54.7893
64.8146 60.928
64.4193 56.9677
60.433 54.856
55.1514 50.9971
57.7952 56.1754
53.9434 50.5744
49.2663 49.18
68.5448 50.4693
62.6855 51.4602
66.9955 54.8581
69.1565 57.375
65.8283 54.0482
58.5857 49.9159
70.1982 62.9644
43.3723 53.2857
43.266 45.6405
88.9768 48.0712
87.847 46.9689
58.0261 43.8688
74.8669 45.6175
74.6202 45.3432
32.2236 39.5678
26.7176 43.4704
33.5455 42.126
64.2515 45.4304
33.7057 42.4876
26.7585 45.3274
28.7128 47.6964
43.6478 60.54
38.8339 54.3872
37.4949 52.5851
33.2779 46.6993
49.0734 67.5113
18.5207 37.8141
87.9386 46.4764
13.2099 33.8898
1.01506 22.3687
2.79565 18.3071
2.4082 14.6914
4.58018 21.7011
5.26302 9.50582
3.30552 1.71613
8.87601 21.4261
28.6326 16.7737
60.9617 16.8348
89.1282 15.336
63.6454 15.4642
56.0691 15.4493
8.45171 16.3677
19.886 16.0663
59.4381 14.0365
53.2835 14.4155
29.1062 15.7468
53.2788 15.208
78.9073 15.2914
80.8775 14.8972
74.5877 13.8068
63.5051 13.4122
9.08523 15.3994
8.2079 0.138022
69.345 0.0612702
46.7399 0.210341
98.3305 0.250805
75.7172 4.70197
82.4514 2.67809
77.9386 1.64652
45.6442 1.63963
76.3681 1.49773
74.0833 1.23725
92.2884 0.322497
44.4028 0.340401
8.77159 0.820135
42.9123 3.77509
42.9342 3.3071
50.3878 4.95616
31.8554 2.87818
17.3732 1.67163
20.2158 2.67738
32.5162 3.36869
8.46474 2.15516
12.6199 5.32313
24.3163 5.43536
34.6216 4.5643
12.5927 6.59965
12.7477 14.9821
21.2021 6.43309
26.1403 6.51668
60.2772 5.69479
47.5075 7.36008
28.5802 8.92652
48.5188 6.14195
24.8299 6.67657
17.5836 11.0194
29.093 11.7806
52.9682 8.51293
36.1556 11.7834
34.6807 14.3769
55.1972 12.33
61.1158 9.19648
61.3543 2.43981
61.7912 8.75648
59.5648 11.6611
69.0422 9.10976
67.169 9.49451
76.2296 7.5091
82.5236 4.41161
87.5049 11.0803
67.4633 10.7657
77.4447 8.36102
68.8881 10.4575
72.0663 10.5949
72.4232 10.8407
77.8613 10.5339
81.6378 9.61141
83.2638 5.97826
53.7758 13.0819
92.9653 14.4029
92.7294 21.0378
92.7088 14.6285
89.6645 19.6876
95.8457 34.3113
88.6643 19.1829
86.8484 18.3789
92.178 33.8012
90.6368 29.6977
88.4411 25.4156
84.5355 22.8934
89.55 31.8526
98.7142 56.5746
93.1237 41.6127
89.0607 31.0577
82.1318 24.8979
87.5299 28.8483
78.8336 18.0101
74.8391 18.1467
75.3366 27.1123
79.6629 34.6658
82.6032 37.3081
81.4102 34.9134
86.4608 43.0484
88.0707 42.3574
84.5633 35.1598
78.76 29.5169
79.6925 30.263
88.4194 35.2784
88.2629 44.9595
72.0853 35.8097
85.3275 43.2705
67.6707 16.6502
62.629 21.084
65.742 18.2373
54.2287 17.7409
47.1247 18.8996
47.6875 20.4367
65.6135 26.1437
53.3825 22.3511
61.7982 28.2628
62.975 26.4353
64.5914 26.9762
70.5871 25.9136
69.2158 21.765
73.9848 35.8542
53.9054 23.5331
40.6164 16.9827
23.3 20.0101
30.0759 18.5599
21.4712 18.5371
9.52166 21.3467
2.98786 24.0631
15.128 33.0863
38.1367 23.9966
62.6187 36.5282
45.9696 35.8037
57.9972 36.2223
46.5625 32.2739
34.2137 28.4703
35.7667 27.6033
40.2157 30.0387
49.1535 32.4364
56.0842 33.2291
38.5531 24.311
25.0975 29.2744
26.1104 29.2047
27.4254 30.2
28.4847 31.1239
29.7491 28.1517
36.0689 33.6124
31.6243 31.2505
23.4684 30.9437
26.8061 32.7762
36.477 35.3043
26.5636 32.8886
41.2468 38.5902
42.4036 38.2066
35.9896 35.8294
41.2746 37.5805
48.7485 39.4097
70.3772 41.794
60.1638 39.0492
54.8463 37.983
75.6653 41.76
67.2002 35.2841
50.3053 25.2296
41.0721 22.5709
31.0934 22.1977
21.7071 28.6575
24.5801 26.6025
22.5066 23.9111
19.9872 27.2885
19.568 29.7024
20.092 24.4596
11.6449 24.8018
28.7573 22.2074
23.628 24.1994
40.0557 18.6311
61.9949 32.1087
58.3134 29.1815
56.3674 28.1296
60.9449 30.4381
94.4139 50.2655
88.1237 71.2498
94.3857 64.6175
91.3657 68.8964
93.6811 70.2288
95.5613 61.3716
92.8246 74.4285
90.2172 69.2196
89.7299 81.2659
93.0781 78.9976
97.5406 69.6581
97.081 61.6938
94.1561 54.9978
99.1126 65.9244
91.2224 85.3383
84.8023 68.7647
85.4165 54.7951
84.9118 66.7485
93.9113 51.8588
89.4333 55.7098
88.4466 57.4907
88.7352 56.3601
85.9494 54.1865
78.1438 58.7603
81.9214 70.8075
82.5962 71.6941
82.8294 75.3305
86.3239 84.3785
84.6403 81.0273
83.6524 78.3394
83.0779 76.2353
79.2962 68.5816
78.6601 81.9984
79.1636 69.3558
78.3702 76.2211
79.5571 64.3229
74.8336 68.3284
73.4853 84.9132
74.7069 79.117
76.0163 78.9176
73.7787 87.6421
75.4674 89.4589
87.7285 87.0235
80.1453 86.8927
99.5667 85.9939
84.7869 94.5162
94.811 92.9132
77.55 96.251
92.649 89.453
90.1439 90.1007
93.7248 89.1216
93.6059 87.8939
88.1868 89.8029
79.0649 95.035
90.1041 88.578
67.9479 97.9036
93.3091 96.993
82.8873 98.8812
86.7136 97.4067
65.1474 98.1586
76.2753 91.65
68.0174 96.7897
87.8094 89.2758
93.3623 87.384
64.5165 93.184
41.1885 98.8407
42.084 98.2768
46.2096 96.251
48.0619 97.1123
68.7403 90.6907
43.4926 94.076
36.8857 95.7046
66.1691 88.2059
20.322 96.6156
47.6248 90.7033
38.8425 92.7046
59.7399 89.3387
52.3636 88.6098
23.4517 91.5363
42.7039 89.3326
34.3636 89.7237
46.122 88.5843
55.9685 87.1006
58.1744 89.0748
62.889 85.2249
54.0503 76.304
38.8014 72.0902
52.4938 75.7798
49.6305 71.5748
50.0341 74.8462
48.323 68.7806
42.6891 71.0485
41.7358 69.9535
37.3454 66.4727
21.3037 63.0089
26.195 64.7915
32.4251 68.1028
2.23803 55.3688
19.3703 76.5527
8.32303 81.4576
21.0279 79.9045
23.9026 79.8052
20.409 80.7971
6.27005 83.1149
37.7669 81.0809
36.3716 77.538
31.8812 79.2623
32.0248 80.0262
32.9008 79.86
29.2744 81.0181
25.9296 75.6908
17.3002 68.2146
27.798 76.8102
27.9767 78.8907
37.1099 77.3267
18.1131 66.6459
14.8775 64.9773
36.9253 75.5617
38.0168 81.0636
54.0827 80.1244
1.99604 83.5624
3.94673 87.431
16.96 84.7493
15.271 83.8966
45.3605 81.4033
19.9386 83.5718
15.9465 85.5681
13.2164 85.6863
7.26135 86.9014
7.63658 89.1994
12.7656 88.5075
12.8569 88.9408
5.6238 89.6266
15.728 90.0075
34.0474 83.6455
16.6097 86.4651
10.4137 87.2762
20.319 85.8577
35.9556 83.023
16.6065 89.8686
18.5438 89.832
24.7063 89.3224
35.9609 87.9776
40.6433 83.8155
38.7105 87.5446
57.9853 84.9203
3.45321 92.6204
