-3.45365 132.895
2.23365 42.7407
-1.38002 62.1181
-2.70693 73.716
-1.04168 51.566
-3.22033 27.9999
40.5482 146.272
33.7321 129.884
28.9851 117.969
38.3878 141.009
7.79586 59.6543
3.2668 76.1092
-1.98965 111.06
6.86302 71.1342
22.783 110.62
18.6247 126.437
19.9842 117.355
16.9497 98.1089
11.7511 128.121
42.6606 176.876
47.5804 182.755
32.601 151.759
19.2092 137.374
26.3387 142.513
39.1124 158.227
69.3586 223.373
29.7235 108.325
50.0643 167.017
81.8891 249.446
96.6761 227.176
168.408 106.868
161.576 117.5
227.61 7.90134
232.219 49.5135
228.69 36.8201
228.867 19.9241
222.497 32.335
220.834 46.0567
219.368 36.4284
211.185 43.9478
216.202 62.1787
209.592 63.2936
206.775 68.391
211.515 49.0968
198.694 73.4218
203.145 62.0209
200.875 52.7181
148.384 141.473
157.643 151.924
160.642 129.259
169.602 122.28
160.313 136.946
167.104 148.538
183.307 120.028
176.778 133.632
208.934 89.2234
191.606 113.419
202.614 99.9549
188.627 119.324
172.96 143.042
182.508 136.315
193.157 131.045
217.86 89.0859
209.197 102.499
229.164 69.3739
222.92 73.2029
199.672 111.78
220.566 77.0784
229.904 57.7248
192.55 97.6795
202.655 90.2005
180.928 110.468
199.073 83.711
187.657 89.4004
180.123 102.644
170.702 132.122
186.917 77.9387
183.791 90.1812
206.566 79.5414
236.442 51.3931
231.968 30.2879
237.803 56.6613
248.717 31.8202
257.679 13.7673
240.242 26.8638
238.816 37.577
241.255 16.1374
249.571 18.4709
250.559 10.7565
248.825 2.34311
236.73 8.29869
243.978 3.70519
231.736 0.239112
113.577 76.1335
132.122 37.363
120.979 48.6688
137.668 29.7533
127.632 46.8706
119.595 71.1791
213.031 12.2287
186.339 26.1543
176.334 27.1086
170.893 29.3031
168.762 37.1214
129.242 58.0344
136.179 51.0958
150.488 41.6433
138.554 39.4499
157.861 42.6112
153.148 31.8529
157.645 33.6057
196.336 19.9122
157.18 23.9864
173.024 22.0599
187.811 13.2378
200.681 7.34307
176.186 20.2975
189.245 18.279
219.983 6.97154
221.741 2.62868
207.565 1.72729
193.284 2.97014
149.073 20.3581
171.426 11.1308
181.57 7.33864
200.621 -1.91308
179.327 -0.389571
161.009 11.2008
132.252 29.0112
173.662 2.28728
156.941 0.425199
141.198 8.91221
99.58 31.0287
81.0283 39.9586
150.935 9.3289
62.7427 48.2078
128.205 23.4971
139.16 19.3229
118.65 27.2456
72.5721 46.236
87.7535 42.7199
113.546 30.4151
80.8563 46.6466
113.314 42.3915
102.314 40.339
118.292 39.9789
107.667 47.6073
92.9359 50.1618
101.602 46.1282
50.118 49.7297
70.3355 43.7211
112.839 23.7477
150.202 1.14318
130.178 8.20178
120.535 16.1454
141.971 -1.60314
89.0247 32.0817
103.617 22.7869
119.733 9.56051
130.137 1.12433
109.595 -1.43777
88.7873 19.8545
101.68 13.76
76.162 29.2883
113.432 10.6259
61.4934 37.6739
79.7201 18.0803
87.4506 10.5918
70.4552 31.7845
101.918 3.34794
77.2059 -0.260073
71.4313 8.39702
78.8294 8.57064
73.7106 16.3255
66.4209 -0.262518
56.326 12.2829
56.2064 29.5306
60.8618 18.5156
53.5052 39.908
57.4043 -0.878429
47.1516 32.9702
49.6093 20.7706
51.1823 13.2016
39.6263 1.17765
38.2066 23.4624
39.0377 36.8835
28.6756 19.8971
37.3074 32.509
36.3077 9.15098
29.4035 0.490259
23.184 6.88968
27.0838 10.2831
11.4934 -2.36106
13.7716 13.8082
50.2186 61.4462
16.3072 17.154
30.4839 36.9262
27.1449 32.623
37.262 47.9697
67.4794 87.8416
76.7622 92.4687
63.7096 70.6044
72.3937 83.9874
71.4406 62.7027
89.1879 62.19
56.0442 62.0059
117.253 58.0647
90.4441 87.8226
101.727 70.7466
96.437 79.7233
108.285 67.3571
107.708 58.9512
90.4297 69.3708
97.9918 62.9432
78.1805 63.5075
78.2829 70.4592
87.9259 79.1682
83.8125 77.955
73.3429 66.5418
80.2969 101.16
113.255 103.134
107.873 106.876
91.7242 102.244
100.564 119.962
97.1334 113.27
86.3804 108.674
101.43 131.56
117.63 146.497
128.129 113.566
116.315 140.132
126.483 116.072
117.608 129.432
123.201 119.197
112.572 121.929
107.049 129.131
117.384 113.089
143.145 112.104
137.753 118.189
147.743 110.461
126.552 127.022
111.49 162.53
72.6785 122.293
100.026 150.241
107.54 143.533
83.3693 123.042
88.6165 130.102
91.5828 139.185
60.1787 100.209
52.2864 91.6999
71.2154 130.663
81.656 149.221
90.356 161.511
76.6038 131.888
99.0846 159.306
88.9236 146.947
83.4368 142.532
99.4477 173.931
107.751 176.616
128.658 146.87
138.392 131.748
132.684 137.379
150.143 116.895
163.578 98.5331
189.65 57.7207
182.86 69.0768
210.675 28.1951
147.261 72.6818
178.635 53.9881
136.204 79.5045
160.383 80.8071
170.34 70.4691
162.346 73.4342
186.738 51.9253
177.318 61.9994
168.263 90.4166
171.174 81.2108
146.5 81.4451
120.856 80.3041
121.621 86.0603
160.934 86.179
140.151 86.3701
147.753 88.9957
132.318 87.1201
113.703 91.9532
139.969 98.0885
146.811 99.0823
101.514 93.8918
133.017 102.565
118.718 99.0968
96.1646 97.5999
128.84 72.0126
140.285 68.248
143.994 63.3566
151.872 56.118
129.281 80.2361
163.307 61.2534
168.877 57.2216
199.374 36.0264
180.075 42.2735
166.537 49.2376
163.346 48.7958
191.114 37.1879
200.311 30.8018
209.083 23.3881
153.091 51.9157
220.104 17.7441
122.6 157.49
177.285 81.8994
112.827 171.445
122.003 171.278
156.749 111.397
141.671 138.251
127.454 162.276
168.426 101.652
149.051 129.21
190.981 68.6084
136.413 149.188
127.91 167.135
116.627 178.512
83.3292 241.443
62.0781 190.538
69.7319 208.71
80.7341 229.171
78.7737 219.123
71.4651 199.158
56.5022 169.796
40.6338 133.434
28.3262 100.196
20.2357 79.8351
23.724 86.9739
-2.96858 19.2191
90.8505 206.581
50.9091 121.408
-2.50295 8.02236
58.6241 113.616
66.5209 142.211
86.1053 170.406
96.378 178.293
70.2984 159.286
76.2201 162.956
71.4791 150.442
56.9764 128.023
63.4454 136.369
60.7615 121.508
41.2658 92.7905
30.7342 76.8872
53.7407 111.019
50.346 100.045
29.7062 69.3476
39.4196 83.6084
8.54122 27.1167
18.2295 47.1985
12.6425 39.4421
39.1549 96.3024
88.3269 200.473
87.858 192.319
99.6798 197.096
88.7824 217.614
62.6004 178.362
81.3351 206.089
81.8959 202.065
81.2641 190.336
78.9747 183.158
71.4008 168.607
59.7839 147.771
63.5691 160.725
53.1569 131.437
18.0835 63.9761
10.7652 53.2276
37.8774 110.784
40.2466 122.577
46.0609 139.01
66.5276 180.22
49.3738 148.636
29.1937 93.2224
18.4871 73.4429
52.2753 159.973
66.6389 189.334
88.3475 231.894
98.4731 209.918
106.093 196.446
99.6916 187
78.9421 171.825
87.3045 177.39
106.142 191.938
27.9522 56.4628
52.4007 83.9683
63.0383 91.871
71.287 99.3746
87.8558 116.096
83.8183 112.896
37.9525 73.5635
68.558 109.197
103.049 139.676
113.71 148.828
13.6576 17.2691
17.6296 31.2889
28.7031 48.1931
39.2184 59.0426
57.332 80.6484
46.0954 67.5543
21.8227 40.6802
1.75227 -2.52154
89.2472 -2.74869
120.674 -3.80991
23.3402 -0.407987
259.64 -3.77591
257.475 20.8947
202.827 120.91
230.281 81.6569
218.365 98.974
213.238 108.798
229.917 86.89
208.899 116.416
221.021 107.929
237.901 71.6566
248.824 43.7127
227.959 102.655
161.581 157.594
148.916 146.705
141.87 159.656
128.266 181.085
142.79 166.109
152.197 157.602
117.187 193.221
197.833 130.723
133.165 202.516
146.616 189.622
128.306 207.295
116.635 221.445
148.026 182.321
136.314 198.152
177.731 153.034
153.053 172.06
111.02 211.853
189.783 137.006
138.13 181.563
126.609 191.23
121.928 196.38
102.373 222.201
109.481 219.133
138.841 189.886
157.004 171.242
119.783 209.623
90.1611 237.049
92.4514 251.369
97.9885 249.256
117.336 226.268
102.018 243.223
113.895 228.747
126.357 217.788
158.923 177.725
172.076 160.975
109.143 241.958
122.054 250.179
128.501 230.365
119.363 236.705
137.481 218.277
136.421 212.183
148.512 196.008
130.783 237.989
138.103 233.052
156.556 191.435
132.907 248.965
141.754 248.3
151.977 216.693
167.008 173.379
153.236 213.136
149.799 229.755
143.725 243.49
159.758 226.975
167.266 199.423
169.1 191.186
163.007 202.148
157.109 221.82
160.698 209.257
169.74 176.213
168.414 213.187
180.536 190.304
206.543 142.887
188.695 168.383
200.214 150.505
210.849 129.685
199.947 139.163
189.966 157.426
181.83 172.259
177.071 183.092
192.487 147.966
177.747 157.828
223.781 117.629
237.797 86.7444
250.775 53.3982
260.201 29.1868
246.993 66.0598
259.19 38.6461
229.395 106.309
253.618 61.7271
242.229 83.0474
262.333 50.3007
200.207 161.318
219.015 133.791
247.999 81.0558
212.228 173.676
261.613 62.0335
261.409 230.887
263.553 209.072
263.651 150.541
263.997 116.247
263.995 189.102
263.894 218.446
262.479 249.389
221.355 226.768
256.566 258.557
212.375 227.831
232.054 241.484
242.73 248.322
249.07 251.83
202.373 216.773
202.308 209.437
209.965 222.426
220.079 221.207
233.139 232.278
223.243 207.096
217.587 202.087
211.615 198.625
208.332 209.099
213.187 190.82
243.968 112.879
228.474 152.522
222.781 171.192
219.608 178.903
217.295 191.281
228.024 219.142
236.652 228.754
228.172 210.655
241.028 237.421
233.198 201.189
227.16 172.541
236.259 212.716
240.996 216.58
250.838 229.903
232.725 186.444
241.154 189.813
241.342 179.998
241.937 151.668
233.391 183.093
243.779 143.812
257.588 158.079
246.007 147.296
242.784 159.174
246.452 193.5
243.591 172.435
243.416 202.356
248.173 221.415
251.481 197.578
251.6 168.01
250.233 176.885
251.762 156.584
251.585 210.204
250.694 242.202
259.316 241.026
260.507 180.952
259.2 196.027
259.415 173.863
261.33 140.224
257.969 129.647
253.645 128.776
250.16 141.678
257.112 109.158
239.794 131.798
248.368 120.457
260.222 103.1
252.327 98.5984
258.613 91.5879
256.254 80.653
242.202 121.859
229.79 158.636
246.409 109.057
260.048 68.4239
249.807 89.0768
232.211 128.763
229.657 137.133
212.842 179.484
197.024 199.124
217.869 157.324
221.755 146.296
241.573 97.2336
188.075 213.903
193.876 199.269
200.549 182.736
203.568 170.228
181.351 203.304
188.314 192.472
220.836 137.401
213.528 150.407
208.903 157.628
199.649 188.587
232.059 116.012
189.881 179.26
167.301 218.634
148.541 241.623
160.791 243.812
180.801 213.103
190.519 223.332
180.791 221.575
169.979 230.187
161.591 248.783
179.336 239.21
172.245 243.995
186.921 241.99
207.242 239.091
191.417 233.528
177.536 232.668
203.514 233.712
202.576 236.999
216.824 237.521
180.235 246.823
213.545 246.223
196.677 246.804
247.961 256.224
217.028 252.858
233.642 253.687
191.338 246.78
172.428 248.254
239.038 262.249
28.0846 250.97
160.042 258
183.687 258.726
228.909 260.176
188.869 257.424
208.896 258.646
220.051 258.697
149.401 248.485
112.727 253.277
48.3104 248.967
57.195 252.025
43.0853 248.184
66.9653 248.107
21.8722 146.871
50.3657 190.839
27.1547 156.247
31.3218 166.309
53.106 216.527
56.8526 222.607
61.5952 228.679
71.2366 236.996
57.5117 213.022
48.7395 197.519
68.1969 230.607
58.3247 201.395
36.6404 167.77
8.67596 123.346
11.854 207.888
8.75846 236.685
10.4045 219.043
9.71349 203.775
11.178 189.959
9.60487 150.973
6.67629 173.874
3.69693 223.344
9.03732 183.991
0.983048 248.241
7.71229 259.044
12.3448 230.686
16.095 232.764
16.48 191.327
26.8926 212.656
29.2746 242.073
26.7658 220.176
23.8415 208.002
16.6463 202.511
20.0622 238.598
22.0831 222.968
21.9102 246.418
37.2651 242.645
42.3815 217.795
39.9855 232.092
51.5516 236.054
43.817 209.296
33.3163 189.266
30.7231 233.41
32.2324 203.629
28.8017 177.087
21.5865 168.165
16.4332 182.576
23.444 162.73
39.6155 198.548
13.7677 138.523
36.9227 191.706
46.3461 209.662
51.5889 232.02
61.8684 242.111
10.2453 247.707
23.6375 256.968
33.0145 258.142
39.7565 260.685
128.685 258.261
80.4588 256.438
106.899 256.22
151.169 259.271
198.848 261.342
137.987 259.098
103.974 262.734
169.289 261.587
62.7516 263.575
121.627 259.938
90.2939 259.379
69.792 260.014
47.5145 261.256
0.212088 260.349
6.76141 156.902
2.93254 148.784
3.34606 172.165
3.11075 161.685
1.19477 209.978
1.91919 191.685
-1.53348 241.4
-0.784205 229.684
-3.3297 177.895
-1.51744 201.76
3.60313 136.95
12.8116 99.922
9.13913 90.8065
9.50744 109.725
7.92222 79.7965
3.03346 88.8967
1.83159 121.509
1.08408 98.516
