0.377169 64.1852
3.41967 17.2031
46.5706 18.3367
7.08974 20.5599
25.5075 19.4543
37.6705 18.2338
32.8463 18.2869
34.2767 18.347
6.48984 17.2873
11.2127 18.2713
4.23528 17.5747
4.40383 24.8878
22.5937 21.6534
26.0837 20.0094
22.7478 20.4557
14.5619 20.5939
37.4816 19.166
20.4985 22.077
7.92976 24.3954
63.228 37.4328
33.6382 33.4559
69.3159 38.701
49.6443 35.93
38.7787 34.237
10.5985 30.2674
56.4215 36.4938
19.8274 30.3305
17.853 30.6054
18.2024 29.8655
31.1969 31.7443
27.6473 30.5942
31.9661 31.7735
30.9287 32.1564
51.7035 35.1955
29.2805 29.7614
27.083 29.1772
17.7416 28.5863
22.775 29.2447
8.9327 28.9758
15.1943 28.9863
21.9485 27.7595
7.50044 26.5996
10.5898 27.2794
3.62905 27.564
7.96311 30.9289
23.0586 32.9865
17.4714 31.8548
31.0722 33.7491
16.6686 32.7319
8.7961 32.1005
46.0406 56.7462
60.6647 67.3079
45.8105 59.9916
45.191 60.2472
46.0304 59.667
25.9465 50.7791
39.8103 56.8942
35.5598 54.8001
44.0303 58.2614
12.8011 37.6044
28.8962 48.0786
45.896 59.429
55.7835 64.5537
47.3313 57.6864
41.1468 53.5778
37.0397 51.7508
20.0437 40.8647
36.333 51.191
37.9205 51.6592
24.2518 43.2598
39.7515 52.5877
6.85379 30.8576
21.3195 42.2509
30.7386 48.0311
18.4513 40.5766
38.8502 54.1352
7.12116 33.1278
23.5275 47.0627
22.1538 46.4235
17.2566 41.7873
10.5126 37.5706
11.8676 37.7018
4.90266 31.8708
7.96719 41.078
22.902 47.5137
18.3333 45.6244
32.5115 52.3269
14.4814 43.8949
11.9511 44.8764
30.2175 55.2829
42.7805 65.6565
23.4295 54.0808
27.5314 56.2206
27.1362 55.2048
31.1925 58.6081
33.3447 57.9054
22.4373 50.9984
11.6671 45.9038
16.1211 54.8657
31.6326 62.976
37.8236 65.7915
33.3136 63.6845
51.8271 72.3012
35.8161 64.0994
24.8075 58.4456
46.7878 69.7051
46.8938 69.0275
26.3569 57.4936
22.801 55.8822
19.3938 51.4056
21.3249 53.6478
56.9189 74.9188
86.5203 84.3988
63.3915 77.2734
70.9608 80.2094
70.6615 81.0674
83.8047 86.3907
67.26 79.8223
87.1 90.9791
92.121 83.7539
57.3361 74.7394
57.9671 74.5099
55.752 70.6704
53.629 67.418
48.2894 65.3563
45.0929 64.856
51.1123 65.2203
46.8825 61.9002
41.4117 57.9934
61.7602 72.3507
63.7211 70.0851
62.6538 71.5475
59.9729 75.0504
72.3334 78.6024
75.3157 78.1946
64.584 75.9685
67.1037 76.1453
75.3127 78.0283
77.2571 77.5587
75.0673 76.1692
78.3348 77.7827
61.4703 66.0572
73.1852 74.0141
85.3096 81.8647
80.3028 75.6679
69.6844 67.3122
85.6917 79.6206
75.9801 68.8675
62.7852 55.5717
63.2344 56.4119
69.8075 63.501
73.6343 66.9753
55.019 50.4348
64.1797 60.5965
56.344 52.414
55.1921 52.0444
55.1578 53.1953
75.2029 70.5102
45.6097 44.971
52.7847 52.7834
43.6054 47.4651
45.1653 48.345
48.9719 50.3101
49.714 49.9748
47.763 47.344
37.6252 41.0065
47.3962 48.1371
36.9767 40.5655
55.7577 48.8352
48.0056 45.6756
49.8515 47.5836
76.4191 60.1508
72.9247 57.5695
75.784 59.6483
78.9775 59.5523
75.681 57.2583
65.6199 53.548
79.18 58.4465
82.1285 67.682
80.2676 63.5336
79.0876 63.5387
79.8067 60.4636
77.6264 62.0662
70.7265 60.3598
75.0065 60.9863
61.9443 53.3887
86.4731 80.4312
89.4887 80.9509
90.6772 80.8233
88.9363 81.5771
92.0781 83.2887
94.057 83.2653
81.6287 58.1463
83.1162 64.6717
83.2113 63.8052
84.786 68.4674
87.7093 74.8838
82.9609 64.6556
84.5088 72.1199
81.1778 57.1106
75.0163 52.0638
74.8815 52.9878
74.155 51.7782
70.259 52.2559
73.8659 54.2383
59.2779 48.2549
51.6961 45.1449
57.4356 48.1535
42.6444 41.8476
55.5754 47.1914
51.0542 44.8112
67.4654 51.5139
75.5257 51.8058
72.1753 42.2056
70.9392 41.4608
66.0689 40.7478
70.7661 44.5938
73.059 47.1922
67.6105 42.8231
63.1762 41.3441
55.7552 38.9559
43.0143 37.2586
49.784 40.765
58.3376 43.9449
47.2446 40.1101
72.6501 50.5988
54.4206 41.0279
73.3363 50.9168
42.4625 38.1805
43.5693 39.2701
40.7253 37.7334
39.0645 37.3969
30.696 35.6137
50.2676 42.5322
59.0783 45.6618
36.8233 38.0924
55.6898 45.0797
43.974 40.8863
29.4071 36.2001
24.0097 35.427
29.3097 38.758
31.463 38.2972
34.5084 40.796
37.1684 42.4336
32.2828 39.6193
49.128 52.9103
57.4613 59.1581
34.5958 42.1098
24.7253 36.1864
40.3573 48.6765
77.3913 73.9297
36.3313 45.9646
25.2282 36.974
23.6579 39.3064
41.3125 51.1379
48.9724 56.0898
37.572 49.0824
60.7278 64.7537
70.639 71.3812
78.5081 76.6606
68.591 70.012
16.7978 35.387
27.6987 35.2368
70.2532 40.4309
60.3113 37.8497
44.2534 36.1232
44.4841 36.596
61.7542 39.3543
33.885 34.923
73.8206 39.3384
82.0256 56.4622
83.8354 60.2037
80.5502 53.4742
74.2875 42.8208
84.0059 62.8388
86.8581 68.6536
95.156 82.713
95.2234 80.6349
93.3774 73.237
88.0409 64.4261
83.5916 56.6006
92.5424 71.5749
82.4553 52.9683
80.3945 50.4642
83.8054 58.2213
77.681 44.5455
96.7773 77.7404
80.7708 49.0335
91.011 67.3984
93.977 71.3021
89.4286 63.356
68.6026 27.4716
69.516 35.609
71.4771 37.3191
69.1637 36.9153
65.229 22.4029
64.2889 32.6449
63.1652 32.5191
64.1176 36.3675
33.3236 28.8054
41.2737 28.1437
37.4252 28.7152
50.3252 28.3194
35.1033 29.1425
41.6506 30.4999
44.5922 31.5108
51.8065 32.1916
54.6359 26.7323
51.9663 31.9888
56.5649 33.0147
54.4879 29.7223
56.5675 31.3014
61.9881 33.4226
64.0148 31.6108
64.0697 29.2662
53.9723 24.7757
29.5114 28.3409
32.0079 23.1231
31.712 24.6956
35.1997 26.9441
38.2193 24.6925
38.4502 24.9928
43.4311 24.3411
33.6824 27.5162
49.1143 23.9061
47.8854 21.9166
52.0169 22.5086
48.7457 22.1003
62.353 28.3409
61.6448 27.2732
62.445 26.9873
64.5612 28.0844
62.9456 20.3744
58.9422 18.7911
43.7084 19.5913
53.5138 19.0601
60.7503 18.4001
59.0012 13.7613
57.648 8.90004
53.6175 13.3953
56.7823 12.5907
53.5254 13.7085
57.6559 16.8962
54.4233 18.1712
56.3139 16.3506
52.4149 12.719
52.4957 15.7243
42.6285 15.9045
39.6708 16.3391
40.7953 14.7169
34.4549 15.6818
23.9851 16.6716
31.0088 15.6961
29.4057 14.5933
26.3158 13.6097
31.1214 14.5763
27.8394 12.3201
32.8783 15.6588
39.869 14.5963
36.0552 13.6736
37.7969 13.9771
27.5708 8.92933
22.7355 9.44635
10.3754 15.2277
9.82666 15.8598
17.1798 12.1958
9.46583 16.1298
13.0959 14.9655
12.5485 14.9436
17.1522 14.328
21.24 12.8827
23.2092 9.90526
18.5988 17.2607
7.5637 15.9501
28.3161 7.03395
1.32999 16.1465
12.6983 12.1341
11.0317 10.5436
4.49591 14.0179
9.76317 12.3774
2.85671 14.6805
7.187 10.9862
3.5201 9.82064
9.08234 9.24138
3.70721 4.52005
11.8292 11.1932
20.7407 8.08332
19.7807 4.46893
15.1042 8.28325
14.9177 9.42281
15.3437 6.67211
16.4962 5.38996
15.7703 6.78727
18.5858 5.3217
13.8964 2.77273
9.55042 2.09012
11.0578 4.29034
9.652 4.58752
7.72587 1.97563
5.37342 3.54926
6.77407 2.60337
6.99414 0.55045
0.467003 0.669976
8.92517 0.450403
24.4597 5.9467
25.6547 5.1081
39.0323 14.2688
39.5819 13.1315
37.2984 10.7866
35.4147 7.34982
24.0712 3.47831
43.1653 7.57334
35.0955 5.85946
41.5939 15.9367
49.9204 15.1814
55.9899 9.10803
39.5923 7.87228
52.4794 8.65239
36.722 4.49504
41.2524 5.53236
53.2588 8.57941
31.2578 0.231515
37.1409 2.39212
42.1914 3.79647
39.6445 1.45565
43.5857 4.56938
50.3832 6.16476
56.6257 6.8491
46.3412 2.63707
37.7399 0.745268
50.6647 1.18974
40.5426 1.23973
76.9458 6.58271
64.2253 3.23762
69.768 3.48547
74.3766 4.21067
67.092 3.77982
85.7212 8.14142
77.1961 4.04126
84.7141 1.38806
73.7986 0.845002
72.7349 0.758038
50.5113 1.95986
67.3222 2.47629
48.633 2.03881
83.7074 0.0905051
96.3583 0.115153
97.0915 11.1045
98.2683 23.5115
98.9604 25.2763
98.3413 47.171
92.6495 59.3847
86.7983 48.0149
89.8409 57.38
96.4831 68.2788
97.4942 66.265
96.5567 59.5841
97.2495 62.5614
97.7753 61.0207
98.9898 51.6347
98.4517 54.9206
98.0216 57.6449
99.0217 51.2793
98.0128 64.0292
99.6498 56.5994
99.9141 21.6707
99.618 38.5576
99.4312 41.3156
99.6313 36.875
99.9552 9.08114
99.9296 73.5349
92.949 65.552
83.8734 42.758
77.9542 34.2804
83.3008 43.1673
76.0004 31.1391
92.143 54.343
91.2055 27.6327
94.298 9.13066
93.626 4.31051
97.757 33.19
96.1527 31.8139
95.8202 32.9482
96.6502 30.046
94.2912 18.0251
95.7894 38.4241
94.7511 25.8668
94.4208 26.1705
93.3715 36.7686
94.5698 22.3988
93.8221 12.8689
92.3742 20.9027
91.6334 38.381
92.9701 30.3761
93.3593 19.7195
92.2464 50.3665
93.5462 52.0854
93.3606 50.9582
94.6054 52.9356
95.1333 49.2171
94.6161 54.9374
96.8921 44.6465
93.146 46.6801
93.9185 49.1254
93.2494 48.839
93.1423 46.6914
93.9708 37.8587
98.1114 47.085
98.7034 29.9571
96.301 4.18324
97.7052 21.5846
95.9773 2.28441
85.6964 0.215582
82.932 4.04315
88.3275 10.0933
81.5816 7.29326
78.2521 7.11852
74.7968 7.43714
77.6142 8.3824
80.8227 20.3577
80.0217 14.2993
80.5234 12.3226
83.1322 12.0317
81.611 13.3081
80.4399 14.1575
80.9981 22.0876
79.8164 17.4554
78.243 11.0114
77.7319 21.793
77.9083 13.4471
76.2665 21.2496
77.0858 24.8759
80.2248 27.3081
78.5124 26.1496
75.6271 25.0971
79.3795 31.3094
90.0922 11.5453
86.1708 26.5868
88.5492 17.2778
80.501 29.4256
81.8475 30.2475
82.2682 32.9698
85.0985 32.0882
85.0052 26.0813
86.1368 27.2579
84.6228 35.8741
78.4653 30.5575
72.5446 19.8506
71.8703 18.1139
73.2062 12.7457
72.1452 17.2913
74.8533 23.3747
76.0027 19.5906
77.3697 10.0689
73.6993 6.64706
67.1235 5.68168
72.0266 10.9361
70.1683 9.36152
67.3561 8.17124
69.2944 10.9721
71.2772 12.5687
70.7284 12.21
67.9097 10.9659
74.7946 24.8601
79.4561 32.6955
85.7577 42.0352
89.5726 37.4377
88.601 37.2593
90.1929 21.8968
89.0608 33.1631
91.4115 52.3903
82.2264 37.2892
64.7149 9.46425
64.4988 12.7212
64.4035 10.5591
65.7558 5.31375
60.6137 4.6112
64.2675 18.6682
61.3575 7.4963
60.9778 8.16078
57.4025 3.83224
57.6718 8.05647
60.2684 12.5816
70.4985 28.4697
65.8273 20.2698
65.4943 17.7864
65.8602 20.1381
67.6063 21.3571
68.9261 23.0533
67.3075 21.6588
67.5467 22.7556
71.3097 28.6101
73.2713 29.3402
72.046 25.8936
69.4092 21.4555
73.8692 28.8267
72.1551 32.121
78.7155 43.8269
83.3988 51.2204
77.1966 37.4151
77.4551 36.1571
81.806 46.6647
77.5377 36.8629
81.3628 46.6411
94.606 71.5059
55.0754 3.72524
99.0598 80.0324
91.1215 86.3575
97.6269 85.1109
94.7197 86.0802
91.4173 93.1472
16.3093 55.4959
40.8571 70.2748
36.8976 67.9893
25.4958 62.0483
10.9023 51.7128
11.8741 49.4684
6.53984 41.9695
12.6746 65.8464
15.9129 60.7509
12.0398 55.0251
14.1362 57.4964
24.9056 62.5898
20.5241 59.3586
32.6841 66.6014
21.2399 61.4193
43.9262 75.367
53.2232 74.4657
51.5672 74.7479
49.2261 79.4141
49.2933 77.3143
30.1842 70.8109
37.2642 71.378
29.5135 69.1261
35.6668 70.4244
27.8501 66.8789
29.5517 68.3291
19.7712 65.4431
18.1448 62.646
19.0923 63.8331
22.502 66.1306
28.8437 67.0081
25.1724 64.1508
17.168 60.1515
16.5175 65.3464
28.9053 72.5914
24.0001 69.7951
17.4242 67.5088
14.7456 63.3336
14.3571 67.7994
15.9089 68.0536
12.4422 70.099
27.4 73.7608
64.1821 84.6937
54.9448 81.3705
25.2396 72.7861
73.6382 86.73
64.5398 82.8009
86.3589 91.0879
57.7844 78.633
86.6566 91.2109
21.6455 72.4221
95.9811 95.5812
59.9311 86.6408
73.5317 89.9822
82.0054 91.6408
79.4136 90.4507
58.3108 84.2092
56.3567 83.3743
26.5414 74.1704
24.9364 74.0108
32.4997 76.2204
13.8883 70.8012
26.099 75.2748
36.6469 78.548
41.8755 80.2611
13.4607 71.3275
15.0453 81.5593
17.0634 76.0356
17.0315 79.6398
16.2499 80.3205
34.6918 84.0777
37.4024 83.6508
15.3422 74.918
29.4972 80.4969
41.5104 85.1724
16.9659 81.6882
19.1172 83.1214
15.5382 81.9688
16.1719 84.8937
44.6899 85.7278
35.6114 79.687
55.4064 85.919
46.7831 83.4414
44.5806 85.628
56.4339 88.129
51.3405 88.2624
52.4824 87.4755
33.294 85.3983
64.2742 90.5836
55.5257 89.1674
38.5468 86.3543
27.1378 85.4059
24.0622 85.4351
15.6342 85.2842
42.6641 88.8495
53.4748 90.5289
35.6809 88.2175
46.3493 90.0697
86.873 96.4191
49.3616 88.7757
81.5353 95.3101
80.2268 93.6891
26.5561 76.2323
21.0959 76.1603
23.586 77.3128
14.11 73.7606
30.2156 76.8589
39.7765 80.2593
51.1387 83.9583
65.6149 88.7346
42.4862 81.1642
42.868 81.5261
90.1249 96.8875
3.60528 84.532
7.74624 90.7519
4.13431 85.9756
6.9288 91.1048
11.5076 93.0322
1.33477 89.2734
5.03523 94.3981
43.4285 97.3792
26.1511 95.1779
33.0255 92.6014
33.4027 91.7641
35.3114 90.9
30.937 90.0747
16.9806 87.6792
23.1975 91.2277
19.321 90.7444
17.9949 93.4078
17.7946 90.0902
20.9166 90.6766
14.5936 87.3053
28.8222 89.527
17.8681 87.0498
57.9596 93.6627
49.5927 91.2314
55.4216 92.4952
59.0024 93.5389
68.6762 94.9046
46.5314 92.482
47.9323 93.6531
36.2857 90.3301
29.0061 95.5234
39.9549 94.3481
33.218 95.2408
44.2102 96.9361
56.2085 96.7691
54.9202 94.8323
33.6095 93.1636
72.6663 96.0524
55.9165 97.3375
85.9992 96.4476
48.0541 97.6798
10.1233 95.5637
28.9426 98.7266
52.357 98.4765
37.2836 97.791
81.8932 98.6637
63.7041 99.0479
69.9304 98.5756
0.871504 99.0008
3.3335 30.9076
13.2773 76.9544
8.03852 76.0653
8.91027 67.0927
8.44516 71.8917
9.14884 68.0763
9.02135 68.9961
9.00699 70.8083
9.36709 70.0738
8.40098 73.048
8.80757 73.1019
10.0598 74.5184
9.30529 73.7891
11.5703 76.3597
11.1349 72.0264
8.17978 54.575
10.7174 69.108
9.27671 58.505
6.35687 46.5537
5.08947 41.847
5.39298 47.5649
4.34858 37.4327
3.42865 35.1997
3.76755 40.7525
3.25794 34.7434
3.07087 59.5815
3.70012 62.4234
3.85713 66.3406
4.92106 68.1632
2.24955 65.3028
4.11651 83.8017
6.49239 81.4346
5.43232 67.213
6.06073 75.3927
6.83338 82.9652
5.46796 62.9401
6.98524 84.8181
12.1884 82.4169
10.5291 79.8628
15.2534 86.1517
3.08424 24.8915
1.73084 44.5656
0.692613 72.4352
1.8187 49.1127
0.919359 70.4436
0.413353 82.1436
1.20919 52.0048
