-3.57234 271.582
6.21918 227.271
-0.569896 227.681
-1.16734 250.185
-1.80273 212.925
-3.5718 242.672
0.582444 171.401
2.65347 93.6856
0.354569 197.613
-1.65095 220.387
8.00629 219.777
9.14037 203.089
6.15826 181.484
17.0066 186.173
7.51268 186.769
11.3065 210.805
-0.990566 262.801
20.7821 181.93
2.66744 153.743
13.1174 169.53
11.3794 157.115
16.4076 169.962
16.3148 120.741
8.25947 111.322
13.9285 153.076
9.52109 120.675
6.91033 132.603
11.2627 140.137
2.28607 128.692
12.7483 97.276
6.97458 80.7464
-0.782179 51.6208
-2.23989 69.2339
-2.47452 76.3046
-2.84921 118.612
-0.414894 96.998
-1.40498 113.229
-2.49253 157.713
-2.23064 181.035
0.051436 136.624
-2.47997 192.552
-3.48031 40.5973
3.63877 63.9145
22.9035 133.605
17.36 139.974
16.8924 161.174
21.7692 151.885
31.6655 148.608
13.3859 86.3199
18.7349 102.542
20.1297 83.625
20.0624 91.7848
23.5368 109.727
27.9379 133.757
30.3208 117.805
26.6244 101.892
31.3983 113.611
32.862 139.383
36.925 110.348
18.7042 63.5948
22.7209 73
38.8636 103.811
39.2475 117.864
56.7176 63.46
51.6857 68.145
42.8367 49.8032
53.1156 63.7682
53.4035 50.8149
39.5844 40.6315
29.588 42.5379
38.9202 81.2219
38.9615 69.9457
39.0318 57.5099
40.171 87.0211
30.9698 53.6118
28.5052 63.01
30.964 79.2762
33.6679 89.6758
28.7493 70.9074
27.4418 29.7931
197.111 97.8629
41.277 33.6641
23.6725 26.8407
0.92377 29.8681
9.16221 52.6611
9.48607 42.1549
13.0022 29.6573
8.46934 59.499
16.8442 46.266
18.9664 40.4664
10.3222 69.4976
-3.3968 11.9035
58.1131 11.5606
10.023 9.18016
27.2972 -0.409522
-0.273306 -0.185046
11.6527 -0.983553
68.9657 -0.595931
60.8064 -3.22999
82.9721 -1.77837
88.5578 -0.232856
141.917 -2.39861
178.102 -3.6213
47.3435 1.71474
21.5535 3.34332
170.431 -0.718143
112.157 1.4892
121.062 2.46735
97.1546 1.59956
41.1428 3.34263
20.3395 9.2006
66.1937 7.51529
29.681 8.97044
49.2128 8.98953
82.7148 7.84573
127.541 3.07471
42.7088 13.6618
222.582 -3.53387
278.013 -0.352646
289.86 3.49
259.78 1.55224
153.586 8.56938
128.869 10.317
230.241 1.23358
139.431 9.45614
237.641 2.75189
266.142 0.074051
250.282 -1.39803
196.24 -0.948863
191.92 -0.591516
146.744 3.77049
208.605 2.20181
157.458 3.77891
98.4093 8.89977
116.421 8.60356
89.1232 10.1897
-0.263805 17.1553
152.538 77.4183
101.829 57.9372
136.795 72.9387
217.465 102.924
178.665 93.9824
242.916 112.374
212.389 97.4293
176.446 82.669
150.365 71.3321
131.666 62.7786
98.5 46.0286
37.3708 22.5111
93.6583 19.1288
98.5407 18.4507
196.452 12.0049
127.609 16.6004
80.0831 20.6813
162.954 16.8246
107.447 23.1824
151.306 18.0003
119.722 18.8716
70.6031 22.5412
63.4534 26.0972
79.1726 26.0195
53.5412 26.5997
69.0143 32.9728
76.7834 36.9412
113.388 30.916
98.0525 31.5852
90.5115 32.9408
138.131 23.3545
101.735 36.7975
132.858 30.0334
180.556 20.0782
180.998 37.5224
188.761 49.6775
176.105 32.5094
193.998 67.0628
190.417 28.5747
193.243 56.4258
200.084 89.8819
127.893 52.1182
122.854 49.4502
158.351 63.041
143.825 57.6232
147.115 60.871
156.214 66.7614
168.822 71.9055
193.269 77.1629
172.528 63.8259
121.661 40.0141
138.087 46.3071
182.464 68.8427
196.112 70.9954
168.314 22.6626
119.128 33.8747
142.588 29.2371
110.717 37.0144
142.916 38.4349
146.814 33.4972
146.341 36.5721
156.66 36.314
163.479 33.4076
167.601 32.2441
182.283 52.5968
158.576 53.985
181.632 61.374
146.169 50.0246
172.659 49.0289
172.129 41.7288
128.314 37.8104
88.6911 39.3163
113.327 51.3989
169.198 79.3221
190.764 88.1972
209.948 93.1725
251.882 116.925
220.937 87.3432
206.533 81.8814
201.573 80.3372
193.164 39.2337
211.118 66.5282
199.035 53.3069
197.971 61.3532
233.398 98.3993
187.068 16.0494
212.223 60.611
200.823 39.2417
209.078 53.326
222.674 77.0997
221.536 69.6768
219.42 63.8591
229.877 91.0301
242.223 98.3724
231.394 82.8267
251.275 110.186
188.645 13.4936
206.521 17.7498
216.178 19.1545
196.959 17.093
207.257 28.0733
227.649 26.5745
258.831 27.445
231.222 37.6991
242.923 32.5619
216.625 39.1127
248.787 29.738
216.753 27.8411
200.752 29.9527
207.167 42.074
241.09 90.703
246.539 97.8567
241.117 81.0984
230.372 69.9985
251.09 90.5469
246.905 78.5584
233.516 63.6855
240.97 71.6409
219.989 47.6281
259.714 92.5914
241.872 59.9052
250.773 73.6817
263.611 83.0899
272.045 58.1247
271.142 53.4752
266.454 66.5717
276.263 36.0313
269.98 30.5954
262.09 52.0567
266.905 38.1783
261.037 43.2686
252.008 48.2485
256.324 63.4091
258.102 70.8784
248.573 40.8435
238.74 43.002
238.609 51.6391
247.703 58.7369
227.316 47.1768
278.779 26.2502
273.729 21.4316
230.939 21.6263
259.585 19.4802
239.168 21.1945
291.457 19.5128
277.614 7.86974
250.065 11.0597
269.215 8.46052
236.311 9.90371
250.154 16.1411
233.182 9.63909
178.311 11.2409
260.577 8.32609
219.051 9.09567
107.826 13.7878
61.2393 17.2608
50.9369 17.2255
32.0724 21.2144
170.715 12.0263
18.3659 22.1258
113.538 59.0744
117.839 59.9162
71.1804 40.5015
63.5301 37.4468
89.5892 47.6082
160.158 77.6966
7.71654 18.0555
206.456 9.54515
156.414 11.5486
291.121 6.12471
293.582 59.1093
293.823 193.94
261.051 106.572
286.694 41.9232
288.469 111.965
287.936 101.062
283.405 71.1234
283.743 87.2236
282.206 62.4871
268.065 89.5114
277.572 113.148
276.523 102.474
277.133 83.0366
279.351 123.621
270.225 97.7714
287.706 166.281
278.919 132.509
268.862 108.332
278.294 143.348
273.651 128.243
269.447 119.174
276.997 148.589
291.099 179.593
292.522 156.884
290.094 87.7426
291.617 121.276
290.12 69.2278
292.117 132.208
293.47 152.365
293.604 140.593
292.237 82.931
290.356 49.753
286.687 28.9519
268.007 82.3786
278.357 48.5351
283.28 23.5754
216.849 229.199
250.469 131.95
280.945 238.975
258.763 142.458
260.726 150.093
267.982 180.586
279.368 219.863
289.04 282.754
290.173 267.891
291.153 259.2
267.163 167.037
267.106 162.552
272.771 188.148
280.938 212.552
260.83 127.224
276.102 190.74
287.97 243.413
292.156 246.994
258.736 103.814
277.164 163.274
269.302 140.332
262.226 118.156
269.499 149.823
278.01 183.078
283.733 202.602
276.687 173.248
292.178 233.797
290.774 212.13
287.11 202.127
293.696 216.36
290.49 286.253
253.495 271.389
220.492 263.41
257.233 272.177
202.138 252.968
273.685 277.884
250.216 262.824
243.815 259.867
271.733 271.831
263.444 260.458
270.202 263.117
276.762 269.778
272.304 239.836
259.006 231.889
270.003 247.251
253.462 249.492
229.101 258.928
260.654 246.697
240.961 240.162
252.851 243.297
262.109 240.792
252.665 231.435
271.131 232.317
278.363 276.672
279.654 261.401
282.026 253.818
276.358 227.239
266.682 213.28
271.782 218.427
263.925 206.288
257.106 201.469
239.616 198.067
248.18 199.672
266.656 197.024
263.611 181.671
251.296 157.207
258.31 168.709
258.432 162.521
252.405 139.042
246.977 149.596
250.904 181.542
249.447 173.949
241.939 162.782
237.872 172.63
238.913 176.778
233.522 180.986
238.027 188.923
247.652 186.853
259.254 186.485
231.525 193.068
261.053 217.093
251.011 222.828
241.032 229.933
232.703 236.128
230.023 248.766
238.155 246.755
219.808 251.345
251.122 210.409
217.979 238.369
232.69 221.288
228.333 229.262
241.8 217.585
230.798 209.767
236.208 208.669
228.198 199.472
222.536 223.704
207.362 247.573
143.598 213.97
150.789 216.294
157.188 220.973
196.619 240.425
166.842 219.024
187.288 233.497
182.077 227.714
159.47 212.61
151.122 209.504
127.813 198.889
129.439 206.639
140.018 216.353
110.553 193.044
106.59 200.295
119.352 207.801
99.1644 196.357
189.237 143.926
91.5293 198.354
119.77 182.49
142.019 167.479
126.417 178.584
177.912 148.513
199.889 133.648
188.445 129.178
210.454 126.127
193.549 147.961
202.562 170.428
202.63 149.894
206.509 146.752
197.146 206.824
209.581 172.37
207.61 178.463
198.682 216.095
207.562 197.053
208.863 191.905
201.483 231.362
190.042 190.11
187.259 196.086
182.524 181.189
198.501 196.221
199.889 188.644
193.57 176.776
182.316 170.176
189.862 172.799
198.052 179.077
197.81 160.039
193.557 157.38
181.487 160.912
199.047 138.595
158.968 161.905
168.723 177.618
167.754 169.583
171.502 189.368
188.299 213.607
182.032 202.326
171.122 156.649
180.022 193.265
190.24 216.795
159.912 172.755
157.268 181.705
176.311 212.97
172.711 203.067
178.804 219.057
148.281 181.144
171.195 209.147
159.464 189.522
149.12 167.459
122.414 188.02
139.267 186.703
139.586 182.05
147.593 186.506
133.892 191.97
120.203 197.322
152.781 201.14
163.281 202.729
139.257 201.125
210.151 241.107
231.52 173.976
213.017 232.107
221.55 210.698
239.17 147.584
233.07 163.188
242.921 136.546
226.562 148.275
217.824 181.666
216.666 149.764
217.541 167.593
223.142 158.637
217.166 121.913
221.93 128.091
220.302 141.032
231.717 142.985
238.997 130.202
237.046 121.893
230.933 117.192
233.006 133.003
227.982 110.66
216.3 106.146
212.228 140.495
213.559 162.534
211.441 209.183
222.669 189.337
218.518 197.216
210.948 218.112
212.176 123.783
210.517 112.713
141.108 158.144
117.934 167.051
129.683 162.254
156.134 148.042
170.754 131.204
147.896 146.786
108.659 170.118
123.559 161.047
143.261 149.45
180.083 123.2
166.601 137.703
191.71 116.365
176.108 130.679
161.402 143.565
202.659 117.802
198.561 108.789
150.427 138.656
97.5026 160.724
121.156 149.67
133.471 141.838
132.035 146.008
160.215 132.183
187.89 113.395
172.928 118.173
140.761 138.32
179.574 113.359
142.752 122.691
152.688 102.456
160.834 103.58
167.979 100.168
156.337 107.444
150.305 107.791
151.011 120.395
161.92 117.128
186.165 98.1421
169.225 106.037
183.518 96.4955
160.028 91.5686
168.689 92.9618
147.482 86.8567
137.558 93.7476
141.894 106.807
132.984 111.609
118.847 128.201
142.195 127.269
146.896 126.898
126.608 128.769
116.077 138.536
112.26 143.108
130.896 100.277
127.749 116.488
137.049 99.9998
137.687 83.2049
106.607 149.842
116.005 123.055
121.023 112.109
113.847 130.215
133.273 92.3525
131.883 82.3256
123.743 80.5033
119.022 97.1618
113.595 122.865
121.063 86.6908
112.95 109.511
100.636 137.889
97.8587 151.139
92.4247 173.914
102.77 168.443
107.877 163.21
90.6966 183.707
102.201 181.93
148.03 157.381
106.045 180.065
88.983 191.025
102.927 116.238
82.1557 179.06
92.355 160.852
57.2524 226.529
56.3422 223.158
31.2897 257.677
38.012 263.118
52.838 239.549
83.7051 226.823
100.929 247.805
78.3322 242.989
71.2506 243.443
89.6171 236.743
70.3725 232.72
62.6911 237.483
48.8922 250.082
33.3058 269.046
66.8081 253.573
120.451 262.19
100.033 256.685
80.4903 253.248
61.709 252.456
92.4731 253.643
110.1 259.138
136.997 266.072
131.135 258.59
106.604 248.378
136.35 259.571
100.219 239.94
152.367 268.181
82.5229 259.51
123.881 269.009
89.0275 261.844
71.2939 256.228
57.4702 258.934
50.7171 263.804
57.4831 267.004
88.6641 269.143
163.21 280.681
210.65 286.303
129.04 273.94
172.544 279.235
177.861 276.02
158.669 269.31
167.562 271.42
159.45 261.877
141.732 248.179
100.86 219.668
77.9054 221.399
103.929 229.148
118.673 236.146
106.15 231.029
112.834 239.988
127.031 249.853
152.532 262.666
121.353 247.182
93.6106 226.444
66.1649 222.19
91.4966 217.496
71.6874 203.502
101.293 187.326
180.973 140.626
169.86 147.398
132.713 168.953
83.4415 198.165
90.3162 209.085
119.03 218.564
106.968 213.971
101.076 210.711
132.119 223.376
157.099 230.374
79.6028 208.694
149.711 233.099
179.286 239.631
167.341 230.191
186.945 241.93
173.83 240.865
139.348 229.781
191.123 251.498
157.674 238.579
111.649 220.202
127.136 232.508
183.529 253.026
242.525 272.911
221.437 267.657
149.075 243.225
190.086 257.014
226.85 268.875
210.51 262.483
202.143 259.415
116.487 230.459
192.708 283.192
197.51 279.999
186.65 270.672
152.204 249.242
181.477 259.157
159.87 253.315
166.405 257.512
208.028 273.229
239.867 278.976
233.999 278.824
273.849 286.971
199.575 266.084
251.435 280.507
257.077 281.103
172.718 252.735
136.506 241.336
127.902 237.878
283.948 289.509
183.472 268.166
217.584 287.248
249.719 291.039
219.073 279.983
210.282 276.615
258.163 293.166
108.51 273.7
102.691 271.701
69.3172 268.841
81.5099 272.434
53.6021 266.266
38.023 268.421
63.04 276.781
72.8647 281.743
151.95 286.237
181.195 287.637
149.702 283.397
133.066 282.81
107.614 281.814
103.548 279.171
117.118 282.088
139.209 281.888
191.226 288.112
82.74 283.043
232.502 293.762
86.7626 293.794
171.952 293.956
238.527 293.987
17.7482 293.969
198.845 293.217
156.706 289.617
93.5967 283.842
111.768 288.324
118.511 290.341
52.5399 279.854
76.3391 289.398
23.812 269.611
18.9046 279.69
26.7171 282.861
40.145 280.769
28.6895 286.857
38.4217 286.741
50.9661 290.477
143.203 291.436
56.9149 290.598
129.334 292.206
72.7351 291.103
99.6612 291.597
13.6663 289.745
68.3128 180.11
41.0281 237.476
56.0902 207.487
37.2453 247.153
47.5996 231.074
66.4898 208.471
77.4293 167.403
89.3638 148.498
92.2068 142.387
71.6612 190.96
76.2069 190.893
97.6595 130.835
78.3635 160.251
62.4877 187.019
48.0835 212.521
40.3948 228.962
71.1054 173.871
57.9711 197.546
47.8624 216.712
31.2577 247.529
53.5686 201.044
128.41 71.964
118.147 68.1798
76.7825 49.6267
46.1646 41.7409
79.6901 57.9157
91.7155 57.4111
73.2553 59.5681
110.871 67.7661
99.1127 90.6152
89.4951 110.875
111.317 80.0835
100.405 96.0061
87.8743 122.061
113.853 90.3745
86.4128 127.903
76.0368 148.208
81.6599 142.555
110.168 99.6838
102.769 110.891
71.7809 160.775
88.6865 103.488
77.481 128.142
49.2619 190.354
40.2003 212.639
63.7308 166.156
70.7829 153.477
26.4057 239.423
38.8207 220.024
30.9161 232.913
20.417 252.807
9.37833 277.069
20.9775 256.868
60.3922 183.899
2.39663 291.403
99.7717 79.2426
57.6748 163.703
30.9801 221.96
50.7272 178.714
66.8141 143.674
80.1677 117.856
102.625 69.853
56.1901 141.542
88.1779 91.8469
73.0066 109.708
87.2297 81.2162
59.7977 80.7156
83.4652 81.1359
89.2609 67.583
71.8138 76.9938
70.7543 73.0448
63.7465 70.6866
77.2082 73.3801
70.4361 53.603
53.6295 82.8804
71.4256 91.7677
57.2059 97.6377
50.4562 108.532
46.5717 119.759
48.2957 128.752
69.4233 97.2778
56.0194 106.329
76.8682 92.1735
39.1786 140.495
62.6719 122.066
56.1766 128.727
38.0751 168.538
49.8749 142.194
38.5832 159.213
27.4773 196.077
49.6217 151.54
77.2662 96.0683
21.8061 209.062
72.8316 118.464
36.5726 183.873
66.326 132.375
51.9236 157.931
26.8483 206.7
33.4856 193.631
21.4037 216.668
6.57805 267.099
20.2051 228.702
12.0343 252.02
38.6956 188.871
8.71585 263.709
61.0398 148.666
37.4234 200.732
51.4846 171.793
80.1219 110.544
21.621 236.577
-0.467924 283.189
40.0225 146.633
7.20296 238.232
33.6644 163.882
27.2773 179.17
19.8958 198.424
52.5408 100.285
62.9752 90.2145
51.2115 87.7373
40.6455 127.016
26.8596 173.449
61.4484 50.9162
