-49.2762 -6.94419
-45.9651 -16.3184
-29.9472 -12.4165
-31.9099 -13.555
-43.6254 -18.8522
-46.7493 -17.1896
-30.5172 -35.3244
-36.5801 -30.3223
-42.1486 -24.0841
-27.2603 -40.7772
-30.7409 -32.3929
-29.2655 -32.0282
-30.8687 -31.853
-30.4732 -26.1289
-31.3412 -27.8505
-31.4891 -19.3953
-26.2083 -39.9616
-28.9861 -27.7351
-23.1893 -34.7871
-19.3653 -43.0113
-22.6904 -35.489
-29.7379 -25.2963
-30.5165 -22.7728
-26.4638 -22.48
-21.1576 -35.0417
-25.3717 -24.5842
-28.9418 -13.7324
-35.4963 -28.1713
-36.5516 -24.5008
-36.1583 -26.5319
-36.7293 -28.089
-42.3483 -21.3789
-27.6919 -11.1676
-39.5308 21.2271
-37.1309 28.6586
-37.5195 20.0132
-36.4712 27.6534
-34.7203 23.2715
-35.0042 27.2079
-32.9234 20.6392
-33.2 15.2601
-32.6771 17.8536
-30.3808 5.30222
-35.5189 16.559
-24.9784 -6.99944
-34.3093 25.7108
-32.0977 21.8278
-30.3677 18.843
-27.4112 14.2148
-23.8741 7.87993
-22.2214 -3.58341
-24.4929 -14.8707
-21.8369 -19.111
-23.8009 -14.1139
-21.7328 -2.77238
-20.3241 -2.9614
-19.3658 -12.8124
-18.439 -34.9203
-18.7495 -17.0416
-17.8422 -26.9821
-19.604 -7.21763
-19.4229 -3.72034
-17.7964 -6.97645
-18.9211 -4.41324
-12.1805 -15.145
-16.7539 -11.5664
-14.4628 -13.5526
-10.1324 -20.2266
-11.3257 -29.7784
-13.7169 -37.3956
-13.8581 -25.8494
-14.6674 -23.1788
-15.8879 -20.6384
-16.0544 -30.4855
-14.5602 -36.1308
-17.6376 -44.0445
-15.0669 -37.733
-15.5221 -44.4703
-7.81466 -31.2512
-13.3342 -39.1001
-11.6127 -34.1733
-9.64211 -21.6001
-5.83311 -29.1933
-0.546973 -44.5846
4.08741 -17.9765
2.85971 -24.8836
0.449469 -29.3544
-1.24108 -33.4489
0.0892287 -12.1589
1.61482 3.16534
0.573851 -6.61521
1.54663 5.63066
3.88499 16.2578
6.67028 -2.84323
5.29144 -10.0714
4.0844 -8.84507
5.02508 -3.30895
3.66992 -3.63647
3.90934 3.98585
0.711645 -12.8277
3.49515 0.0486975
1.63093 -11.0592
6.47254 -10.4481
7.04757 10.8058
6.40478 2.82284
6.66627 -1.18756
3.92178 22.9333
13.2762 12.18
11.0578 -9.15711
11.2528 -5.69117
10.7054 -6.12975
10.4992 -9.35623
8.81935 -15.6687
7.75869 -17.136
11.5866 14.0344
8.1042 -14.2207
5.84905 -31.2831
2.96142 -40.1658
13.3462 -8.40804
7.35164 -38.5929
7.81903 -30.8831
7.26711 -39.4619
14.725 -19.9037
15.0965 -20.5125
14.3866 -16.5934
14.3591 -18.644
9.21214 -33.9662
11.6895 -16.9384
11.4893 -23.3371
12.5101 -14.4048
13.8157 -11.4162
13.5371 0.684323
18.971 -3.80616
20.8863 -6.85884
18.1478 -15.0724
12.1889 -27.2156
21.4866 -8.34572
17.9851 -21.8173
15.0654 -32.037
21.2793 -21.6248
20.0098 -23.0544
19.7719 -23.463
16.2974 -29.7993
16.5911 -27.3448
19.4909 -17.3182
20.5639 -19.0843
20.5916 -19.869
20.8767 -12.099
23.2329 -9.20053
26.7145 -21.9999
27.366 -23.9273
23.9284 -10.4009
24.1921 -9.78705
20.7456 -5.55133
13.086 3.86218
16.8713 3.50759
18.6037 1.78253
16.0655 4.79965
13.6937 10.8704
16.978 9.03421
22.884 0.081015
28.6624 -27.2465
19.4898 -34.931
24.064 -31.7201
26.9383 -35.9948
12.0357 -39.4213
16.5783 -38.1453
7.68828 -40.6327
15.1072 -39.2117
-3.83101 -46.7143
6.30453 -43.2671
1.38228 -44.7893
20.2669 -37.9406
14.5235 -44.0569
6.36969 -46.4877
10.8724 -45.4078
6.74277 -47.3695
-1.34552 -46.5286
10.4398 -48.0823
22.9619 -37.1017
28.1683 -35.7874
25.0907 -39.4968
27.1032 -39.6474
20.3904 -43.6415
31.1844 -37.2967
18.9084 18.3917
23.8743 5.72298
20.2456 16.3294
45.195 2.00241
40.4638 3.56931
44.4136 -0.327407
41.5332 -5.66333
36.2026 1.85147
40.1767 -4.1392
40.4748 -10.1676
35.2619 -6.14777
35.7382 -3.30036
34.6101 -4.48684
32.9817 -3.51224
40.195 -12.19
44.0804 -1.42598
44.9169 -7.27982
41.824 -15.2216
39.9721 -14.5315
37.506 -14.5125
41.9519 -15.8669
39.4698 -22.3915
37.5021 -23.5476
36.1052 -21.6155
37.7058 -25.9243
36.2936 -26.3339
33.1706 -23.7133
31.9212 -8.7902
31.5849 0.626504
27.049 9.14851
26.9306 6.17617
31.0162 1.32847
28.5231 -8.23212
27.5362 -10.5745
30.5958 -5.94054
34.1422 -34.0558
45.3604 -10.2204
45.0938 11.3103
36.2206 19.9545
37.1524 21.3992
45.4852 14.6003
47.7231 7.19166
48.0851 4.27843
46.1404 6.35501
49.7662 1.9749
46.5845 11.9217
44.1682 21.5167
31.9363 22.6342
24.2006 23.0409
31.7681 21.5337
24.1889 19.8308
29.0432 19.9802
31.4773 18.4705
32.1259 14.5958
33.1967 15.15
40.8493 11.1455
32.6613 15.5639
32.6261 21.8592
43.5929 12.5668
44.4342 7.69287
44.2758 2.62493
-6.16437 36.6417
-5.1955 36.9906
0.870718 34.7524
11.474 29.4257
5.0227 30.6205
14.8163 23.3834
14.4509 24.6835
43.0511 24.6053
32.6319 35.99
18.4253 29.1351
20.6816 29.3252
26.9517 33.1038
34.0257 26.4174
30.6105 29.7538
33.8603 27.405
29.9331 30.5768
33.4786 34.902
37.3285 30.7168
40.2019 26.9974
30.3127 25.1575
26.3241 26.5122
23.6106 25.9181
24.1727 28.3378
23.2163 24.8406
12.7244 25.5764
28.5206 40.4791
20.8241 33.4229
18.2306 30.7895
15.9671 29.8707
12.9195 42.2198
13.3833 44.1642
16.6618 36.5933
14.6837 41.87
13.17 47.1268
16.7808 44.9663
19.1175 39.2844
19.7406 36.0912
19.3471 40.0199
21.0518 40.6156
23.7938 41.2381
11.8327 48.4337
14.5535 30.2906
13.1274 28.9679
4.46627 33.3806
-9.53673 41.0922
8.53752 33.1576
-4.39753 38.9586
-9.49621 41.9195
-6.29232 43.1894
-7.22964 42.9886
-5.14313 49.4929
-10.8424 39.6559
32.6524 10.2707
8.23732 25.1821
19.0364 13.9142
17.211 10.8116
11.535 18.3593
15.133 14.8489
9.54595 21.2133
9.905 22.0281
6.74405 21.5434
-0.848271 29.6289
21.5537 5.49335
-18.5117 45.9955
-33.7876 30.6515
-21.3528 29.9883
-30.147 27.2241
-24.3905 28.98
-10.6896 32.6878
-17.6401 31.5325
-17.1013 35.2895
-15.1206 38.0187
-20.4067 31.7391
-24.5633 30.6962
-28.2814 30.5759
-28.2641 33.2179
-24.951 35.5071
-16.716 41.4773
-24.7287 35.8075
-29.7532 32.6899
-19.659 44.4602
-18.0116 44.2576
-6.5941 32.9151
-19.0177 45.4165
-15.2006 42.1317
-0.685894 27.9168
-4.01439 28.5981
-2.05418 27.0756
-10.3717 26.5538
-13.6611 29.0064
-6.28751 23.266
-11.8437 24.8526
-18.3248 25.1287
-23.1813 24.7732
-17.5138 25.0905
-14.9906 24.9748
-9.67398 24.1101
-9.72969 23.4947
-2.88127 22.7219
-8.19229 26.3755
-7.68269 26.6473
0.537131 25.7488
1.0966 20.9593
-14.0872 23.5898
-14.1015 18.8741
-12.6429 23.3045
-1.2074 20.6377
1.17845 19.2695
-4.32991 14.5027
-0.487157 16.2224
3.49499 20.0655
-2.03745 8.65596
-4.59413 5.92908
-7.29038 19.0345
-5.80524 10.8472
-10.8449 13.5814
-6.35785 10.2229
-4.33916 5.15783
-20.5897 18.3508
-25.033 23.4422
-10.1524 6.15188
-29.018 22.2401
-20.2063 5.26501
-27.7113 20.6971
-13.8689 -3.74101
-15.0249 -4.86449
-13.4272 -3.48723
-28.0689 21.3999
-18.3913 7.1617
-15.3455 6.03096
-17.7975 7.61259
-23.4138 14.5685
-18.8322 9.3413
-23.3555 15.05
-15.1011 8.93245
-9.16747 0.936235
-12.0729 5.16205
-11.0416 5.93845
-3.82848 3.12159
3.26207 19.1866
-8.04646 -11.966
-9.76501 -16.3708
2.1821 13.5636
-0.517171 -19.5828
-0.90012 -18.5681
-1.96074 -20.2222
-0.117882 -12.3357
-2.48182 -21.6263
0.702388 4.77073
-2.79326 -1.21718
-3.2338 -8.3086
-4.97139 -14.6276
-6.60722 -21.9389
-2.66508 -7.03583
-1.44159 0.442037
-0.245773 -2.44815
-1.26406 -9.74025
-3.90363 -22.1531
-5.79021 -21.545
-2.10924 -26.0039
-2.96255 -37.5512
-6.36545 -25.196
-3.03519 -31.4914
-35.7671 30.8274
-42.9493 21.8345
-44.7365 6.61287
-43.2169 16.3338
-39.4682 14.6798
-40.9495 12.8307
-42.7287 14.6131
-38.1921 7.72558
-41.8987 8.24567
-37.5064 7.38302
-40.6333 19.1776
-31.9558 0.259279
-29.2184 -12.1393
-43.3286 -15.3861
-41.7209 -13.4866
-32.7012 -11.5177
-46.7999 -13.1232
-36.1861 -9.14933
-32.4418 -4.55394
-37.9572 -9.36571
-35.9049 -4.04779
-37.848 2.05528
-36.2692 -4.8106
-37.5927 -3.51712
-41.0848 0.630792
-39.952 -0.737809
-36.8263 -4.79607
-39.9318 -6.37855
-40.6715 -6.89215
-40.4855 -3.50285
-42.9436 -8.05745
-40.6076 -5.27178
-40.8439 -10.6453
-44.2897 -10.3883
-45.3614 -3.98142
-40.4447 3.04492
-49.1118 8.17736
-41.9923 3.53928
-42.9905 0.390581
-45.0399 -1.05228
-43.506 -1.07878
