-49.8021 -1.55706
-48.2087 -10.2538
-32.9504 0.795574
-37.95 0.139535
-35.2188 0.307524
-47.3845 -7.17638
-35.719 6.28726
-37.429 4.15926
-32.4253 10.3442
-35.9963 2.44016
-28.3476 6.11392
-26.0384 12.153
-27.8784 8.39751
-27.801 9.70513
-27.7909 12.2101
-27.9333 7.37123
-32.4462 4.2305
-33.7748 7.00306
-23.3153 20.0385
-14.4745 16.4996
-15.4944 14.4133
-20.2265 15.0016
-21.5547 17.3171
-23.5894 17.8709
-18.1007 12.7328
-24.3274 8.30448
-11.4251 17.1364
-10.4264 16.5145
-36.323 -4.45307
-15.3203 12.4052
-19.4254 8.73873
-22.4466 5.99462
-20.1477 8.05918
-14.6402 12.9138
-10.585 15.0627
-12.9242 12.053
-16.088 8.97248
-24.0338 2.95263
-19.3528 6.45983
-24.0756 1.79433
-43.7932 -9.0894
-33.5626 -0.678956
-37.2643 -3.56377
-48.5227 -11.4485
-27.7123 -1.32436
-5.2448 17.7042
-17.8777 18.5828
-23.3706 20.2303
-9.66634 18.5036
-24.3409 20.4427
-17.6504 26.5827
-6.92466 30.9476
-17.3857 23.5094
-20.2907 22.7453
-15.3601 23.4585
-19.4006 21.4726
-11.1585 24.4471
-9.78872 21.1919
-10.7094 25.5082
-7.66349 25.1836
-13.179 26.3855
-10.7066 28.1451
-3.26901 26.3767
-0.346614 18.5602
-4.33592 23.5122
2.92515 11.6747
3.74589 6.5814
-3.54443 12.6332
-7.51736 11.8974
-4.30898 10.6037
-9.96597 3.22515
-7.69485 7.89614
-36.6145 -6.48653
-14.3535 4.15927
-16.3971 1.88973
-9.79174 4.72515
-14.5397 1.04653
-5.9648 3.24687
-47.8142 -13.4985
-42.5683 -14.476
-37.031 -15.8219
-34.3436 -16.7638
-41.2134 -17.1323
-32.3721 -17.3528
-41.3781 -14.1814
-35.4237 -13.9993
-40.6491 -13.5044
-34.7133 -12.9089
-40.2805 -12.7312
-30.1639 -9.09129
-27.2297 -10.3511
-28.2221 -9.45241
-26.2009 -5.84381
-42.7863 -13.9256
-22.9939 -3.58133
-13.6187 -0.0923105
-19.7456 -6.63823
-12.2841 -0.235663
-8.12434 -1.86071
-12.7716 -4.66195
-19.0879 -7.99463
-8.3774 -2.55304
-13.0142 -6.72863
-22.9724 -11.9583
-10.46 -5.48489
-29.1264 -16.1144
-6.77496 -3.4853
-32.3902 -19.5834
-34.7382 -20.9626
-2.54041 -2.7197
-1.47297 -4.64524
-2.04223 -13.6338
-1.3655 -9.95575
-0.643073 -22.7796
-2.04212 -33.6506
-8.16256 -19.6076
-6.47595 -21.3446
-4.49126 -27.5503
-7.42904 -18.2615
-10.2335 -16.4565
-8.75833 -10.4374
-7.98032 -12.4911
-4.05974 -20.916
-6.23206 -16.1858
-8.62204 -10.1333
-30.0469 -26.0209
-37.7897 -28.0263
-37.6836 -27.0429
-18.5276 -16.8345
-8.05445 -7.51866
-15.0713 -12.8552
-15.0742 -12.5343
-16.1513 -14.3381
-28.4055 -22.0136
-38.4183 -27.0746
-29.1303 -19.4143
-31.7509 -22.2169
-25.6304 -19.8142
-29.1747 -21.1738
-29.0441 -18.8572
-39.5899 -27.9907
-40.453 -25.7097
-34.8448 -22.6525
-37.5656 -23.9713
-42.5386 -25.8544
-29.2521 -36.1813
-40.2157 -28.9713
-36.3318 -31.8275
-35.352 -33.6422
-34.6925 -33.5063
-18.9026 -41.6851
-24.4156 -35.4397
-30.6642 -32.063
-27.8823 -33.9406
-21.6226 -39.3254
-32.3493 -33.2513
-37.0106 -28.4506
-28.9933 -26.7287
-33.6358 -27.4222
-25.8048 -24.677
-24.3675 -27.7263
-24.1358 -30.7533
-24.2998 -24.3921
-20.5211 -29.6281
-22.2266 -33.7245
-20.5036 -33.5415
-19.2352 -32.7435
-15.3507 -39.9394
-23.957 -22.5695
-11.823 -13.3966
-11.2834 -24.0191
-10.133 -30.674
-14.0032 -15.7419
-16.3309 -22.4825
-16.4886 -24.2785
-14.7098 -20.4878
-10.8225 -32.8359
-13.0253 -33.8303
-21.0611 -24.75
-9.08335 -38.9676
-14.4949 -19.5841
-13.5229 -18.7959
-10.8397 -28.3527
-7.21607 -42.7328
-23.0695 -42.3656
-10.9508 -42.9688
-4.69995 -43.8725
-10.5814 -17.406
-7.92967 -29.3671
-7.15298 -34.2789
-8.38887 -37.6316
-9.0902 -33.0892
-9.05968 -33.3077
-10.305 -29.1385
-11.3249 -21.5255
-11.5153 -12.2984
-8.25826 -23.2362
2.45393 -41.2983
-0.324648 -35.7243
-1.16861 9.15773
0.430458 -7.09605
2.30668 -27.6619
0.361239 -24.0426
3.01266 -31.7044
0.0226674 -30.9017
5.32292 -39.2998
22.4012 -37.5541
5.96226 -43.4949
-6.10656 -45.839
2.8509 -44.2905
18.6817 -41.2164
18.0831 -43.9352
7.83575 -45.6771
4.89183 -45.7421
-1.75536 -46.3802
16.2837 -43.4605
4.47162 -45.1497
16.2279 -42.9163
-6.8973 -47.254
-14.5853 -47.8062
11.5366 -46.126
4.79299 -47.1256
-2.88639 -49.3241
19.7891 -44.9432
24.8003 -32.7519
12.2662 -12.2388
22.222 -28.9113
17.4714 -37.826
15.6319 -24.3671
16.3915 -31.0381
12.7874 -22.6681
11.0507 -15.7715
14.256 -30.3404
8.40978 -27.5715
7.43484 -27.689
13.2487 -30.0772
6.30481 -31.8736
9.36363 -30.0605
4.35194 -32.3206
13.3102 -31.227
15.4953 -35.4691
8.92325 -36.0967
5.72626 -34.429
3.46355 -35.131
0.582661 -8.63883
0.363933 -5.74899
2.38258 -6.43976
3.18682 -17.3602
2.85675 -6.18064
4.45928 -10.54
10.4689 -22.1644
8.13048 -11.6648
9.86026 -4.63072
7.75969 -9.85677
7.06037 -4.79064
8.51576 -17.6161
6.63169 -12.9638
-0.321436 2.57218
3.60494 3.80565
6.67135 5.1562
5.72817 -4.03012
6.86368 6.25741
-2.7214 20.9602
-1.02803 18.8403
0.574418 17.4763
4.95215 11.1933
23.9303 -28.2598
8.18971 4.10071
28.9471 -38.6497
39.6173 -15.4696
22.6893 -13.4203
28.5977 -14.1523
36.5699 -16.1024
36.7477 -17.602
33.9494 -19.2189
31.5912 -18.8249
26.1209 -14.4176
32.8366 -19.8662
38.1067 -17.0224
32.7961 -29.0614
35.4946 -21.3111
30.9782 -33.9387
29.8549 -23.6956
30.3496 -18.4894
29.7001 -24.9877
26.9799 -29.6102
24.7016 -22.7912
28.1679 -25.0678
25.69 -23.4166
26.4413 -22.5145
26.6201 -21.4521
25.1757 -22.6585
23.3152 -21.1333
27.3436 -30.6601
19.4535 -13.9389
19.9829 -11.0109
29.3651 -21.2613
16.6177 -7.31093
27.5918 -9.08881
30.6384 -10.9072
39.3402 -8.972
23.8722 -1.06539
24.9797 0.897975
35.3712 -0.958704
32.5539 -1.65481
28.1531 -0.667469
36.3338 -2.89108
42.715 -9.28259
44.0551 -15.1593
42.7324 -15.1049
43.1308 -19.1357
37.0495 -30.6726
35.9677 -28.9411
37.2645 -32.0849
41.5416 -24.138
45.7557 -20.1522
46.6748 -0.139124
45.9734 -2.05138
43.9252 -2.18542
40.9773 -0.0372048
27.48 22.8509
24.0637 32.1985
33.4463 25.5234
34.7487 24.8998
34.598 27.3883
36.1962 26.4971
39.9792 20.3721
31.4302 25.3122
26.2689 29.3898
37.5595 20.2654
31.7014 22.489
40.2712 18.4683
41.8901 9.7125
45.0068 4.89023
41.9083 10.7156
41.9495 13.491
47.7931 -0.823849
38.5349 14.09
39.7293 15.1183
35.7521 13.5272
49.7111 -3.27106
37.5982 26.4423
48.5028 7.6992
46.0795 13.0692
45.3128 15.8573
45.7336 12.7594
41.6301 26.5691
34.8589 33.6129
41.4148 26.7565
21.2983 42.8929
26.3009 38.877
41.3361 25.688
28.1877 29.3409
25.6149 37.6019
28.6566 30.5928
25.8333 37.1
32.6841 31.4675
24.4439 38.8863
23.4763 30.0399
45.901 -10.8714
26.92 7.05354
21.7045 -3.72456
22.971 -1.66965
30.7465 -5.1448
24.0531 -1.95121
33.4056 -6.14792
34.213 -9.25958
33.9768 -10.1465
30.9153 -10.5988
19.9107 -4.87374
18.3729 -3.73244
22.1724 -8.19762
14.7794 -2.84244
21.2974 -19.337
11.5654 2.7659
6.62327 17.6861
9.68355 17.1237
15.3875 8.57095
12.0755 4.77772
19.4032 4.18636
15.6544 5.64123
15.1055 12.262
7.94464 18.8389
22.7474 8.78006
5.10172 20.7869
39.3214 -0.310387
29.537 18.397
7.58912 49.3611
-0.647607 47.7832
17.9805 26.6418
20.6991 22.8449
16.2503 27.9261
28.9451 13.1869
16.9833 31.509
21.5778 24.3328
11.6091 34.0738
3.98967 48.2911
11.2385 43.1699
17.1962 35.6176
30.8492 15.2855
35.1537 4.79366
-1.99027 49.1091
-0.315819 47.1046
0.25045 43.8195
-0.425933 44.4498
12.1998 32.146
23.603 17.2884
14.9309 28.765
34.3118 3.96083
16.663 22.1264
2.02575 35.3758
6.80155 30.7358
11.1938 27.0392
25.072 13.2254
32.7519 5.20979
16.7716 20.7613
36.7218 1.34053
4.11927 22.2026
-5.46705 44.4734
1.39621 31.3308
-0.889209 38.6314
9.50795 24.3549
6.14104 22.3525
15.3398 20.0955
11.8702 22.4597
11.0181 25.829
11.7928 21.4813
-1.44857 39.7204
3.00522 37.0135
16.8646 22.7237
1.62869 38.5601
5.77112 34.4956
-0.843343 41.3174
10.2411 32.2379
20.0004 19.7611
6.49838 37.0267
-10.8135 48.0069
-34.2315 22.5035
-30.974 33.012
-27.6065 33.366
-30.0463 34.7568
-18.2414 44.9546
-22.1858 41.5749
-32.6462 33.8804
-36.284 7.85703
-26.7125 20.3082
-19.1395 29.0445
-30.2383 16.8839
-30.3861 20.1283
-32.9218 20.5667
-7.1648 43.2415
-20.7625 31.2882
-29.3914 24.2841
-32.4215 22.3791
-25.5872 30.8653
-23.5725 32.3275
-11.2101 41.4596
-20.2337 34.8334
-21.3634 34.6446
-13.7632 41.5511
-30.212 26.6903
-14.3392 42.0007
-12.3267 43.4756
-10.1569 44.1534
-10.403 44.6845
-6.27756 44.3593
-1.57111 30.8488
-2.72466 36.4782
27.3938 -34.819
11.5198 -2.00991
25.0037 -29.9697
25.1606 -30.7455
-4.27736 30.6275
2.81086 17.5848
3.62543 15.477
4.29742 16.8295
-8.93076 38.4671
-48.5895 -7.67258
-44.3718 15.4024
-40.7325 13.0545
-43.8773 5.47176
-45.2977 2.4973
-40.8096 11.6655
-40.8738 10.6287
-40.2017 13.9376
-42.3643 16.6914
-41.2493 19.884
-38.5618 15.6401
-36.7029 12.2856
-41.4467 20.9678
-37.2658 16.7128
-41.1766 20.9305
-38.1999 28.395
-36.5068 29.0245
-36.1004 32.8921
-40.6191 23.9886
-43.1338 20.57
-48.3823 -0.790744
-48.4016 4.92738
-47.1463 12.905
