-3.88344 93.0315
50.7422 83.4638
-0.773801 77.6182
1.23732 50.7705
0.954003 72.6402
12.1429 73.6467
9.10822 77.7285
23.156 78.2198
9.37941 62.9969
26.5655 80.692
39.7259 79.2057
27.7824 71.6333
61.0709 86.2795
58.6661 80.587
49.7097 69.9065
37.8645 61.7631
20.3509 49.0111
32.8877 62.5076
10.6968 42.4296
10.6809 53.5726
37.0359 72.0698
17.0867 58.4208
19.7859 72.5976
2.59726 37.2213
81.7175 87.0981
0.223775 30.019
-1.74215 57.76
0.479604 -2.72465
143.195 3.3122
67.1228 2.23947
36.0329 1.75971
100.768 2.66314
90.3671 1.42363
18.0793 0.469797
6.53886 3.15191
58.8609 3.82811
27.2713 3.55909
11.5377 7.28537
118.328 7.0683
92.6942 6.66632
161.314 6.28689
129.517 3.95385
286.39 11.4893
119.736 0.591419
52.9904 -3.24488
247.256 7.5701
300.857 9.1182
321.453 6.86044
307.697 6.57224
332.95 6.72231
341.977 3.73206
347.568 -1.87254
311.314 -2.35107
286.36 3.02084
321.802 1.51112
268.47 3.90731
276.433 1.99424
233.669 3.20052
203.487 3.90448
260.68 1.94406
296.608 -0.101727
160.628 2.25028
83.4997 -3.29449
107.224 -1.69917
146.274 0.39262
178.526 1.41428
212.906 -1.54153
166.596 -0.673428
238.078 -3.14796
188.244 0.828735
251.6 -1.77103
216.525 1.03226
330.236 -3.41476
382.096 0.772389
162.424 29.8624
209.058 23.8969
110.305 36.6537
358.565 3.82757
256.396 16.4789
220.113 18.923
137.418 28.4927
186.31 17.91
132.839 26.3064
83.5508 37.3476
173.631 16.54
161.852 19.8122
216.256 13.9871
179.243 19.6821
146.331 27.1658
198.418 21.0768
282.692 12.1956
271.712 12.067
232.582 10.4703
208.213 10.531
238.773 10.1169
256.708 10.4094
193.816 7.10047
196.049 9.48829
59.4138 41.0833
43.0851 38.6673
38.1015 21.7715
83.2817 23.1882
62.519 23.6391
72.6117 22.9435
48.2461 23.5051
42.209 27.7069
88.5041 28.8368
62.6846 29.626
67.123 30.5453
50.6384 27.9845
47.1396 38.7656
66.7239 39.1793
119.13 27.2064
97.7632 27.7569
77.3016 26.9593
110.866 27.3478
51.8655 11.5428
110 12.4322
88.1651 19.7126
101.506 13.7733
81.9048 13.5949
59.5231 13.3227
98.4811 23.4981
121.742 17.4345
111.176 21.4444
129.1 23.0978
141.132 22.0633
147.364 17.3111
149.331 13.4854
137.354 13.0686
172.044 13.9515
176.364 8.21731
132.057 7.20913
68.8489 7.96989
37.8791 7.85891
32.8911 16.4858
36.0589 46.4758
31.9371 13.8086
0.315315 8.85688
16.2386 21.154
19.209 13.917
16.7456 27.1042
29.7807 33.1309
30.4315 38.4684
6.6334 19.7226
3.11167 21.0802
9.4419 30.7267
20.9487 39.5392
28.5045 48.8428
100.99 43.2558
88.5651 42.1447
123.089 41.7682
148.844 39.3697
178.34 32.3967
136.669 37.7215
190.505 30.2897
162.089 37.8652
217.804 28.4992
201.586 32.9022
286.507 19.1648
231.63 28.1271
268.407 22.3195
168.812 38.2285
240.467 31.4292
206.629 33.4912
253.574 29.5286
306.537 18.1947
269.028 29.395
323.113 17.7494
251.956 51.5035
283.659 40.0198
272.151 42.7488
287.84 37.2667
328.885 16.0671
269.28 47.803
316.785 33.4065
312.2 36.3684
373.276 19.4935
377.798 10.7565
350.516 19.3694
310.742 29.5712
340.119 21.7552
360.23 13.153
296.262 17.4271
248.119 21.1198
173.148 31.2305
226.643 23.6749
236.872 21.6507
280.576 18.3884
367.461 11.2139
346.213 7.80164
337.023 7.82821
389.133 6.30241
389.071 1.89277
367.844 3.9208
406.714 -1.66442
402.902 9.33211
401.193 41.4297
400.637 49.3549
401.682 27.9478
402.143 20.7978
398.854 -0.472327
378.65 18.7182
382.129 90.3704
387.969 86.2325
387.308 79.8831
392.358 70.7953
387.34 58.8879
398.524 81.3593
393.745 53.5777
397.759 69.6943
388.926 22.3575
407.287 66.0336
410.569 60.8947
411.925 39.34
410.91 21.9792
406.975 46.6539
408.22 32.0289
411.961 12.9423
412.069 76.7396
393.472 37.7918
403.015 63.3771
411.833 88.628
391.411 32.4008
401.849 91.6151
329.86 87.1988
353.668 69.0088
342.94 77.5936
352.359 81.5099
371.486 87.1556
371.012 78.6669
366.469 73.6606
376.943 78.7696
376.479 60.287
378.994 66.4562
380.132 51.3281
358.009 77.4677
362.34 72.0236
367.731 59.6509
371.452 51.1284
326.943 83.7855
362.17 48.7888
339.273 72.1395
353.161 62.5929
360.444 58.8447
371.987 43.6662
377.311 41.216
378.395 26.735
339.268 60.8881
329.772 71.1483
346.912 50.9105
361.297 39.7077
373.195 30.5224
359.101 23.7496
360.094 27.4837
348.321 27.1877
341.461 37.6303
322.131 38.6359
303.695 42.7936
326.316 37.0079
343.963 33.4431
330.865 31.2947
257.221 53.859
292.179 52.3942
302.244 46.8701
307.162 48.3907
349.193 43.0958
333.474 56.4574
342.605 48.1642
328.499 46.8692
317.426 69.9049
307.569 62.6326
302.814 57.7988
318.549 61.9884
320.972 51.1932
193.762 57.8307
197.6 59.4141
282.254 53.8957
308.27 69.3261
287.652 57.8862
271.047 57.7464
293.218 66.5239
276.981 60.5906
301.799 71.4202
320.467 78.9066
263.548 56.5954
177.377 76.1102
249.253 62.1152
276.905 68.5416
270.655 67.3033
231.853 66.2577
219.774 69.666
166.469 77.9146
207.105 68.4089
161.528 76.6868
203.265 68.5124
187.517 71.888
241.289 61.5411
228.449 58.2377
177.1 66.7331
173.651 67.3853
123.15 76.8281
149.169 76.4074
128.341 77.046
198.63 81.6072
250.37 72.6879
241.628 68.6199
258.914 76.5905
252.096 76.0324
231.432 79.381
242.557 77.5553
223.943 77.6838
210.912 80.6272
286.096 82.6864
300.36 80.2416
257.095 69.72
312.838 83.0707
266.605 83.5522
188.381 83.6525
257.216 87.0382
272.785 87.3676
358.4 90.3986
141.717 83.4291
99.0467 83.4231
276.051 83.2745
107.855 79.7513
213.615 59.4568
122.475 68.0948
78.4029 68.6186
88.6549 66.0062
98.6029 66.201
66.4348 49.3358
110.663 47.4161
102.546 47.8578
89.1974 49.5584
250.9 37.8862
201.436 41.4584
178.502 43.7663
230.995 40.6979
216.497 41.9918
151.68 46.0934
118.711 48.9087
131.35 51.6499
76.9066 49.6333
100.02 57.6402
183.757 47.178
167.265 49.3423
140.625 52.654
163.382 52.8384
90.7361 58.6107
109.652 67.8654
161.073 63.3054
106.429 61.3159
139.693 62.2221
121.935 59.4272
132.354 60.2599
170.968 61.7771
187.461 53.874
242.886 41.7396
210.893 49.1813
227.026 47.5894
201.058 50.9207
183.523 56.3845
217.525 56.1094
241.116 51.8135
260.931 39.9411
277.273 33.7044
220.62 50.7921
287.937 30.4508
152.767 60.1456
302.575 27.2249
190.515 37.5735
209.85 38.5274
127.463 42.6741
260.305 30.7385
47.7724 48.1471
62.2278 57.9031
57.5286 52.0167
76.9843 63.2035
66.922 58.3339
46.7386 57.5808
61.2668 72.2524
89.2999 76.105
70.3066 73.5944
83.3771 77.6012
143.037 69.0076
152.233 67.3889
128.839 69.3668
156.966 66.9452
71.6732 79.9209
108.596 87.0458
143.449 86.8119
133.313 88.2262
119.853 87.2569
29.1699 87.522
53.5919 90.8735
169.029 91.3397
203.109 88.1306
159.207 88.6616
221.635 87.6607
178.969 91.4051
236.026 90.9803
212.129 89.8105
287.476 91.5916
296.47 89.9698
350.662 93.6305
336.093 92.9545
186.692 92.6279
232.622 93.5338
152.582 92.7609
102.761 93.0544
68.9682 93.2213
36.1194 93.824
88.7755 92.52
323.529 92.5918
313.365 91.3716
276.209 91.9555
252.829 92.0373
12.1957 90.9837
22.3777 92.7609
